GAME_ID,EVENTNUM,EVENTMSGTYPE,EVENTMSGACTIONTYPE,PERIOD,WCTIMESTRING,PCTIMESTRING,HOMEDESCRIPTION,NEUTRALDESCRIPTION,VISITORDESCRIPTION,SCORE,SCOREMARGIN
0020300934,0,12,0,1,9:15 PM,12:00,,,,,
0020300934,1,10,0,1,9:16 PM,12:00,Jump Ball Collins vs. Dampier: Tip to Dunleavy,,,,
0020300934,2,2,1,1,9:16 PM,11:46,,,MISS Richardson 21' Jump Shot,,
0020300934,4,4,0,1,9:16 PM,11:43,,,Pietrus REBOUND (Off:1 Def:0),,
0020300934,3,2,4,1,9:16 PM,11:43,,,MISS Pietrus  Tip Shot,,
0020300934,5,4,0,1,9:16 PM,11:42,,,Warriors Rebound,,
0020300934,6,1,1,1,9:17 PM,11:39,,,Robinson 19' Jump Shot (2 PTS) (Dunleavy 1 AST),2 - 0,-2
0020300934,7,2,1,1,9:17 PM,11:13,MISS Collins 17' Jump Shot,,,,
0020300934,8,4,0,1,9:17 PM,11:12,,,Richardson REBOUND (Off:0 Def:1),,
0020300934,9,1,1,1,9:17 PM,11:00,,,Dampier 6' Jump Shot (2 PTS) (Richardson 1 AST),4 - 0,-4
0020300934,10,1,1,1,9:18 PM,10:42,Gugliotta 16' Jump Shot (2 PTS) (Giricek 1 AST),,,4 - 2,-2
0020300934,11,2,42,1,9:18 PM,10:27,,,MISS Richardson  Driving Layup,,
0020300934,12,4,0,1,9:18 PM,10:25,,,Dampier REBOUND (Off:1 Def:0),,
0020300934,13,5,8,1,9:18 PM,10:21,,,Dampier 3 Second Violation Turnover (P1.T1),,
0020300934,14,5,1,1,9:18 PM,10:09,Lopez Bad Pass Turnover (P1.T1),,,,
0020300934,15,1,42,1,9:19 PM,9:47,,,Pietrus  Driving Layup (2 PTS) (Dunleavy 2 AST),6 - 2,-4
0020300934,16,6,2,1,9:19 PM,9:28,,,Pietrus S.FOUL (P1.T1),,
0020300934,17,3,11,1,9:20 PM,9:28,Giricek Free Throw 1 of 2 (1 PTS),,,6 - 3,-3
0020300934,18,3,12,1,9:20 PM,9:28,Giricek Free Throw 2 of 2 (2 PTS),,,6 - 4,-2
0020300934,19,5,2,1,9:20 PM,9:16,Lopez STEAL (1 STL),,Pietrus Lost Ball Turnover (P1.T2),,
0020300934,20,2,1,1,9:21 PM,9:03,MISS Giricek 21' Jump Shot,,,,
0020300934,21,4,0,1,9:21 PM,9:01,,,Dunleavy REBOUND (Off:0 Def:1),,
0020300934,22,2,1,1,9:21 PM,8:49,,,MISS Pietrus 8' Jump Shot,,
0020300934,23,4,0,1,9:21 PM,8:47,Giricek REBOUND (Off:0 Def:1),,,,
0020300934,24,1,1,1,9:21 PM,8:29,Lopez 22' Jump Shot (2 PTS),,,6 - 6,TIE
0020300934,25,2,1,1,9:22 PM,8:06,,,MISS Richardson 19' Jump Shot,,
0020300934,26,4,0,1,9:22 PM,8:04,Kirilenko REBOUND (Off:0 Def:1),,,,
0020300934,27,1,42,1,9:22 PM,7:58,Lopez  Driving Layup (4 PTS) (Kirilenko 1 AST),,,6 - 8,2
0020300934,28,2,1,1,9:22 PM,7:35,,,MISS Dunleavy 22' Jump Shot,,
0020300934,29,4,0,1,9:22 PM,7:33,Lopez REBOUND (Off:0 Def:1),,,,
0020300934,30,1,8,1,9:22 PM,7:31,Kirilenko  Slam Dunk (2 PTS) (Lopez 1 AST),,,6 - 10,4
0020300934,31,9,1,1,9:22 PM,7:23,,,Warriors Timeout: Regular (Reg.1 Short 0),,
0020300934,33,8,0,1,9:24 PM,7:23,,,SUB: Cheaney FOR Pietrus,,
0020300934,34,6,2,1,9:25 PM,7:18,Gugliotta S.FOUL (P1.T1),,,,
0020300934,35,3,11,1,9:25 PM,7:18,,,Dampier Free Throw 1 of 2 (3 PTS),7 - 10,3
0020300934,36,3,12,1,9:25 PM,7:18,,,MISS Dampier Free Throw 2 of 2,,
0020300934,37,4,0,1,9:26 PM,7:16,,,Dampier REBOUND (Off:2 Def:0),,
0020300934,38,5,2,1,9:26 PM,6:56,Lopez STEAL (2 STL),,Cheaney Lost Ball Turnover (P1.T3),,
0020300934,39,2,1,1,9:26 PM,6:37,MISS Giricek 21' Jump Shot,,,,
0020300934,40,4,0,1,9:26 PM,6:35,,,Cheaney REBOUND (Off:0 Def:1),,
0020300934,41,5,8,1,9:27 PM,6:16,,,Dampier 3 Second Violation Turnover (P2.T4),,
0020300934,42,1,5,1,9:27 PM,5:56,Gugliotta  Layup (4 PTS),,,7 - 12,5
0020300934,43,6,2,1,9:27 PM,5:56,,,Dunleavy S.FOUL (P1.T2),,
0020300934,44,3,10,1,9:27 PM,5:56,Gugliotta Free Throw 1 of 1 (5 PTS),,,7 - 13,6
0020300934,48,6,4,1,9:28 PM,5:42,,,Richardson OFF.Foul (P1),,
0020300934,49,5,5,1,9:28 PM,5:42,,,Richardson Foul Turnover (P1.T5),,
0020300934,50,6,4,1,9:28 PM,5:32,Collins OFF.Foul (P1),,,,
0020300934,51,5,5,1,9:28 PM,5:32,Collins Foul Turnover (P1.T2),,,,
0020300934,52,2,5,1,9:29 PM,5:19,,,MISS Cheaney  Layup,,
0020300934,53,4,0,1,9:29 PM,5:19,Collins REBOUND (Off:0 Def:1),,,,
0020300934,54,6,3,1,9:29 PM,5:19,,,Cheaney L.B.FOUL (P1.T3),,
0020300934,55,1,1,1,9:29 PM,5:06,Collins 15' Jump Shot (2 PTS) (Lopez 2 AST),,,7 - 15,8
0020300934,56,2,63,1,9:30 PM,4:49,,,MISS Robinson 15' Fadeaway Jumper,,
0020300934,57,4,0,1,9:30 PM,4:47,Giricek REBOUND (Off:0 Def:2),,,,
0020300934,58,1,8,1,9:30 PM,4:42,Kirilenko  Slam Dunk (4 PTS) (Gugliotta 1 AST),,,7 - 17,10
0020300934,59,9,1,1,9:30 PM,4:35,,,Warriors Timeout: Regular (Reg.2 Short 0),,
0020300934,61,8,0,1,9:32 PM,4:35,,,SUB: Cardinal FOR Dunleavy,,
0020300934,62,6,1,1,9:32 PM,4:20,Collins P.FOUL (P2.T2),,,,
0020300934,63,8,0,1,9:32 PM,4:20,SUB: Ostertag FOR Collins,,,,
0020300934,64,6,2,1,9:33 PM,4:08,Ostertag S.FOUL (P1.T3),,,,
0020300934,65,3,11,1,9:33 PM,4:08,,,Cheaney Free Throw 1 of 2 (1 PTS),8 - 17,9
0020300934,82,3,12,1,9:33 PM,4:08,,,MISS Cheaney Free Throw 2 of 2,,
0020300934,86,4,0,1,9:33 PM,4:08,Kirilenko REBOUND (Off:0 Def:2),,,,
0020300934,68,2,1,1,9:34 PM,3:51,MISS Giricek 10' Jump Shot,,,,
0020300934,69,4,0,1,9:34 PM,3:49,,,Richardson REBOUND (Off:0 Def:2),,
0020300934,70,1,65,1,9:34 PM,3:44,,,Cheaney 7' Jump Hook Shot (3 PTS) (Richardson 2 AST),10 - 17,7
0020300934,71,1,1,1,9:34 PM,3:18,Giricek 11' Jump Shot (4 PTS),,,10 - 19,9
0020300934,72,2,1,1,9:35 PM,2:55,,,MISS Richardson 24' 3PT Jump Shot,,
0020300934,73,4,0,1,9:35 PM,2:52,Kirilenko REBOUND (Off:0 Def:3),,,,
0020300934,75,1,5,1,9:35 PM,2:37,Giricek  Layup (6 PTS) (Gugliotta 2 AST),,,10 - 21,11
0020300934,77,1,8,1,9:35 PM,2:20,,,Richardson  Slam Dunk (2 PTS) (Cheaney 1 AST),12 - 21,9
0020300934,78,2,1,1,9:35 PM,1:58,MISS Giricek 23' Jump Shot,,,,
0020300934,79,4,0,1,9:35 PM,1:56,,,Dampier REBOUND (Off:2 Def:1),,
0020300934,80,5,1,1,9:36 PM,1:46,Gugliotta STEAL (1 STL),,Cheaney Bad Pass Turnover (P2.T6),,
0020300934,81,6,1,1,9:36 PM,1:45,,,Cheaney P.FOUL (P2.T4),,
0020300934,83,8,0,1,9:36 PM,1:45,SUB: Bell FOR Giricek,,,,
0020300934,84,8,0,1,9:36 PM,1:45,,,SUB: Dunleavy FOR Cheaney,,
0020300934,85,5,41,1,9:36 PM,1:29,Kirilenko Poss Lost Ball Turnover (P1.T3),,,,
0020300934,87,2,65,1,9:37 PM,1:12,,,MISS Dampier 5' Jump Hook Shot,,
0020300934,88,4,0,1,9:37 PM,1:09,Kirilenko REBOUND (Off:0 Def:4),,,,
0020300934,90,1,8,1,9:37 PM,0:51,Kirilenko  Slam Dunk (6 PTS) (Ostertag 1 AST),,,12 - 23,11
0020300934,91,2,1,1,9:38 PM,0:31,Ostertag BLOCK (1 BLK),,MISS Richardson 5' Jump Shot,,
0020300934,92,4,0,1,9:38 PM,0:28,Kirilenko REBOUND (Off:0 Def:5),,,,
0020300934,93,1,1,1,9:38 PM,0:24,Lopez 16' Jump Shot (6 PTS) (Bell 1 AST),,,12 - 25,13
0020300934,94,6,1,1,9:38 PM,0:11,Lopez P.FOUL (P1.T4),,,,
0020300934,95,8,0,1,9:38 PM,0:11,,,SUB: LaRue FOR Dampier,,
0020300934,96,8,0,1,9:39 PM,0:11,SUB: Williams FOR Lopez,,,,
0020300934,97,1,46,1,9:39 PM,0:01,,,Robinson 5' Running Jump Shot (4 PTS),14 - 25,11
0020300934,98,2,1,1,9:39 PM,0:00,MISS Williams 55' 3PT Jump Shot,,,,
0020300934,99,4,0,1,9:39 PM,0:00,JAZZ Rebound,,,,
0020300934,101,13,0,1,9:39 PM,0:00,,,,14 - 25,11
0020300934,102,12,0,2,9:42 PM,12:00,,,,14 - 25,11
0020300934,103,1,1,2,9:42 PM,11:43,Kirilenko 25' 3PT Jump Shot (9 PTS) (Bell 2 AST),,,14 - 28,14
0020300934,104,2,1,2,9:42 PM,11:18,,,MISS Robinson 13' Jump Shot,,
0020300934,105,4,0,2,9:42 PM,11:16,,,Cardinal REBOUND (Off:1 Def:0),,
0020300934,106,5,1,2,9:42 PM,11:10,,,LaRue Bad Pass Turnover (P1.T7),,
0020300934,107,1,5,2,9:43 PM,10:53,Kirilenko  Layup (11 PTS) (Williams 1 AST),,,14 - 30,16
0020300934,108,5,1,2,9:43 PM,10:37,Bell STEAL (1 STL),,Robinson Bad Pass Turnover (P1.T8),,
0020300934,109,2,1,2,9:43 PM,10:27,MISS Moore 20' Jump Shot,,,,
0020300934,110,4,0,2,9:43 PM,10:25,,,Robinson REBOUND (Off:0 Def:1),,
0020300934,111,2,5,2,9:43 PM,10:19,Moore BLOCK (1 BLK),,MISS Foyle  Layup,,
0020300934,112,4,0,2,9:43 PM,10:19,JAZZ Rebound,,,,
0020300934,113,8,0,2,9:44 PM,10:19,,,SUB: Cheaney FOR Dunleavy,,
0020300934,114,8,0,2,9:44 PM,10:19,SUB: Pavlovic FOR Kirilenko,,,,
0020300934,115,6,2,2,9:44 PM,10:03,,,Cheaney S.FOUL (P3.T1),,
0020300934,116,8,0,2,9:44 PM,10:03,,,SUB: Murphy FOR Robinson,,
0020300934,117,3,11,2,9:44 PM,10:03,Bell Free Throw 1 of 2 (1 PTS),,,14 - 31,17
0020300934,118,8,0,2,9:45 PM,10:03,,,SUB: Richardson FOR Cheaney,,
0020300934,119,3,12,2,9:45 PM,10:03,Bell Free Throw 2 of 2 (2 PTS),,,14 - 32,18
0020300934,120,5,41,2,9:45 PM,9:50,,,Richardson Poss Lost Ball Turnover (P2.T9),,
0020300934,121,2,1,2,9:45 PM,9:36,MISS Williams 18' Jump Shot,,,,
0020300934,122,4,0,2,9:45 PM,9:34,,,Richardson REBOUND (Off:0 Def:3),,
0020300934,123,1,1,2,9:46 PM,9:23,,,Murphy 21' Jump Shot (2 PTS) (Richardson 3 AST),16 - 32,16
0020300934,124,1,7,2,9:46 PM,9:02,Ostertag  Dunk (2 PTS) (Pavlovic 1 AST),,,16 - 34,18
0020300934,125,6,2,2,9:46 PM,8:46,Ostertag S.FOUL (P2.T1),,,,
0020300934,126,9,4,2,9:46 PM,8:46,,,,,
0020300934,128,8,0,2,9:48 PM,8:46,,,SUB: Johnson FOR LaRue,,
0020300934,129,8,0,2,9:48 PM,8:46,SUB: Ruffin FOR Ostertag,,,,
0020300934,130,3,11,2,9:48 PM,8:46,,,MISS Foyle Free Throw 1 of 2,,
0020300934,131,4,1,2,9:48 PM,8:46,,,Warriors Rebound,,
0020300934,132,3,12,2,9:49 PM,8:46,,,Foyle Free Throw 2 of 2 (1 PTS),17 - 34,17
0020300934,133,2,1,2,9:49 PM,8:32,MISS Bell 20' Jump Shot,,,,
0020300934,134,4,0,2,9:49 PM,8:31,JAZZ Rebound,,,,
0020300934,135,1,65,2,9:50 PM,8:25,Pavlovic 3' Jump Hook Shot (2 PTS),,,17 - 36,19
0020300934,136,1,5,2,9:50 PM,7:59,,,Johnson  Layup (2 PTS),19 - 36,17
0020300934,137,2,1,2,9:50 PM,7:36,MISS Moore 12' Jump Shot,,,,
0020300934,138,4,0,2,9:50 PM,7:35,Moore REBOUND (Off:1 Def:0),,,,
0020300934,139,1,1,2,9:50 PM,7:32,Bell 19' Jump Shot (4 PTS) (Moore 1 AST),,,19 - 38,19
0020300934,140,2,1,2,9:51 PM,7:14,,,MISS Cardinal 24' 3PT Jump Shot,,
0020300934,141,4,0,2,9:51 PM,7:12,Bell REBOUND (Off:0 Def:1),,,,
0020300934,142,1,5,2,9:51 PM,7:09,Pavlovic  Layup (4 PTS) (Bell 3 AST),,,19 - 40,21
0020300934,143,9,1,2,9:51 PM,7:02,,,Warriors Timeout: Regular (Reg.3 Short 0),,
0020300934,144,8,0,2,9:53 PM,7:02,,,SUB: Dampier FOR Foyle,,
0020300934,145,8,0,2,9:53 PM,7:02,,,SUB: Robinson FOR Cardinal,,
0020300934,146,6,4,2,9:53 PM,6:53,,,Johnson OFF.Foul (P1),,
0020300934,147,5,5,2,9:53 PM,6:53,,,Johnson Foul Turnover (P1.T10),,
0020300934,148,2,1,2,9:54 PM,6:35,MISS Bell 25' 3PT Jump Shot,,,,
0020300934,149,4,0,2,9:54 PM,6:33,,,Johnson REBOUND (Off:0 Def:1),,
0020300934,150,5,1,2,9:54 PM,6:30,,,Johnson Bad Pass Turnover (P2.T11),,
0020300934,151,2,1,2,9:54 PM,6:16,MISS Pavlovic 18' Jump Shot,,,,
0020300934,152,4,0,2,9:54 PM,6:13,Bell REBOUND (Off:1 Def:1),,,,
0020300934,153,1,1,2,9:55 PM,6:00,Williams 24' 3PT Jump Shot (3 PTS),,,19 - 43,24
0020300934,154,6,2,2,9:55 PM,5:36,Bell S.FOUL (P1.T2),,,,
0020300934,155,3,11,2,9:55 PM,5:36,,,Richardson Free Throw 1 of 2 (3 PTS),20 - 43,23
0020300934,156,3,12,2,9:56 PM,5:36,,,Richardson Free Throw 2 of 2 (4 PTS),21 - 43,22
0020300934,157,2,1,2,9:56 PM,5:16,MISS Bell 5' Jump Shot,,Robinson BLOCK (1 BLK),,
0020300934,158,4,0,2,9:56 PM,5:16,,,Warriors Rebound,,
0020300934,159,6,3,2,9:56 PM,5:16,Moore L.B.FOUL (P1.T3),,,,
0020300934,160,8,0,2,9:56 PM,5:16,,,SUB: Dunleavy FOR Richardson,,
0020300934,161,2,1,2,9:57 PM,5:04,,,MISS Murphy 20' Jump Shot,,
0020300934,162,4,0,2,9:57 PM,5:01,Williams REBOUND (Off:0 Def:1),,,,
0020300934,163,5,2,2,9:57 PM,4:58,Williams Lost Ball Turnover (P1.T4),,Robinson STEAL (1 STL),,
0020300934,166,6,2,2,9:57 PM,4:54,Williams S.FOUL (P1.T4),,,,
0020300934,167,3,11,2,9:57 PM,4:54,,,Dunleavy Free Throw 1 of 2 (1 PTS),22 - 43,21
0020300934,168,3,12,2,9:57 PM,4:54,,,Dunleavy Free Throw 2 of 2 (2 PTS),23 - 43,20
0020300934,169,2,5,2,9:58 PM,4:44,MISS Pavlovic  Layup,,Robinson BLOCK (2 BLK),,
0020300934,170,4,0,2,9:58 PM,4:44,JAZZ Rebound,,,,
0020300934,171,8,0,2,9:58 PM,4:44,SUB: Kirilenko FOR Moore,,,,
0020300934,172,2,1,2,9:58 PM,4:42,MISS Williams 17' Jump Shot,,,,
0020300934,173,4,0,2,9:58 PM,4:39,,,Johnson REBOUND (Off:0 Def:2),,
0020300934,174,2,1,2,9:58 PM,4:31,,,MISS Dunleavy 24' 3PT Jump Shot,,
0020300934,175,4,0,2,9:58 PM,4:28,Pavlovic REBOUND (Off:0 Def:1),,,,
0020300934,176,1,1,2,9:59 PM,4:07,Pavlovic 24' 3PT Jump Shot (7 PTS) (Bell 4 AST),,,23 - 46,23
0020300934,177,5,2,2,9:59 PM,3:42,Ruffin STEAL (1 STL),,Robinson Lost Ball Turnover (P2.T12),,
0020300934,178,5,1,2,9:59 PM,3:38,Williams Bad Pass Turnover (P2.T5),,Johnson STEAL (1 STL),,
0020300934,179,1,7,2,9:59 PM,3:34,,,Murphy  Dunk (4 PTS) (Johnson 1 AST),25 - 46,21
0020300934,180,1,1,2,9:59 PM,3:12,Bell 22' Jump Shot (6 PTS) (Williams 2 AST),,,25 - 48,23
0020300934,181,5,1,2,10:00 PM,2:56,Pavlovic STEAL (1 STL),,Robinson Bad Pass Turnover (P3.T13),,
0020300934,182,1,8,2,10:00 PM,2:52,Bell  Slam Dunk (8 PTS) (Williams 3 AST),,,25 - 50,25
0020300934,183,9,2,2,10:00 PM,2:43,,,Warriors Timeout: Short (Reg.3 Short 1),,
0020300934,184,9,1,2,10:00 PM,2:43,JAZZ Timeout: Regular (Full 1 Short 0),,,,
0020300934,186,8,0,2,10:02 PM,2:43,,,SUB: Richardson FOR Murphy,,
0020300934,187,1,1,2,10:03 PM,2:29,,,Dunleavy 23' Jump Shot (4 PTS) (Dampier 1 AST),27 - 50,23
0020300934,188,2,5,2,10:03 PM,2:15,MISS Williams  Layup,,,,
0020300934,190,4,0,2,10:03 PM,2:14,Ruffin REBOUND (Off:1 Def:0),,,,
0020300934,189,1,64,2,10:03 PM,2:14,Ruffin  Follow Up Dunk (2 PTS),,,27 - 52,25
0020300934,191,2,5,2,10:03 PM,1:59,Kirilenko BLOCK (1 BLK),,MISS Johnson  Layup,,
0020300934,192,4,0,2,10:03 PM,1:58,,,Dampier REBOUND (Off:3 Def:1),,
0020300934,193,1,5,2,10:03 PM,1:58,,,Dampier  Layup (5 PTS),29 - 52,23
0020300934,194,6,2,2,10:03 PM,1:58,Ruffin S.FOUL (P1.PN),,,,
0020300934,195,3,10,2,10:03 PM,1:58,,,Dampier Free Throw 1 of 1 (6 PTS),30 - 52,22
0020300934,196,5,1,2,10:04 PM,1:38,Bell Bad Pass Turnover (P1.T6),,Dunleavy STEAL (1 STL),,
0020300934,197,5,1,2,10:04 PM,1:35,Ruffin STEAL (2 STL),,Dunleavy Bad Pass Turnover (P1.T14),,
0020300934,198,1,1,2,10:04 PM,1:18,Pavlovic 22' Jump Shot (9 PTS) (Kirilenko 2 AST),,,30 - 54,24
0020300934,199,2,1,2,10:05 PM,0:58,,,MISS Robinson 9' Jump Shot,,
0020300934,200,4,0,2,10:05 PM,0:57,Ruffin REBOUND (Off:1 Def:1),,,,
0020300934,201,6,2,2,10:05 PM,0:53,,,Dunleavy S.FOUL (P2.T2),,
0020300934,202,3,11,2,10:05 PM,0:53,Kirilenko Free Throw 1 of 2 (12 PTS),,,30 - 55,25
0020300934,203,3,12,2,10:05 PM,0:53,Kirilenko Free Throw 2 of 2 (13 PTS),,,30 - 56,26
0020300934,204,2,1,2,10:06 PM,0:44,,,MISS Richardson 19' Jump Shot,,
0020300934,205,4,0,2,10:06 PM,0:43,Kirilenko REBOUND (Off:0 Def:6),,,,
0020300934,206,5,2,2,10:06 PM,0:22,Bell Lost Ball Turnover (P2.T7),,Dunleavy STEAL (2 STL),,
0020300934,207,2,1,2,10:06 PM,0:03,,,MISS Johnson 20' Jump Shot,,
0020300934,208,4,0,2,10:06 PM,0:01,Kirilenko REBOUND (Off:0 Def:7),,,,
0020300934,210,13,0,2,10:06 PM,0:00,,,,30 - 56,26
0020300934,211,12,0,3,10:22 PM,12:00,,,,30 - 56,26
0020300934,212,2,1,3,10:23 PM,11:38,MISS Collins 6' Jump Shot,,,,
0020300934,213,4,0,3,10:23 PM,11:36,,,Dunleavy REBOUND (Off:0 Def:2),,
0020300934,214,1,1,3,10:23 PM,11:27,,,Richardson 6' Jump Shot (6 PTS),32 - 56,24
0020300934,215,6,2,3,10:23 PM,11:27,Giricek S.FOUL (P1.T1),,,,
0020300934,216,3,10,3,10:23 PM,11:27,,,MISS Richardson Free Throw 1 of 1,,
0020300934,217,4,0,3,10:23 PM,11:26,Kirilenko REBOUND (Off:0 Def:8),,,,
0020300934,218,5,1,3,10:24 PM,11:03,Gugliotta Bad Pass Turnover (P1.T8),,Dunleavy STEAL (3 STL),,
0020300934,219,6,2,3,10:24 PM,10:59,Lopez S.FOUL (P2.T2),,,,
0020300934,220,3,11,3,10:24 PM,10:59,,,Richardson Free Throw 1 of 2 (7 PTS),33 - 56,23
0020300934,221,3,12,3,10:24 PM,10:59,,,MISS Richardson Free Throw 2 of 2,,
0020300934,222,4,0,3,10:24 PM,10:57,Kirilenko REBOUND (Off:0 Def:9),,,,
0020300934,223,2,1,3,10:25 PM,10:37,MISS Gugliotta 20' Jump Shot,,,,
0020300934,224,4,0,3,10:25 PM,10:35,,,Pietrus REBOUND (Off:1 Def:1),,
0020300934,225,5,2,3,10:25 PM,10:24,Gugliotta STEAL (2 STL),,Dunleavy Lost Ball Turnover (P2.T15),,
0020300934,226,2,5,3,10:25 PM,10:07,MISS Kirilenko  Layup,,Dampier BLOCK (1 BLK),,
0020300934,227,4,0,3,10:25 PM,10:06,,,Warriors Rebound,,
0020300934,228,2,5,3,10:25 PM,9:56,,,MISS Richardson  Layup,,
0020300934,230,4,0,3,10:25 PM,9:55,,,Pietrus REBOUND (Off:2 Def:1),,
0020300934,229,2,4,3,10:25 PM,9:55,,,MISS Pietrus  Tip Shot,,
0020300934,231,4,0,3,10:26 PM,9:52,Collins REBOUND (Off:0 Def:2),,,,
0020300934,232,6,4,3,10:26 PM,9:50,Lopez OFF.Foul (P3),,,,
0020300934,233,5,5,3,10:26 PM,9:50,Lopez Foul Turnover (P2.T9),,,,
0020300934,234,5,1,3,10:26 PM,9:37,Kirilenko STEAL (1 STL),,Dampier Bad Pass Turnover (P3.T16),,
0020300934,235,6,1,3,10:26 PM,9:21,,,Robinson P.FOUL (P1.T1),,
0020300934,236,5,1,3,10:27 PM,9:19,Gugliotta Bad Pass Turnover (P2.T10),,,,
0020300934,237,6,4,3,10:27 PM,9:07,,,Dampier OFF.Foul (P1),,
0020300934,238,5,5,3,10:27 PM,9:07,,,Dampier Foul Turnover (P4.T17),,
0020300934,239,6,2,3,10:28 PM,8:52,,,Robinson S.FOUL (P2.T2),,
0020300934,240,3,11,3,10:28 PM,8:52,Collins Free Throw 1 of 2 (3 PTS),,,33 - 57,24
0020300934,241,3,12,3,10:28 PM,8:52,MISS Collins Free Throw 2 of 2,,,,
0020300934,242,4,0,3,10:28 PM,8:51,,,Robinson REBOUND (Off:0 Def:2),,
0020300934,243,6,2,3,10:28 PM,8:44,Kirilenko S.FOUL (P1.T3),,,,
0020300934,244,3,11,3,10:28 PM,8:44,,,Dunleavy Free Throw 1 of 2 (5 PTS),34 - 57,23
0020300934,245,3,12,3,10:29 PM,8:44,,,Dunleavy Free Throw 2 of 2 (6 PTS),35 - 57,22
0020300934,246,1,5,3,10:29 PM,8:23,Kirilenko  Layup (15 PTS),,,35 - 59,24
0020300934,247,6,4,3,10:29 PM,8:17,,,Dampier OFF.Foul (P2),,
0020300934,248,5,5,3,10:29 PM,8:17,,,Dampier Foul Turnover (P5.T18),,
0020300934,249,2,1,3,10:30 PM,8:01,MISS Kirilenko 23' Jump Shot,,,,
0020300934,250,4,0,3,10:30 PM,7:58,,,Richardson REBOUND (Off:0 Def:4),,
0020300934,251,6,2,3,10:30 PM,7:53,Giricek S.FOUL (P2.T4),,,,
0020300934,252,3,11,3,10:30 PM,7:53,,,Richardson Free Throw 1 of 2 (8 PTS),36 - 59,23
0020300934,253,3,12,3,10:30 PM,7:53,,,Richardson Free Throw 2 of 2 (9 PTS),37 - 59,22
0020300934,254,2,1,3,10:31 PM,7:28,MISS Giricek 22' Jump Shot,,,,
0020300934,255,4,0,3,10:31 PM,7:27,,,Warriors Rebound,,
0020300934,256,2,1,3,10:31 PM,7:12,,,MISS Robinson 22' Jump Shot,,
0020300934,257,4,0,3,10:31 PM,7:08,,,Dunleavy REBOUND (Off:1 Def:2),,
0020300934,258,5,2,3,10:31 PM,7:07,Lopez STEAL (3 STL),,Dampier Lost Ball Turnover (P6.T19),,
0020300934,259,6,2,3,10:32 PM,7:03,,,Pietrus S.FOUL (P2.T3),,
0020300934,260,3,11,3,10:32 PM,7:03,Giricek Free Throw 1 of 2 (7 PTS),,,37 - 60,23
0020300934,261,3,12,3,10:32 PM,7:03,Giricek Free Throw 2 of 2 (8 PTS),,,37 - 61,24
0020300934,262,1,42,3,10:32 PM,6:40,,,Richardson  Driving Layup (11 PTS),39 - 61,22
0020300934,263,6,1,3,10:33 PM,6:27,,,Robinson P.FOUL (P3.T4),,
0020300934,264,8,0,3,10:33 PM,6:27,,,SUB: Johnson FOR Dampier,,
0020300934,265,2,1,3,10:33 PM,6:20,MISS Giricek 24' 3PT Jump Shot,,,,
0020300934,266,4,0,3,10:33 PM,6:18,,,Dunleavy REBOUND (Off:1 Def:3),,
0020300934,267,1,1,3,10:33 PM,6:08,,,Dunleavy 25' 3PT Jump Shot (9 PTS) (Richardson 4 AST),42 - 61,19
0020300934,268,9,1,3,10:34 PM,6:00,JAZZ Timeout: Regular (Full 2 Short 0),,,,
0020300934,269,8,0,3,10:35 PM,6:00,SUB: Bell FOR Gugliotta,,,,
0020300934,270,6,1,3,10:36 PM,5:51,,,Robinson P.FOUL (P4.PN),,
0020300934,271,3,11,3,10:36 PM,5:51,Collins Free Throw 1 of 2 (4 PTS),,,42 - 62,20
0020300934,272,3,12,3,10:36 PM,5:51,Collins Free Throw 2 of 2 (5 PTS),,,42 - 63,21
0020300934,273,1,1,3,10:37 PM,5:36,,,Richardson 9' Jump Shot (13 PTS),44 - 63,19
0020300934,274,1,1,3,10:37 PM,5:15,Bell 19' Jump Shot (10 PTS) (Lopez 3 AST),,,44 - 65,21
0020300934,275,1,1,3,10:37 PM,4:55,,,Robinson 24' 3PT Jump Shot (7 PTS) (Pietrus 1 AST),47 - 65,18
0020300934,276,2,46,3,10:38 PM,4:34,MISS Lopez 13' Running Jump Shot,,,,
0020300934,278,4,0,3,10:38 PM,4:32,Collins REBOUND (Off:1 Def:2),,,,
0020300934,277,1,5,3,10:38 PM,4:32,Collins  Layup (7 PTS),,,47 - 67,20
0020300934,279,1,1,3,10:38 PM,4:12,,,Richardson 11' Jump Shot (15 PTS),49 - 67,18
0020300934,280,2,5,3,10:39 PM,3:52,MISS Bell  Layup,,Richardson BLOCK (1 BLK),,
0020300934,282,4,0,3,10:39 PM,3:50,Bell REBOUND (Off:2 Def:1),,,,
0020300934,281,1,5,3,10:39 PM,3:50,Bell  Layup (12 PTS),,,49 - 69,20
0020300934,283,2,1,3,10:39 PM,3:30,,,MISS Richardson 5' Jump Shot,,
0020300934,284,4,0,3,10:39 PM,3:29,Kirilenko REBOUND (Off:0 Def:10),,,,
0020300934,285,1,5,3,10:40 PM,3:10,Giricek  Layup (10 PTS) (Bell 5 AST),,,49 - 71,22
0020300934,286,2,1,3,10:40 PM,2:54,,,MISS Dunleavy 21' Jump Shot,,
0020300934,287,4,0,3,10:40 PM,2:52,Kirilenko REBOUND (Off:0 Def:11),,,,
0020300934,288,5,1,3,10:40 PM,2:50,Kirilenko Bad Pass Turnover (P2.T11),,Pietrus STEAL (1 STL),,
0020300934,289,2,1,3,10:40 PM,2:43,,,MISS Robinson 24' 3PT Jump Shot,,
0020300934,290,4,0,3,10:40 PM,2:43,,,Warriors Rebound,,
0020300934,291,6,3,3,10:40 PM,2:43,Bell L.B.FOUL (P2.PN),,,,
0020300934,292,9,1,3,10:40 PM,2:43,,,Warriors Timeout: Regular (Reg.4 Short 1),,
0020300934,294,3,11,3,10:42 PM,2:43,,,Dunleavy Free Throw 1 of 2 (10 PTS),50 - 71,21
0020300934,295,3,12,3,10:43 PM,2:43,,,Dunleavy Free Throw 2 of 2 (11 PTS),51 - 71,20
0020300934,296,1,5,3,10:43 PM,2:30,Collins  Layup (9 PTS) (Lopez 4 AST),,,51 - 73,22
0020300934,297,1,46,3,10:44 PM,2:15,,,Dunleavy 4' Running Jump Shot (13 PTS),53 - 73,20
0020300934,298,6,2,3,10:44 PM,2:15,Collins S.FOUL (P3.PN),,,,
0020300934,299,3,10,3,10:44 PM,2:15,,,Dunleavy Free Throw 1 of 1 (14 PTS),54 - 73,19
0020300934,300,1,46,3,10:44 PM,1:53,Lopez 13' Running Jump Shot (8 PTS),,,54 - 75,21
0020300934,301,1,42,3,10:44 PM,1:41,,,Johnson  Driving Layup (4 PTS),56 - 75,19
0020300934,302,2,1,3,10:45 PM,1:15,MISS Giricek  3PT Jump Shot,,,,
0020300934,303,4,0,3,10:45 PM,1:13,,,Dunleavy REBOUND (Off:1 Def:4),,
0020300934,304,5,1,3,10:45 PM,1:08,Giricek STEAL (1 STL),,Pietrus Bad Pass Turnover (P2.T20),,
0020300934,305,2,1,3,10:45 PM,0:46,MISS Bell 22' Jump Shot,,,,
0020300934,306,4,0,3,10:45 PM,0:44,,,Dunleavy REBOUND (Off:1 Def:5),,
0020300934,307,2,1,3,10:46 PM,0:26,,,MISS Pietrus  3PT Jump Shot,,
0020300934,308,4,0,3,10:46 PM,0:23,Collins REBOUND (Off:1 Def:3),,,,
0020300934,309,5,11,3,10:47 PM,0:00,JAZZ Turnover: Shot Clock (T#12),,,,
0020300934,310,2,1,3,10:47 PM,0:00,,,MISS Pietrus 36' 3PT Jump Shot,,
0020300934,312,4,0,3,10:47 PM,0:00,,,Warriors Rebound,,
0020300934,313,13,0,3,10:47 PM,0:00,,,,56 - 75,19
0020300934,314,12,0,4,10:49 PM,12:00,,,,56 - 75,19
0020300934,315,2,46,4,10:50 PM,11:44,,,MISS Richardson 7' Running Jump Shot,,
0020300934,316,4,0,4,10:50 PM,11:42,Ruffin REBOUND (Off:1 Def:2),,,,
0020300934,317,5,2,4,10:50 PM,11:24,Ruffin Lost Ball Turnover (P1.T13),,Johnson STEAL (2 STL),,
0020300934,318,6,2,4,10:51 PM,11:22,Bell S.FOUL (P3.T1),,,,
0020300934,319,3,11,4,10:51 PM,11:22,,,Johnson Free Throw 1 of 2 (5 PTS),57 - 75,18
0020300934,320,3,12,4,10:51 PM,11:22,,,Johnson Free Throw 2 of 2 (6 PTS),58 - 75,17
0020300934,321,6,2,4,10:52 PM,11:06,,,Cardinal S.FOUL (P1.T1),,
0020300934,322,3,11,4,10:52 PM,11:06,MISS Kirilenko Free Throw 1 of 2,,,,
0020300934,323,4,1,4,10:52 PM,11:06,JAZZ Rebound,,,,
0020300934,324,3,12,4,10:52 PM,11:06,Kirilenko Free Throw 2 of 2 (16 PTS),,,58 - 76,18
0020300934,325,2,5,4,10:52 PM,10:56,Kirilenko BLOCK (2 BLK),,MISS Johnson  Layup,,
0020300934,326,4,0,4,10:52 PM,10:54,Williams REBOUND (Off:0 Def:2),,,,
0020300934,327,1,1,4,10:53 PM,10:40,Williams 20' Jump Shot (5 PTS),,,58 - 78,20
0020300934,328,1,42,4,10:53 PM,10:15,,,Robinson  Driving Layup (9 PTS),60 - 78,18
0020300934,329,6,4,4,10:54 PM,9:59,Pavlovic OFF.Foul (P1),,,,
0020300934,330,5,5,4,10:54 PM,9:59,Pavlovic Foul Turnover (P1.T14),,,,
0020300934,331,5,1,4,10:54 PM,9:43,Williams STEAL (1 STL),,Cardinal Bad Pass Turnover (P1.T21),,
0020300934,332,2,42,4,10:54 PM,9:39,MISS Williams  Driving Layup,,,,
0020300934,334,4,0,4,10:54 PM,9:37,Kirilenko REBOUND (Off:1 Def:11),,,,
0020300934,333,1,5,4,10:54 PM,9:37,Kirilenko  Layup (18 PTS),,,60 - 80,20
0020300934,345,6,2,4,10:54 PM,9:37,,,Cardinal S.FOUL (P2.T2),,
0020300934,335,8,0,4,10:54 PM,9:37,,,SUB: Dunleavy FOR Cardinal,,
0020300934,336,3,10,4,10:54 PM,9:37,MISS Kirilenko Free Throw 1 of 1,,,,
0020300934,338,4,0,4,10:55 PM,9:36,,,Dunleavy REBOUND (Off:2 Def:5),,
0020300934,339,1,42,4,10:55 PM,9:24,,,Richardson  Driving Layup (17 PTS),62 - 80,18
0020300934,340,6,1,4,10:55 PM,9:12,,,Cheaney P.FOUL (P4.T3),,
0020300934,341,1,1,4,10:56 PM,9:05,Bell 22' Jump Shot (14 PTS) (Williams 4 AST),,,62 - 82,20
0020300934,342,9,4,4,10:56 PM,8:46,,,,,
0020300934,344,8,0,4,10:58 PM,8:46,,,SUB: Foyle FOR Robinson,,
0020300934,346,6,1,4,10:58 PM,8:41,Williams P.FOUL (P2.T2),,,,
0020300934,348,2,1,4,10:59 PM,8:31,,,MISS Dunleavy 24' 3PT Jump Shot,,
0020300934,349,4,0,4,10:59 PM,8:29,Pavlovic REBOUND (Off:0 Def:2),,,,
0020300934,350,1,63,4,10:59 PM,8:12,Pavlovic 15' Fadeaway Jumper (11 PTS) (Kirilenko 3 AST),,,62 - 84,22
0020300934,351,1,42,4,10:59 PM,7:55,,,Richardson  Driving Layup (19 PTS),64 - 84,20
0020300934,352,2,1,4,11:00 PM,7:34,MISS Bell 21' Jump Shot,,Richardson BLOCK (2 BLK),,
0020300934,353,4,0,4,11:00 PM,7:31,,,Dunleavy REBOUND (Off:2 Def:6),,
0020300934,354,6,1,4,11:00 PM,7:19,Ruffin P.FOUL (P2.T3),,,,
0020300934,355,8,0,4,11:00 PM,7:19,,,SUB: Murphy FOR Johnson,,
0020300934,356,2,1,4,11:01 PM,7:11,,,MISS Richardson 23' Jump Shot,,
0020300934,357,4,0,4,11:01 PM,7:09,Williams REBOUND (Off:0 Def:3),,,,
0020300934,358,2,5,4,11:01 PM,7:05,MISS Pavlovic  Layup,,Cheaney BLOCK (1 BLK),,
0020300934,359,4,0,4,11:01 PM,7:03,,,Cheaney REBOUND (Off:0 Def:2),,
0020300934,360,1,1,4,11:01 PM,6:48,,,Cheaney 21' Jump Shot (5 PTS) (Dunleavy 3 AST),66 - 84,18
0020300934,361,2,1,4,11:01 PM,6:25,MISS Williams 22' Jump Shot,,,,
0020300934,363,4,0,4,11:01 PM,6:23,Kirilenko REBOUND (Off:2 Def:11),,,,
0020300934,362,1,4,4,11:01 PM,6:23,Kirilenko  Tip Shot (20 PTS),,,66 - 86,20
0020300934,364,1,1,4,11:02 PM,6:01,,,Cheaney 20' Jump Shot (7 PTS) (Dunleavy 4 AST),68 - 86,18
0020300934,365,2,1,4,11:02 PM,5:38,MISS Williams  3PT Jump Shot,,,,
0020300934,366,4,0,4,11:02 PM,5:36,,,Richardson REBOUND (Off:0 Def:5),,
0020300934,367,6,2,4,11:02 PM,5:25,Bell S.FOUL (P4.T4),,,,
0020300934,368,9,1,4,11:02 PM,5:25,JAZZ Timeout: Regular (Full 3 Short 0),,,,
0020300934,370,8,0,4,11:04 PM,5:25,,,SUB: Pietrus FOR Richardson,,
0020300934,371,8,0,4,11:04 PM,5:25,SUB: Ostertag FOR Ruffin,,,,
0020300934,372,8,0,4,11:04 PM,5:25,SUB: Collins FOR Pavlovic,,,,
0020300934,373,3,11,4,11:04 PM,5:25,,,Foyle Free Throw 1 of 2 (2 PTS),69 - 86,17
0020300934,374,3,12,4,11:05 PM,5:25,,,MISS Foyle Free Throw 2 of 2,,
0020300934,375,4,0,4,11:05 PM,5:24,Kirilenko REBOUND (Off:2 Def:12),,,,
0020300934,376,1,5,4,11:05 PM,5:03,Ostertag  Layup (4 PTS) (Bell 6 AST),,,69 - 88,19
0020300934,377,6,2,4,11:05 PM,5:03,,,Foyle S.FOUL (P1.T4),,
0020300934,378,3,10,4,11:06 PM,5:03,MISS Ostertag Free Throw 1 of 1,,,,
0020300934,379,4,0,4,11:06 PM,5:03,,,Warriors Rebound,,
0020300934,380,6,2,4,11:06 PM,4:52,Ostertag S.FOUL (P3.PN),,,,
0020300934,381,3,11,4,11:06 PM,4:52,,,Dunleavy Free Throw 1 of 2 (15 PTS),70 - 88,18
0020300934,382,3,12,4,11:06 PM,4:52,,,MISS Dunleavy Free Throw 2 of 2,,
0020300934,383,4,0,4,11:07 PM,4:50,Collins REBOUND (Off:1 Def:4),,,,
0020300934,384,2,5,4,11:07 PM,4:39,MISS Collins  Layup,,,,
0020300934,385,4,0,4,11:07 PM,4:38,JAZZ Rebound,,,,
0020300934,386,6,4,4,11:07 PM,4:36,Collins OFF.Foul (P4),,,,
0020300934,387,5,5,4,11:07 PM,4:36,Collins Foul Turnover (P2.T15),,,,
0020300934,388,2,1,4,11:08 PM,4:12,,,MISS Pietrus 24' 3PT Jump Shot,,
0020300934,389,4,0,4,11:08 PM,4:10,Ostertag REBOUND (Off:0 Def:1),,,,
0020300934,390,2,63,4,11:08 PM,3:50,MISS Collins 14' Fadeaway Jumper,,,,
0020300934,391,4,0,4,11:08 PM,3:48,,,Cheaney REBOUND (Off:0 Def:3),,
0020300934,392,2,1,4,11:08 PM,3:41,,,MISS Foyle 18' Jump Shot,,
0020300934,393,4,0,4,11:08 PM,3:38,,,Pietrus REBOUND (Off:3 Def:1),,
0020300934,394,2,1,4,11:08 PM,3:24,,,MISS Foyle 18' Jump Shot,,
0020300934,395,4,0,4,11:08 PM,3:22,Bell REBOUND (Off:2 Def:2),,,,
0020300934,396,2,5,4,11:09 PM,3:02,MISS Kirilenko  Layup,,,,
0020300934,397,4,0,4,11:09 PM,3:01,,,Foyle REBOUND (Off:0 Def:1),,
0020300934,398,2,1,4,11:09 PM,2:53,,,MISS Dunleavy 25' 3PT Jump Shot,,
0020300934,399,4,0,4,11:09 PM,2:51,Kirilenko REBOUND (Off:2 Def:13),,,,
0020300934,400,6,1,4,11:09 PM,2:32,,,Pietrus P.FOUL (P3.PN),,
0020300934,402,9,1,4,11:10 PM,2:32,,,Warriors Timeout: Regular (Reg.5 Short 1),,
0020300934,403,8,0,4,11:11 PM,2:32,SUB: Giricek FOR Kirilenko,,,,
0020300934,404,3,11,4,11:12 PM,2:32,MISS Bell Free Throw 1 of 2,,,,
0020300934,405,4,1,4,11:12 PM,2:32,JAZZ Rebound,,,,
0020300934,406,3,12,4,11:12 PM,2:32,Bell Free Throw 2 of 2 (15 PTS),,,70 - 89,19
0020300934,407,1,8,4,11:12 PM,2:21,,,Pietrus  Slam Dunk (4 PTS) (Murphy 1 AST),72 - 89,17
0020300934,408,2,1,4,11:13 PM,1:59,MISS Bell 19' Jump Shot,,,,
0020300934,410,4,0,4,11:13 PM,1:58,Collins REBOUND (Off:2 Def:4),,,,
0020300934,409,1,5,4,11:13 PM,1:58,Collins  Layup (11 PTS),,,72 - 91,19
0020300934,411,2,1,4,11:13 PM,1:43,,,MISS Cheaney 20' Jump Shot,,
0020300934,412,4,0,4,11:13 PM,1:41,JAZZ Rebound,,,,
0020300934,413,8,0,4,11:13 PM,1:41,SUB: Moore FOR Collins,,,,
0020300934,414,2,1,4,11:14 PM,1:25,MISS Bell 20' Jump Shot,,,,
0020300934,415,4,0,4,11:14 PM,1:21,Giricek REBOUND (Off:1 Def:2),,,,
0020300934,416,2,5,4,11:14 PM,1:20,MISS Moore  Layup,,Foyle BLOCK (1 BLK),,
0020300934,417,4,0,4,11:14 PM,1:18,,,Cheaney REBOUND (Off:0 Def:4),,
0020300934,418,2,1,4,11:14 PM,1:13,,,MISS Murphy 20' Jump Shot,,
0020300934,419,4,0,4,11:14 PM,1:11,Ostertag REBOUND (Off:0 Def:2),,,,
0020300934,420,2,46,4,11:14 PM,0:53,MISS Williams 5' Running Jump Shot,,,,
0020300934,421,4,0,4,11:14 PM,0:51,,,Murphy REBOUND (Off:0 Def:1),,
0020300934,422,6,2,4,11:14 PM,0:47,Giricek S.FOUL (P3.PN),,,,
0020300934,423,3,11,4,11:15 PM,0:47,,,Pietrus Free Throw 1 of 2 (5 PTS),73 - 91,18
0020300934,424,3,12,4,11:15 PM,0:47,,,MISS Pietrus Free Throw 2 of 2,,
0020300934,425,4,0,4,11:15 PM,0:46,Giricek REBOUND (Off:1 Def:3),,,,
0020300934,426,2,46,4,11:15 PM,0:23,MISS Giricek 11' Running Jump Shot,,,,
0020300934,427,4,0,4,11:15 PM,0:21,,,Murphy REBOUND (Off:0 Def:2),,
0020300934,428,6,2,4,11:16 PM,0:18,Moore S.FOUL (P2.PN),,,,
0020300934,429,3,11,4,11:16 PM,0:18,,,Pietrus Free Throw 1 of 2 (6 PTS),74 - 91,17
0020300934,430,3,12,4,11:16 PM,0:18,,,Pietrus Free Throw 2 of 2 (7 PTS),75 - 91,16
0020300934,431,5,1,4,11:16 PM,0:09,Bell Bad Pass Turnover (P3.T16),,Foyle STEAL (1 STL),,
0020300934,432,1,7,4,11:16 PM,0:06,,,Murphy  Dunk (6 PTS) (Foyle 1 AST),77 - 91,14
0020300934,434,13,0,4,11:16 PM,0:00,,,,77 - 91,14
