GAME_ID,EVENTNUM,EVENTMSGTYPE,EVENTMSGACTIONTYPE,PERIOD,WCTIMESTRING,PCTIMESTRING,HOMEDESCRIPTION,NEUTRALDESCRIPTION,VISITORDESCRIPTION,SCORE,SCOREMARGIN,PERSON1TYPE,PLAYER1_ID,PLAYER1_NAME,PLAYER1_TEAM_ID,PLAYER1_TEAM_CITY,PLAYER1_TEAM_NICKNAME,PLAYER1_TEAM_ABBREVIATION,PERSON2TYPE,PLAYER2_ID,PLAYER2_NAME,PLAYER2_TEAM_ID,PLAYER2_TEAM_CITY,PLAYER2_TEAM_NICKNAME,PLAYER2_TEAM_ABBREVIATION,PERSON3TYPE,PLAYER3_ID,PLAYER3_NAME,PLAYER3_TEAM_ID,PLAYER3_TEAM_CITY,PLAYER3_TEAM_NICKNAME,PLAYER3_TEAM_ABBREVIATION,VIDEO_AVAILABLE_FLAG
0020600796,0,12,0,1,10:07 PM,12:00,,,,,,0,0,,,,,,0,0,,,,,,0,0,,,,,,0
0020600796,1,10,0,1,10:07 PM,12:00,Jump Ball Miller vs. Jefferson: Tip to Bibby,,,,,4,1802,Brad Miller,1610612758.0,Sacramento,Kings,SAC,5,2744,Al Jefferson,1610612738.0,Boston,Celtics,BOS,4,1710,Mike Bibby,1610612758.0,Sacramento,Kings,SAC,0
0020600796,2,6,2,1,10:07 PM,11:47,,,Pierce S.FOUL (P1.T1),,,5,1718,Paul Pierce,1610612738.0,Boston,Celtics,BOS,4,1897,Metta World Peace,1610612758.0,Sacramento,Kings,SAC,1,0,,,,,,0
0020600796,3,3,11,1,10:08 PM,11:47,World Peace Free Throw 1 of 2 (1 PTS),,,0 - 1,1,4,1897,Metta World Peace,1610612758.0,Sacramento,Kings,SAC,0,0,,,,,,0,0,,,,,,0
0020600796,4,3,12,1,10:08 PM,11:47,MISS World Peace Free Throw 2 of 2,,,,,4,1897,Metta World Peace,1610612758.0,Sacramento,Kings,SAC,0,0,,,,,,0,0,,,,,,0
0020600796,5,4,0,1,10:08 PM,11:45,,,Gomes REBOUND (Off:0 Def:1),,,5,101155,Ryan Gomes,1610612738.0,Boston,Celtics,BOS,0,0,,,,,,0,0,,,,,,0
0020600796,7,6,1,1,10:08 PM,11:27,Miller P.FOUL (P1.T1),,,,,4,1802,Brad Miller,1610612758.0,Sacramento,Kings,SAC,5,1718,Paul Pierce,1610612738.0,Boston,Celtics,BOS,1,0,,,,,,0
0020600796,8,1,1,1,10:09 PM,11:22,,,Pierce 18' Jump Shot (2 PTS) (West 1 AST),2 - 1,-1,5,1718,Paul Pierce,1610612738.0,Boston,Celtics,BOS,5,2753,Delonte West,1610612738.0,Boston,Celtics,BOS,0,0,,,,,,0
0020600796,9,1,1,1,10:09 PM,11:03,Bibby 22' Jump Shot (2 PTS),,,2 - 3,1,4,1710,Mike Bibby,1610612758.0,Sacramento,Kings,SAC,0,0,,,,,,0,0,,,,,,0
0020600796,10,1,1,1,10:09 PM,10:46,,,Pierce 19' Jump Shot (4 PTS),4 - 3,-1,5,1718,Paul Pierce,1610612738.0,Boston,Celtics,BOS,0,0,,,,,,0,0,,,,,,0
0020600796,11,6,2,1,10:09 PM,10:46,World Peace S.FOUL (P1.T2),,,,,4,1897,Metta World Peace,1610612758.0,Sacramento,Kings,SAC,5,1718,Paul Pierce,1610612738.0,Boston,Celtics,BOS,1,0,,,,,,0
0020600796,12,3,10,1,10:10 PM,10:46,,,Pierce Free Throw 1 of 1 (5 PTS),5 - 3,-2,5,1718,Paul Pierce,1610612738.0,Boston,Celtics,BOS,0,0,,,,,,0,0,,,,,,0
0020600796,13,6,2,1,10:10 PM,10:30,,,Gomes S.FOUL (P1.T2),,,5,101155,Ryan Gomes,1610612738.0,Boston,Celtics,BOS,4,1897,Metta World Peace,1610612758.0,Sacramento,Kings,SAC,1,0,,,,,,0
0020600796,14,3,11,1,10:10 PM,10:30,World Peace Free Throw 1 of 2 (2 PTS),,,5 - 4,-1,4,1897,Metta World Peace,1610612758.0,Sacramento,Kings,SAC,0,0,,,,,,0,0,,,,,,0
0020600796,15,3,12,1,10:11 PM,10:30,World Peace Free Throw 2 of 2 (3 PTS),,,5 - 5,TIE,4,1897,Metta World Peace,1610612758.0,Sacramento,Kings,SAC,0,0,,,,,,0,0,,,,,,0
0020600796,16,2,1,1,10:11 PM,10:14,World Peace BLOCK (1 BLK),,MISS Pierce  3PT Jump Shot,,,5,1718,Paul Pierce,1610612738.0,Boston,Celtics,BOS,0,0,,,,,,4,1897,Metta World Peace,1610612758.0,Sacramento,Kings,SAC,0
0020600796,17,4,0,1,10:11 PM,10:12,,,Pierce REBOUND (Off:1 Def:0),,,5,1718,Paul Pierce,1610612738.0,Boston,Celtics,BOS,0,0,,,,,,0,0,,,,,,0
0020600796,18,1,46,1,10:11 PM,10:09,,,Pierce 11' Running Jump Shot (7 PTS),7 - 5,-2,5,1718,Paul Pierce,1610612738.0,Boston,Celtics,BOS,0,0,,,,,,0,0,,,,,,0
0020600796,19,2,1,1,10:12 PM,9:52,MISS World Peace  3PT Jump Shot,,,,,4,1897,Metta World Peace,1610612758.0,Sacramento,Kings,SAC,0,0,,,,,,0,0,,,,,,0
0020600796,20,4,0,1,10:12 PM,9:50,,,Jefferson REBOUND (Off:0 Def:1),,,5,2744,Al Jefferson,1610612738.0,Boston,Celtics,BOS,0,0,,,,,,0,0,,,,,,0
0020600796,21,5,1,1,10:12 PM,9:50,,,Jefferson Bad Pass Turnover (P1.T1),,,5,2744,Al Jefferson,1610612738.0,Boston,Celtics,BOS,0,0,,,,,,0,0,,,,,,0
0020600796,22,1,1,1,10:12 PM,9:44,Martin 25' 3PT Jump Shot (3 PTS),,,7 - 8,1,4,2755,Kevin Martin,1610612758.0,Sacramento,Kings,SAC,0,0,,,,,,0,0,,,,,,0
0020600796,23,2,5,1,10:12 PM,9:29,,,MISS Gomes  Layup,,,5,101155,Ryan Gomes,1610612738.0,Boston,Celtics,BOS,0,0,,,,,,0,0,,,,,,0
0020600796,24,4,0,1,10:12 PM,9:28,,,Jefferson REBOUND (Off:1 Def:1),,,5,2744,Al Jefferson,1610612738.0,Boston,Celtics,BOS,0,0,,,,,,0,0,,,,,,0
0020600796,25,5,2,1,10:12 PM,9:25,Miller STEAL (1 STL),,Jefferson Lost Ball Turnover (P2.T2),,,5,2744,Al Jefferson,1610612738.0,Boston,Celtics,BOS,4,1802,Brad Miller,1610612758.0,Sacramento,Kings,SAC,0,0,,,,,,0
0020600796,26,1,42,1,10:12 PM,9:21,Bibby  Driving Layup (4 PTS),,,7 - 10,3,4,1710,Mike Bibby,1610612758.0,Sacramento,Kings,SAC,0,0,,,,,,0,0,,,,,,0
0020600796,27,6,2,1,10:12 PM,9:21,,,Scalabrine S.FOUL (P1.T3),,,5,2243,Brian Scalabrine,1610612738.0,Boston,Celtics,BOS,4,1710,Mike Bibby,1610612758.0,Sacramento,Kings,SAC,1,0,,,,,,0
0020600796,28,3,10,1,10:13 PM,9:21,Bibby Free Throw 1 of 1 (5 PTS),,,7 - 11,4,4,1710,Mike Bibby,1610612758.0,Sacramento,Kings,SAC,0,0,,,,,,0,0,,,,,,0
0020600796,29,5,4,1,10:13 PM,9:04,,,Jefferson Traveling Turnover (P3.T3),,,5,2744,Al Jefferson,1610612738.0,Boston,Celtics,BOS,0,0,,,,,,1,0,,,,,,0
0020600796,30,6,1,1,10:14 PM,8:55,,,Scalabrine P.FOUL (P2.T4),,,5,2243,Brian Scalabrine,1610612738.0,Boston,Celtics,BOS,4,1710,Mike Bibby,1610612758.0,Sacramento,Kings,SAC,1,0,,,,,,0
0020600796,31,9,2,1,10:14 PM,8:55,,,Celtics Timeout: Short (Reg.0 Short 1),,,3,1610612738,,,,,,0,0,,,,,,0,0,,,,,,0
0020600796,33,8,0,1,10:15 PM,8:55,,,SUB: Szczerbiak FOR Scalabrine,,,5,2243,Brian Scalabrine,1610612738.0,Boston,Celtics,BOS,5,1887,Wally Szczerbiak,1610612738.0,Boston,Celtics,BOS,0,0,,,,,,0
0020600796,34,6,1,1,10:15 PM,8:53,,,Gomes P.FOUL (P2.PN),,,5,101155,Ryan Gomes,1610612738.0,Boston,Celtics,BOS,4,1897,Metta World Peace,1610612758.0,Sacramento,Kings,SAC,1,0,,,,,,0
0020600796,35,3,11,1,10:15 PM,8:53,World Peace Free Throw 1 of 2 (4 PTS),,,7 - 12,5,4,1897,Metta World Peace,1610612758.0,Sacramento,Kings,SAC,0,0,,,,,,0,0,,,,,,0
0020600796,36,3,12,1,10:16 PM,8:53,World Peace Free Throw 2 of 2 (5 PTS),,,7 - 13,6,4,1897,Metta World Peace,1610612758.0,Sacramento,Kings,SAC,0,0,,,,,,0,0,,,,,,0
0020600796,37,5,2,1,10:16 PM,8:43,Thomas STEAL (1 STL),,Gomes Lost Ball Turnover (P1.T4),,,5,101155,Ryan Gomes,1610612738.0,Boston,Celtics,BOS,4,1903,Kenny Thomas,1610612758.0,Sacramento,Kings,SAC,0,0,,,,,,0
0020600796,38,1,43,1,10:16 PM,8:38,Martin  Alley Oop Layup (5 PTS) (Bibby 1 AST),,,7 - 15,8,4,2755,Kevin Martin,1610612758.0,Sacramento,Kings,SAC,4,1710,Mike Bibby,1610612758.0,Sacramento,Kings,SAC,0,0,,,,,,0
0020600796,39,2,1,1,10:16 PM,8:15,,,MISS West 21' Jump Shot,,,5,2753,Delonte West,1610612738.0,Boston,Celtics,BOS,0,0,,,,,,0,0,,,,,,0
0020600796,42,4,0,1,10:16 PM,8:12,Miller REBOUND (Off:0 Def:1),,,,,4,1802,Brad Miller,1610612758.0,Sacramento,Kings,SAC,0,0,,,,,,0,0,,,,,,0
0020600796,43,2,1,1,10:16 PM,8:06,MISS Miller 23' Jump Shot,,,,,4,1802,Brad Miller,1610612758.0,Sacramento,Kings,SAC,0,0,,,,,,0,0,,,,,,0
0020600796,44,4,0,1,10:16 PM,8:04,,,Jefferson REBOUND (Off:1 Def:2),,,5,2744,Al Jefferson,1610612738.0,Boston,Celtics,BOS,0,0,,,,,,0,0,,,,,,0
0020600796,46,1,65,1,10:17 PM,7:50,,,Jefferson 5' Jump Hook Shot (2 PTS),9 - 15,6,5,2744,Al Jefferson,1610612738.0,Boston,Celtics,BOS,0,0,,,,,,0,0,,,,,,0
0020600796,47,2,1,1,10:17 PM,7:34,MISS World Peace 23' Jump Shot,,,,,4,1897,Metta World Peace,1610612758.0,Sacramento,Kings,SAC,0,0,,,,,,0,0,,,,,,0
0020600796,48,4,0,1,10:17 PM,7:32,,,Pierce REBOUND (Off:1 Def:1),,,5,1718,Paul Pierce,1610612738.0,Boston,Celtics,BOS,0,0,,,,,,0,0,,,,,,0
0020600796,49,5,1,1,10:17 PM,7:27,World Peace STEAL (1 STL),,Pierce Bad Pass Turnover (P1.T5),,,5,1718,Paul Pierce,1610612738.0,Boston,Celtics,BOS,4,1897,Metta World Peace,1610612758.0,Sacramento,Kings,SAC,0,0,,,,,,0
0020600796,50,1,1,1,10:17 PM,7:22,Martin 17' Jump Shot (7 PTS) (World Peace 1 AST),,,9 - 17,8,4,2755,Kevin Martin,1610612758.0,Sacramento,Kings,SAC,4,1897,Metta World Peace,1610612758.0,Sacramento,Kings,SAC,0,0,,,,,,0
0020600796,51,1,1,1,10:17 PM,7:05,,,Pierce 19' Jump Shot (9 PTS) (Szczerbiak 1 AST),11 - 17,6,5,1718,Paul Pierce,1610612738.0,Boston,Celtics,BOS,5,1887,Wally Szczerbiak,1610612738.0,Boston,Celtics,BOS,0,0,,,,,,0
0020600796,52,1,1,1,10:18 PM,6:45,Bibby 26' 3PT Jump Shot (8 PTS) (World Peace 2 AST),,,11 - 20,9,4,1710,Mike Bibby,1610612758.0,Sacramento,Kings,SAC,4,1897,Metta World Peace,1610612758.0,Sacramento,Kings,SAC,0,0,,,,,,0
0020600796,53,6,1,1,10:18 PM,6:25,World Peace P.FOUL (P2.T3),,,,,4,1897,Metta World Peace,1610612758.0,Sacramento,Kings,SAC,5,1718,Paul Pierce,1610612738.0,Boston,Celtics,BOS,1,0,,,,,,0
0020600796,54,8,0,1,10:18 PM,6:25,SUB: Abdur-Rahim FOR Miller,,,,,4,1802,Brad Miller,1610612758.0,Sacramento,Kings,SAC,4,949,Shareef Abdur-Rahim,1610612758.0,Sacramento,Kings,SAC,0,0,,,,,,0
0020600796,55,8,0,1,10:18 PM,6:25,,,SUB: Rondo FOR Gomes,,,5,101155,Ryan Gomes,1610612738.0,Boston,Celtics,BOS,5,200765,Rajon Rondo,1610612738.0,Boston,Celtics,BOS,0,0,,,,,,0
0020600796,56,2,1,1,10:19 PM,6:16,,,MISS Szczerbiak 20' Jump Shot,,,5,1887,Wally Szczerbiak,1610612738.0,Boston,Celtics,BOS,0,0,,,,,,0,0,,,,,,0
0020600796,57,4,0,1,10:19 PM,6:14,Thomas REBOUND (Off:0 Def:1),,,,,4,1903,Kenny Thomas,1610612758.0,Sacramento,Kings,SAC,0,0,,,,,,0,0,,,,,,0
0020600796,59,2,1,1,10:19 PM,6:01,MISS Bibby 25' 3PT Jump Shot,,,,,4,1710,Mike Bibby,1610612758.0,Sacramento,Kings,SAC,0,0,,,,,,0,0,,,,,,0
0020600796,60,4,0,1,10:19 PM,5:59,Thomas REBOUND (Off:1 Def:1),,,,,4,1903,Kenny Thomas,1610612758.0,Sacramento,Kings,SAC,0,0,,,,,,0,0,,,,,,0
0020600796,61,2,1,1,10:19 PM,5:57,MISS Thomas 7' Jump Shot,,,,,4,1903,Kenny Thomas,1610612758.0,Sacramento,Kings,SAC,0,0,,,,,,0,0,,,,,,0
0020600796,62,4,0,1,10:19 PM,5:55,,,Jefferson REBOUND (Off:1 Def:3),,,5,2744,Al Jefferson,1610612738.0,Boston,Celtics,BOS,0,0,,,,,,0,0,,,,,,0
0020600796,63,1,65,1,10:19 PM,5:41,,,Jefferson 11' Jump Hook Shot (4 PTS) (Szczerbiak 2 AST),13 - 20,7,5,2744,Al Jefferson,1610612738.0,Boston,Celtics,BOS,5,1887,Wally Szczerbiak,1610612738.0,Boston,Celtics,BOS,0,0,,,,,,0
0020600796,64,1,7,1,10:20 PM,5:25,Thomas  Dunk (2 PTS) (Bibby 2 AST),,,13 - 22,9,4,1903,Kenny Thomas,1610612758.0,Sacramento,Kings,SAC,4,1710,Mike Bibby,1610612758.0,Sacramento,Kings,SAC,0,0,,,,,,0
0020600796,65,2,1,1,10:20 PM,5:03,,,MISS Jefferson 19' Jump Shot,,,5,2744,Al Jefferson,1610612738.0,Boston,Celtics,BOS,0,0,,,,,,0,0,,,,,,0
0020600796,66,4,0,1,10:20 PM,5:01,World Peace REBOUND (Off:0 Def:1),,,,,4,1897,Metta World Peace,1610612758.0,Sacramento,Kings,SAC,0,0,,,,,,0,0,,,,,,0
0020600796,67,9,1,1,10:20 PM,4:52,KINGS Timeout: Regular (Full 1 Short 0),,,,,2,1610612758,,,,,,0,0,,,,,,0,0,,,,,,0
0020600796,70,8,0,1,10:22 PM,4:52,SUB: Salmons FOR World Peace,,,,,4,1897,Metta World Peace,1610612758.0,Sacramento,Kings,SAC,4,2422,John Salmons,1610612758.0,Sacramento,Kings,SAC,0,0,,,,,,0
0020600796,71,2,1,1,10:23 PM,4:38,MISS Bibby 18' Jump Shot,,,,,4,1710,Mike Bibby,1610612758.0,Sacramento,Kings,SAC,0,0,,,,,,0,0,,,,,,0
0020600796,72,4,0,1,10:23 PM,4:36,,,Pierce REBOUND (Off:1 Def:2),,,5,1718,Paul Pierce,1610612738.0,Boston,Celtics,BOS,0,0,,,,,,0,0,,,,,,0
0020600796,73,1,1,1,10:23 PM,4:30,,,West 25' 3PT Jump Shot (3 PTS),16 - 22,6,5,2753,Delonte West,1610612738.0,Boston,Celtics,BOS,0,0,,,,,,0,0,,,,,,0
0020600796,74,1,1,1,10:23 PM,4:05,Bibby 18' Jump Shot (10 PTS) (Abdur-Rahim 1 AST),,,16 - 24,8,4,1710,Mike Bibby,1610612758.0,Sacramento,Kings,SAC,4,949,Shareef Abdur-Rahim,1610612758.0,Sacramento,Kings,SAC,0,0,,,,,,0
0020600796,75,2,47,1,10:24 PM,3:48,,,MISS Rondo 7' Turnaround Jump Shot,,,5,200765,Rajon Rondo,1610612738.0,Boston,Celtics,BOS,0,0,,,,,,0,0,,,,,,0
0020600796,76,4,0,1,10:24 PM,3:46,,,Jefferson REBOUND (Off:2 Def:3),,,5,2744,Al Jefferson,1610612738.0,Boston,Celtics,BOS,0,0,,,,,,0,0,,,,,,0
0020600796,77,1,5,1,10:24 PM,3:46,,,Jefferson  Layup (6 PTS),18 - 24,6,5,2744,Al Jefferson,1610612738.0,Boston,Celtics,BOS,0,0,,,,,,0,0,,,,,,0
0020600796,78,8,0,1,10:24 PM,3:46,SUB: Price FOR Bibby,,,,,4,1710,Mike Bibby,1610612758.0,Sacramento,Kings,SAC,4,101179,Ronnie Price,1610612758.0,Sacramento,Kings,SAC,0,0,,,,,,0
0020600796,79,1,7,1,10:25 PM,3:28,Abdur-Rahim  Dunk (2 PTS),,,18 - 26,8,4,949,Shareef Abdur-Rahim,1610612758.0,Sacramento,Kings,SAC,0,0,,,,,,0,0,,,,,,0
0020600796,80,1,7,1,10:25 PM,3:19,,,Jefferson  Dunk (8 PTS) (Rondo 1 AST),20 - 26,6,5,2744,Al Jefferson,1610612738.0,Boston,Celtics,BOS,5,200765,Rajon Rondo,1610612738.0,Boston,Celtics,BOS,0,0,,,,,,0
0020600796,81,6,1,1,10:25 PM,3:02,,,Rondo P.FOUL (P1.PN),,,5,200765,Rajon Rondo,1610612738.0,Boston,Celtics,BOS,4,2755,Kevin Martin,1610612758.0,Sacramento,Kings,SAC,1,0,,,,,,0
0020600796,82,3,11,1,10:26 PM,3:02,MISS Martin Free Throw 1 of 2,,,,,4,2755,Kevin Martin,1610612758.0,Sacramento,Kings,SAC,0,0,,,,,,0,0,,,,,,0
0020600796,84,4,0,1,10:26 PM,3:02,KINGS Rebound,,,,,2,1610612758,,,,,,0,0,,,,,,0,0,,,,,,0
0020600796,83,3,12,1,10:26 PM,3:02,Martin Free Throw 2 of 2 (8 PTS),,,20 - 27,7,4,2755,Kevin Martin,1610612758.0,Sacramento,Kings,SAC,0,0,,,,,,0,0,,,,,,0
0020600796,85,6,1,1,10:26 PM,2:54,Salmons P.FOUL (P1.T4),,,,,4,2422,John Salmons,1610612758.0,Sacramento,Kings,SAC,5,2744,Al Jefferson,1610612738.0,Boston,Celtics,BOS,1,0,,,,,,0
0020600796,86,9,1,1,10:26 PM,2:54,,,Celtics Timeout: Regular (Reg.1 Short 1),,,3,1610612738,,,,,,0,0,,,,,,0,0,,,,,,0
0020600796,88,7,5,1,10:29 PM,2:50,Abdur-Rahim Violation:Kicked Ball,,,,,4,949,Shareef Abdur-Rahim,1610612758.0,Sacramento,Kings,SAC,0,0,,,,,,1,0,,,,,,0
0020600796,90,1,1,1,10:29 PM,2:37,,,West 24' 3PT Jump Shot (6 PTS) (Pierce 1 AST),23 - 27,4,5,2753,Delonte West,1610612738.0,Boston,Celtics,BOS,5,1718,Paul Pierce,1610612738.0,Boston,Celtics,BOS,0,0,,,,,,0
0020600796,91,2,65,1,10:29 PM,2:20,MISS Abdur-Rahim 6' Jump Hook Shot,,,,,4,949,Shareef Abdur-Rahim,1610612758.0,Sacramento,Kings,SAC,0,0,,,,,,0,0,,,,,,0
0020600796,92,4,0,1,10:30 PM,2:18,,,Pierce REBOUND (Off:1 Def:3),,,5,1718,Paul Pierce,1610612738.0,Boston,Celtics,BOS,0,0,,,,,,0,0,,,,,,0
0020600796,93,1,7,1,10:30 PM,2:09,,,West  Dunk (8 PTS) (Jefferson 1 AST),25 - 27,2,5,2753,Delonte West,1610612738.0,Boston,Celtics,BOS,5,2744,Al Jefferson,1610612738.0,Boston,Celtics,BOS,0,0,,,,,,0
0020600796,94,1,42,1,10:30 PM,1:53,Price  Driving Layup (2 PTS) (Thomas 1 AST),,,25 - 29,4,4,101179,Ronnie Price,1610612758.0,Sacramento,Kings,SAC,4,1903,Kenny Thomas,1610612758.0,Sacramento,Kings,SAC,0,0,,,,,,0
0020600796,95,5,1,1,10:30 PM,1:48,Salmons STEAL (1 STL),,Pierce Bad Pass Turnover (P2.T6),,,5,1718,Paul Pierce,1610612738.0,Boston,Celtics,BOS,4,2422,John Salmons,1610612758.0,Sacramento,Kings,SAC,0,0,,,,,,0
0020600796,96,2,1,1,10:30 PM,1:37,MISS Martin 25' 3PT Jump Shot,,,,,4,2755,Kevin Martin,1610612758.0,Sacramento,Kings,SAC,0,0,,,,,,0,0,,,,,,0
0020600796,97,4,0,1,10:30 PM,1:35,,,Pierce REBOUND (Off:1 Def:4),,,5,1718,Paul Pierce,1610612738.0,Boston,Celtics,BOS,0,0,,,,,,0,0,,,,,,0
0020600796,98,6,2,1,10:30 PM,1:30,Martin S.FOUL (P1.PN),,,,,4,2755,Kevin Martin,1610612758.0,Sacramento,Kings,SAC,5,1718,Paul Pierce,1610612738.0,Boston,Celtics,BOS,1,0,,,,,,0
0020600796,99,8,0,1,10:31 PM,1:30,SUB: Williamson FOR Thomas,,,,,4,1903,Kenny Thomas,1610612758.0,Sacramento,Kings,SAC,4,722,Corliss Williamson,1610612758.0,Sacramento,Kings,SAC,0,0,,,,,,0
0020600796,100,8,0,1,10:31 PM,1:30,,,SUB: Perkins FOR Jefferson,,,5,2744,Al Jefferson,1610612738.0,Boston,Celtics,BOS,5,2570,Kendrick Perkins,1610612738.0,Boston,Celtics,BOS,0,0,,,,,,0
0020600796,101,3,11,1,10:31 PM,1:30,,,MISS Pierce Free Throw 1 of 2,,,5,1718,Paul Pierce,1610612738.0,Boston,Celtics,BOS,0,0,,,,,,0,0,,,,,,0
0020600796,102,4,1,1,10:31 PM,1:30,,,Celtics Rebound,,,3,1610612738,,,,,,0,0,,,,,,0,0,,,,,,0
0020600796,103,3,12,1,10:31 PM,1:30,,,Pierce Free Throw 2 of 2 (10 PTS),26 - 29,3,5,1718,Paul Pierce,1610612738.0,Boston,Celtics,BOS,0,0,,,,,,0,0,,,,,,0
0020600796,106,1,46,1,10:32 PM,1:16,Martin 7' Running Jump Shot (10 PTS),,,26 - 31,5,4,2755,Kevin Martin,1610612758.0,Sacramento,Kings,SAC,0,0,,,,,,0,0,,,,,,0
0020600796,107,8,0,1,10:32 PM,1:15,,,SUB: Green FOR Szczerbiak,,,5,1887,Wally Szczerbiak,1610612738.0,Boston,Celtics,BOS,5,101123,Gerald Green,1610612738.0,Boston,Celtics,BOS,0,0,,,,,,0
0020600796,108,8,0,1,10:32 PM,1:15,SUB: Garcia FOR Martin,,,,,4,2755,Kevin Martin,1610612758.0,Sacramento,Kings,SAC,4,101128,Francisco Garcia,1610612758.0,Sacramento,Kings,SAC,0,0,,,,,,0
0020600796,109,2,1,1,10:32 PM,1:00,,,MISS Pierce 15' Jump Shot,,,5,1718,Paul Pierce,1610612738.0,Boston,Celtics,BOS,0,0,,,,,,0,0,,,,,,0
0020600796,110,4,0,1,10:32 PM,0:59,Price REBOUND (Off:0 Def:1),,,,,4,101179,Ronnie Price,1610612758.0,Sacramento,Kings,SAC,0,0,,,,,,0,0,,,,,,0
0020600796,111,6,2,1,10:33 PM,0:52,,,Green S.FOUL (P1.PN),,,5,101123,Gerald Green,1610612738.0,Boston,Celtics,BOS,4,949,Shareef Abdur-Rahim,1610612758.0,Sacramento,Kings,SAC,1,0,,,,,,0
0020600796,112,3,11,1,10:33 PM,0:52,Abdur-Rahim Free Throw 1 of 2 (3 PTS),,,26 - 32,6,4,949,Shareef Abdur-Rahim,1610612758.0,Sacramento,Kings,SAC,0,0,,,,,,0,0,,,,,,0
0020600796,113,3,12,1,10:33 PM,0:52,Abdur-Rahim Free Throw 2 of 2 (4 PTS),,,26 - 33,7,4,949,Shareef Abdur-Rahim,1610612758.0,Sacramento,Kings,SAC,0,0,,,,,,0,0,,,,,,0
0020600796,114,5,1,1,10:34 PM,0:38,,,Rondo Bad Pass Turnover (P1.T7),,,5,200765,Rajon Rondo,1610612738.0,Boston,Celtics,BOS,0,0,,,,,,0,0,,,,,,0
0020600796,115,2,5,1,10:34 PM,0:23,MISS Williamson  Layup,,,,,4,722,Corliss Williamson,1610612758.0,Sacramento,Kings,SAC,0,0,,,,,,0,0,,,,,,0
0020600796,116,4,0,1,10:34 PM,0:23,KINGS Rebound,,,,,2,1610612758,,,,,,0,0,,,,,,0,0,,,,,,0
0020600796,117,6,2,1,10:35 PM,0:04,,,Green S.FOUL (P2.PN),,,5,101123,Gerald Green,1610612738.0,Boston,Celtics,BOS,4,101179,Ronnie Price,1610612758.0,Sacramento,Kings,SAC,1,0,,,,,,0
0020600796,118,3,11,1,10:35 PM,0:04,MISS Price Free Throw 1 of 2,,,,,4,101179,Ronnie Price,1610612758.0,Sacramento,Kings,SAC,0,0,,,,,,0,0,,,,,,0
0020600796,119,4,1,1,10:35 PM,0:04,KINGS Rebound,,,,,2,1610612758,,,,,,0,0,,,,,,0,0,,,,,,0
0020600796,120,8,0,1,10:35 PM,0:04,,,SUB: Telfair FOR Perkins,,,5,2570,Kendrick Perkins,1610612738.0,Boston,Celtics,BOS,5,2742,Sebastian Telfair,1610612738.0,Boston,Celtics,BOS,0,0,,,,,,0
0020600796,121,8,0,1,10:35 PM,0:04,SUB: Douby FOR Abdur-Rahim,,,,,4,949,Shareef Abdur-Rahim,1610612758.0,Sacramento,Kings,SAC,4,200763,Quincy Douby,1610612758.0,Sacramento,Kings,SAC,0,0,,,,,,0
0020600796,122,3,12,1,10:35 PM,0:04,Price Free Throw 2 of 2 (3 PTS),,,26 - 34,8,4,101179,Ronnie Price,1610612758.0,Sacramento,Kings,SAC,0,0,,,,,,0,0,,,,,,0
0020600796,123,2,1,1,10:36 PM,0:00,,,MISS Rondo 28' 3PT Jump Shot,,,5,200765,Rajon Rondo,1610612738.0,Boston,Celtics,BOS,0,0,,,,,,0,0,,,,,,0
0020600796,125,4,0,1,10:36 PM,0:00,,,Celtics Rebound,,,3,1610612738,,,,,,0,0,,,,,,0,0,,,,,,0
0020600796,124,13,0,1,10:36 PM,0:00,,,,26 - 34,8,0,0,,,,,,0,0,,,,,,0,0,,,,,,0
0020600796,127,12,0,2,10:39 PM,12:00,,,,26 - 34,8,0,0,,,,,,0,0,,,,,,0,0,,,,,,0
0020600796,128,2,1,2,10:39 PM,11:36,,,MISS Telfair 22' Jump Shot,,,5,2742,Sebastian Telfair,1610612738.0,Boston,Celtics,BOS,0,0,,,,,,0,0,,,,,,0
0020600796,129,4,0,2,10:39 PM,11:34,Garcia REBOUND (Off:0 Def:1),,,,,4,101128,Francisco Garcia,1610612758.0,Sacramento,Kings,SAC,0,0,,,,,,0,0,,,,,,0
0020600796,130,6,1,2,10:39 PM,11:19,,,Telfair P.FOUL (P1.T1),,,5,2742,Sebastian Telfair,1610612738.0,Boston,Celtics,BOS,4,2422,John Salmons,1610612758.0,Sacramento,Kings,SAC,1,0,,,,,,0
0020600796,131,5,1,2,10:40 PM,11:07,Garcia Bad Pass Turnover (P1.T1),,Rondo STEAL (1 STL),,,4,101128,Francisco Garcia,1610612758.0,Sacramento,Kings,SAC,5,200765,Rajon Rondo,1610612738.0,Boston,Celtics,BOS,0,0,,,,,,0
0020600796,132,6,4,2,10:40 PM,11:04,,,Rondo OFF.Foul (P2),,,5,200765,Rajon Rondo,1610612738.0,Boston,Celtics,BOS,4,101179,Ronnie Price,1610612758.0,Sacramento,Kings,SAC,1,0,,,,,,0
0020600796,133,5,5,2,10:40 PM,11:04,,,Rondo Foul Turnover (P2.T8),,,5,200765,Rajon Rondo,1610612738.0,Boston,Celtics,BOS,0,0,,,,,,1,0,,,,,,0
0020600796,134,6,1,2,10:40 PM,10:51,,,Telfair P.FOUL (P2.T2),,,5,2742,Sebastian Telfair,1610612738.0,Boston,Celtics,BOS,4,2422,John Salmons,1610612758.0,Sacramento,Kings,SAC,1,0,,,,,,0
0020600796,135,6,2,2,10:41 PM,10:44,,,Green S.FOUL (P3.T3),,,5,101123,Gerald Green,1610612738.0,Boston,Celtics,BOS,4,2422,John Salmons,1610612758.0,Sacramento,Kings,SAC,1,0,,,,,,0
0020600796,136,3,11,2,10:41 PM,10:44,Salmons Free Throw 1 of 2 (1 PTS),,,26 - 35,9,4,2422,John Salmons,1610612758.0,Sacramento,Kings,SAC,0,0,,,,,,0,0,,,,,,0
0020600796,137,3,12,2,10:41 PM,10:44,Salmons Free Throw 2 of 2 (2 PTS),,,26 - 36,10,4,2422,John Salmons,1610612758.0,Sacramento,Kings,SAC,0,0,,,,,,0,0,,,,,,0
0020600796,138,1,1,2,10:42 PM,10:27,,,Green 20' Jump Shot (2 PTS) (Telfair 1 AST),28 - 36,8,5,101123,Gerald Green,1610612738.0,Boston,Celtics,BOS,5,2742,Sebastian Telfair,1610612738.0,Boston,Celtics,BOS,0,0,,,,,,0
0020600796,139,1,42,2,10:42 PM,10:15,Williamson  Driving Layup (2 PTS),,,28 - 38,10,4,722,Corliss Williamson,1610612758.0,Sacramento,Kings,SAC,0,0,,,,,,0,0,,,,,,0
0020600796,140,1,7,2,10:42 PM,9:56,,,Perkins  Dunk (2 PTS) (Telfair 2 AST),30 - 38,8,5,2570,Kendrick Perkins,1610612738.0,Boston,Celtics,BOS,5,2742,Sebastian Telfair,1610612738.0,Boston,Celtics,BOS,0,0,,,,,,0
0020600796,141,1,42,2,10:42 PM,9:44,Williamson  Driving Layup (4 PTS),,,30 - 40,10,4,722,Corliss Williamson,1610612758.0,Sacramento,Kings,SAC,0,0,,,,,,0,0,,,,,,0
0020600796,142,5,12,2,10:43 PM,9:40,,,Perkins Inbound Turnover (P1.T9),,,5,2570,Kendrick Perkins,1610612738.0,Boston,Celtics,BOS,0,0,,,,,,1,0,,,,,,0
0020600796,143,8,0,2,10:43 PM,9:40,,,SUB: Scalabrine FOR Perkins,,,5,2570,Kendrick Perkins,1610612738.0,Boston,Celtics,BOS,5,2243,Brian Scalabrine,1610612738.0,Boston,Celtics,BOS,0,0,,,,,,0
0020600796,144,1,1,2,10:43 PM,9:29,Salmons 7' Jump Shot (4 PTS),,,30 - 42,12,4,2422,John Salmons,1610612758.0,Sacramento,Kings,SAC,0,0,,,,,,0,0,,,,,,0
0020600796,145,6,2,2,10:43 PM,9:29,,,Green S.FOUL (P4.T4),,,5,101123,Gerald Green,1610612738.0,Boston,Celtics,BOS,4,2422,John Salmons,1610612758.0,Sacramento,Kings,SAC,1,0,,,,,,0
0020600796,146,8,0,2,10:43 PM,9:29,,,SUB: West FOR Green,,,5,101123,Gerald Green,1610612738.0,Boston,Celtics,BOS,5,2753,Delonte West,1610612738.0,Boston,Celtics,BOS,0,0,,,,,,0
0020600796,148,3,10,2,10:44 PM,9:29,MISS Salmons Free Throw 1 of 1,,,,,4,2422,John Salmons,1610612758.0,Sacramento,Kings,SAC,0,0,,,,,,0,0,,,,,,0
0020600796,149,4,0,2,10:44 PM,9:29,,,West REBOUND (Off:0 Def:1),,,5,2753,Delonte West,1610612738.0,Boston,Celtics,BOS,0,0,,,,,,0,0,,,,,,0
0020600796,150,2,1,2,10:44 PM,9:12,,,MISS Telfair 17' Jump Shot,,,5,2742,Sebastian Telfair,1610612738.0,Boston,Celtics,BOS,0,0,,,,,,0,0,,,,,,0
0020600796,151,4,0,2,10:44 PM,9:11,KINGS Rebound,,,,,2,1610612758,,,,,,0,0,,,,,,0,0,,,,,,0
0020600796,152,6,1,2,10:44 PM,9:01,,,Gomes P.FOUL (P3.PN),,,5,101155,Ryan Gomes,1610612738.0,Boston,Celtics,BOS,4,949,Shareef Abdur-Rahim,1610612758.0,Sacramento,Kings,SAC,1,0,,,,,,0
0020600796,153,8,0,2,10:45 PM,9:01,,,SUB: Jefferson FOR Gomes,,,5,101155,Ryan Gomes,1610612738.0,Boston,Celtics,BOS,5,2744,Al Jefferson,1610612738.0,Boston,Celtics,BOS,0,0,,,,,,0
0020600796,154,3,11,2,10:45 PM,9:01,MISS Abdur-Rahim Free Throw 1 of 2,,,,,4,949,Shareef Abdur-Rahim,1610612758.0,Sacramento,Kings,SAC,0,0,,,,,,0,0,,,,,,0
0020600796,155,4,1,2,10:45 PM,9:01,KINGS Rebound,,,,,2,1610612758,,,,,,0,0,,,,,,0,0,,,,,,0
0020600796,156,3,12,2,10:45 PM,9:01,Abdur-Rahim Free Throw 2 of 2 (5 PTS),,,30 - 43,13,4,949,Shareef Abdur-Rahim,1610612758.0,Sacramento,Kings,SAC,0,0,,,,,,0,0,,,,,,0
0020600796,158,6,1,2,10:45 PM,8:50,Abdur-Rahim P.FOUL (P1.T1),,,,,4,949,Shareef Abdur-Rahim,1610612758.0,Sacramento,Kings,SAC,5,2744,Al Jefferson,1610612738.0,Boston,Celtics,BOS,1,0,,,,,,0
0020600796,159,9,4,2,10:45 PM,8:50,,,,,,1,0,,,,,,0,0,,,,,,0,0,,,,,,0
0020600796,163,6,2,2,10:48 PM,8:39,Garcia S.FOUL (P1.T2),,,,,4,101128,Francisco Garcia,1610612758.0,Sacramento,Kings,SAC,5,200765,Rajon Rondo,1610612738.0,Boston,Celtics,BOS,1,0,,,,,,0
0020600796,164,3,11,2,10:48 PM,8:39,,,MISS Rondo Free Throw 1 of 2,,,5,200765,Rajon Rondo,1610612738.0,Boston,Celtics,BOS,0,0,,,,,,0,0,,,,,,0
0020600796,165,4,1,2,10:48 PM,8:39,,,Celtics Rebound,,,3,1610612738,,,,,,0,0,,,,,,0,0,,,,,,0
0020600796,166,3,12,2,10:49 PM,8:39,,,MISS Rondo Free Throw 2 of 2,,,5,200765,Rajon Rondo,1610612738.0,Boston,Celtics,BOS,0,0,,,,,,0,0,,,,,,0
0020600796,167,4,0,2,10:49 PM,8:38,Abdur-Rahim REBOUND (Off:0 Def:1),,,,,4,949,Shareef Abdur-Rahim,1610612758.0,Sacramento,Kings,SAC,0,0,,,,,,0,0,,,,,,0
0020600796,168,2,1,2,10:49 PM,8:25,MISS Price 20' Jump Shot,,,,,4,101179,Ronnie Price,1610612758.0,Sacramento,Kings,SAC,0,0,,,,,,0,0,,,,,,0
0020600796,169,4,0,2,10:49 PM,8:24,,,Jefferson REBOUND (Off:2 Def:4),,,5,2744,Al Jefferson,1610612738.0,Boston,Celtics,BOS,0,0,,,,,,0,0,,,,,,0
0020600796,170,1,1,2,10:49 PM,8:10,,,Scalabrine  3PT Jump Shot (3 PTS) (West 2 AST),33 - 43,10,5,2243,Brian Scalabrine,1610612738.0,Boston,Celtics,BOS,5,2753,Delonte West,1610612738.0,Boston,Celtics,BOS,0,0,,,,,,0
0020600796,171,5,4,2,10:49 PM,7:52,Williamson Traveling Turnover (P1.T2),,,,,4,722,Corliss Williamson,1610612758.0,Sacramento,Kings,SAC,0,0,,,,,,1,0,,,,,,0
0020600796,172,8,0,2,10:50 PM,7:52,SUB: Bibby FOR Abdur-Rahim,,,,,4,949,Shareef Abdur-Rahim,1610612758.0,Sacramento,Kings,SAC,4,1710,Mike Bibby,1610612758.0,Sacramento,Kings,SAC,0,0,,,,,,0
0020600796,173,8,0,2,10:50 PM,7:52,SUB: Miller FOR Price,,,,,4,101179,Ronnie Price,1610612758.0,Sacramento,Kings,SAC,4,1802,Brad Miller,1610612758.0,Sacramento,Kings,SAC,0,0,,,,,,0
0020600796,174,8,0,2,10:50 PM,7:52,,,SUB: Pierce FOR Rondo,,,5,200765,Rajon Rondo,1610612738.0,Boston,Celtics,BOS,5,1718,Paul Pierce,1610612738.0,Boston,Celtics,BOS,0,0,,,,,,0
0020600796,175,6,1,2,10:50 PM,7:35,Williamson P.FOUL (P1.T3),,,,,4,722,Corliss Williamson,1610612758.0,Sacramento,Kings,SAC,5,2744,Al Jefferson,1610612738.0,Boston,Celtics,BOS,1,0,,,,,,0
0020600796,176,2,1,2,10:50 PM,7:33,Miller BLOCK (1 BLK),,MISS Jefferson 4' Jump Shot,,,5,2744,Al Jefferson,1610612738.0,Boston,Celtics,BOS,0,0,,,,,,4,1802,Brad Miller,1610612758.0,Sacramento,Kings,SAC,0
0020600796,179,4,0,2,10:50 PM,7:32,,,Jefferson REBOUND (Off:3 Def:4),,,5,2744,Al Jefferson,1610612738.0,Boston,Celtics,BOS,0,0,,,,,,0,0,,,,,,0
0020600796,182,2,53,2,10:50 PM,7:32,,,MISS Jefferson  Tip Shot,,,5,2744,Al Jefferson,1610612738.0,Boston,Celtics,BOS,0,0,,,,,,0,0,,,,,,0
0020600796,177,4,0,2,10:50 PM,7:31,,,Jefferson REBOUND (Off:4 Def:4),,,5,2744,Al Jefferson,1610612738.0,Boston,Celtics,BOS,0,0,,,,,,0,0,,,,,,0
0020600796,178,1,5,2,10:50 PM,7:30,,,Jefferson  Layup (10 PTS),35 - 43,8,5,2744,Al Jefferson,1610612738.0,Boston,Celtics,BOS,0,0,,,,,,0,0,,,,,,0
0020600796,180,1,1,2,10:51 PM,7:09,Miller 19' Jump Shot (2 PTS),,,35 - 45,10,4,1802,Brad Miller,1610612758.0,Sacramento,Kings,SAC,0,0,,,,,,0,0,,,,,,0
0020600796,181,6,2,2,10:51 PM,7:09,,,Telfair S.FOUL (P3.PN),,,5,2742,Sebastian Telfair,1610612738.0,Boston,Celtics,BOS,4,1802,Brad Miller,1610612758.0,Sacramento,Kings,SAC,1,0,,,,,,0
0020600796,183,3,10,2,10:51 PM,7:09,MISS Miller Free Throw 1 of 1,,,,,4,1802,Brad Miller,1610612758.0,Sacramento,Kings,SAC,0,0,,,,,,0,0,,,,,,0
0020600796,184,4,0,2,10:51 PM,7:08,,,West REBOUND (Off:0 Def:2),,,5,2753,Delonte West,1610612738.0,Boston,Celtics,BOS,0,0,,,,,,0,0,,,,,,0
0020600796,186,1,1,2,10:52 PM,6:51,,,West 22' Jump Shot (10 PTS) (Pierce 2 AST),37 - 45,8,5,2753,Delonte West,1610612738.0,Boston,Celtics,BOS,5,1718,Paul Pierce,1610612738.0,Boston,Celtics,BOS,0,0,,,,,,0
0020600796,187,2,1,2,10:52 PM,6:32,MISS Bibby 19' Jump Shot,,,,,4,1710,Mike Bibby,1610612758.0,Sacramento,Kings,SAC,0,0,,,,,,0,0,,,,,,0
0020600796,188,4,0,2,10:52 PM,6:31,,,Scalabrine REBOUND (Off:0 Def:1),,,5,2243,Brian Scalabrine,1610612738.0,Boston,Celtics,BOS,0,0,,,,,,0,0,,,,,,0
0020600796,189,2,65,2,10:52 PM,6:14,,,MISS Jefferson 9' Jump Hook Shot,,,5,2744,Al Jefferson,1610612738.0,Boston,Celtics,BOS,0,0,,,,,,0,0,,,,,,0
0020600796,190,4,0,2,10:52 PM,6:12,Miller REBOUND (Off:0 Def:2),,,,,4,1802,Brad Miller,1610612758.0,Sacramento,Kings,SAC,0,0,,,,,,0,0,,,,,,0
0020600796,191,1,1,2,10:52 PM,6:00,Garcia 20' Jump Shot (2 PTS) (Bibby 3 AST),,,37 - 47,10,4,101128,Francisco Garcia,1610612758.0,Sacramento,Kings,SAC,4,1710,Mike Bibby,1610612758.0,Sacramento,Kings,SAC,0,0,,,,,,0
0020600796,192,6,1,2,10:53 PM,5:47,Garcia P.FOUL (P2.T4),,,,,4,101128,Francisco Garcia,1610612758.0,Sacramento,Kings,SAC,5,2753,Delonte West,1610612738.0,Boston,Celtics,BOS,1,0,,,,,,0
0020600796,193,9,1,2,10:53 PM,5:47,KINGS Timeout: Regular (Full 2 Short 0),,,,,2,1610612758,,,,,,0,0,,,,,,0,0,,,,,,0
0020600796,194,8,0,2,10:55 PM,5:47,SUB: World Peace FOR Garcia,,,,,4,101128,Francisco Garcia,1610612758.0,Sacramento,Kings,SAC,4,1897,Metta World Peace,1610612758.0,Sacramento,Kings,SAC,0,0,,,,,,0
0020600796,196,1,1,2,10:55 PM,5:39,,,West 24' 3PT Jump Shot (13 PTS) (Scalabrine 1 AST),40 - 47,7,5,2753,Delonte West,1610612738.0,Boston,Celtics,BOS,5,2243,Brian Scalabrine,1610612738.0,Boston,Celtics,BOS,0,0,,,,,,0
0020600796,197,1,5,2,10:55 PM,5:24,Salmons  Layup (6 PTS) (Miller 1 AST),,,40 - 49,9,4,2422,John Salmons,1610612758.0,Sacramento,Kings,SAC,4,1802,Brad Miller,1610612758.0,Sacramento,Kings,SAC,0,0,,,,,,0
0020600796,198,1,65,2,10:56 PM,5:07,,,Jefferson 6' Jump Hook Shot (12 PTS),42 - 49,7,5,2744,Al Jefferson,1610612738.0,Boston,Celtics,BOS,0,0,,,,,,0,0,,,,,,0
0020600796,199,1,1,2,10:56 PM,4:47,Miller 19' Jump Shot (4 PTS) (Salmons 1 AST),,,42 - 51,9,4,1802,Brad Miller,1610612758.0,Sacramento,Kings,SAC,4,2422,John Salmons,1610612758.0,Sacramento,Kings,SAC,0,0,,,,,,0
0020600796,200,1,42,2,10:56 PM,4:29,,,Telfair  Driving Layup (2 PTS),44 - 51,7,5,2742,Sebastian Telfair,1610612738.0,Boston,Celtics,BOS,0,0,,,,,,0,0,,,,,,0
0020600796,201,2,1,2,10:56 PM,4:15,MISS Williamson 7' Jump Shot,,,,,4,722,Corliss Williamson,1610612758.0,Sacramento,Kings,SAC,0,0,,,,,,0,0,,,,,,0
0020600796,202,4,0,2,10:56 PM,4:13,,,West REBOUND (Off:0 Def:3),,,5,2753,Delonte West,1610612738.0,Boston,Celtics,BOS,0,0,,,,,,0,0,,,,,,0
0020600796,203,1,65,2,10:57 PM,4:05,,,Jefferson 7' Jump Hook Shot (14 PTS) (West 3 AST),46 - 51,5,5,2744,Al Jefferson,1610612738.0,Boston,Celtics,BOS,5,2753,Delonte West,1610612738.0,Boston,Celtics,BOS,0,0,,,,,,0
0020600796,204,6,1,2,10:57 PM,3:52,,,Pierce P.FOUL (P2.PN),,,5,1718,Paul Pierce,1610612738.0,Boston,Celtics,BOS,4,2422,John Salmons,1610612758.0,Sacramento,Kings,SAC,1,0,,,,,,0
0020600796,205,8,0,2,10:57 PM,3:52,SUB: Martin FOR Williamson,,,,,4,722,Corliss Williamson,1610612758.0,Sacramento,Kings,SAC,4,2755,Kevin Martin,1610612758.0,Sacramento,Kings,SAC,0,0,,,,,,0
0020600796,206,3,11,2,10:57 PM,3:52,Salmons Free Throw 1 of 2 (7 PTS),,,46 - 52,6,4,2422,John Salmons,1610612758.0,Sacramento,Kings,SAC,0,0,,,,,,0,0,,,,,,0
0020600796,207,3,12,2,10:57 PM,3:52,Salmons Free Throw 2 of 2 (8 PTS),,,46 - 53,7,4,2422,John Salmons,1610612758.0,Sacramento,Kings,SAC,0,0,,,,,,0,0,,,,,,0
0020600796,209,2,1,2,10:58 PM,3:39,,,MISS Pierce 5' Jump Shot,,,5,1718,Paul Pierce,1610612738.0,Boston,Celtics,BOS,0,0,,,,,,0,0,,,,,,0
0020600796,210,4,0,2,10:58 PM,3:39,KINGS Rebound,,,,,2,1610612758,,,,,,0,0,,,,,,0,0,,,,,,0
0020600796,211,6,4,2,10:58 PM,3:22,Bibby OFF.Foul (P1),,,,,4,1710,Mike Bibby,1610612758.0,Sacramento,Kings,SAC,5,2243,Brian Scalabrine,1610612738.0,Boston,Celtics,BOS,1,0,,,,,,0
0020600796,212,5,5,2,10:58 PM,3:22,Bibby Foul Turnover (P1.T3),,,,,4,1710,Mike Bibby,1610612758.0,Sacramento,Kings,SAC,0,0,,,,,,1,0,,,,,,0
0020600796,213,6,2,2,10:59 PM,3:14,Miller S.FOUL (P2.PN),,,,,4,1802,Brad Miller,1610612758.0,Sacramento,Kings,SAC,5,1718,Paul Pierce,1610612738.0,Boston,Celtics,BOS,1,0,,,,,,0
0020600796,214,3,11,2,10:59 PM,3:14,,,Pierce Free Throw 1 of 2 (11 PTS),47 - 53,6,5,1718,Paul Pierce,1610612738.0,Boston,Celtics,BOS,0,0,,,,,,0,0,,,,,,0
0020600796,215,3,12,2,10:59 PM,3:14,,,MISS Pierce Free Throw 2 of 2,,,5,1718,Paul Pierce,1610612738.0,Boston,Celtics,BOS,0,0,,,,,,0,0,,,,,,0
0020600796,216,4,0,2,10:59 PM,3:12,Miller REBOUND (Off:0 Def:3),,,,,4,1802,Brad Miller,1610612758.0,Sacramento,Kings,SAC,0,0,,,,,,0,0,,,,,,0
0020600796,218,1,42,2,11:00 PM,3:01,Martin  Driving Layup (12 PTS),,,47 - 55,8,4,2755,Kevin Martin,1610612758.0,Sacramento,Kings,SAC,0,0,,,,,,0,0,,,,,,0
0020600796,219,6,1,2,11:00 PM,2:51,Salmons P.FOUL (P2.PN),,,,,4,2422,John Salmons,1610612758.0,Sacramento,Kings,SAC,5,1718,Paul Pierce,1610612738.0,Boston,Celtics,BOS,1,0,,,,,,0
0020600796,220,9,1,2,11:00 PM,2:51,,,Celtics Timeout: Regular (Reg.2 Short 1),,,3,1610612738,,,,,,0,0,,,,,,0,0,,,,,,0
0020600796,223,3,11,2,11:03 PM,2:51,,,Pierce Free Throw 1 of 2 (12 PTS),48 - 55,7,5,1718,Paul Pierce,1610612738.0,Boston,Celtics,BOS,0,0,,,,,,0,0,,,,,,0
0020600796,224,3,12,2,11:03 PM,2:51,,,MISS Pierce Free Throw 2 of 2,,,5,1718,Paul Pierce,1610612738.0,Boston,Celtics,BOS,0,0,,,,,,0,0,,,,,,0
0020600796,225,4,0,2,11:03 PM,2:49,,,Scalabrine REBOUND (Off:1 Def:1),,,5,2243,Brian Scalabrine,1610612738.0,Boston,Celtics,BOS,0,0,,,,,,0,0,,,,,,0
0020600796,226,1,1,2,11:03 PM,2:38,,,Telfair  3PT Jump Shot (5 PTS) (Pierce 3 AST),51 - 55,4,5,2742,Sebastian Telfair,1610612738.0,Boston,Celtics,BOS,5,1718,Paul Pierce,1610612738.0,Boston,Celtics,BOS,0,0,,,,,,0
0020600796,227,1,1,2,11:03 PM,2:27,World Peace 24' 3PT Jump Shot (8 PTS),,,51 - 58,7,4,1897,Metta World Peace,1610612758.0,Sacramento,Kings,SAC,0,0,,,,,,0,0,,,,,,0
0020600796,228,6,2,2,11:04 PM,2:15,Salmons S.FOUL (P3.PN),,,,,4,2422,John Salmons,1610612758.0,Sacramento,Kings,SAC,5,1718,Paul Pierce,1610612738.0,Boston,Celtics,BOS,1,0,,,,,,0
0020600796,229,3,11,2,11:04 PM,2:15,,,Pierce Free Throw 1 of 2 (13 PTS),52 - 58,6,5,1718,Paul Pierce,1610612738.0,Boston,Celtics,BOS,0,0,,,,,,0,0,,,,,,0
0020600796,230,8,0,2,11:04 PM,2:15,SUB: Garcia FOR Salmons,,,,,4,2422,John Salmons,1610612758.0,Sacramento,Kings,SAC,4,101128,Francisco Garcia,1610612758.0,Sacramento,Kings,SAC,0,0,,,,,,0
0020600796,231,3,12,2,11:04 PM,2:15,,,Pierce Free Throw 2 of 2 (14 PTS),53 - 58,5,5,1718,Paul Pierce,1610612738.0,Boston,Celtics,BOS,0,0,,,,,,0,0,,,,,,0
0020600796,232,2,1,2,11:05 PM,2:00,MISS World Peace 8' Jump Shot,,,,,4,1897,Metta World Peace,1610612758.0,Sacramento,Kings,SAC,0,0,,,,,,0,0,,,,,,0
0020600796,233,4,0,2,11:05 PM,1:59,Miller REBOUND (Off:1 Def:3),,,,,4,1802,Brad Miller,1610612758.0,Sacramento,Kings,SAC,0,0,,,,,,0,0,,,,,,0
0020600796,234,6,2,2,11:05 PM,1:58,,,Scalabrine S.FOUL (P3.PN),,,5,2243,Brian Scalabrine,1610612738.0,Boston,Celtics,BOS,4,1802,Brad Miller,1610612758.0,Sacramento,Kings,SAC,1,0,,,,,,0
0020600796,235,3,11,2,11:05 PM,1:58,Miller Free Throw 1 of 2 (5 PTS),,,53 - 59,6,4,1802,Brad Miller,1610612758.0,Sacramento,Kings,SAC,0,0,,,,,,0,0,,,,,,0
0020600796,236,3,12,2,11:05 PM,1:58,Miller Free Throw 2 of 2 (6 PTS),,,53 - 60,7,4,1802,Brad Miller,1610612758.0,Sacramento,Kings,SAC,0,0,,,,,,0,0,,,,,,0
0020600796,237,1,1,2,11:06 PM,1:45,,,West 24' 3PT Jump Shot (16 PTS) (Telfair 3 AST),56 - 60,4,5,2753,Delonte West,1610612738.0,Boston,Celtics,BOS,5,2742,Sebastian Telfair,1610612738.0,Boston,Celtics,BOS,0,0,,,,,,0
0020600796,238,2,1,2,11:06 PM,1:35,MISS Garcia 18' Jump Shot,,,,,4,101128,Francisco Garcia,1610612758.0,Sacramento,Kings,SAC,0,0,,,,,,0,0,,,,,,0
0020600796,239,4,0,2,11:06 PM,1:33,,,Scalabrine REBOUND (Off:1 Def:2),,,5,2243,Brian Scalabrine,1610612738.0,Boston,Celtics,BOS,0,0,,,,,,0,0,,,,,,0
0020600796,240,5,1,2,11:06 PM,1:19,World Peace STEAL (2 STL),,Pierce Bad Pass Turnover (P3.T10),,,5,1718,Paul Pierce,1610612738.0,Boston,Celtics,BOS,4,1897,Metta World Peace,1610612758.0,Sacramento,Kings,SAC,0,0,,,,,,0
0020600796,241,6,1,2,11:06 PM,1:15,,,West P.FOUL (P1.PN),,,5,2753,Delonte West,1610612738.0,Boston,Celtics,BOS,4,2755,Kevin Martin,1610612758.0,Sacramento,Kings,SAC,1,0,,,,,,0
0020600796,242,3,11,2,11:07 PM,1:15,Martin Free Throw 1 of 2 (13 PTS),,,56 - 61,5,4,2755,Kevin Martin,1610612758.0,Sacramento,Kings,SAC,0,0,,,,,,0,0,,,,,,0
0020600796,243,3,12,2,11:07 PM,1:15,Martin Free Throw 2 of 2 (14 PTS),,,56 - 62,6,4,2755,Kevin Martin,1610612758.0,Sacramento,Kings,SAC,0,0,,,,,,0,0,,,,,,0
0020600796,244,6,1,2,11:07 PM,1:05,Miller P.FOUL (P3.PN),,,,,4,1802,Brad Miller,1610612758.0,Sacramento,Kings,SAC,5,1718,Paul Pierce,1610612738.0,Boston,Celtics,BOS,1,0,,,,,,0
0020600796,245,3,11,2,11:07 PM,1:05,,,Pierce Free Throw 1 of 2 (15 PTS),57 - 62,5,5,1718,Paul Pierce,1610612738.0,Boston,Celtics,BOS,0,0,,,,,,0,0,,,,,,0
0020600796,246,8,0,2,11:08 PM,1:05,SUB: Abdur-Rahim FOR Miller,,,,,4,1802,Brad Miller,1610612758.0,Sacramento,Kings,SAC,4,949,Shareef Abdur-Rahim,1610612758.0,Sacramento,Kings,SAC,0,0,,,,,,0
0020600796,247,3,12,2,11:08 PM,1:05,,,Pierce Free Throw 2 of 2 (16 PTS),58 - 62,4,5,1718,Paul Pierce,1610612738.0,Boston,Celtics,BOS,0,0,,,,,,0,0,,,,,,0
0020600796,248,6,2,2,11:08 PM,1:00,,,Scalabrine S.FOUL (P4.PN),,,5,2243,Brian Scalabrine,1610612738.0,Boston,Celtics,BOS,4,1897,Metta World Peace,1610612758.0,Sacramento,Kings,SAC,1,0,,,,,,0
0020600796,249,3,11,2,11:09 PM,1:00,World Peace Free Throw 1 of 2 (9 PTS),,,58 - 63,5,4,1897,Metta World Peace,1610612758.0,Sacramento,Kings,SAC,0,0,,,,,,0,0,,,,,,0
0020600796,250,8,0,2,11:09 PM,1:00,,,SUB: Rondo FOR Scalabrine,,,5,2243,Brian Scalabrine,1610612738.0,Boston,Celtics,BOS,5,200765,Rajon Rondo,1610612738.0,Boston,Celtics,BOS,0,0,,,,,,0
0020600796,251,3,12,2,11:09 PM,1:00,World Peace Free Throw 2 of 2 (10 PTS),,,58 - 64,6,4,1897,Metta World Peace,1610612758.0,Sacramento,Kings,SAC,0,0,,,,,,0,0,,,,,,0
0020600796,252,1,1,2,11:09 PM,0:42,,,West 26' 3PT Jump Shot (19 PTS) (Pierce 4 AST),61 - 64,3,5,2753,Delonte West,1610612738.0,Boston,Celtics,BOS,5,1718,Paul Pierce,1610612738.0,Boston,Celtics,BOS,0,0,,,,,,0
0020600796,253,5,1,2,11:10 PM,0:34,World Peace Bad Pass Turnover (P1.T4),,,,,4,1897,Metta World Peace,1610612758.0,Sacramento,Kings,SAC,0,0,,,,,,0,0,,,,,,0
0020600796,255,2,5,2,11:10 PM,0:27,,,MISS Telfair  Layup,,,5,2742,Sebastian Telfair,1610612738.0,Boston,Celtics,BOS,0,0,,,,,,0,0,,,,,,0
0020600796,258,4,0,2,11:10 PM,0:22,Bibby REBOUND (Off:0 Def:1),,,,,4,1710,Mike Bibby,1610612758.0,Sacramento,Kings,SAC,0,0,,,,,,0,0,,,,,,0
0020600796,259,2,1,2,11:10 PM,0:03,MISS Garcia 24' 3PT Jump Shot,,,,,4,101128,Francisco Garcia,1610612758.0,Sacramento,Kings,SAC,0,0,,,,,,0,0,,,,,,0
0020600796,260,4,0,2,11:10 PM,0:01,World Peace REBOUND (Off:1 Def:1),,,,,4,1897,Metta World Peace,1610612758.0,Sacramento,Kings,SAC,0,0,,,,,,0,0,,,,,,0
0020600796,261,1,5,2,11:10 PM,0:01,World Peace  Layup (12 PTS),,,61 - 66,5,4,1897,Metta World Peace,1610612758.0,Sacramento,Kings,SAC,0,0,,,,,,0,0,,,,,,0
0020600796,262,6,1,2,11:11 PM,0:00,Martin P.FOUL (P2.PN),,,,,4,2755,Kevin Martin,1610612758.0,Sacramento,Kings,SAC,5,2742,Sebastian Telfair,1610612738.0,Boston,Celtics,BOS,1,0,,,,,,0
0020600796,263,8,0,2,11:11 PM,0:00,,,SUB: Powe FOR Pierce,,,5,1718,Paul Pierce,1610612738.0,Boston,Celtics,BOS,5,200796,Leon Powe,1610612738.0,Boston,Celtics,BOS,0,0,,,,,,0
0020600796,264,3,11,2,11:11 PM,0:00,,,MISS Telfair Free Throw 1 of 2,,,5,2742,Sebastian Telfair,1610612738.0,Boston,Celtics,BOS,0,0,,,,,,0,0,,,,,,0
0020600796,265,4,1,2,11:11 PM,0:00,,,Celtics Rebound,,,3,1610612738,,,,,,0,0,,,,,,0,0,,,,,,0
0020600796,266,3,12,2,11:12 PM,0:00,,,Telfair Free Throw 2 of 2 (6 PTS),62 - 66,4,5,2742,Sebastian Telfair,1610612738.0,Boston,Celtics,BOS,0,0,,,,,,0,0,,,,,,0
0020600796,267,13,0,2,11:12 PM,0:00,,,,62 - 66,4,0,0,,,,,,0,0,,,,,,0,0,,,,,,0
0020600796,269,12,0,3,11:28 PM,12:00,,,,62 - 66,4,0,0,,,,,,0,0,,,,,,0,0,,,,,,0
0020600796,270,1,1,3,11:28 PM,11:43,,,Pierce 18' Jump Shot (18 PTS),64 - 66,2,5,1718,Paul Pierce,1610612738.0,Boston,Celtics,BOS,0,0,,,,,,0,0,,,,,,0
0020600796,271,1,5,3,11:28 PM,11:27,World Peace  Layup (14 PTS) (Miller 2 AST),,,64 - 68,4,4,1897,Metta World Peace,1610612758.0,Sacramento,Kings,SAC,4,1802,Brad Miller,1610612758.0,Sacramento,Kings,SAC,0,0,,,,,,0
0020600796,272,6,2,3,11:28 PM,11:27,,,Gomes S.FOUL (P4.T1),,,5,101155,Ryan Gomes,1610612738.0,Boston,Celtics,BOS,4,1897,Metta World Peace,1610612758.0,Sacramento,Kings,SAC,1,0,,,,,,0
0020600796,273,3,10,3,11:29 PM,11:27,MISS World Peace Free Throw 1 of 1,,,,,4,1897,Metta World Peace,1610612758.0,Sacramento,Kings,SAC,0,0,,,,,,0,0,,,,,,0
0020600796,274,4,0,3,11:29 PM,11:25,,,Jefferson REBOUND (Off:4 Def:5),,,5,2744,Al Jefferson,1610612738.0,Boston,Celtics,BOS,0,0,,,,,,0,0,,,,,,0
0020600796,275,1,1,3,11:29 PM,11:04,,,Pierce 26' 3PT Jump Shot (21 PTS) (Gomes 1 AST),67 - 68,1,5,1718,Paul Pierce,1610612738.0,Boston,Celtics,BOS,5,101155,Ryan Gomes,1610612738.0,Boston,Celtics,BOS,0,0,,,,,,0
0020600796,276,1,1,3,11:29 PM,10:51,World Peace 7' Jump Shot (16 PTS) (Miller 3 AST),,,67 - 70,3,4,1897,Metta World Peace,1610612758.0,Sacramento,Kings,SAC,4,1802,Brad Miller,1610612758.0,Sacramento,Kings,SAC,0,0,,,,,,0
0020600796,277,2,1,3,11:30 PM,10:37,,,MISS Pierce 16' Jump Shot,,,5,1718,Paul Pierce,1610612738.0,Boston,Celtics,BOS,0,0,,,,,,0,0,,,,,,0
0020600796,278,4,0,3,11:30 PM,10:35,Thomas REBOUND (Off:1 Def:2),,,,,4,1903,Kenny Thomas,1610612758.0,Sacramento,Kings,SAC,0,0,,,,,,0,0,,,,,,0
0020600796,279,1,1,3,11:30 PM,10:28,Martin 25' 3PT Jump Shot (17 PTS) (World Peace 3 AST),,,67 - 73,6,4,2755,Kevin Martin,1610612758.0,Sacramento,Kings,SAC,4,1897,Metta World Peace,1610612758.0,Sacramento,Kings,SAC,0,0,,,,,,0
0020600796,280,2,1,3,11:30 PM,10:06,,,MISS Gomes 16' Jump Shot,,,5,101155,Ryan Gomes,1610612738.0,Boston,Celtics,BOS,0,0,,,,,,0,0,,,,,,0
0020600796,281,4,0,3,11:30 PM,10:04,Miller REBOUND (Off:1 Def:4),,,,,4,1802,Brad Miller,1610612758.0,Sacramento,Kings,SAC,0,0,,,,,,0,0,,,,,,0
0020600796,282,5,21,3,11:30 PM,10:00,Martin Palming Turnover (P1.T5),,,,,4,2755,Kevin Martin,1610612758.0,Sacramento,Kings,SAC,0,0,,,,,,1,0,,,,,,0
0020600796,283,5,1,3,11:31 PM,9:53,,,Jefferson Bad Pass Turnover (P4.T11),,,5,2744,Al Jefferson,1610612738.0,Boston,Celtics,BOS,0,0,,,,,,0,0,,,,,,0
0020600796,284,2,1,3,11:31 PM,9:46,MISS World Peace 19' Jump Shot,,,,,4,1897,Metta World Peace,1610612758.0,Sacramento,Kings,SAC,0,0,,,,,,0,0,,,,,,0
0020600796,285,4,0,3,11:31 PM,9:44,,,Jefferson REBOUND (Off:4 Def:6),,,5,2744,Al Jefferson,1610612738.0,Boston,Celtics,BOS,0,0,,,,,,0,0,,,,,,0
0020600796,286,2,5,3,11:31 PM,9:32,,,MISS Pierce  Layup,,,5,1718,Paul Pierce,1610612738.0,Boston,Celtics,BOS,0,0,,,,,,0,0,,,,,,0
0020600796,287,4,0,3,11:31 PM,9:30,World Peace REBOUND (Off:1 Def:2),,,,,4,1897,Metta World Peace,1610612758.0,Sacramento,Kings,SAC,0,0,,,,,,0,0,,,,,,0
0020600796,288,2,1,3,11:31 PM,9:24,MISS Bibby 26' 3PT Jump Shot,,,,,4,1710,Mike Bibby,1610612758.0,Sacramento,Kings,SAC,0,0,,,,,,0,0,,,,,,0
0020600796,289,4,0,3,11:31 PM,9:23,,,Jefferson REBOUND (Off:4 Def:7),,,5,2744,Al Jefferson,1610612738.0,Boston,Celtics,BOS,0,0,,,,,,0,0,,,,,,0
0020600796,290,6,2,3,11:31 PM,9:12,Martin S.FOUL (P3.T1),,,,,4,2755,Kevin Martin,1610612758.0,Sacramento,Kings,SAC,5,101155,Ryan Gomes,1610612738.0,Boston,Celtics,BOS,1,0,,,,,,0
0020600796,291,3,11,3,11:32 PM,9:12,,,MISS Gomes Free Throw 1 of 2,,,5,101155,Ryan Gomes,1610612738.0,Boston,Celtics,BOS,0,0,,,,,,0,0,,,,,,0
0020600796,292,4,1,3,11:32 PM,9:12,,,Celtics Rebound,,,3,1610612738,,,,,,0,0,,,,,,0,0,,,,,,0
0020600796,293,3,12,3,11:32 PM,9:12,,,Gomes Free Throw 2 of 2 (1 PTS),68 - 73,5,5,101155,Ryan Gomes,1610612738.0,Boston,Celtics,BOS,0,0,,,,,,0,0,,,,,,0
0020600796,294,6,2,3,11:32 PM,8:58,,,Jefferson S.FOUL (P1.T2),,,5,2744,Al Jefferson,1610612738.0,Boston,Celtics,BOS,4,1903,Kenny Thomas,1610612758.0,Sacramento,Kings,SAC,1,0,,,,,,0
0020600796,295,3,11,3,11:33 PM,8:58,Thomas Free Throw 1 of 2 (3 PTS),,,68 - 74,6,4,1903,Kenny Thomas,1610612758.0,Sacramento,Kings,SAC,0,0,,,,,,0,0,,,,,,0
0020600796,296,3,12,3,11:33 PM,8:58,Thomas Free Throw 2 of 2 (4 PTS),,,68 - 75,7,4,1903,Kenny Thomas,1610612758.0,Sacramento,Kings,SAC,0,0,,,,,,0,0,,,,,,0
0020600796,297,6,1,3,11:34 PM,8:45,Thomas P.FOUL (P1.T2),,,,,4,1903,Kenny Thomas,1610612758.0,Sacramento,Kings,SAC,5,2744,Al Jefferson,1610612738.0,Boston,Celtics,BOS,1,0,,,,,,0
0020600796,298,2,1,3,11:34 PM,8:33,,,MISS Jefferson 17' Jump Shot,,,5,2744,Al Jefferson,1610612738.0,Boston,Celtics,BOS,0,0,,,,,,0,0,,,,,,0
0020600796,299,4,0,3,11:34 PM,8:31,Thomas REBOUND (Off:1 Def:3),,,,,4,1903,Kenny Thomas,1610612758.0,Sacramento,Kings,SAC,0,0,,,,,,0,0,,,,,,0
0020600796,300,1,5,3,11:34 PM,8:18,Thomas  Layup (6 PTS) (Miller 4 AST),,,68 - 77,9,4,1903,Kenny Thomas,1610612758.0,Sacramento,Kings,SAC,4,1802,Brad Miller,1610612758.0,Sacramento,Kings,SAC,0,0,,,,,,0
0020600796,301,6,1,3,11:35 PM,8:03,Thomas P.FOUL (P2.T3),,,,,4,1903,Kenny Thomas,1610612758.0,Sacramento,Kings,SAC,5,1718,Paul Pierce,1610612738.0,Boston,Celtics,BOS,1,0,,,,,,0
0020600796,302,1,1,3,11:35 PM,7:58,,,West 19' Jump Shot (21 PTS),70 - 77,7,5,2753,Delonte West,1610612738.0,Boston,Celtics,BOS,0,0,,,,,,0,0,,,,,,0
0020600796,303,6,2,3,11:35 PM,7:41,,,Jefferson S.FOUL (P2.T3),,,5,2744,Al Jefferson,1610612738.0,Boston,Celtics,BOS,4,1897,Metta World Peace,1610612758.0,Sacramento,Kings,SAC,1,0,,,,,,0
0020600796,304,3,11,3,11:36 PM,7:41,MISS World Peace Free Throw 1 of 2,,,,,4,1897,Metta World Peace,1610612758.0,Sacramento,Kings,SAC,0,0,,,,,,0,0,,,,,,0
0020600796,305,4,1,3,11:36 PM,7:41,KINGS Rebound,,,,,2,1610612758,,,,,,0,0,,,,,,0,0,,,,,,0
0020600796,306,3,12,3,11:36 PM,7:41,MISS World Peace Free Throw 2 of 2,,,,,4,1897,Metta World Peace,1610612758.0,Sacramento,Kings,SAC,0,0,,,,,,0,0,,,,,,0
0020600796,307,4,0,3,11:36 PM,7:40,,,Gomes REBOUND (Off:0 Def:2),,,5,101155,Ryan Gomes,1610612738.0,Boston,Celtics,BOS,0,0,,,,,,0,0,,,,,,0
0020600796,308,2,5,3,11:36 PM,7:31,,,MISS Jefferson  Layup,,,5,2744,Al Jefferson,1610612738.0,Boston,Celtics,BOS,0,0,,,,,,0,0,,,,,,0
0020600796,310,4,0,3,11:36 PM,7:30,,,Jefferson REBOUND (Off:5 Def:7),,,5,2744,Al Jefferson,1610612738.0,Boston,Celtics,BOS,0,0,,,,,,0,0,,,,,,0
0020600796,309,2,5,3,11:36 PM,7:30,,,MISS Jefferson  Layup,,,5,2744,Al Jefferson,1610612738.0,Boston,Celtics,BOS,0,0,,,,,,0,0,,,,,,0
0020600796,311,4,0,3,11:36 PM,7:26,World Peace REBOUND (Off:1 Def:3),,,,,4,1897,Metta World Peace,1610612758.0,Sacramento,Kings,SAC,0,0,,,,,,0,0,,,,,,0
0020600796,312,2,5,3,11:36 PM,7:22,MISS World Peace  Layup,,,,,4,1897,Metta World Peace,1610612758.0,Sacramento,Kings,SAC,0,0,,,,,,0,0,,,,,,0
0020600796,313,4,0,3,11:36 PM,7:21,,,Gomes REBOUND (Off:0 Def:3),,,5,101155,Ryan Gomes,1610612738.0,Boston,Celtics,BOS,0,0,,,,,,0,0,,,,,,0
0020600796,314,6,2,3,11:37 PM,7:12,Thomas S.FOUL (P3.T4),,,,,4,1903,Kenny Thomas,1610612758.0,Sacramento,Kings,SAC,5,2744,Al Jefferson,1610612738.0,Boston,Celtics,BOS,1,0,,,,,,0
0020600796,315,3,11,3,11:37 PM,7:12,,,MISS Jefferson Free Throw 1 of 2,,,5,2744,Al Jefferson,1610612738.0,Boston,Celtics,BOS,0,0,,,,,,0,0,,,,,,0
0020600796,316,4,1,3,11:37 PM,7:12,,,Celtics Rebound,,,3,1610612738,,,,,,0,0,,,,,,0,0,,,,,,0
0020600796,317,3,12,3,11:37 PM,7:12,,,Jefferson Free Throw 2 of 2 (15 PTS),71 - 77,6,5,2744,Al Jefferson,1610612738.0,Boston,Celtics,BOS,0,0,,,,,,0,0,,,,,,0
0020600796,318,6,2,3,11:38 PM,6:57,,,Pierce S.FOUL (P3.T4),,,5,1718,Paul Pierce,1610612738.0,Boston,Celtics,BOS,4,2755,Kevin Martin,1610612758.0,Sacramento,Kings,SAC,1,0,,,,,,0
0020600796,319,3,11,3,11:38 PM,6:57,Martin Free Throw 1 of 2 (18 PTS),,,71 - 78,7,4,2755,Kevin Martin,1610612758.0,Sacramento,Kings,SAC,0,0,,,,,,0,0,,,,,,0
0020600796,320,3,12,3,11:38 PM,6:57,Martin Free Throw 2 of 2 (19 PTS),,,71 - 79,8,4,2755,Kevin Martin,1610612758.0,Sacramento,Kings,SAC,0,0,,,,,,0,0,,,,,,0
0020600796,321,5,1,3,11:39 PM,6:44,World Peace STEAL (3 STL),,Pierce Bad Pass Turnover (P4.T12),,,5,1718,Paul Pierce,1610612738.0,Boston,Celtics,BOS,4,1897,Metta World Peace,1610612758.0,Sacramento,Kings,SAC,0,0,,,,,,0
0020600796,322,6,1,3,11:39 PM,6:43,,,Pierce P.FOUL (P4.PN),,,5,1718,Paul Pierce,1610612738.0,Boston,Celtics,BOS,4,1802,Brad Miller,1610612758.0,Sacramento,Kings,SAC,1,0,,,,,,0
0020600796,323,8,0,3,11:39 PM,6:43,,,SUB: Green FOR Pierce,,,5,1718,Paul Pierce,1610612738.0,Boston,Celtics,BOS,5,101123,Gerald Green,1610612738.0,Boston,Celtics,BOS,0,0,,,,,,0
0020600796,324,3,11,3,11:39 PM,6:43,Miller Free Throw 1 of 2 (7 PTS),,,71 - 80,9,4,1802,Brad Miller,1610612758.0,Sacramento,Kings,SAC,0,0,,,,,,0,0,,,,,,0
0020600796,325,3,12,3,11:40 PM,6:43,Miller Free Throw 2 of 2 (8 PTS),,,71 - 81,10,4,1802,Brad Miller,1610612758.0,Sacramento,Kings,SAC,0,0,,,,,,0,0,,,,,,0
0020600796,326,5,1,3,11:40 PM,6:20,World Peace STEAL (4 STL),,West Bad Pass Turnover (P1.T13),,,5,2753,Delonte West,1610612738.0,Boston,Celtics,BOS,4,1897,Metta World Peace,1610612758.0,Sacramento,Kings,SAC,0,0,,,,,,0
0020600796,327,6,2,3,11:40 PM,6:13,,,Jefferson S.FOUL (P3.PN),,,5,2744,Al Jefferson,1610612738.0,Boston,Celtics,BOS,4,1903,Kenny Thomas,1610612758.0,Sacramento,Kings,SAC,1,0,,,,,,0
0020600796,328,3,11,3,11:41 PM,6:13,Thomas Free Throw 1 of 2 (7 PTS),,,71 - 82,11,4,1903,Kenny Thomas,1610612758.0,Sacramento,Kings,SAC,0,0,,,,,,0,0,,,,,,0
0020600796,329,3,12,3,11:41 PM,6:13,Thomas Free Throw 2 of 2 (8 PTS),,,71 - 83,12,4,1903,Kenny Thomas,1610612758.0,Sacramento,Kings,SAC,0,0,,,,,,0,0,,,,,,0
0020600796,330,2,1,3,11:41 PM,5:55,,,MISS Jefferson 7' Jump Shot,,,5,2744,Al Jefferson,1610612738.0,Boston,Celtics,BOS,0,0,,,,,,0,0,,,,,,0
0020600796,331,4,0,3,11:41 PM,5:54,Thomas REBOUND (Off:1 Def:4),,,,,4,1903,Kenny Thomas,1610612758.0,Sacramento,Kings,SAC,0,0,,,,,,0,0,,,,,,0
0020600796,332,1,5,3,11:41 PM,5:41,Thomas  Layup (10 PTS) (Miller 5 AST),,,71 - 85,14,4,1903,Kenny Thomas,1610612758.0,Sacramento,Kings,SAC,4,1802,Brad Miller,1610612758.0,Sacramento,Kings,SAC,0,0,,,,,,0
0020600796,334,9,1,3,11:42 PM,5:39,,,Celtics Timeout: Regular (Reg.3 Short 1),,,3,1610612738,,,,,,0,0,,,,,,0,0,,,,,,0
0020600796,336,2,65,3,11:44 PM,5:25,,,MISS Gomes 7' Jump Hook Shot,,,5,101155,Ryan Gomes,1610612738.0,Boston,Celtics,BOS,0,0,,,,,,0,0,,,,,,0
0020600796,337,4,0,3,11:44 PM,5:23,Miller REBOUND (Off:1 Def:5),,,,,4,1802,Brad Miller,1610612758.0,Sacramento,Kings,SAC,0,0,,,,,,0,0,,,,,,0
0020600796,338,5,2,3,11:44 PM,5:22,Miller Lost Ball Turnover (P1.T6),,West STEAL (1 STL),,,4,1802,Brad Miller,1610612758.0,Sacramento,Kings,SAC,5,2753,Delonte West,1610612738.0,Boston,Celtics,BOS,0,0,,,,,,0
0020600796,339,5,21,3,11:44 PM,5:14,,,West Palming Turnover (P2.T14),,,5,2753,Delonte West,1610612738.0,Boston,Celtics,BOS,0,0,,,,,,1,0,,,,,,0
0020600796,340,1,42,3,11:44 PM,5:01,Martin  Driving Layup (21 PTS),,,71 - 87,16,4,2755,Kevin Martin,1610612758.0,Sacramento,Kings,SAC,0,0,,,,,,0,0,,,,,,0
0020600796,341,8,0,3,11:45 PM,4:42,,,SUB: Perkins FOR Jefferson,,,5,2744,Al Jefferson,1610612738.0,Boston,Celtics,BOS,5,2570,Kendrick Perkins,1610612738.0,Boston,Celtics,BOS,0,0,,,,,,0
0020600796,342,2,1,3,11:45 PM,4:37,,,MISS West 15' Jump Shot,,,5,2753,Delonte West,1610612738.0,Boston,Celtics,BOS,0,0,,,,,,0,0,,,,,,0
0020600796,343,4,0,3,11:45 PM,4:36,Miller REBOUND (Off:1 Def:6),,,,,4,1802,Brad Miller,1610612758.0,Sacramento,Kings,SAC,0,0,,,,,,0,0,,,,,,0
0020600796,344,2,1,3,11:45 PM,4:26,MISS Miller 21' Jump Shot,,,,,4,1802,Brad Miller,1610612758.0,Sacramento,Kings,SAC,0,0,,,,,,0,0,,,,,,0
0020600796,345,4,0,3,11:45 PM,4:24,,,Perkins REBOUND (Off:0 Def:1),,,5,2570,Kendrick Perkins,1610612738.0,Boston,Celtics,BOS,0,0,,,,,,0,0,,,,,,0
0020600796,346,5,40,3,11:46 PM,4:14,,,Green Out of Bounds Lost Ball Turnover (P1.T15),,,5,101123,Gerald Green,1610612738.0,Boston,Celtics,BOS,0,0,,,,,,0,0,,,,,,0
0020600796,347,2,1,3,11:46 PM,3:51,MISS Martin 16' Jump Shot,,,,,4,2755,Kevin Martin,1610612758.0,Sacramento,Kings,SAC,0,0,,,,,,0,0,,,,,,0
0020600796,348,4,0,3,11:46 PM,3:49,Bibby REBOUND (Off:1 Def:1),,,,,4,1710,Mike Bibby,1610612758.0,Sacramento,Kings,SAC,0,0,,,,,,0,0,,,,,,0
0020600796,349,6,2,3,11:46 PM,3:42,,,Perkins S.FOUL (P1.PN),,,5,2570,Kendrick Perkins,1610612738.0,Boston,Celtics,BOS,4,1802,Brad Miller,1610612758.0,Sacramento,Kings,SAC,1,0,,,,,,0
0020600796,350,3,11,3,11:47 PM,3:42,Miller Free Throw 1 of 2 (9 PTS),,,71 - 88,17,4,1802,Brad Miller,1610612758.0,Sacramento,Kings,SAC,0,0,,,,,,0,0,,,,,,0
0020600796,351,8,0,3,11:47 PM,3:42,,,SUB: Rondo FOR Scalabrine,,,5,2243,Brian Scalabrine,1610612738.0,Boston,Celtics,BOS,5,200765,Rajon Rondo,1610612738.0,Boston,Celtics,BOS,0,0,,,,,,0
0020600796,352,3,12,3,11:47 PM,3:42,Miller Free Throw 2 of 2 (10 PTS),,,71 - 89,18,4,1802,Brad Miller,1610612758.0,Sacramento,Kings,SAC,0,0,,,,,,0,0,,,,,,0
0020600796,354,7,5,3,11:47 PM,3:27,World Peace Violation:Kicked Ball,,,,,4,1897,Metta World Peace,1610612758.0,Sacramento,Kings,SAC,0,0,,,,,,1,0,,,,,,0
0020600796,355,8,0,3,11:47 PM,3:27,SUB: Abdur-Rahim FOR Miller,,,,,4,1802,Brad Miller,1610612758.0,Sacramento,Kings,SAC,4,949,Shareef Abdur-Rahim,1610612758.0,Sacramento,Kings,SAC,0,0,,,,,,0
0020600796,356,1,1,3,11:48 PM,3:21,,,Green 18' Jump Shot (4 PTS) (West 4 AST),73 - 89,16,5,101123,Gerald Green,1610612738.0,Boston,Celtics,BOS,5,2753,Delonte West,1610612738.0,Boston,Celtics,BOS,0,0,,,,,,0
0020600796,357,5,1,3,11:48 PM,3:07,World Peace Bad Pass Turnover (P2.T7),,,,,4,1897,Metta World Peace,1610612758.0,Sacramento,Kings,SAC,0,0,,,,,,0,0,,,,,,0
0020600796,358,1,44,3,11:48 PM,2:57,,,Rondo  Reverse Layup (2 PTS) (Gomes 2 AST),75 - 89,14,5,200765,Rajon Rondo,1610612738.0,Boston,Celtics,BOS,5,101155,Ryan Gomes,1610612738.0,Boston,Celtics,BOS,0,0,,,,,,0
0020600796,359,6,1,3,11:49 PM,2:45,,,Green P.FOUL (P5.PN),,,5,101123,Gerald Green,1610612738.0,Boston,Celtics,BOS,4,2755,Kevin Martin,1610612758.0,Sacramento,Kings,SAC,1,0,,,,,,0
0020600796,360,9,1,3,11:49 PM,2:45,KINGS Timeout: Regular (Full 3 Short 0),,,,,2,1610612758,,,,,,0,0,,,,,,0,0,,,,,,0
0020600796,362,8,0,3,11:51 PM,2:45,,,SUB: Telfair FOR Green,,,5,101123,Gerald Green,1610612738.0,Boston,Celtics,BOS,5,2742,Sebastian Telfair,1610612738.0,Boston,Celtics,BOS,0,0,,,,,,0
0020600796,364,3,11,3,11:51 PM,2:45,MISS Martin Free Throw 1 of 2,,,,,4,2755,Kevin Martin,1610612758.0,Sacramento,Kings,SAC,0,0,,,,,,0,0,,,,,,0
0020600796,365,4,1,3,11:51 PM,2:45,KINGS Rebound,,,,,2,1610612758,,,,,,0,0,,,,,,0,0,,,,,,0
0020600796,366,3,12,3,11:51 PM,2:45,Martin Free Throw 2 of 2 (22 PTS),,,75 - 90,15,4,2755,Kevin Martin,1610612758.0,Sacramento,Kings,SAC,0,0,,,,,,0,0,,,,,,0
0020600796,367,1,1,3,11:52 PM,2:28,,,Gomes 15' Jump Shot (3 PTS) (West 5 AST),77 - 90,13,5,101155,Ryan Gomes,1610612738.0,Boston,Celtics,BOS,5,2753,Delonte West,1610612738.0,Boston,Celtics,BOS,0,0,,,,,,0
0020600796,368,2,1,3,11:52 PM,2:04,MISS Martin 25' 3PT Jump Shot,,,,,4,2755,Kevin Martin,1610612758.0,Sacramento,Kings,SAC,0,0,,,,,,0,0,,,,,,0
0020600796,369,4,0,3,11:52 PM,2:03,,,Gomes REBOUND (Off:0 Def:4),,,5,101155,Ryan Gomes,1610612738.0,Boston,Celtics,BOS,0,0,,,,,,0,0,,,,,,0
0020600796,372,6,2,3,11:53 PM,1:58,Abdur-Rahim S.FOUL (P2.PN),,,,,4,949,Shareef Abdur-Rahim,1610612758.0,Sacramento,Kings,SAC,5,2570,Kendrick Perkins,1610612738.0,Boston,Celtics,BOS,1,0,,,,,,0
0020600796,373,8,0,3,11:53 PM,1:58,SUB: Salmons FOR Martin,,,,,4,2755,Kevin Martin,1610612758.0,Sacramento,Kings,SAC,4,2422,John Salmons,1610612758.0,Sacramento,Kings,SAC,0,0,,,,,,0
0020600796,374,3,11,3,11:53 PM,1:58,,,Perkins Free Throw 1 of 2 (3 PTS),78 - 90,12,5,2570,Kendrick Perkins,1610612738.0,Boston,Celtics,BOS,0,0,,,,,,0,0,,,,,,0
0020600796,375,3,12,3,11:53 PM,1:58,,,MISS Perkins Free Throw 2 of 2,,,5,2570,Kendrick Perkins,1610612738.0,Boston,Celtics,BOS,0,0,,,,,,0,0,,,,,,0
0020600796,376,4,0,3,11:53 PM,1:57,World Peace REBOUND (Off:1 Def:4),,,,,4,1897,Metta World Peace,1610612758.0,Sacramento,Kings,SAC,0,0,,,,,,0,0,,,,,,0
0020600796,377,2,1,3,11:53 PM,1:37,MISS Bibby 17' Jump Shot,,,,,4,1710,Mike Bibby,1610612758.0,Sacramento,Kings,SAC,0,0,,,,,,0,0,,,,,,0
0020600796,378,4,0,3,11:54 PM,1:33,,,Perkins REBOUND (Off:0 Def:2),,,5,2570,Kendrick Perkins,1610612738.0,Boston,Celtics,BOS,0,0,,,,,,0,0,,,,,,0
0020600796,379,6,2,3,11:54 PM,1:33,Thomas S.FOUL (P4.PN),,,,,4,1903,Kenny Thomas,1610612758.0,Sacramento,Kings,SAC,5,101155,Ryan Gomes,1610612738.0,Boston,Celtics,BOS,1,0,,,,,,0
0020600796,380,3,11,3,11:54 PM,1:33,,,MISS Gomes Free Throw 1 of 2,,,5,101155,Ryan Gomes,1610612738.0,Boston,Celtics,BOS,0,0,,,,,,0,0,,,,,,0
0020600796,381,4,1,3,11:54 PM,1:33,,,Celtics Rebound,,,3,1610612738,,,,,,0,0,,,,,,0,0,,,,,,0
0020600796,382,8,0,3,11:54 PM,1:33,SUB: Garcia FOR World Peace,,,,,4,1897,Metta World Peace,1610612758.0,Sacramento,Kings,SAC,4,101128,Francisco Garcia,1610612758.0,Sacramento,Kings,SAC,0,0,,,,,,0
0020600796,383,3,12,3,11:54 PM,1:33,,,Gomes Free Throw 2 of 2 (4 PTS),79 - 90,11,5,101155,Ryan Gomes,1610612738.0,Boston,Celtics,BOS,0,0,,,,,,0,0,,,,,,0
0020600796,385,2,1,3,11:55 PM,1:07,MISS Abdur-Rahim 10' Jump Shot,,,,,4,949,Shareef Abdur-Rahim,1610612758.0,Sacramento,Kings,SAC,0,0,,,,,,0,0,,,,,,0
0020600796,386,4,0,3,11:55 PM,1:07,KINGS Rebound,,,,,2,1610612758,,,,,,0,0,,,,,,0,0,,,,,,0
0020600796,387,6,3,3,11:55 PM,1:07,,,Perkins L.B.FOUL (P2.PN),,,5,2570,Kendrick Perkins,1610612738.0,Boston,Celtics,BOS,4,1903,Kenny Thomas,1610612758.0,Sacramento,Kings,SAC,1,0,,,,,,0
0020600796,388,8,0,3,11:55 PM,1:07,SUB: Price FOR Bibby,,,,,4,1710,Mike Bibby,1610612758.0,Sacramento,Kings,SAC,4,101179,Ronnie Price,1610612758.0,Sacramento,Kings,SAC,0,0,,,,,,0
0020600796,389,3,11,3,11:56 PM,1:07,Thomas Free Throw 1 of 2 (11 PTS),,,79 - 91,12,4,1903,Kenny Thomas,1610612758.0,Sacramento,Kings,SAC,0,0,,,,,,0,0,,,,,,0
0020600796,390,3,12,3,11:56 PM,1:07,MISS Thomas Free Throw 2 of 2,,,,,4,1903,Kenny Thomas,1610612758.0,Sacramento,Kings,SAC,0,0,,,,,,0,0,,,,,,0
0020600796,391,4,0,3,11:56 PM,1:06,,,Perkins REBOUND (Off:0 Def:3),,,5,2570,Kendrick Perkins,1610612738.0,Boston,Celtics,BOS,0,0,,,,,,0,0,,,,,,0
0020600796,392,6,1,3,11:56 PM,0:59,Salmons P.FOUL (P4.PN),,,,,4,2422,John Salmons,1610612758.0,Sacramento,Kings,SAC,5,200765,Rajon Rondo,1610612738.0,Boston,Celtics,BOS,1,0,,,,,,0
0020600796,393,3,11,3,11:56 PM,0:59,,,Rondo Free Throw 1 of 2 (3 PTS),80 - 91,11,5,200765,Rajon Rondo,1610612738.0,Boston,Celtics,BOS,0,0,,,,,,0,0,,,,,,0
0020600796,394,3,12,3,11:57 PM,0:59,,,MISS Rondo Free Throw 2 of 2,,,5,200765,Rajon Rondo,1610612738.0,Boston,Celtics,BOS,0,0,,,,,,0,0,,,,,,0
0020600796,395,4,0,3,11:57 PM,0:59,Garcia REBOUND (Off:0 Def:2),,,,,4,101128,Francisco Garcia,1610612758.0,Sacramento,Kings,SAC,0,0,,,,,,0,0,,,,,,0
0020600796,396,5,1,3,11:57 PM,0:35,Garcia Bad Pass Turnover (P2.T8),,Gomes STEAL (1 STL),,,4,101128,Francisco Garcia,1610612758.0,Sacramento,Kings,SAC,5,101155,Ryan Gomes,1610612738.0,Boston,Celtics,BOS,0,0,,,,,,0
0020600796,397,6,1,3,11:57 PM,0:32,Garcia P.FOUL (P3.PN),,,,,4,101128,Francisco Garcia,1610612758.0,Sacramento,Kings,SAC,5,200765,Rajon Rondo,1610612738.0,Boston,Celtics,BOS,1,0,,,,,,0
0020600796,398,3,11,3,11:58 PM,0:32,,,Rondo Free Throw 1 of 2 (4 PTS),81 - 91,10,5,200765,Rajon Rondo,1610612738.0,Boston,Celtics,BOS,0,0,,,,,,0,0,,,,,,0
0020600796,399,3,12,3,11:58 PM,0:32,,,MISS Rondo Free Throw 2 of 2,,,5,200765,Rajon Rondo,1610612738.0,Boston,Celtics,BOS,0,0,,,,,,0,0,,,,,,0
0020600796,400,4,0,3,11:58 PM,0:31,Abdur-Rahim REBOUND (Off:0 Def:2),,,,,4,949,Shareef Abdur-Rahim,1610612758.0,Sacramento,Kings,SAC,0,0,,,,,,0,0,,,,,,0
0020600796,401,2,5,3,11:58 PM,0:19,MISS Abdur-Rahim  Layup,,Perkins BLOCK (1 BLK),,,4,949,Shareef Abdur-Rahim,1610612758.0,Sacramento,Kings,SAC,0,0,,,,,,5,2570,Kendrick Perkins,1610612738.0,Boston,Celtics,BOS,0
0020600796,402,4,0,3,11:58 PM,0:18,,,Perkins REBOUND (Off:0 Def:4),,,5,2570,Kendrick Perkins,1610612738.0,Boston,Celtics,BOS,0,0,,,,,,0,0,,,,,,0
0020600796,406,2,45,3,11:59 PM,0:00,,,MISS Telfair 26' 3PT Jump Shot,,,5,2742,Sebastian Telfair,1610612738.0,Boston,Celtics,BOS,0,0,,,,,,0,0,,,,,,0
0020600796,407,4,0,3,11:59 PM,0:00,,,Celtics Rebound,,,3,1610612738,,,,,,0,0,,,,,,0,0,,,,,,0
0020600796,404,13,0,3,11:59 PM,0:00,,,,81 - 91,10,0,0,,,,,,0,0,,,,,,0,0,,,,,,0
0020600796,408,12,0,4,12:01 PM,12:00,,,,81 - 91,10,0,0,,,,,,0,0,,,,,,0,0,,,,,,0
0020600796,409,5,1,4,12:02 PM,11:52,Williamson Bad Pass Turnover (P2.T9),,Rondo STEAL (2 STL),,,4,722,Corliss Williamson,1610612758.0,Sacramento,Kings,SAC,5,200765,Rajon Rondo,1610612738.0,Boston,Celtics,BOS,0,0,,,,,,0
0020600796,410,2,1,4,12:02 PM,11:46,,,MISS West 25' 3PT Jump Shot,,,5,2753,Delonte West,1610612738.0,Boston,Celtics,BOS,0,0,,,,,,0,0,,,,,,0
0020600796,411,4,0,4,12:02 PM,11:45,,,Gomes REBOUND (Off:1 Def:4),,,5,101155,Ryan Gomes,1610612738.0,Boston,Celtics,BOS,0,0,,,,,,0,0,,,,,,0
0020600796,412,2,65,4,12:02 PM,11:43,,,MISS Gomes 6' Jump Hook Shot,,,5,101155,Ryan Gomes,1610612738.0,Boston,Celtics,BOS,0,0,,,,,,0,0,,,,,,0
0020600796,413,4,0,4,12:02 PM,11:41,Price REBOUND (Off:0 Def:2),,,,,4,101179,Ronnie Price,1610612758.0,Sacramento,Kings,SAC,0,0,,,,,,0,0,,,,,,0
0020600796,414,1,1,4,12:02 PM,11:24,Garcia 25' 3PT Jump Shot (5 PTS) (Abdur-Rahim 2 AST),,,81 - 94,13,4,101128,Francisco Garcia,1610612758.0,Sacramento,Kings,SAC,4,949,Shareef Abdur-Rahim,1610612758.0,Sacramento,Kings,SAC,0,0,,,,,,0
0020600796,415,1,1,4,12:02 PM,11:05,,,Telfair 24' 3PT Jump Shot (9 PTS) (West 6 AST),84 - 94,10,5,2742,Sebastian Telfair,1610612738.0,Boston,Celtics,BOS,5,2753,Delonte West,1610612738.0,Boston,Celtics,BOS,0,0,,,,,,0
0020600796,416,2,1,4,12:03 PM,10:46,MISS Price 25' 3PT Jump Shot,,,,,4,101179,Ronnie Price,1610612758.0,Sacramento,Kings,SAC,0,0,,,,,,0,0,,,,,,0
0020600796,417,4,0,4,12:03 PM,10:44,,,West REBOUND (Off:0 Def:4),,,5,2753,Delonte West,1610612738.0,Boston,Celtics,BOS,0,0,,,,,,0,0,,,,,,0
0020600796,418,1,65,4,12:03 PM,10:33,,,Perkins 7' Jump Hook Shot (5 PTS),86 - 94,8,5,2570,Kendrick Perkins,1610612738.0,Boston,Celtics,BOS,0,0,,,,,,0,0,,,,,,0
0020600796,419,1,1,4,12:03 PM,10:17,Garcia  3PT Jump Shot (8 PTS) (Abdur-Rahim 3 AST),,,86 - 97,11,4,101128,Francisco Garcia,1610612758.0,Sacramento,Kings,SAC,4,949,Shareef Abdur-Rahim,1610612758.0,Sacramento,Kings,SAC,0,0,,,,,,0
0020600796,420,1,1,4,12:03 PM,9:54,,,Gomes 19' Jump Shot (6 PTS) (Perkins 1 AST),88 - 97,9,5,101155,Ryan Gomes,1610612738.0,Boston,Celtics,BOS,5,2570,Kendrick Perkins,1610612738.0,Boston,Celtics,BOS,0,0,,,,,,0
0020600796,421,1,5,4,12:04 PM,9:37,Williamson  Layup (6 PTS) (Salmons 2 AST),,,88 - 99,11,4,722,Corliss Williamson,1610612758.0,Sacramento,Kings,SAC,4,2422,John Salmons,1610612758.0,Sacramento,Kings,SAC,0,0,,,,,,0
0020600796,422,6,2,4,12:04 PM,9:19,Abdur-Rahim S.FOUL (P3.T1),,,,,4,949,Shareef Abdur-Rahim,1610612758.0,Sacramento,Kings,SAC,5,101155,Ryan Gomes,1610612738.0,Boston,Celtics,BOS,1,0,,,,,,0
0020600796,423,3,11,4,12:05 PM,9:19,,,Gomes Free Throw 1 of 2 (7 PTS),89 - 99,10,5,101155,Ryan Gomes,1610612738.0,Boston,Celtics,BOS,0,0,,,,,,0,0,,,,,,0
0020600796,424,3,12,4,12:05 PM,9:19,,,Gomes Free Throw 2 of 2 (8 PTS),90 - 99,9,5,101155,Ryan Gomes,1610612738.0,Boston,Celtics,BOS,0,0,,,,,,0,0,,,,,,0
0020600796,425,6,2,4,12:05 PM,9:11,,,Perkins S.FOUL (P3.T1),,,5,2570,Kendrick Perkins,1610612738.0,Boston,Celtics,BOS,4,722,Corliss Williamson,1610612758.0,Sacramento,Kings,SAC,1,0,,,,,,0
0020600796,426,3,11,4,12:06 PM,9:11,MISS Williamson Free Throw 1 of 2,,,,,4,722,Corliss Williamson,1610612758.0,Sacramento,Kings,SAC,0,0,,,,,,0,0,,,,,,0
0020600796,427,4,1,4,12:06 PM,9:11,KINGS Rebound,,,,,2,1610612758,,,,,,0,0,,,,,,0,0,,,,,,0
0020600796,428,3,12,4,12:06 PM,9:11,Williamson Free Throw 2 of 2 (7 PTS),,,90 - 100,10,4,722,Corliss Williamson,1610612758.0,Sacramento,Kings,SAC,0,0,,,,,,0,0,,,,,,0
0020600796,429,2,1,4,12:06 PM,8:52,Garcia BLOCK (1 BLK),,MISS West 10' Jump Shot,,,5,2753,Delonte West,1610612738.0,Boston,Celtics,BOS,0,0,,,,,,4,101128,Francisco Garcia,1610612758.0,Sacramento,Kings,SAC,0
0020600796,430,4,0,4,12:06 PM,8:50,Garcia REBOUND (Off:0 Def:3),,,,,4,101128,Francisco Garcia,1610612758.0,Sacramento,Kings,SAC,0,0,,,,,,0,0,,,,,,0
0020600796,431,5,4,4,12:07 PM,8:42,Williamson Traveling Turnover (P3.T10),,,,,4,722,Corliss Williamson,1610612758.0,Sacramento,Kings,SAC,0,0,,,,,,1,0,,,,,,0
0020600796,432,9,4,4,12:07 PM,8:42,,,,,,1,0,,,,,,0,0,,,,,,0,0,,,,,,0
0020600796,435,8,0,4,12:09 PM,8:42,,,SUB: Pierce FOR Telfair,,,5,2742,Sebastian Telfair,1610612738.0,Boston,Celtics,BOS,5,1718,Paul Pierce,1610612738.0,Boston,Celtics,BOS,0,0,,,,,,0
0020600796,436,5,2,4,12:09 PM,8:24,Garcia STEAL (1 STL),,West Lost Ball Turnover (P3.T16),,,5,2753,Delonte West,1610612738.0,Boston,Celtics,BOS,4,101128,Francisco Garcia,1610612758.0,Sacramento,Kings,SAC,0,0,,,,,,0
0020600796,437,5,4,4,12:10 PM,8:21,Price Traveling Turnover (P1.T11),,,,,4,101179,Ronnie Price,1610612758.0,Sacramento,Kings,SAC,0,0,,,,,,1,0,,,,,,0
0020600796,438,8,0,4,12:10 PM,8:21,SUB: World Peace FOR Price,,,,,4,101179,Ronnie Price,1610612758.0,Sacramento,Kings,SAC,4,1897,Metta World Peace,1610612758.0,Sacramento,Kings,SAC,0,0,,,,,,0
0020600796,439,6,1,4,12:10 PM,8:10,World Peace P.FOUL (P3.T2),,,,,4,1897,Metta World Peace,1610612758.0,Sacramento,Kings,SAC,5,1718,Paul Pierce,1610612738.0,Boston,Celtics,BOS,1,0,,,,,,0
0020600796,440,1,1,4,12:10 PM,8:02,,,Gomes 21' Jump Shot (10 PTS) (Pierce 5 AST),92 - 100,8,5,101155,Ryan Gomes,1610612738.0,Boston,Celtics,BOS,5,1718,Paul Pierce,1610612738.0,Boston,Celtics,BOS,0,0,,,,,,0
0020600796,441,6,4,4,12:11 PM,7:43,Abdur-Rahim OFF.Foul (P4),,,,,4,949,Shareef Abdur-Rahim,1610612758.0,Sacramento,Kings,SAC,5,101155,Ryan Gomes,1610612738.0,Boston,Celtics,BOS,1,0,,,,,,0
0020600796,442,5,5,4,12:11 PM,7:43,Abdur-Rahim Foul Turnover (P1.T12),,,,,4,949,Shareef Abdur-Rahim,1610612758.0,Sacramento,Kings,SAC,0,0,,,,,,1,0,,,,,,0
0020600796,443,1,1,4,12:11 PM,7:26,,,West 22' Jump Shot (23 PTS) (Gomes 3 AST),94 - 100,6,5,2753,Delonte West,1610612738.0,Boston,Celtics,BOS,5,101155,Ryan Gomes,1610612738.0,Boston,Celtics,BOS,0,0,,,,,,0
0020600796,444,2,1,4,12:12 PM,7:08,MISS Abdur-Rahim 21' Jump Shot,,,,,4,949,Shareef Abdur-Rahim,1610612758.0,Sacramento,Kings,SAC,0,0,,,,,,0,0,,,,,,0
0020600796,445,4,0,4,12:12 PM,7:05,,,Gomes REBOUND (Off:1 Def:5),,,5,101155,Ryan Gomes,1610612738.0,Boston,Celtics,BOS,0,0,,,,,,0,0,,,,,,0
0020600796,446,6,2,4,12:12 PM,6:54,Garcia S.FOUL (P4.T3),,,,,4,101128,Francisco Garcia,1610612758.0,Sacramento,Kings,SAC,5,200765,Rajon Rondo,1610612738.0,Boston,Celtics,BOS,1,0,,,,,,0
0020600796,447,8,0,4,12:12 PM,6:54,SUB: Martin FOR Abdur-Rahim,,,,,4,949,Shareef Abdur-Rahim,1610612758.0,Sacramento,Kings,SAC,4,2755,Kevin Martin,1610612758.0,Sacramento,Kings,SAC,0,0,,,,,,0
0020600796,448,8,0,4,12:12 PM,6:54,SUB: Miller FOR Williamson,,,,,4,722,Corliss Williamson,1610612758.0,Sacramento,Kings,SAC,4,1802,Brad Miller,1610612758.0,Sacramento,Kings,SAC,0,0,,,,,,0
0020600796,449,3,11,4,12:12 PM,6:54,,,MISS Rondo Free Throw 1 of 2,,,5,200765,Rajon Rondo,1610612738.0,Boston,Celtics,BOS,0,0,,,,,,0,0,,,,,,0
0020600796,450,4,1,4,12:12 PM,6:54,,,Celtics Rebound,,,3,1610612738,,,,,,0,0,,,,,,0,0,,,,,,0
0020600796,451,3,12,4,12:13 PM,6:54,,,MISS Rondo Free Throw 2 of 2,,,5,200765,Rajon Rondo,1610612738.0,Boston,Celtics,BOS,0,0,,,,,,0,0,,,,,,0
0020600796,452,4,0,4,12:13 PM,6:53,World Peace REBOUND (Off:1 Def:5),,,,,4,1897,Metta World Peace,1610612758.0,Sacramento,Kings,SAC,0,0,,,,,,0,0,,,,,,0
0020600796,453,2,1,4,12:13 PM,6:46,MISS World Peace 23' Jump Shot,,,,,4,1897,Metta World Peace,1610612758.0,Sacramento,Kings,SAC,0,0,,,,,,0,0,,,,,,0
0020600796,454,4,0,4,12:13 PM,6:44,,,Perkins REBOUND (Off:0 Def:5),,,5,2570,Kendrick Perkins,1610612738.0,Boston,Celtics,BOS,0,0,,,,,,0,0,,,,,,0
0020600796,455,2,1,4,12:13 PM,6:22,,,MISS West 24' 3PT Jump Shot,,,5,2753,Delonte West,1610612738.0,Boston,Celtics,BOS,0,0,,,,,,0,0,,,,,,0
0020600796,456,4,0,4,12:13 PM,6:20,Garcia REBOUND (Off:0 Def:4),,,,,4,101128,Francisco Garcia,1610612758.0,Sacramento,Kings,SAC,0,0,,,,,,0,0,,,,,,0
0020600796,457,1,5,4,12:13 PM,6:05,World Peace  Layup (18 PTS) (Miller 6 AST),,,94 - 102,8,4,1897,Metta World Peace,1610612758.0,Sacramento,Kings,SAC,4,1802,Brad Miller,1610612758.0,Sacramento,Kings,SAC,0,0,,,,,,0
0020600796,458,2,65,4,12:14 PM,5:37,,,MISS Perkins 5' Jump Hook Shot,,,5,2570,Kendrick Perkins,1610612738.0,Boston,Celtics,BOS,0,0,,,,,,0,0,,,,,,0
0020600796,459,4,0,4,12:14 PM,5:35,Miller REBOUND (Off:1 Def:7),,,,,4,1802,Brad Miller,1610612758.0,Sacramento,Kings,SAC,0,0,,,,,,0,0,,,,,,0
0020600796,460,2,1,4,12:14 PM,5:21,MISS Martin 24' 3PT Jump Shot,,,,,4,2755,Kevin Martin,1610612758.0,Sacramento,Kings,SAC,0,0,,,,,,0,0,,,,,,0
0020600796,461,4,0,4,12:14 PM,5:19,,,Rondo REBOUND (Off:0 Def:1),,,5,200765,Rajon Rondo,1610612738.0,Boston,Celtics,BOS,0,0,,,,,,0,0,,,,,,0
0020600796,462,5,1,4,12:14 PM,5:17,,,Rondo Bad Pass Turnover (P3.T17),,,5,200765,Rajon Rondo,1610612738.0,Boston,Celtics,BOS,0,0,,,,,,0,0,,,,,,0
0020600796,463,6,3,4,12:14 PM,5:16,,,West L.B.FOUL (P2.T2),,,5,2753,Delonte West,1610612738.0,Boston,Celtics,BOS,4,2755,Kevin Martin,1610612758.0,Sacramento,Kings,SAC,1,0,,,,,,0
0020600796,465,9,1,4,12:15 PM,5:16,KINGS Timeout: Regular (Full 4 Short 0),,,,,2,1610612758,,,,,,0,0,,,,,,0,0,,,,,,0
0020600796,467,8,0,4,12:17 PM,5:16,,,SUB: Jefferson FOR Perkins,,,5,2570,Kendrick Perkins,1610612738.0,Boston,Celtics,BOS,5,2744,Al Jefferson,1610612738.0,Boston,Celtics,BOS,0,0,,,,,,0
0020600796,468,2,5,4,12:17 PM,5:03,MISS World Peace  Layup,,,,,4,1897,Metta World Peace,1610612758.0,Sacramento,Kings,SAC,0,0,,,,,,0,0,,,,,,0
0020600796,469,4,0,4,12:17 PM,5:02,,,Jefferson REBOUND (Off:5 Def:8),,,5,2744,Al Jefferson,1610612738.0,Boston,Celtics,BOS,0,0,,,,,,0,0,,,,,,0
0020600796,470,2,1,4,12:17 PM,4:46,,,MISS Pierce 16' Jump Shot,,,5,1718,Paul Pierce,1610612738.0,Boston,Celtics,BOS,0,0,,,,,,0,0,,,,,,0
0020600796,471,4,0,4,12:17 PM,4:44,,,Gomes REBOUND (Off:2 Def:5),,,5,101155,Ryan Gomes,1610612738.0,Boston,Celtics,BOS,0,0,,,,,,0,0,,,,,,0
0020600796,472,6,4,4,12:17 PM,4:44,,,Gomes OFF.Foul (P5),,,5,101155,Ryan Gomes,1610612738.0,Boston,Celtics,BOS,4,101128,Francisco Garcia,1610612758.0,Sacramento,Kings,SAC,1,0,,,,,,0
0020600796,473,5,5,4,12:17 PM,4:44,,,Gomes Foul Turnover (P2.T18),,,5,101155,Ryan Gomes,1610612738.0,Boston,Celtics,BOS,0,0,,,,,,1,0,,,,,,0
0020600796,474,8,0,4,12:18 PM,4:44,SUB: Bibby FOR Garcia,,,,,4,101128,Francisco Garcia,1610612758.0,Sacramento,Kings,SAC,4,1710,Mike Bibby,1610612758.0,Sacramento,Kings,SAC,0,0,,,,,,0
0020600796,475,2,1,4,12:18 PM,4:27,MISS Miller 9' Jump Shot,,,,,4,1802,Brad Miller,1610612758.0,Sacramento,Kings,SAC,0,0,,,,,,0,0,,,,,,0
0020600796,476,4,0,4,12:18 PM,4:25,,,Jefferson REBOUND (Off:5 Def:9),,,5,2744,Al Jefferson,1610612738.0,Boston,Celtics,BOS,0,0,,,,,,0,0,,,,,,0
0020600796,477,2,1,4,12:18 PM,4:16,,,MISS Pierce 25' 3PT Jump Shot,,,5,1718,Paul Pierce,1610612738.0,Boston,Celtics,BOS,0,0,,,,,,0,0,,,,,,0
0020600796,478,4,0,4,12:18 PM,4:14,Salmons REBOUND (Off:0 Def:1),,,,,4,2422,John Salmons,1610612758.0,Sacramento,Kings,SAC,0,0,,,,,,0,0,,,,,,0
0020600796,479,2,5,4,12:18 PM,4:05,MISS Salmons  Layup,,Pierce BLOCK (1 BLK),,,4,2422,John Salmons,1610612758.0,Sacramento,Kings,SAC,0,0,,,,,,5,1718,Paul Pierce,1610612738.0,Boston,Celtics,BOS,0
0020600796,480,4,0,4,12:18 PM,4:03,,,Jefferson REBOUND (Off:5 Def:10),,,5,2744,Al Jefferson,1610612738.0,Boston,Celtics,BOS,0,0,,,,,,0,0,,,,,,0
0020600796,481,6,4,4,12:19 PM,3:53,,,Pierce OFF.Foul (P5),,,5,1718,Paul Pierce,1610612738.0,Boston,Celtics,BOS,4,1802,Brad Miller,1610612758.0,Sacramento,Kings,SAC,1,0,,,,,,0
0020600796,482,5,5,4,12:19 PM,3:53,,,Pierce Foul Turnover (P5.T19),,,5,1718,Paul Pierce,1610612738.0,Boston,Celtics,BOS,0,0,,,,,,1,0,,,,,,0
0020600796,483,5,4,4,12:19 PM,3:39,Salmons Traveling Turnover (P1.T13),,,,,4,2422,John Salmons,1610612758.0,Sacramento,Kings,SAC,0,0,,,,,,1,0,,,,,,0
0020600796,485,1,1,4,12:20 PM,3:25,,,Pierce 24' 3PT Jump Shot (24 PTS) (West 7 AST),97 - 102,5,5,1718,Paul Pierce,1610612738.0,Boston,Celtics,BOS,5,2753,Delonte West,1610612738.0,Boston,Celtics,BOS,0,0,,,,,,0
0020600796,486,5,1,4,12:20 PM,3:07,Miller Bad Pass Turnover (P2.T14),,Gomes STEAL (2 STL),,,4,1802,Brad Miller,1610612758.0,Sacramento,Kings,SAC,5,101155,Ryan Gomes,1610612738.0,Boston,Celtics,BOS,0,0,,,,,,0
0020600796,487,2,5,4,12:20 PM,3:01,,,MISS West  Layup,,,5,2753,Delonte West,1610612738.0,Boston,Celtics,BOS,0,0,,,,,,0,0,,,,,,0
0020600796,488,4,0,4,12:20 PM,3:00,Salmons REBOUND (Off:0 Def:2),,,,,4,2422,John Salmons,1610612758.0,Sacramento,Kings,SAC,0,0,,,,,,0,0,,,,,,0
0020600796,489,5,1,4,12:20 PM,2:56,Martin Bad Pass Turnover (P2.T15),,Rondo STEAL (3 STL),,,4,2755,Kevin Martin,1610612758.0,Sacramento,Kings,SAC,5,200765,Rajon Rondo,1610612738.0,Boston,Celtics,BOS,0,0,,,,,,0
0020600796,490,9,1,4,12:20 PM,2:55,,,Celtics Timeout: Regular (Reg.4 Short 1),,,3,1610612738,,,,,,0,0,,,,,,0,0,,,,,,0
0020600796,494,1,1,4,12:23 PM,2:42,,,Pierce 18' Jump Shot (26 PTS),99 - 102,3,5,1718,Paul Pierce,1610612738.0,Boston,Celtics,BOS,0,0,,,,,,0,0,,,,,,0
0020600796,495,2,1,4,12:23 PM,2:15,MISS Miller 12' Jump Shot,,,,,4,1802,Brad Miller,1610612758.0,Sacramento,Kings,SAC,0,0,,,,,,0,0,,,,,,0
0020600796,496,4,0,4,12:23 PM,2:13,,,West REBOUND (Off:0 Def:5),,,5,2753,Delonte West,1610612738.0,Boston,Celtics,BOS,0,0,,,,,,0,0,,,,,,0
0020600796,497,1,1,4,12:24 PM,1:57,,,Rondo 23' Jump Shot (6 PTS),101 - 102,1,5,200765,Rajon Rondo,1610612738.0,Boston,Celtics,BOS,0,0,,,,,,0,0,,,,,,0
0020600796,499,6,2,4,12:24 PM,1:37,,,Gomes S.FOUL (P6.T3),,,5,101155,Ryan Gomes,1610612738.0,Boston,Celtics,BOS,4,1802,Brad Miller,1610612758.0,Sacramento,Kings,SAC,1,0,,,,,,0
0020600796,500,8,0,4,12:25 PM,1:37,,,SUB: Perkins FOR Gomes,,,5,101155,Ryan Gomes,1610612738.0,Boston,Celtics,BOS,5,2570,Kendrick Perkins,1610612738.0,Boston,Celtics,BOS,0,0,,,,,,0
0020600796,501,3,11,4,12:25 PM,1:37,Miller Free Throw 1 of 2 (11 PTS),,,101 - 103,2,4,1802,Brad Miller,1610612758.0,Sacramento,Kings,SAC,0,0,,,,,,0,0,,,,,,0
0020600796,502,3,12,4,12:25 PM,1:37,Miller Free Throw 2 of 2 (12 PTS),,,101 - 104,3,4,1802,Brad Miller,1610612758.0,Sacramento,Kings,SAC,0,0,,,,,,0,0,,,,,,0
0020600796,504,9,1,4,12:25 PM,1:37,,,Celtics Timeout: Regular (Reg.5 Short 1),,,3,1610612738,,,,,,0,0,,,,,,0,0,,,,,,0
0020600796,505,8,0,4,12:27 PM,1:37,,,SUB: Scalabrine FOR Perkins,,,5,2570,Kendrick Perkins,1610612738.0,Boston,Celtics,BOS,5,2243,Brian Scalabrine,1610612738.0,Boston,Celtics,BOS,0,0,,,,,,0
0020600796,507,2,5,4,12:27 PM,1:21,World Peace BLOCK (2 BLK),,MISS Jefferson 5' Layup,,,5,2744,Al Jefferson,1610612738.0,Boston,Celtics,BOS,0,0,,,,,,4,1897,Metta World Peace,1610612758.0,Sacramento,Kings,SAC,0
0020600796,515,4,0,4,12:27 PM,1:21,World Peace REBOUND (Off:1 Def:6),,,,,4,1897,Metta World Peace,1610612758.0,Sacramento,Kings,SAC,0,0,,,,,,0,0,,,,,,0
0020600796,508,2,1,4,12:28 PM,1:05,MISS Martin 16' Jump Shot,,,,,4,2755,Kevin Martin,1610612758.0,Sacramento,Kings,SAC,0,0,,,,,,0,0,,,,,,0
0020600796,510,4,0,4,12:28 PM,1:03,,,Pierce REBOUND (Off:1 Def:5),,,5,1718,Paul Pierce,1610612738.0,Boston,Celtics,BOS,0,0,,,,,,0,0,,,,,,0
0020600796,511,2,1,4,12:28 PM,0:52,,,MISS Rondo 6' Jump Shot,,,5,200765,Rajon Rondo,1610612738.0,Boston,Celtics,BOS,0,0,,,,,,0,0,,,,,,0
0020600796,512,4,0,4,12:28 PM,0:50,,,Rondo REBOUND (Off:1 Def:1),,,5,200765,Rajon Rondo,1610612738.0,Boston,Celtics,BOS,0,0,,,,,,0,0,,,,,,0
0020600796,513,2,5,4,12:28 PM,0:49,,,MISS Rondo  Layup,,,5,200765,Rajon Rondo,1610612738.0,Boston,Celtics,BOS,0,0,,,,,,0,0,,,,,,0
0020600796,514,4,0,4,12:28 PM,0:45,KINGS Rebound,,,,,2,1610612758,,,,,,0,0,,,,,,0,0,,,,,,0
0020600796,516,2,1,4,12:29 PM,0:29,MISS Salmons 24' 3PT Jump Shot,,,,,4,2422,John Salmons,1610612758.0,Sacramento,Kings,SAC,0,0,,,,,,0,0,,,,,,0
0020600796,518,4,0,4,12:29 PM,0:27,World Peace REBOUND (Off:2 Def:6),,,,,4,1897,Metta World Peace,1610612758.0,Sacramento,Kings,SAC,0,0,,,,,,0,0,,,,,,0
0020600796,519,2,1,4,12:29 PM,0:05,MISS Martin  3PT Jump Shot,,,,,4,2755,Kevin Martin,1610612758.0,Sacramento,Kings,SAC,0,0,,,,,,0,0,,,,,,0
0020600796,520,4,0,4,12:29 PM,0:04,,,West REBOUND (Off:0 Def:6),,,5,2753,Delonte West,1610612738.0,Boston,Celtics,BOS,0,0,,,,,,0,0,,,,,,0
0020600796,521,2,1,4,12:29 PM,0:00,Salmons BLOCK (1 BLK),,MISS West 25' 3PT Jump Shot,,,5,2753,Delonte West,1610612738.0,Boston,Celtics,BOS,0,0,,,,,,4,2422,John Salmons,1610612758.0,Sacramento,Kings,SAC,0
0020600796,523,4,0,4,12:29 PM,0:00,,,Celtics Rebound,,,3,1610612738,,,,,,0,0,,,,,,0,0,,,,,,0
0020600796,522,13,0,4,12:29 PM,0:00,,,,101 - 104,3,0,0,,,,,,0,0,,,,,,0,0,,,,,,0
