GAME_ID,EVENTNUM,EVENTMSGTYPE,EVENTMSGACTIONTYPE,PERIOD,WCTIMESTRING,PCTIMESTRING,HOMEDESCRIPTION,NEUTRALDESCRIPTION,VISITORDESCRIPTION,SCORE,SCOREMARGIN,PERSON1TYPE,PLAYER1_ID,PLAYER1_NAME,PLAYER1_TEAM_ID,PLAYER1_TEAM_CITY,PLAYER1_TEAM_NICKNAME,PLAYER1_TEAM_ABBREVIATION,PERSON2TYPE,PLAYER2_ID,PLAYER2_NAME,PLAYER2_TEAM_ID,PLAYER2_TEAM_CITY,PLAYER2_TEAM_NICKNAME,PLAYER2_TEAM_ABBREVIATION,PERSON3TYPE,PLAYER3_ID,PLAYER3_NAME,PLAYER3_TEAM_ID,PLAYER3_TEAM_CITY,PLAYER3_TEAM_NICKNAME,PLAYER3_TEAM_ABBREVIATION,VIDEO_AVAILABLE_FLAG
0029800187,0,12,0,1,11:11 AM,12:00,,,,,,0,0,,,,,,0,0,,,,,,0,0,,,,,,0
0029800187,1,10,0,1,11:11 AM,12:00,Jump Ball Battie vs. Williams: Tip to Anderson,,,,,4,1499,Tony Battie,1610612738.0,Boston,Celtics,BOS,5,420,Jayson Williams,1610612751.0,New Jersey,Nets,NJN,4,72,Kenny Anderson,1610612738.0,Boston,Celtics,BOS,0
0029800187,2,6,1,1,11:12 AM,11:51,,,Kittles P.FOUL (P1.T1),,,5,954,Kerry Kittles,1610612751.0,New Jersey,Nets,NJN,0,0,,,,,,0,0,,,,,,0
0029800187,3,2,3,1,11:12 AM,11:38,MISS Walker 4' Hook Shot,,,,,4,952,Antoine Walker,1610612738.0,Boston,Celtics,BOS,0,0,,,,,,0,0,,,,,,0
0029800187,4,4,0,1,11:12 AM,11:34,,,Van Horn REBOUND (Off:0 Def:1),,,5,1496,Keith Van Horn,1610612751.0,New Jersey,Nets,NJN,0,0,,,,,,0,0,,,,,,0
0029800187,5,6,1,1,11:12 AM,11:25,Pierce P.FOUL (P1.T1),,,,,4,1718,Paul Pierce,1610612738.0,Boston,Celtics,BOS,0,0,,,,,,0,0,,,,,,0
0029800187,6,3,11,1,11:13 AM,11:25,,,Van Horn Free Throw 1 of 2 (1 PTS),1 - 0,-1,5,1496,Keith Van Horn,1610612751.0,New Jersey,Nets,NJN,0,0,,,,,,0,0,,,,,,0
0029800187,7,3,12,1,11:13 AM,11:25,,,Van Horn Free Throw 2 of 2 (2 PTS),2 - 0,-2,5,1496,Keith Van Horn,1610612751.0,New Jersey,Nets,NJN,0,0,,,,,,0,0,,,,,,0
0029800187,8,2,5,1,11:13 AM,11:16,MISS Mercer 2' Layup,,,,,4,1500,Ron Mercer,1610612738.0,Boston,Celtics,BOS,0,0,,,,,,0,0,,,,,,0
0029800187,9,4,0,1,11:13 AM,11:11,,,Williams REBOUND (Off:0 Def:1),,,5,420,Jayson Williams,1610612751.0,New Jersey,Nets,NJN,0,0,,,,,,0,0,,,,,,0
0029800187,10,5,1,1,11:13 AM,11:07,Pierce STEAL (1 STL),,Murdock Bad Pass Turnover (P1.T1),,,5,785,Eric Murdock,1610612751.0,New Jersey,Nets,NJN,4,1718,Paul Pierce,1610612738.0,Boston,Celtics,BOS,0,0,,,,,,0
0029800187,11,2,1,1,11:13 AM,11:01,MISS Anderson 22' Jump Shot,,,,,4,72,Kenny Anderson,1610612738.0,Boston,Celtics,BOS,0,0,,,,,,0,0,,,,,,0
0029800187,12,4,0,1,11:13 AM,10:59,,,Kittles REBOUND (Off:0 Def:1),,,5,954,Kerry Kittles,1610612751.0,New Jersey,Nets,NJN,0,0,,,,,,0,0,,,,,,0
0029800187,14,1,6,1,11:13 AM,10:52,,,Gill 2' Driving Layup (2 PTS),4 - 0,-4,5,383,Kendall Gill,1610612751.0,New Jersey,Nets,NJN,0,0,,,,,,0,0,,,,,,0
0029800187,15,2,1,1,11:13 AM,10:44,MISS Anderson 19' Jump Shot,,,,,4,72,Kenny Anderson,1610612738.0,Boston,Celtics,BOS,0,0,,,,,,0,0,,,,,,0
0029800187,16,4,0,1,11:13 AM,10:44,,,Nets Rebound,,,3,1610612751,,,,,,0,0,,,,,,0,0,,,,,,0
0029800187,17,2,1,1,11:14 AM,10:31,,,MISS Williams 13' Jump Shot,,,5,420,Jayson Williams,1610612751.0,New Jersey,Nets,NJN,0,0,,,,,,0,0,,,,,,0
0029800187,18,4,0,1,11:14 AM,10:29,Anderson REBOUND (Off:0 Def:1),,,,,4,72,Kenny Anderson,1610612738.0,Boston,Celtics,BOS,0,0,,,,,,0,0,,,,,,0
0029800187,19,2,2,1,11:14 AM,10:23,MISS Pierce 4' Running Jump Shot,,,,,4,1718,Paul Pierce,1610612738.0,Boston,Celtics,BOS,0,0,,,,,,0,0,,,,,,0
0029800187,20,4,0,1,11:14 AM,10:20,,,Gill REBOUND (Off:0 Def:1),,,5,383,Kendall Gill,1610612751.0,New Jersey,Nets,NJN,0,0,,,,,,0,0,,,,,,0
0029800187,21,1,8,1,11:14 AM,10:18,,,Van Horn 1' Slam Dunk (4 PTS) (Gill 1 AST),6 - 0,-6,5,1496,Keith Van Horn,1610612751.0,New Jersey,Nets,NJN,5,383,Kendall Gill,1610612751.0,New Jersey,Nets,NJN,0,0,,,,,,0
0029800187,22,2,1,1,11:14 AM,10:06,MISS Walker 17' Jump Shot,,,,,4,952,Antoine Walker,1610612738.0,Boston,Celtics,BOS,0,0,,,,,,0,0,,,,,,0
0029800187,23,4,0,1,11:14 AM,10:05,,,Williams REBOUND (Off:0 Def:2),,,5,420,Jayson Williams,1610612751.0,New Jersey,Nets,NJN,0,0,,,,,,0,0,,,,,,0
0029800187,24,1,6,1,11:14 AM,9:59,,,Van Horn 2' Driving Layup (6 PTS) (Murdock 1 AST),8 - 0,-8,5,1496,Keith Van Horn,1610612751.0,New Jersey,Nets,NJN,5,785,Eric Murdock,1610612751.0,New Jersey,Nets,NJN,0,0,,,,,,0
0029800187,25,9,2,1,11:14 AM,9:57,CELTICS Timeout: Short (Full 0 Short 1),,,,,2,1610612738,,,,,,0,0,,,,,,0,0,,,,,,0
0029800187,27,2,1,1,11:15 AM,9:42,MISS Mercer 23' Jump Shot,,,,,4,1500,Ron Mercer,1610612738.0,Boston,Celtics,BOS,0,0,,,,,,0,0,,,,,,0
0029800187,28,4,0,1,11:15 AM,9:39,Pierce REBOUND (Off:1 Def:0),,,,,4,1718,Paul Pierce,1610612738.0,Boston,Celtics,BOS,0,0,,,,,,0,0,,,,,,0
0029800187,29,1,5,1,11:16 AM,9:38,Pierce 2' Layup (2 PTS),,,8 - 2,-6,4,1718,Paul Pierce,1610612738.0,Boston,Celtics,BOS,0,0,,,,,,0,0,,,,,,0
0029800187,30,2,1,1,11:16 AM,9:15,,,MISS Gill 19' Jump Shot,,,5,383,Kendall Gill,1610612751.0,New Jersey,Nets,NJN,0,0,,,,,,0,0,,,,,,0
0029800187,31,4,0,1,11:16 AM,9:13,Walker REBOUND (Off:0 Def:1),,,,,4,952,Antoine Walker,1610612738.0,Boston,Celtics,BOS,0,0,,,,,,0,0,,,,,,0
0029800187,32,5,2,1,11:16 AM,9:01,Walker Lost Ball Turnover (P1.T1),,Van Horn STEAL (1 STL),,,4,952,Antoine Walker,1610612738.0,Boston,Celtics,BOS,5,1496,Keith Van Horn,1610612751.0,New Jersey,Nets,NJN,0,0,,,,,,0
0029800187,33,2,1,1,11:16 AM,8:55,,,MISS Murdock 10' Jump Shot,,,5,785,Eric Murdock,1610612751.0,New Jersey,Nets,NJN,0,0,,,,,,0,0,,,,,,0
0029800187,34,4,0,1,11:16 AM,8:51,Walker REBOUND (Off:0 Def:2),,,,,4,952,Antoine Walker,1610612738.0,Boston,Celtics,BOS,0,0,,,,,,0,0,,,,,,0
0029800187,35,2,1,1,11:17 AM,8:41,MISS Mercer 12' Jump Shot,,,,,4,1500,Ron Mercer,1610612738.0,Boston,Celtics,BOS,0,0,,,,,,0,0,,,,,,0
0029800187,36,4,0,1,11:17 AM,8:38,,,Williams REBOUND (Off:0 Def:3),,,5,420,Jayson Williams,1610612751.0,New Jersey,Nets,NJN,0,0,,,,,,0,0,,,,,,0
0029800187,37,1,8,1,11:17 AM,8:28,,,Gill 2' Slam Dunk (4 PTS) (Kittles 1 AST),10 - 2,-8,5,383,Kendall Gill,1610612751.0,New Jersey,Nets,NJN,5,954,Kerry Kittles,1610612751.0,New Jersey,Nets,NJN,0,0,,,,,,0
0029800187,38,1,6,1,11:17 AM,8:06,Anderson 2' Driving Layup (2 PTS) (Pierce 1 AST),,,10 - 4,-6,4,72,Kenny Anderson,1610612738.0,Boston,Celtics,BOS,4,1718,Paul Pierce,1610612738.0,Boston,Celtics,BOS,0,0,,,,,,0
0029800187,39,2,5,1,11:17 AM,7:56,Battie BLOCK (1 BLK),,MISS Gill 2' Layup,,,5,383,Kendall Gill,1610612751.0,New Jersey,Nets,NJN,0,0,,,,,,4,1499,Tony Battie,1610612738.0,Boston,Celtics,BOS,0
0029800187,40,4,0,1,11:17 AM,7:53,Walker REBOUND (Off:0 Def:3),,,,,4,952,Antoine Walker,1610612738.0,Boston,Celtics,BOS,0,0,,,,,,0,0,,,,,,0
0029800187,41,1,6,1,11:18 AM,7:51,Walker 1' Driving Layup (2 PTS),,,10 - 6,-4,4,952,Antoine Walker,1610612738.0,Boston,Celtics,BOS,0,0,,,,,,0,0,,,,,,0
0029800187,42,1,8,1,11:18 AM,7:36,,,Van Horn 2' Slam Dunk (8 PTS) (Gill 2 AST),12 - 6,-6,5,1496,Keith Van Horn,1610612751.0,New Jersey,Nets,NJN,5,383,Kendall Gill,1610612751.0,New Jersey,Nets,NJN,0,0,,,,,,0
0029800187,43,2,1,1,11:18 AM,7:12,MISS Walker 12' Jump Shot,,,,,4,952,Antoine Walker,1610612738.0,Boston,Celtics,BOS,0,0,,,,,,0,0,,,,,,0
0029800187,44,4,0,1,11:18 AM,7:10,,,Williams REBOUND (Off:0 Def:4),,,5,420,Jayson Williams,1610612751.0,New Jersey,Nets,NJN,0,0,,,,,,0,0,,,,,,0
0029800187,45,2,1,1,11:18 AM,6:56,,,MISS Van Horn 10' Jump Shot,,,5,1496,Keith Van Horn,1610612751.0,New Jersey,Nets,NJN,0,0,,,,,,0,0,,,,,,0
0029800187,46,4,0,1,11:18 AM,6:54,Pierce REBOUND (Off:1 Def:1),,,,,4,1718,Paul Pierce,1610612738.0,Boston,Celtics,BOS,0,0,,,,,,0,0,,,,,,0
0029800187,47,1,1,1,11:19 AM,6:49,Walker 25' 3PT Jump Shot (5 PTS) (Pierce 2 AST),,,12 - 9,-3,4,952,Antoine Walker,1610612738.0,Boston,Celtics,BOS,4,1718,Paul Pierce,1610612738.0,Boston,Celtics,BOS,0,0,,,,,,0
0029800187,48,1,1,1,11:19 AM,6:24,,,Kittles 6' Jump Shot (2 PTS),14 - 9,-5,5,954,Kerry Kittles,1610612751.0,New Jersey,Nets,NJN,0,0,,,,,,0,0,,,,,,0
0029800187,49,1,1,1,11:19 AM,6:09,Battie 16' Jump Shot (2 PTS) (Walker 1 AST),,,14 - 11,-3,4,1499,Tony Battie,1610612738.0,Boston,Celtics,BOS,4,952,Antoine Walker,1610612738.0,Boston,Celtics,BOS,0,0,,,,,,0
0029800187,50,1,5,1,11:19 AM,5:55,,,Williams 2' Layup (2 PTS) (Kittles 2 AST),16 - 11,-5,5,420,Jayson Williams,1610612751.0,New Jersey,Nets,NJN,5,954,Kerry Kittles,1610612751.0,New Jersey,Nets,NJN,0,0,,,,,,0
0029800187,51,1,6,1,11:20 AM,5:45,Anderson 2' Driving Layup (4 PTS),,,16 - 13,-3,4,72,Kenny Anderson,1610612738.0,Boston,Celtics,BOS,0,0,,,,,,0,0,,,,,,0
0029800187,52,1,5,1,11:20 AM,5:31,,,Gill 1' Layup (6 PTS) (Van Horn 1 AST),18 - 13,-5,5,383,Kendall Gill,1610612751.0,New Jersey,Nets,NJN,5,1496,Keith Van Horn,1610612751.0,New Jersey,Nets,NJN,0,0,,,,,,0
0029800187,53,2,5,1,11:20 AM,5:13,MISS Pierce 3' Layup,,,,,4,1718,Paul Pierce,1610612738.0,Boston,Celtics,BOS,0,0,,,,,,0,0,,,,,,0
0029800187,54,4,0,1,11:20 AM,5:12,,,Williams REBOUND (Off:0 Def:5),,,5,420,Jayson Williams,1610612751.0,New Jersey,Nets,NJN,0,0,,,,,,0,0,,,,,,0
0029800187,55,6,1,1,11:20 AM,5:04,Walker P.FOUL (P1.T2),,,,,4,952,Antoine Walker,1610612738.0,Boston,Celtics,BOS,0,0,,,,,,0,0,,,,,,0
0029800187,56,9,1,1,11:20 AM,5:04,CELTICS Timeout: Regular (Full 1 Short 1),,,,,2,1610612738,,,,,,0,0,,,,,,0,0,,,,,,0
0029800187,58,8,0,1,11:22 AM,5:04,SUB: McCarty FOR Pierce,,,,,4,1718,Paul Pierce,1610612738.0,Boston,Celtics,BOS,4,962,Walter McCarty,1610612738.0,Boston,Celtics,BOS,0,0,,,,,,0
0029800187,59,5,1,1,11:23 AM,4:56,,,Gill Bad Pass Turnover (P1.T2),,,5,383,Kendall Gill,1610612751.0,New Jersey,Nets,NJN,0,0,,,,,,0,0,,,,,,0
0029800187,60,5,1,1,11:23 AM,4:43,Anderson Bad Pass Turnover (P1.T2),,Van Horn STEAL (2 STL),,,4,72,Kenny Anderson,1610612738.0,Boston,Celtics,BOS,5,1496,Keith Van Horn,1610612751.0,New Jersey,Nets,NJN,0,0,,,,,,0
0029800187,61,2,1,1,11:23 AM,4:32,Battie BLOCK (2 BLK),,MISS Van Horn 10' Jump Shot,,,5,1496,Keith Van Horn,1610612751.0,New Jersey,Nets,NJN,0,0,,,,,,4,1499,Tony Battie,1610612738.0,Boston,Celtics,BOS,0
0029800187,62,4,0,1,11:23 AM,4:30,Walker REBOUND (Off:0 Def:4),,,,,4,952,Antoine Walker,1610612738.0,Boston,Celtics,BOS,0,0,,,,,,0,0,,,,,,0
0029800187,63,5,1,1,11:23 AM,4:28,Walker Bad Pass Turnover (P2.T3),,,,,4,952,Antoine Walker,1610612738.0,Boston,Celtics,BOS,0,0,,,,,,0,0,,,,,,0
0029800187,64,5,1,1,11:24 AM,4:18,,,Gill Bad Pass Turnover (P2.T3),,,5,383,Kendall Gill,1610612751.0,New Jersey,Nets,NJN,0,0,,,,,,0,0,,,,,,0
0029800187,65,2,1,1,11:24 AM,3:57,MISS Battie 9' Jump Shot,,,,,4,1499,Tony Battie,1610612738.0,Boston,Celtics,BOS,0,0,,,,,,0,0,,,,,,0
0029800187,66,4,0,1,11:24 AM,3:56,Walker REBOUND (Off:1 Def:4),,,,,4,952,Antoine Walker,1610612738.0,Boston,Celtics,BOS,0,0,,,,,,0,0,,,,,,0
0029800187,67,1,5,1,11:24 AM,3:54,Walker 1' Layup (7 PTS),,,18 - 15,-3,4,952,Antoine Walker,1610612738.0,Boston,Celtics,BOS,0,0,,,,,,0,0,,,,,,0
0029800187,68,2,1,1,11:25 AM,3:34,,,MISS Murdock 15' Jump Shot,,,5,785,Eric Murdock,1610612751.0,New Jersey,Nets,NJN,0,0,,,,,,0,0,,,,,,0
0029800187,69,4,0,1,11:25 AM,3:32,McCarty REBOUND (Off:0 Def:1),,,,,4,962,Walter McCarty,1610612738.0,Boston,Celtics,BOS,0,0,,,,,,0,0,,,,,,0
0029800187,70,2,1,1,11:25 AM,3:26,MISS Anderson 19' Jump Shot,,,,,4,72,Kenny Anderson,1610612738.0,Boston,Celtics,BOS,0,0,,,,,,0,0,,,,,,0
0029800187,71,4,0,1,11:25 AM,3:24,,,Williams REBOUND (Off:0 Def:6),,,5,420,Jayson Williams,1610612751.0,New Jersey,Nets,NJN,0,0,,,,,,0,0,,,,,,0
0029800187,72,5,4,1,11:25 AM,3:19,,,Gill Traveling Turnover (P3.T4),,,5,383,Kendall Gill,1610612751.0,New Jersey,Nets,NJN,0,0,,,,,,0,0,,,,,,0
0029800187,73,8,0,1,11:25 AM,3:19,SUB: Barros FOR Anderson,,,,,4,72,Kenny Anderson,1610612738.0,Boston,Celtics,BOS,4,344,Dana Barros,1610612738.0,Boston,Celtics,BOS,0,0,,,,,,0
0029800187,74,8,0,1,11:25 AM,3:19,SUB: DeClercq FOR Battie,,,,,4,1499,Tony Battie,1610612738.0,Boston,Celtics,BOS,4,692,Andrew DeClercq,1610612738.0,Boston,Celtics,BOS,0,0,,,,,,0
0029800187,75,8,0,1,11:25 AM,3:19,,,SUB: McIlvaine FOR Williams,,,5,420,Jayson Williams,1610612751.0,New Jersey,Nets,NJN,5,29,Jim McIlvaine,1610612751.0,New Jersey,Nets,NJN,0,0,,,,,,0
0029800187,76,2,1,1,11:25 AM,2:58,MISS Mercer 19' Jump Shot,,,,,4,1500,Ron Mercer,1610612738.0,Boston,Celtics,BOS,0,0,,,,,,0,0,,,,,,0
0029800187,77,4,0,1,11:26 AM,2:57,,,Kittles REBOUND (Off:0 Def:2),,,5,954,Kerry Kittles,1610612751.0,New Jersey,Nets,NJN,0,0,,,,,,0,0,,,,,,0
0029800187,79,7,3,1,11:26 AM,2:49,McCarty Violation:Lane,,,,,4,962,Walter McCarty,1610612738.0,Boston,Celtics,BOS,0,0,,,,,,0,0,,,,,,0
0029800187,78,1,6,1,11:26 AM,2:49,,,Van Horn 3' Driving Layup (10 PTS),20 - 15,-5,5,1496,Keith Van Horn,1610612751.0,New Jersey,Nets,NJN,0,0,,,,,,0,0,,,,,,0
0029800187,80,6,4,1,11:26 AM,2:38,DeClercq OFF.Foul (P1),,,,,4,692,Andrew DeClercq,1610612738.0,Boston,Celtics,BOS,0,0,,,,,,0,0,,,,,,0
0029800187,81,5,5,1,11:26 AM,2:38,DeClercq Foul Turnover (P1.T4),,,,,4,692,Andrew DeClercq,1610612738.0,Boston,Celtics,BOS,0,0,,,,,,0,0,,,,,,0
0029800187,82,9,1,1,11:26 AM,2:38,,,Nets Timeout: Regular (Reg.1 Short 0),,,3,1610612751,,,,,,0,0,,,,,,0,0,,,,,,0
0029800187,84,8,0,1,11:28 AM,2:38,,,SUB: Jones FOR Murdock,,,5,785,Eric Murdock,1610612751.0,New Jersey,Nets,NJN,5,1800,Damon Jones,1610612751.0,New Jersey,Nets,NJN,0,0,,,,,,0
0029800187,91,8,0,1,11:28 AM,2:38,SUB: Battie FOR Walker,,,,,4,952,Antoine Walker,1610612738.0,Boston,Celtics,BOS,4,1499,Tony Battie,1610612738.0,Boston,Celtics,BOS,0,0,,,,,,0
0029800187,85,8,0,1,11:28 AM,2:38,,,SUB: Gatling FOR Van Horn,,,5,1496,Keith Van Horn,1610612751.0,New Jersey,Nets,NJN,5,423,Chris Gatling,1610612751.0,New Jersey,Nets,NJN,0,0,,,,,,0
0029800187,86,2,1,1,11:28 AM,2:27,Battie BLOCK (3 BLK),,MISS McIlvaine 4' Jump Shot,,,5,29,Jim McIlvaine,1610612751.0,New Jersey,Nets,NJN,0,0,,,,,,4,1499,Tony Battie,1610612738.0,Boston,Celtics,BOS,0
0029800187,87,4,0,1,11:29 AM,2:20,DeClercq REBOUND (Off:0 Def:1),,,,,4,692,Andrew DeClercq,1610612738.0,Boston,Celtics,BOS,0,0,,,,,,0,0,,,,,,0
0029800187,88,1,1,1,11:29 AM,2:17,DeClercq 14' Jump Shot (2 PTS) (McCarty 1 AST),,,20 - 17,-3,4,692,Andrew DeClercq,1610612738.0,Boston,Celtics,BOS,4,962,Walter McCarty,1610612738.0,Boston,Celtics,BOS,0,0,,,,,,0
0029800187,89,1,1,1,11:29 AM,2:07,,,McIlvaine 16' Jump Shot (2 PTS) (Kittles 3 AST),22 - 17,-5,5,29,Jim McIlvaine,1610612751.0,New Jersey,Nets,NJN,5,954,Kerry Kittles,1610612751.0,New Jersey,Nets,NJN,0,0,,,,,,0
0029800187,90,5,1,1,11:29 AM,2:00,Mercer Bad Pass Turnover (P1.T5),,Jones STEAL (1 STL),,,4,1500,Ron Mercer,1610612738.0,Boston,Celtics,BOS,5,1800,Damon Jones,1610612751.0,New Jersey,Nets,NJN,0,0,,,,,,0
0029800187,92,1,1,1,11:29 AM,1:51,,,Jones 24' 3PT Jump Shot (3 PTS) (Gill 3 AST),25 - 17,-8,5,1800,Damon Jones,1610612751.0,New Jersey,Nets,NJN,5,383,Kendall Gill,1610612751.0,New Jersey,Nets,NJN,0,0,,,,,,0
0029800187,94,1,1,1,11:29 AM,1:36,Battie 11' Jump Shot (4 PTS) (McCarty 2 AST),,,25 - 19,-6,4,1499,Tony Battie,1610612738.0,Boston,Celtics,BOS,4,962,Walter McCarty,1610612738.0,Boston,Celtics,BOS,0,0,,,,,,0
0029800187,95,5,1,1,11:30 AM,1:24,,,Kittles Bad Pass Turnover (P1.T5),,,5,954,Kerry Kittles,1610612751.0,New Jersey,Nets,NJN,0,0,,,,,,0,0,,,,,,0
0029800187,96,8,0,1,11:30 AM,1:24,SUB: Pierce FOR Mercer,,,,,4,1500,Ron Mercer,1610612738.0,Boston,Celtics,BOS,4,1718,Paul Pierce,1610612738.0,Boston,Celtics,BOS,0,0,,,,,,0
0029800187,98,8,0,1,11:30 AM,1:24,SUB: Bowen FOR McCarty,,,,,4,962,Walter McCarty,1610612738.0,Boston,Celtics,BOS,4,1477,Bruce Bowen,1610612738.0,Boston,Celtics,BOS,0,0,,,,,,0
0029800187,99,5,1,1,11:30 AM,1:06,Battie Bad Pass Turnover (P1.T6),,Jones STEAL (2 STL),,,4,1499,Tony Battie,1610612738.0,Boston,Celtics,BOS,5,1800,Damon Jones,1610612751.0,New Jersey,Nets,NJN,0,0,,,,,,0
0029800187,100,1,8,1,11:30 AM,1:01,,,Kittles  Slam Dunk (4 PTS) (Jones 1 AST),27 - 19,-8,5,954,Kerry Kittles,1610612751.0,New Jersey,Nets,NJN,5,1800,Damon Jones,1610612751.0,New Jersey,Nets,NJN,0,0,,,,,,0
0029800187,101,9,1,1,11:30 AM,1:00,CELTICS Timeout: Regular (Full 2 Short 1),,,,,2,1610612738,,,,,,0,0,,,,,,0,0,,,,,,0
0029800187,103,8,0,1,11:32 AM,1:00,,,SUB: Burrell FOR Kittles,,,5,954,Kerry Kittles,1610612751.0,New Jersey,Nets,NJN,5,197,Scott Burrell,1610612751.0,New Jersey,Nets,NJN,0,0,,,,,,0
0029800187,104,2,1,1,11:33 AM,0:35,MISS Barros 19' Jump Shot,,,,,4,344,Dana Barros,1610612738.0,Boston,Celtics,BOS,0,0,,,,,,0,0,,,,,,0
0029800187,105,4,0,1,11:33 AM,0:34,DeClercq REBOUND (Off:1 Def:1),,,,,4,692,Andrew DeClercq,1610612738.0,Boston,Celtics,BOS,0,0,,,,,,0,0,,,,,,0
0029800187,106,6,1,1,11:33 AM,0:34,,,McIlvaine P.FOUL (P1.T2),,,5,29,Jim McIlvaine,1610612751.0,New Jersey,Nets,NJN,0,0,,,,,,0,0,,,,,,0
0029800187,107,6,2,1,11:33 AM,0:26,,,Burrell S.FOUL (P1.PN),,,5,197,Scott Burrell,1610612751.0,New Jersey,Nets,NJN,0,0,,,,,,0,0,,,,,,0
0029800187,108,3,11,1,11:33 AM,0:26,Pierce Free Throw 1 of 2 (3 PTS),,,27 - 20,-7,4,1718,Paul Pierce,1610612738.0,Boston,Celtics,BOS,0,0,,,,,,0,0,,,,,,0
0029800187,109,8,0,1,11:34 AM,0:26,,,SUB: Kittles FOR Jones,,,5,1800,Damon Jones,1610612751.0,New Jersey,Nets,NJN,5,954,Kerry Kittles,1610612751.0,New Jersey,Nets,NJN,0,0,,,,,,0
0029800187,110,3,12,1,11:34 AM,0:26,Pierce Free Throw 2 of 2 (4 PTS),,,27 - 21,-6,4,1718,Paul Pierce,1610612738.0,Boston,Celtics,BOS,0,0,,,,,,0,0,,,,,,0
0029800187,111,5,1,1,11:34 AM,0:10,,,Gill Bad Pass Turnover (P4.T6),,,5,383,Kendall Gill,1610612751.0,New Jersey,Nets,NJN,0,0,,,,,,0,0,,,,,,0
0029800187,112,2,1,1,11:35 AM,0:00,MISS Pierce 24' 3PT Jump Shot,,,,,4,1718,Paul Pierce,1610612738.0,Boston,Celtics,BOS,0,0,,,,,,0,0,,,,,,0
0029800187,113,4,0,1,11:35 AM,0:00,,,Gill REBOUND (Off:0 Def:2),,,5,383,Kendall Gill,1610612751.0,New Jersey,Nets,NJN,0,0,,,,,,0,0,,,,,,0
0029800187,114,13,0,1,11:35 AM,0:00,,,,27 - 21,-6,0,0,,,,,,0,0,,,,,,0,0,,,,,,0
0029800187,116,12,0,2,11:37 AM,12:00,,,,27 - 21,-6,0,0,,,,,,0,0,,,,,,0,0,,,,,,0
0029800187,117,2,1,2,11:38 AM,11:54,,,MISS Gatling 17' Jump Shot,,,5,423,Chris Gatling,1610612751.0,New Jersey,Nets,NJN,0,0,,,,,,0,0,,,,,,0
0029800187,118,4,0,2,11:38 AM,11:53,Pierce REBOUND (Off:1 Def:2),,,,,4,1718,Paul Pierce,1610612738.0,Boston,Celtics,BOS,0,0,,,,,,0,0,,,,,,0
0029800187,119,2,1,2,11:38 AM,11:28,MISS DeClercq 3' Jump Shot,,McIlvaine BLOCK (1 BLK),,,4,692,Andrew DeClercq,1610612738.0,Boston,Celtics,BOS,0,0,,,,,,5,29,Jim McIlvaine,1610612751.0,New Jersey,Nets,NJN,0
0029800187,120,4,0,2,11:38 AM,11:28,DeClercq REBOUND (Off:2 Def:1),,,,,4,692,Andrew DeClercq,1610612738.0,Boston,Celtics,BOS,0,0,,,,,,0,0,,,,,,0
0029800187,122,5,11,2,11:39 AM,11:28,CELTICS Turnover: Shot Clock (T#7),,,,,2,1610612738,,,,,,0,0,,,,,,0,0,,,,,,0
0029800187,123,1,5,2,11:39 AM,11:22,,,Gatling 3' Layup (2 PTS) (Gill 4 AST),29 - 21,-8,5,423,Chris Gatling,1610612751.0,New Jersey,Nets,NJN,5,383,Kendall Gill,1610612751.0,New Jersey,Nets,NJN,0,0,,,,,,0
0029800187,124,2,1,2,11:39 AM,10:56,MISS Pierce 24' 3PT Jump Shot,,,,,4,1718,Paul Pierce,1610612738.0,Boston,Celtics,BOS,0,0,,,,,,0,0,,,,,,0
0029800187,125,4,0,2,11:39 AM,10:54,,,Jones REBOUND (Off:0 Def:1),,,5,1800,Damon Jones,1610612751.0,New Jersey,Nets,NJN,0,0,,,,,,0,0,,,,,,0
0029800187,126,2,5,2,11:39 AM,10:38,,,MISS Burrell 2' Layup,,,5,197,Scott Burrell,1610612751.0,New Jersey,Nets,NJN,0,0,,,,,,0,0,,,,,,0
0029800187,127,4,0,2,11:39 AM,10:37,Pierce REBOUND (Off:1 Def:3),,,,,4,1718,Paul Pierce,1610612738.0,Boston,Celtics,BOS,0,0,,,,,,0,0,,,,,,0
0029800187,128,8,0,2,11:40 AM,10:34,SUB: Anderson FOR Barros,,,,,4,344,Dana Barros,1610612738.0,Boston,Celtics,BOS,4,72,Kenny Anderson,1610612738.0,Boston,Celtics,BOS,0,0,,,,,,0
0029800187,132,8,0,2,11:40 AM,10:34,,,SUB: Kittles FOR Gill,,,5,383,Kendall Gill,1610612751.0,New Jersey,Nets,NJN,5,954,Kerry Kittles,1610612751.0,New Jersey,Nets,NJN,0,0,,,,,,0
0029800187,129,8,0,2,11:40 AM,10:34,SUB: Jones FOR Battie,,,,,4,1499,Tony Battie,1610612738.0,Boston,Celtics,BOS,4,461,Popeye Jones,1610612738.0,Boston,Celtics,BOS,0,0,,,,,,0
0029800187,130,2,1,2,11:40 AM,10:25,MISS Pierce 12' Jump Shot,,,,,4,1718,Paul Pierce,1610612738.0,Boston,Celtics,BOS,0,0,,,,,,0,0,,,,,,0
0029800187,131,4,0,2,11:40 AM,10:21,,,Kittles REBOUND (Off:0 Def:3),,,5,954,Kerry Kittles,1610612751.0,New Jersey,Nets,NJN,0,0,,,,,,0,0,,,,,,0
0029800187,133,2,1,2,11:40 AM,10:03,,,MISS Jones 26' 3PT Jump Shot,,,5,1800,Damon Jones,1610612751.0,New Jersey,Nets,NJN,0,0,,,,,,0,0,,,,,,0
0029800187,134,4,0,2,11:40 AM,10:02,DeClercq REBOUND (Off:2 Def:2),,,,,4,692,Andrew DeClercq,1610612738.0,Boston,Celtics,BOS,0,0,,,,,,0,0,,,,,,0
0029800187,135,6,2,2,11:40 AM,9:56,,,McIlvaine S.FOUL (P2.T1),,,5,29,Jim McIlvaine,1610612751.0,New Jersey,Nets,NJN,0,0,,,,,,0,0,,,,,,0
0029800187,137,9,4,2,11:41 AM,9:56,,,,,,1,0,,,,,,0,0,,,,,,0,0,,,,,,0
0029800187,139,8,0,2,11:43 AM,9:56,SUB: Mercer FOR Bowen,,,,,4,1477,Bruce Bowen,1610612738.0,Boston,Celtics,BOS,4,1500,Ron Mercer,1610612738.0,Boston,Celtics,BOS,0,0,,,,,,0
0029800187,140,3,11,2,11:43 AM,9:56,MISS Anderson Free Throw 1 of 2,,,,,4,72,Kenny Anderson,1610612738.0,Boston,Celtics,BOS,0,0,,,,,,0,0,,,,,,0
0029800187,141,4,2,2,11:43 AM,9:56,CELTICS Rebound,,,,,2,1610612738,,,,,,0,0,,,,,,0,0,,,,,,0
0029800187,143,8,0,2,11:43 AM,9:56,,,SUB: Williams FOR McIlvaine,,,5,29,Jim McIlvaine,1610612751.0,New Jersey,Nets,NJN,5,420,Jayson Williams,1610612751.0,New Jersey,Nets,NJN,0,0,,,,,,0
0029800187,142,3,12,2,11:43 AM,9:56,Anderson Free Throw 2 of 2 (5 PTS),,,29 - 22,-7,4,72,Kenny Anderson,1610612738.0,Boston,Celtics,BOS,0,0,,,,,,0,0,,,,,,0
0029800187,144,1,1,2,11:43 AM,9:41,,,Gatling 4' Jump Shot (4 PTS),31 - 22,-9,5,423,Chris Gatling,1610612751.0,New Jersey,Nets,NJN,0,0,,,,,,0,0,,,,,,0
0029800187,145,6,2,2,11:43 AM,9:41,DeClercq S.FOUL (P2.T1),,,,,4,692,Andrew DeClercq,1610612738.0,Boston,Celtics,BOS,0,0,,,,,,0,0,,,,,,0
0029800187,146,3,10,2,11:44 AM,9:41,,,MISS Gatling Free Throw 1 of 1,,,5,423,Chris Gatling,1610612751.0,New Jersey,Nets,NJN,0,0,,,,,,0,0,,,,,,0
0029800187,147,4,0,2,11:44 AM,9:39,Jones REBOUND (Off:0 Def:1),,,,,4,461,Popeye Jones,1610612738.0,Boston,Celtics,BOS,0,0,,,,,,0,0,,,,,,0
0029800187,148,5,2,2,11:44 AM,9:37,Jones Lost Ball Turnover (P1.T8),,Jones STEAL (3 STL),,,4,461,Popeye Jones,1610612738.0,Boston,Celtics,BOS,5,1800,Damon Jones,1610612751.0,New Jersey,Nets,NJN,0,0,,,,,,0
0029800187,149,6,4,2,11:44 AM,9:32,,,Kittles OFF.Foul (P2),,,5,954,Kerry Kittles,1610612751.0,New Jersey,Nets,NJN,0,0,,,,,,0,0,,,,,,0
0029800187,150,5,5,2,11:44 AM,9:32,,,Kittles Foul Turnover (P2.T7),,,5,954,Kerry Kittles,1610612751.0,New Jersey,Nets,NJN,0,0,,,,,,0,0,,,,,,0
0029800187,151,2,1,2,11:44 AM,9:18,MISS Jones 4' Jump Shot,,,,,4,461,Popeye Jones,1610612738.0,Boston,Celtics,BOS,0,0,,,,,,0,0,,,,,,0
0029800187,152,4,0,2,11:44 AM,9:16,Jones REBOUND (Off:1 Def:1),,,,,4,461,Popeye Jones,1610612738.0,Boston,Celtics,BOS,0,0,,,,,,0,0,,,,,,0
0029800187,153,2,5,2,11:44 AM,9:15,MISS Jones 2' Layup,,,,,4,461,Popeye Jones,1610612738.0,Boston,Celtics,BOS,0,0,,,,,,0,0,,,,,,0
0029800187,154,4,0,2,11:44 AM,9:13,,,Jones REBOUND (Off:0 Def:2),,,5,1800,Damon Jones,1610612751.0,New Jersey,Nets,NJN,0,0,,,,,,0,0,,,,,,0
0029800187,155,2,1,2,11:45 AM,9:03,,,MISS Gatling 16' Jump Shot,,,5,423,Chris Gatling,1610612751.0,New Jersey,Nets,NJN,0,0,,,,,,0,0,,,,,,0
0029800187,156,4,0,2,11:45 AM,9:01,CELTICS Rebound,,,,,2,1610612738,,,,,,0,0,,,,,,0,0,,,,,,0
0029800187,157,8,0,2,11:45 AM,9:01,SUB: Walker FOR Jones,,,,,4,461,Popeye Jones,1610612738.0,Boston,Celtics,BOS,4,952,Antoine Walker,1610612738.0,Boston,Celtics,BOS,0,0,,,,,,0
0029800187,158,8,0,2,11:45 AM,9:01,SUB: Battie FOR DeClercq,,,,,4,692,Andrew DeClercq,1610612738.0,Boston,Celtics,BOS,4,1499,Tony Battie,1610612738.0,Boston,Celtics,BOS,0,0,,,,,,0
0029800187,159,1,6,2,11:45 AM,8:51,Pierce 1' Driving Layup (6 PTS) (Anderson 1 AST),,,31 - 24,-7,4,1718,Paul Pierce,1610612738.0,Boston,Celtics,BOS,4,72,Kenny Anderson,1610612738.0,Boston,Celtics,BOS,0,0,,,,,,0
0029800187,160,2,1,2,11:46 AM,8:30,,,MISS Burrell 10' Jump Shot,,,5,197,Scott Burrell,1610612751.0,New Jersey,Nets,NJN,0,0,,,,,,0,0,,,,,,0
0029800187,161,4,0,2,11:46 AM,8:27,,,Gatling REBOUND (Off:1 Def:0),,,5,423,Chris Gatling,1610612751.0,New Jersey,Nets,NJN,0,0,,,,,,0,0,,,,,,0
0029800187,162,2,5,2,11:46 AM,8:27,,,MISS Gatling 3' Layup,,,5,423,Chris Gatling,1610612751.0,New Jersey,Nets,NJN,0,0,,,,,,0,0,,,,,,0
0029800187,163,4,0,2,11:46 AM,8:27,CELTICS Rebound,,,,,2,1610612738,,,,,,0,0,,,,,,0,0,,,,,,0
0029800187,164,2,1,2,11:46 AM,8:07,MISS Walker 9' Jump Shot,,,,,4,952,Antoine Walker,1610612738.0,Boston,Celtics,BOS,0,0,,,,,,0,0,,,,,,0
0029800187,165,4,0,2,11:46 AM,8:04,,,Williams REBOUND (Off:0 Def:7),,,5,420,Jayson Williams,1610612751.0,New Jersey,Nets,NJN,0,0,,,,,,0,0,,,,,,0
0029800187,166,2,1,2,11:46 AM,7:49,,,MISS Kittles 19' Jump Shot,,,5,954,Kerry Kittles,1610612751.0,New Jersey,Nets,NJN,0,0,,,,,,0,0,,,,,,0
0029800187,167,4,0,2,11:46 AM,7:47,Walker REBOUND (Off:1 Def:5),,,,,4,952,Antoine Walker,1610612738.0,Boston,Celtics,BOS,0,0,,,,,,0,0,,,,,,0
0029800187,168,6,1,2,11:47 AM,7:43,,,Jones P.FOUL (P1.T2),,,5,1800,Damon Jones,1610612751.0,New Jersey,Nets,NJN,0,0,,,,,,0,0,,,,,,0
0029800187,169,8,0,2,11:47 AM,7:43,,,SUB: Murdock FOR Jones,,,5,1800,Damon Jones,1610612751.0,New Jersey,Nets,NJN,5,785,Eric Murdock,1610612751.0,New Jersey,Nets,NJN,0,0,,,,,,0
0029800187,170,8,0,2,11:47 AM,7:43,,,SUB: Van Horn FOR Gatling,,,5,423,Chris Gatling,1610612751.0,New Jersey,Nets,NJN,5,1496,Keith Van Horn,1610612751.0,New Jersey,Nets,NJN,0,0,,,,,,0
0029800187,171,2,5,2,11:47 AM,7:30,MISS Mercer 2' Layup,,Van Horn BLOCK (1 BLK),,,4,1500,Ron Mercer,1610612738.0,Boston,Celtics,BOS,0,0,,,,,,5,1496,Keith Van Horn,1610612751.0,New Jersey,Nets,NJN,0
0029800187,172,4,0,2,11:47 AM,7:28,,,Burrell REBOUND (Off:0 Def:1),,,5,197,Scott Burrell,1610612751.0,New Jersey,Nets,NJN,0,0,,,,,,0,0,,,,,,0
0029800187,173,2,1,2,11:47 AM,7:24,,,MISS Burrell 19' Jump Shot,,,5,197,Scott Burrell,1610612751.0,New Jersey,Nets,NJN,0,0,,,,,,0,0,,,,,,0
0029800187,174,4,0,2,11:47 AM,7:23,Battie REBOUND (Off:0 Def:1),,,,,4,1499,Tony Battie,1610612738.0,Boston,Celtics,BOS,0,0,,,,,,0,0,,,,,,0
0029800187,175,2,1,2,11:47 AM,7:16,MISS Walker 4' Jump Shot,,,,,4,952,Antoine Walker,1610612738.0,Boston,Celtics,BOS,0,0,,,,,,0,0,,,,,,0
0029800187,176,4,0,2,11:47 AM,7:13,,,Williams REBOUND (Off:0 Def:8),,,5,420,Jayson Williams,1610612751.0,New Jersey,Nets,NJN,0,0,,,,,,0,0,,,,,,0
0029800187,177,6,1,2,11:48 AM,6:58,Anderson P.FOUL (P1.T2),,,,,4,72,Kenny Anderson,1610612738.0,Boston,Celtics,BOS,0,0,,,,,,0,0,,,,,,0
0029800187,178,9,1,2,11:48 AM,6:58,CELTICS Timeout: Regular (Full 3 Short 1),,,,,2,1610612738,,,,,,0,0,,,,,,0,0,,,,,,0
0029800187,180,1,1,2,11:50 AM,6:46,,,Burrell 22' Jump Shot (2 PTS) (Kittles 4 AST),33 - 24,-9,5,197,Scott Burrell,1610612751.0,New Jersey,Nets,NJN,5,954,Kerry Kittles,1610612751.0,New Jersey,Nets,NJN,0,0,,,,,,0
0029800187,183,1,6,2,11:51 AM,6:25,Pierce 1' Driving Layup (8 PTS),,,33 - 26,-7,4,1718,Paul Pierce,1610612738.0,Boston,Celtics,BOS,0,0,,,,,,0,0,,,,,,0
0029800187,184,1,5,2,11:51 AM,6:16,,,Williams 2' Layup (4 PTS) (Van Horn 2 AST),35 - 26,-9,5,420,Jayson Williams,1610612751.0,New Jersey,Nets,NJN,5,1496,Keith Van Horn,1610612751.0,New Jersey,Nets,NJN,0,0,,,,,,0
0029800187,185,2,1,2,11:51 AM,6:00,MISS Walker 6' Jump Shot,,,,,4,952,Antoine Walker,1610612738.0,Boston,Celtics,BOS,0,0,,,,,,0,0,,,,,,0
0029800187,186,4,0,2,11:51 AM,5:58,,,Van Horn REBOUND (Off:0 Def:2),,,5,1496,Keith Van Horn,1610612751.0,New Jersey,Nets,NJN,0,0,,,,,,0,0,,,,,,0
0029800187,187,1,2,2,11:52 AM,5:40,,,Van Horn 5' Running Jump Shot (12 PTS) (Kittles 5 AST),37 - 26,-11,5,1496,Keith Van Horn,1610612751.0,New Jersey,Nets,NJN,5,954,Kerry Kittles,1610612751.0,New Jersey,Nets,NJN,0,0,,,,,,0
0029800187,188,1,8,2,11:52 AM,5:22,Pierce 1' Slam Dunk (10 PTS) (Battie 1 AST),,,37 - 28,-9,4,1718,Paul Pierce,1610612738.0,Boston,Celtics,BOS,4,1499,Tony Battie,1610612738.0,Boston,Celtics,BOS,0,0,,,,,,0
0029800187,189,2,1,2,11:52 AM,5:09,,,MISS Burrell 24' 3PT Jump Shot,,,5,197,Scott Burrell,1610612751.0,New Jersey,Nets,NJN,0,0,,,,,,0,0,,,,,,0
0029800187,190,4,0,2,11:52 AM,5:07,Anderson REBOUND (Off:0 Def:2),,,,,4,72,Kenny Anderson,1610612738.0,Boston,Celtics,BOS,0,0,,,,,,0,0,,,,,,0
0029800187,191,8,0,2,11:52 AM,4:58,,,SUB: Gill FOR Burrell,,,5,197,Scott Burrell,1610612751.0,New Jersey,Nets,NJN,5,383,Kendall Gill,1610612751.0,New Jersey,Nets,NJN,0,0,,,,,,0
0029800187,192,2,1,2,11:53 AM,4:53,MISS Mercer 16' Jump Shot,,,,,4,1500,Ron Mercer,1610612738.0,Boston,Celtics,BOS,0,0,,,,,,0,0,,,,,,0
0029800187,193,4,0,2,11:53 AM,4:51,Battie REBOUND (Off:1 Def:1),,,,,4,1499,Tony Battie,1610612738.0,Boston,Celtics,BOS,0,0,,,,,,0,0,,,,,,0
0029800187,194,1,8,2,11:53 AM,4:50,Battie 1' Slam Dunk (6 PTS),,,37 - 30,-7,4,1499,Tony Battie,1610612738.0,Boston,Celtics,BOS,0,0,,,,,,0,0,,,,,,0
0029800187,195,2,1,2,11:53 AM,4:37,,,MISS Van Horn 14' Jump Shot,,,5,1496,Keith Van Horn,1610612751.0,New Jersey,Nets,NJN,0,0,,,,,,0,0,,,,,,0
0029800187,196,4,0,2,11:53 AM,4:35,CELTICS Rebound,,,,,2,1610612738,,,,,,0,0,,,,,,0,0,,,,,,0
0029800187,197,1,9,2,11:54 AM,4:16,Mercer 1' Driving Dunk (2 PTS) (Anderson 2 AST),,,37 - 32,-5,4,1500,Ron Mercer,1610612738.0,Boston,Celtics,BOS,4,72,Kenny Anderson,1610612738.0,Boston,Celtics,BOS,0,0,,,,,,0
0029800187,198,2,5,2,11:54 AM,3:55,,,MISS Van Horn 2' Layup,,,5,1496,Keith Van Horn,1610612751.0,New Jersey,Nets,NJN,0,0,,,,,,0,0,,,,,,0
0029800187,199,4,0,2,11:54 AM,3:55,,,Williams REBOUND (Off:1 Def:8),,,5,420,Jayson Williams,1610612751.0,New Jersey,Nets,NJN,0,0,,,,,,0,0,,,,,,0
0029800187,200,6,2,2,11:54 AM,3:55,Battie S.FOUL (P1.T3),,,,,4,1499,Tony Battie,1610612738.0,Boston,Celtics,BOS,0,0,,,,,,0,0,,,,,,0
0029800187,201,3,11,2,11:54 AM,3:55,,,Williams Free Throw 1 of 2 (5 PTS),38 - 32,-6,5,420,Jayson Williams,1610612751.0,New Jersey,Nets,NJN,0,0,,,,,,0,0,,,,,,0
0029800187,202,3,12,2,11:55 AM,3:55,,,Williams Free Throw 2 of 2 (6 PTS),39 - 32,-7,5,420,Jayson Williams,1610612751.0,New Jersey,Nets,NJN,0,0,,,,,,0,0,,,,,,0
0029800187,203,6,10,2,11:55 AM,3:49,,,,,,4,1718,Paul Pierce,1610612738.0,Boston,Celtics,BOS,5,383,Kendall Gill,1610612751.0,New Jersey,Nets,NJN,1,0,,,,,,0
0029800187,204,8,0,2,11:55 AM,3:49,SUB: McCarty FOR Pierce,,,,,4,1718,Paul Pierce,1610612738.0,Boston,Celtics,BOS,4,962,Walter McCarty,1610612738.0,Boston,Celtics,BOS,0,0,,,,,,0
0029800187,205,6,1,2,11:56 AM,3:39,,,Gill P.FOUL (P2.T3),,,5,383,Kendall Gill,1610612751.0,New Jersey,Nets,NJN,0,0,,,,,,0,0,,,,,,0
0029800187,206,1,1,2,11:56 AM,3:31,Mercer 19' Jump Shot (4 PTS) (Walker 2 AST),,,39 - 34,-5,4,1500,Ron Mercer,1610612738.0,Boston,Celtics,BOS,4,952,Antoine Walker,1610612738.0,Boston,Celtics,BOS,0,0,,,,,,0
0029800187,207,1,1,2,11:56 AM,3:09,,,Kittles 20' Jump Shot (6 PTS) (Gill 5 AST),41 - 34,-7,5,954,Kerry Kittles,1610612751.0,New Jersey,Nets,NJN,5,383,Kendall Gill,1610612751.0,New Jersey,Nets,NJN,0,0,,,,,,0
0029800187,208,2,1,2,11:57 AM,2:59,MISS Anderson 13' Jump Shot,,,,,4,72,Kenny Anderson,1610612738.0,Boston,Celtics,BOS,0,0,,,,,,0,0,,,,,,0
0029800187,209,4,0,2,11:57 AM,2:57,,,Van Horn REBOUND (Off:0 Def:3),,,5,1496,Keith Van Horn,1610612751.0,New Jersey,Nets,NJN,0,0,,,,,,0,0,,,,,,0
0029800187,210,1,6,2,11:57 AM,2:51,,,Kittles 3' Driving Layup (8 PTS),43 - 34,-9,5,954,Kerry Kittles,1610612751.0,New Jersey,Nets,NJN,0,0,,,,,,0,0,,,,,,0
0029800187,211,2,1,2,11:57 AM,2:40,MISS McCarty 12' Jump Shot,,,,,4,962,Walter McCarty,1610612738.0,Boston,Celtics,BOS,0,0,,,,,,0,0,,,,,,0
0029800187,212,4,0,2,11:57 AM,2:37,,,Gill REBOUND (Off:0 Def:3),,,5,383,Kendall Gill,1610612751.0,New Jersey,Nets,NJN,0,0,,,,,,0,0,,,,,,0
0029800187,213,2,1,2,11:57 AM,2:30,,,MISS Van Horn 24' 3PT Jump Shot,,,5,1496,Keith Van Horn,1610612751.0,New Jersey,Nets,NJN,0,0,,,,,,0,0,,,,,,0
0029800187,214,4,0,2,11:57 AM,2:27,McCarty REBOUND (Off:0 Def:2),,,,,4,962,Walter McCarty,1610612738.0,Boston,Celtics,BOS,0,0,,,,,,0,0,,,,,,0
0029800187,215,5,1,2,11:57 AM,2:20,McCarty Bad Pass Turnover (P1.T9),,Gill STEAL (1 STL),,,4,962,Walter McCarty,1610612738.0,Boston,Celtics,BOS,5,383,Kendall Gill,1610612751.0,New Jersey,Nets,NJN,0,0,,,,,,0
0029800187,216,6,1,2,11:57 AM,2:18,McCarty P.FOUL (P1.T4),,,,,4,962,Walter McCarty,1610612738.0,Boston,Celtics,BOS,0,0,,,,,,0,0,,,,,,0
0029800187,217,9,1,2,11:57 AM,2:18,,,Nets Timeout: Regular (Reg.2 Short 0),,,3,1610612751,,,,,,0,0,,,,,,0,0,,,,,,0
0029800187,219,8,0,2,12:00 PM,2:18,SUB: Bowen FOR McCarty,,,,,4,962,Walter McCarty,1610612738.0,Boston,Celtics,BOS,4,1477,Bruce Bowen,1610612738.0,Boston,Celtics,BOS,0,0,,,,,,0
0029800187,220,1,1,2,12:00 PM,2:02,,,Kittles 18' Jump Shot (10 PTS) (Van Horn 3 AST),45 - 34,-11,5,954,Kerry Kittles,1610612751.0,New Jersey,Nets,NJN,5,1496,Keith Van Horn,1610612751.0,New Jersey,Nets,NJN,0,0,,,,,,0
0029800187,221,2,1,2,12:00 PM,1:49,MISS Walker 8' Jump Shot,,,,,4,952,Antoine Walker,1610612738.0,Boston,Celtics,BOS,0,0,,,,,,0,0,,,,,,0
0029800187,222,4,0,2,12:00 PM,1:48,,,Kittles REBOUND (Off:0 Def:4),,,5,954,Kerry Kittles,1610612751.0,New Jersey,Nets,NJN,0,0,,,,,,0,0,,,,,,0
0029800187,223,6,2,2,12:00 PM,1:38,Mercer S.FOUL (P1.PN),,,,,4,1500,Ron Mercer,1610612738.0,Boston,Celtics,BOS,0,0,,,,,,0,0,,,,,,0
0029800187,224,3,11,2,12:01 PM,1:38,,,Williams Free Throw 1 of 2 (7 PTS),46 - 34,-12,5,420,Jayson Williams,1610612751.0,New Jersey,Nets,NJN,0,0,,,,,,0,0,,,,,,0
0029800187,225,3,12,2,12:01 PM,1:38,,,MISS Williams Free Throw 2 of 2,,,5,420,Jayson Williams,1610612751.0,New Jersey,Nets,NJN,0,0,,,,,,0,0,,,,,,0
0029800187,226,4,0,2,12:01 PM,1:34,Bowen REBOUND (Off:0 Def:1),,,,,4,1477,Bruce Bowen,1610612738.0,Boston,Celtics,BOS,0,0,,,,,,0,0,,,,,,0
0029800187,227,1,1,2,12:01 PM,1:23,Walker 25' 3PT Jump Shot (10 PTS) (Battie 2 AST),,,46 - 37,-9,4,952,Antoine Walker,1610612738.0,Boston,Celtics,BOS,4,1499,Tony Battie,1610612738.0,Boston,Celtics,BOS,0,0,,,,,,0
0029800187,228,2,1,2,12:01 PM,0:57,Walker BLOCK (1 BLK),,MISS Van Horn 4' Jump Shot,,,5,1496,Keith Van Horn,1610612751.0,New Jersey,Nets,NJN,0,0,,,,,,4,952,Antoine Walker,1610612738.0,Boston,Celtics,BOS,0
0029800187,229,4,0,2,12:01 PM,0:54,Mercer REBOUND (Off:0 Def:1),,,,,4,1500,Ron Mercer,1610612738.0,Boston,Celtics,BOS,0,0,,,,,,0,0,,,,,,0
0029800187,230,2,5,2,12:01 PM,0:51,MISS Bowen 2' Layup,,,,,4,1477,Bruce Bowen,1610612738.0,Boston,Celtics,BOS,0,0,,,,,,0,0,,,,,,0
0029800187,231,4,0,2,12:01 PM,0:51,Battie REBOUND (Off:2 Def:1),,,,,4,1499,Tony Battie,1610612738.0,Boston,Celtics,BOS,0,0,,,,,,0,0,,,,,,0
0029800187,232,1,4,2,12:01 PM,0:51,Battie  Tip Shot (8 PTS),,,46 - 39,-7,4,1499,Tony Battie,1610612738.0,Boston,Celtics,BOS,0,0,,,,,,0,0,,,,,,0
0029800187,233,2,1,2,12:02 PM,0:32,Mercer BLOCK (1 BLK),,MISS Gill 3' Jump Shot,,,5,383,Kendall Gill,1610612751.0,New Jersey,Nets,NJN,0,0,,,,,,4,1500,Ron Mercer,1610612738.0,Boston,Celtics,BOS,0
0029800187,234,4,0,2,12:02 PM,0:32,,,Kittles REBOUND (Off:1 Def:4),,,5,954,Kerry Kittles,1610612751.0,New Jersey,Nets,NJN,0,0,,,,,,0,0,,,,,,0
0029800187,235,1,3,2,12:02 PM,0:20,,,Van Horn 4' Hook Shot (14 PTS) (Murdock 2 AST),48 - 39,-9,5,1496,Keith Van Horn,1610612751.0,New Jersey,Nets,NJN,5,785,Eric Murdock,1610612751.0,New Jersey,Nets,NJN,0,0,,,,,,0
0029800187,236,1,6,2,12:03 PM,0:03,Anderson 1' Driving Layup (7 PTS),,,48 - 41,-7,4,72,Kenny Anderson,1610612738.0,Boston,Celtics,BOS,0,0,,,,,,0,0,,,,,,0
0029800187,237,2,1,2,12:03 PM,0:01,,,MISS Kittles 25' 3PT Jump Shot,,,5,954,Kerry Kittles,1610612751.0,New Jersey,Nets,NJN,0,0,,,,,,0,0,,,,,,0
0029800187,238,4,0,2,12:03 PM,0:00,,,Nets Rebound,,,3,1610612751,,,,,,0,0,,,,,,0,0,,,,,,0
0029800187,239,13,0,2,12:03 PM,0:00,,,,48 - 41,-7,0,0,,,,,,0,0,,,,,,0,0,,,,,,0
0029800187,241,12,0,3,12:18 PM,12:00,,,,48 - 41,-7,0,0,,,,,,0,0,,,,,,0,0,,,,,,0
0029800187,242,2,1,3,12:19 PM,11:47,,,MISS Gill 20' Jump Shot,,,5,383,Kendall Gill,1610612751.0,New Jersey,Nets,NJN,0,0,,,,,,0,0,,,,,,0
0029800187,243,4,0,3,12:19 PM,11:45,Walker REBOUND (Off:1 Def:6),,,,,4,952,Antoine Walker,1610612738.0,Boston,Celtics,BOS,0,0,,,,,,0,0,,,,,,0
0029800187,244,1,1,3,12:19 PM,11:40,Battie 13' Jump Shot (10 PTS) (Walker 3 AST),,,48 - 43,-5,4,1499,Tony Battie,1610612738.0,Boston,Celtics,BOS,4,952,Antoine Walker,1610612738.0,Boston,Celtics,BOS,0,0,,,,,,0
0029800187,245,1,8,3,12:19 PM,11:27,,,Gill 1' Slam Dunk (8 PTS) (Kittles 6 AST),50 - 43,-7,5,383,Kendall Gill,1610612751.0,New Jersey,Nets,NJN,5,954,Kerry Kittles,1610612751.0,New Jersey,Nets,NJN,0,0,,,,,,0
0029800187,246,1,1,3,12:20 PM,11:02,Mercer 20' Jump Shot (6 PTS) (Walker 4 AST),,,50 - 45,-5,4,1500,Ron Mercer,1610612738.0,Boston,Celtics,BOS,4,952,Antoine Walker,1610612738.0,Boston,Celtics,BOS,0,0,,,,,,0
0029800187,248,7,3,3,12:20 PM,10:44,Battie Violation:Lane,,,,,4,1499,Tony Battie,1610612738.0,Boston,Celtics,BOS,0,0,,,,,,0,0,,,,,,0
0029800187,247,1,5,3,12:20 PM,10:44,,,Gill 2' Layup (10 PTS) (Van Horn 4 AST),52 - 45,-7,5,383,Kendall Gill,1610612751.0,New Jersey,Nets,NJN,5,1496,Keith Van Horn,1610612751.0,New Jersey,Nets,NJN,0,0,,,,,,0
0029800187,249,5,1,3,12:20 PM,10:34,Walker Bad Pass Turnover (P3.T10),,,,,4,952,Antoine Walker,1610612738.0,Boston,Celtics,BOS,0,0,,,,,,0,0,,,,,,0
0029800187,250,2,1,3,12:21 PM,10:18,,,MISS Kittles 4' Jump Shot,,,5,954,Kerry Kittles,1610612751.0,New Jersey,Nets,NJN,0,0,,,,,,0,0,,,,,,0
0029800187,251,4,0,3,12:21 PM,10:16,,,Williams REBOUND (Off:2 Def:8),,,5,420,Jayson Williams,1610612751.0,New Jersey,Nets,NJN,0,0,,,,,,0,0,,,,,,0
0029800187,252,2,5,3,12:21 PM,10:15,,,MISS Williams 1' Layup,,,5,420,Jayson Williams,1610612751.0,New Jersey,Nets,NJN,0,0,,,,,,0,0,,,,,,0
0029800187,253,4,0,3,12:21 PM,10:14,Battie REBOUND (Off:2 Def:2),,,,,4,1499,Tony Battie,1610612738.0,Boston,Celtics,BOS,0,0,,,,,,0,0,,,,,,0
0029800187,255,6,1,3,12:21 PM,10:14,,,Murdock P.FOUL (P1.T1),,,5,785,Eric Murdock,1610612751.0,New Jersey,Nets,NJN,0,0,,,,,,0,0,,,,,,0
0029800187,256,2,5,3,12:21 PM,9:59,MISS Walker 2' Layup,,,,,4,952,Antoine Walker,1610612738.0,Boston,Celtics,BOS,0,0,,,,,,0,0,,,,,,0
0029800187,257,4,0,3,12:21 PM,9:57,,,Williams REBOUND (Off:2 Def:9),,,5,420,Jayson Williams,1610612751.0,New Jersey,Nets,NJN,0,0,,,,,,0,0,,,,,,0
0029800187,258,5,2,3,12:21 PM,9:52,Pierce STEAL (2 STL),,Van Horn Lost Ball Turnover (P1.T8),,,5,1496,Keith Van Horn,1610612751.0,New Jersey,Nets,NJN,4,1718,Paul Pierce,1610612738.0,Boston,Celtics,BOS,0,0,,,,,,0
0029800187,259,6,2,3,12:21 PM,9:46,,,Williams S.FOUL (P1.T2),,,5,420,Jayson Williams,1610612751.0,New Jersey,Nets,NJN,0,0,,,,,,0,0,,,,,,0
0029800187,260,3,11,3,12:22 PM,9:46,Mercer Free Throw 1 of 2 (7 PTS),,,52 - 46,-6,4,1500,Ron Mercer,1610612738.0,Boston,Celtics,BOS,0,0,,,,,,0,0,,,,,,0
0029800187,261,3,12,3,12:22 PM,9:46,Mercer Free Throw 2 of 2 (8 PTS),,,52 - 47,-5,4,1500,Ron Mercer,1610612738.0,Boston,Celtics,BOS,0,0,,,,,,0,0,,,,,,0
0029800187,262,2,1,3,12:22 PM,9:31,,,MISS Gill 18' Jump Shot,,,5,383,Kendall Gill,1610612751.0,New Jersey,Nets,NJN,0,0,,,,,,0,0,,,,,,0
0029800187,263,4,0,3,12:22 PM,9:31,CELTICS Rebound,,,,,2,1610612738,,,,,,0,0,,,,,,0,0,,,,,,0
0029800187,264,1,9,3,12:23 PM,9:14,Pierce 2' Driving Dunk (12 PTS) (Walker 5 AST),,,52 - 49,-3,4,1718,Paul Pierce,1610612738.0,Boston,Celtics,BOS,4,952,Antoine Walker,1610612738.0,Boston,Celtics,BOS,0,0,,,,,,0
0029800187,265,9,2,3,12:23 PM,9:08,,,Nets Timeout: Short (Reg.2 Short 1),,,3,1610612751,,,,,,0,0,,,,,,0,0,,,,,,0
0029800187,267,1,1,3,12:24 PM,8:55,,,Kittles 21' Jump Shot (12 PTS) (Gill 6 AST),54 - 49,-5,5,954,Kerry Kittles,1610612751.0,New Jersey,Nets,NJN,5,383,Kendall Gill,1610612751.0,New Jersey,Nets,NJN,0,0,,,,,,0
0029800187,268,1,1,3,12:24 PM,8:40,Anderson 13' Jump Shot (9 PTS),,,54 - 51,-3,4,72,Kenny Anderson,1610612738.0,Boston,Celtics,BOS,0,0,,,,,,0,0,,,,,,0
0029800187,269,2,1,3,12:24 PM,8:22,,,MISS Kittles 19' Jump Shot,,,5,954,Kerry Kittles,1610612751.0,New Jersey,Nets,NJN,0,0,,,,,,0,0,,,,,,0
0029800187,270,4,0,3,12:24 PM,8:20,Anderson REBOUND (Off:0 Def:3),,,,,4,72,Kenny Anderson,1610612738.0,Boston,Celtics,BOS,0,0,,,,,,0,0,,,,,,0
0029800187,271,2,5,3,12:24 PM,8:14,MISS Walker 2' Layup,,,,,4,952,Antoine Walker,1610612738.0,Boston,Celtics,BOS,0,0,,,,,,0,0,,,,,,0
0029800187,272,4,0,3,12:24 PM,8:12,,,Van Horn REBOUND (Off:0 Def:4),,,5,1496,Keith Van Horn,1610612751.0,New Jersey,Nets,NJN,0,0,,,,,,0,0,,,,,,0
0029800187,273,6,2,3,12:25 PM,8:10,Battie S.FOUL (P2.T1),,,,,4,1499,Tony Battie,1610612738.0,Boston,Celtics,BOS,0,0,,,,,,0,0,,,,,,0
0029800187,274,8,0,3,12:25 PM,8:10,SUB: Bowen FOR Mercer,,,,,4,1500,Ron Mercer,1610612738.0,Boston,Celtics,BOS,4,1477,Bruce Bowen,1610612738.0,Boston,Celtics,BOS,0,0,,,,,,0
0029800187,275,3,11,3,12:25 PM,8:10,,,Gill Free Throw 1 of 2 (11 PTS),55 - 51,-4,5,383,Kendall Gill,1610612751.0,New Jersey,Nets,NJN,0,0,,,,,,0,0,,,,,,0
0029800187,276,3,12,3,12:25 PM,8:10,,,MISS Gill Free Throw 2 of 2,,,5,383,Kendall Gill,1610612751.0,New Jersey,Nets,NJN,0,0,,,,,,0,0,,,,,,0
0029800187,277,4,0,3,12:25 PM,8:09,Walker REBOUND (Off:1 Def:7),,,,,4,952,Antoine Walker,1610612738.0,Boston,Celtics,BOS,0,0,,,,,,0,0,,,,,,0
0029800187,278,1,1,3,12:26 PM,7:50,Walker 11' Jump Shot (12 PTS),,,55 - 53,-2,4,952,Antoine Walker,1610612738.0,Boston,Celtics,BOS,0,0,,,,,,0,0,,,,,,0
0029800187,279,2,1,3,12:26 PM,7:32,,,MISS Murdock 6' Jump Shot,,,5,785,Eric Murdock,1610612751.0,New Jersey,Nets,NJN,0,0,,,,,,0,0,,,,,,0
0029800187,280,4,0,3,12:26 PM,7:30,,,Williams REBOUND (Off:3 Def:9),,,5,420,Jayson Williams,1610612751.0,New Jersey,Nets,NJN,0,0,,,,,,0,0,,,,,,0
0029800187,281,1,4,3,12:26 PM,7:29,,,Williams 2' Tip Shot (9 PTS),57 - 53,-4,5,420,Jayson Williams,1610612751.0,New Jersey,Nets,NJN,0,0,,,,,,0,0,,,,,,0
0029800187,282,1,5,3,12:26 PM,7:13,Walker 2' Layup (14 PTS) (Pierce 3 AST),,,57 - 55,-2,4,952,Antoine Walker,1610612738.0,Boston,Celtics,BOS,4,1718,Paul Pierce,1610612738.0,Boston,Celtics,BOS,0,0,,,,,,0
0029800187,283,5,2,3,12:27 PM,7:06,Pierce STEAL (3 STL),,Murdock Lost Ball Turnover (P2.T9),,,5,785,Eric Murdock,1610612751.0,New Jersey,Nets,NJN,4,1718,Paul Pierce,1610612738.0,Boston,Celtics,BOS,0,0,,,,,,0
0029800187,284,2,1,3,12:27 PM,6:56,MISS Battie 11' Jump Shot,,,,,4,1499,Tony Battie,1610612738.0,Boston,Celtics,BOS,0,0,,,,,,0,0,,,,,,0
0029800187,285,4,0,3,12:27 PM,6:54,,,Williams REBOUND (Off:3 Def:10),,,5,420,Jayson Williams,1610612751.0,New Jersey,Nets,NJN,0,0,,,,,,0,0,,,,,,0
0029800187,286,5,1,3,12:27 PM,6:42,Battie STEAL (1 STL),,Kittles Bad Pass Turnover (P3.T10),,,5,954,Kerry Kittles,1610612751.0,New Jersey,Nets,NJN,4,1499,Tony Battie,1610612738.0,Boston,Celtics,BOS,0,0,,,,,,0
0029800187,287,9,1,3,12:27 PM,6:31,CELTICS Timeout: Regular (Full 4 Short 1),,,,,2,1610612738,,,,,,0,0,,,,,,0,0,,,,,,0
0029800187,289,5,1,3,12:30 PM,6:24,Pierce Bad Pass Turnover (P1.T11),,Gill STEAL (2 STL),,,4,1718,Paul Pierce,1610612738.0,Boston,Celtics,BOS,5,383,Kendall Gill,1610612751.0,New Jersey,Nets,NJN,0,0,,,,,,0
0029800187,290,5,1,3,12:30 PM,6:16,Pierce STEAL (4 STL),,Kittles Bad Pass Turnover (P4.T11),,,5,954,Kerry Kittles,1610612751.0,New Jersey,Nets,NJN,4,1718,Paul Pierce,1610612738.0,Boston,Celtics,BOS,0,0,,,,,,0
0029800187,291,1,5,3,12:30 PM,6:11,Walker 1' Layup (16 PTS) (Anderson 3 AST),,,57 - 57,TIE,4,952,Antoine Walker,1610612738.0,Boston,Celtics,BOS,4,72,Kenny Anderson,1610612738.0,Boston,Celtics,BOS,0,0,,,,,,0
0029800187,292,1,1,3,12:30 PM,5:48,,,Gill 20' Jump Shot (13 PTS) (Kittles 7 AST),59 - 57,-2,5,383,Kendall Gill,1610612751.0,New Jersey,Nets,NJN,5,954,Kerry Kittles,1610612751.0,New Jersey,Nets,NJN,0,0,,,,,,0
0029800187,293,1,6,3,12:30 PM,5:33,Pierce 1' Driving Layup (14 PTS) (Anderson 4 AST),,,59 - 59,TIE,4,1718,Paul Pierce,1610612738.0,Boston,Celtics,BOS,4,72,Kenny Anderson,1610612738.0,Boston,Celtics,BOS,0,0,,,,,,0
0029800187,294,1,5,3,12:31 PM,5:18,,,Murdock 2' Layup (2 PTS),61 - 59,-2,5,785,Eric Murdock,1610612751.0,New Jersey,Nets,NJN,0,0,,,,,,0,0,,,,,,0
0029800187,295,1,6,3,12:31 PM,5:10,Anderson 3' Driving Layup (11 PTS),,,61 - 61,TIE,4,72,Kenny Anderson,1610612738.0,Boston,Celtics,BOS,0,0,,,,,,0,0,,,,,,0
0029800187,296,5,1,3,12:31 PM,4:54,,,Van Horn Bad Pass Turnover (P2.T12),,,5,1496,Keith Van Horn,1610612751.0,New Jersey,Nets,NJN,0,0,,,,,,0,0,,,,,,0
0029800187,297,8,0,3,12:31 PM,4:54,SUB: DeClercq FOR Battie,,,,,4,1499,Tony Battie,1610612738.0,Boston,Celtics,BOS,4,692,Andrew DeClercq,1610612738.0,Boston,Celtics,BOS,0,0,,,,,,0
0029800187,298,2,1,3,12:32 PM,4:40,MISS Walker 25' 3PT Jump Shot,,,,,4,952,Antoine Walker,1610612738.0,Boston,Celtics,BOS,0,0,,,,,,0,0,,,,,,0
0029800187,299,4,0,3,12:32 PM,4:39,,,Williams REBOUND (Off:3 Def:11),,,5,420,Jayson Williams,1610612751.0,New Jersey,Nets,NJN,0,0,,,,,,0,0,,,,,,0
0029800187,300,8,0,3,12:32 PM,4:39,,,SUB: McIlvaine FOR Williams,,,5,420,Jayson Williams,1610612751.0,New Jersey,Nets,NJN,5,29,Jim McIlvaine,1610612751.0,New Jersey,Nets,NJN,0,0,,,,,,0
0029800187,301,8,0,3,12:32 PM,4:39,SUB: Mercer FOR Pierce,,,,,4,1718,Paul Pierce,1610612738.0,Boston,Celtics,BOS,4,1500,Ron Mercer,1610612738.0,Boston,Celtics,BOS,0,0,,,,,,0
0029800187,302,6,2,3,12:32 PM,4:27,DeClercq S.FOUL (P3.T2),,,,,4,692,Andrew DeClercq,1610612738.0,Boston,Celtics,BOS,0,0,,,,,,0,0,,,,,,0
0029800187,303,3,11,3,12:33 PM,4:27,,,Gill Free Throw 1 of 2 (14 PTS),62 - 61,-1,5,383,Kendall Gill,1610612751.0,New Jersey,Nets,NJN,0,0,,,,,,0,0,,,,,,0
0029800187,304,8,0,3,12:33 PM,4:27,SUB: Riley FOR DeClercq,,,,,4,692,Andrew DeClercq,1610612738.0,Boston,Celtics,BOS,4,35,Eric Riley,1610612738.0,Boston,Celtics,BOS,0,0,,,,,,0
0029800187,305,8,0,3,12:33 PM,4:27,SUB: Pierce FOR Bowen,,,,,4,1477,Bruce Bowen,1610612738.0,Boston,Celtics,BOS,4,1718,Paul Pierce,1610612738.0,Boston,Celtics,BOS,0,0,,,,,,0
0029800187,306,3,12,3,12:33 PM,4:27,,,Gill Free Throw 2 of 2 (15 PTS),63 - 61,-2,5,383,Kendall Gill,1610612751.0,New Jersey,Nets,NJN,0,0,,,,,,0,0,,,,,,0
0029800187,307,5,1,3,12:33 PM,4:12,Anderson Bad Pass Turnover (P2.T12),,Van Horn STEAL (3 STL),,,4,72,Kenny Anderson,1610612738.0,Boston,Celtics,BOS,5,1496,Keith Van Horn,1610612751.0,New Jersey,Nets,NJN,0,0,,,,,,0
0029800187,308,1,6,3,12:34 PM,4:04,,,Gill 1' Driving Layup (17 PTS),65 - 61,-4,5,383,Kendall Gill,1610612751.0,New Jersey,Nets,NJN,0,0,,,,,,0,0,,,,,,0
0029800187,309,1,6,3,12:34 PM,3:58,Anderson 1' Driving Layup (13 PTS),,,65 - 63,-2,4,72,Kenny Anderson,1610612738.0,Boston,Celtics,BOS,0,0,,,,,,0,0,,,,,,0
0029800187,310,1,8,3,12:34 PM,3:44,,,Van Horn 3' Slam Dunk (16 PTS) (Murdock 3 AST),67 - 63,-4,5,1496,Keith Van Horn,1610612751.0,New Jersey,Nets,NJN,5,785,Eric Murdock,1610612751.0,New Jersey,Nets,NJN,0,0,,,,,,0
0029800187,311,2,5,3,12:34 PM,3:22,MISS Walker 1' Layup,,,,,4,952,Antoine Walker,1610612738.0,Boston,Celtics,BOS,0,0,,,,,,0,0,,,,,,0
0029800187,312,4,0,3,12:34 PM,3:21,Pierce REBOUND (Off:2 Def:3),,,,,4,1718,Paul Pierce,1610612738.0,Boston,Celtics,BOS,0,0,,,,,,0,0,,,,,,0
0029800187,313,1,1,3,12:35 PM,3:05,Walker 25' 3PT Jump Shot (19 PTS) (Anderson 5 AST),,,67 - 66,-1,4,952,Antoine Walker,1610612738.0,Boston,Celtics,BOS,4,72,Kenny Anderson,1610612738.0,Boston,Celtics,BOS,0,0,,,,,,0
0029800187,314,9,1,3,12:35 PM,2:57,,,Nets Timeout: Regular (Reg.3 Short 1),,,3,1610612751,,,,,,0,0,,,,,,0,0,,,,,,0
0029800187,316,8,0,3,12:37 PM,2:57,SUB: Barros FOR Anderson,,,,,4,72,Kenny Anderson,1610612738.0,Boston,Celtics,BOS,4,344,Dana Barros,1610612738.0,Boston,Celtics,BOS,0,0,,,,,,0
0029800187,317,8,0,3,12:37 PM,2:54,,,SUB: Jones FOR Murdock,,,5,785,Eric Murdock,1610612751.0,New Jersey,Nets,NJN,5,1800,Damon Jones,1610612751.0,New Jersey,Nets,NJN,0,0,,,,,,0
0029800187,318,2,1,3,12:37 PM,2:48,,,MISS Van Horn 26' 3PT Jump Shot,,,5,1496,Keith Van Horn,1610612751.0,New Jersey,Nets,NJN,0,0,,,,,,0,0,,,,,,0
0029800187,319,4,0,3,12:37 PM,2:46,Pierce REBOUND (Off:2 Def:4),,,,,4,1718,Paul Pierce,1610612738.0,Boston,Celtics,BOS,0,0,,,,,,0,0,,,,,,0
0029800187,320,2,1,3,12:37 PM,2:41,MISS Barros 25' 3PT Jump Shot,,,,,4,344,Dana Barros,1610612738.0,Boston,Celtics,BOS,0,0,,,,,,0,0,,,,,,0
0029800187,321,4,0,3,12:37 PM,2:39,,,Van Horn REBOUND (Off:0 Def:5),,,5,1496,Keith Van Horn,1610612751.0,New Jersey,Nets,NJN,0,0,,,,,,0,0,,,,,,0
0029800187,322,5,2,3,12:37 PM,2:34,Barros STEAL (1 STL),,Van Horn Lost Ball Turnover (P3.T13),,,5,1496,Keith Van Horn,1610612751.0,New Jersey,Nets,NJN,4,344,Dana Barros,1610612738.0,Boston,Celtics,BOS,0,0,,,,,,0
0029800187,323,1,1,3,12:38 PM,2:17,Barros 13' Jump Shot (2 PTS),,,67 - 68,1,4,344,Dana Barros,1610612738.0,Boston,Celtics,BOS,0,0,,,,,,0,0,,,,,,0
0029800187,324,2,1,3,12:38 PM,1:59,,,MISS Gill 19' Jump Shot,,,5,383,Kendall Gill,1610612751.0,New Jersey,Nets,NJN,0,0,,,,,,0,0,,,,,,0
0029800187,325,4,0,3,12:38 PM,1:56,Pierce REBOUND (Off:2 Def:5),,,,,4,1718,Paul Pierce,1610612738.0,Boston,Celtics,BOS,0,0,,,,,,0,0,,,,,,0
0029800187,326,2,1,3,12:38 PM,1:51,MISS Walker 24' 3PT Jump Shot,,,,,4,952,Antoine Walker,1610612738.0,Boston,Celtics,BOS,0,0,,,,,,0,0,,,,,,0
0029800187,327,4,0,3,12:38 PM,1:49,,,Gill REBOUND (Off:0 Def:4),,,5,383,Kendall Gill,1610612751.0,New Jersey,Nets,NJN,0,0,,,,,,0,0,,,,,,0
0029800187,328,1,6,3,12:38 PM,1:29,,,Kittles 3' Driving Layup (14 PTS),69 - 68,-1,5,954,Kerry Kittles,1610612751.0,New Jersey,Nets,NJN,0,0,,,,,,0,0,,,,,,0
0029800187,329,2,1,3,12:39 PM,1:14,MISS Mercer 8' Jump Shot,,,,,4,1500,Ron Mercer,1610612738.0,Boston,Celtics,BOS,0,0,,,,,,0,0,,,,,,0
0029800187,330,4,0,3,12:39 PM,1:13,,,Van Horn REBOUND (Off:0 Def:6),,,5,1496,Keith Van Horn,1610612751.0,New Jersey,Nets,NJN,0,0,,,,,,0,0,,,,,,0
0029800187,331,6,2,3,12:39 PM,1:08,Mercer S.FOUL (P2.T3),,,,,4,1500,Ron Mercer,1610612738.0,Boston,Celtics,BOS,0,0,,,,,,0,0,,,,,,0
0029800187,332,8,0,3,12:39 PM,1:08,,,SUB: Gatling FOR Van Horn,,,5,1496,Keith Van Horn,1610612751.0,New Jersey,Nets,NJN,5,423,Chris Gatling,1610612751.0,New Jersey,Nets,NJN,0,0,,,,,,0
0029800187,333,3,11,3,12:39 PM,1:08,,,Jones Free Throw 1 of 2 (4 PTS),70 - 68,-2,5,1800,Damon Jones,1610612751.0,New Jersey,Nets,NJN,0,0,,,,,,0,0,,,,,,0
0029800187,334,8,0,3,12:39 PM,1:08,SUB: Battie FOR Riley,,,,,4,35,Eric Riley,1610612738.0,Boston,Celtics,BOS,4,1499,Tony Battie,1610612738.0,Boston,Celtics,BOS,0,0,,,,,,0
0029800187,335,8,0,3,12:39 PM,1:08,SUB: Jones FOR Walker,,,,,4,952,Antoine Walker,1610612738.0,Boston,Celtics,BOS,4,461,Popeye Jones,1610612738.0,Boston,Celtics,BOS,0,0,,,,,,0
0029800187,336,3,12,3,12:40 PM,1:08,,,Jones Free Throw 2 of 2 (5 PTS),71 - 68,-3,5,1800,Damon Jones,1610612751.0,New Jersey,Nets,NJN,0,0,,,,,,0,0,,,,,,0
0029800187,337,1,1,3,12:40 PM,0:56,Pierce 24' 3PT Jump Shot (17 PTS) (Barros 1 AST),,,71 - 71,TIE,4,1718,Paul Pierce,1610612738.0,Boston,Celtics,BOS,4,344,Dana Barros,1610612738.0,Boston,Celtics,BOS,0,0,,,,,,0
0029800187,338,1,1,3,12:40 PM,0:34,,,Kittles 24' 3PT Jump Shot (17 PTS),74 - 71,-3,5,954,Kerry Kittles,1610612751.0,New Jersey,Nets,NJN,0,0,,,,,,0,0,,,,,,0
0029800187,339,2,1,3,12:40 PM,0:24,MISS Pierce 4' Jump Shot,,McIlvaine BLOCK (2 BLK),,,4,1718,Paul Pierce,1610612738.0,Boston,Celtics,BOS,0,0,,,,,,5,29,Jim McIlvaine,1610612751.0,New Jersey,Nets,NJN,0
0029800187,340,4,0,3,12:41 PM,0:20,,,Gill REBOUND (Off:0 Def:5),,,5,383,Kendall Gill,1610612751.0,New Jersey,Nets,NJN,0,0,,,,,,0,0,,,,,,0
0029800187,341,5,2,3,12:41 PM,0:18,Jones STEAL (1 STL),,Gill Lost Ball Turnover (P5.T14),,,5,383,Kendall Gill,1610612751.0,New Jersey,Nets,NJN,4,461,Popeye Jones,1610612738.0,Boston,Celtics,BOS,0,0,,,,,,0
0029800187,342,6,1,3,12:41 PM,0:04,,,McIlvaine P.FOUL (P3.T3),,,5,29,Jim McIlvaine,1610612751.0,New Jersey,Nets,NJN,0,0,,,,,,0,0,,,,,,0
0029800187,343,8,0,3,12:41 PM,0:04,,,SUB: Burrell FOR Jones,,,5,1800,Damon Jones,1610612751.0,New Jersey,Nets,NJN,5,197,Scott Burrell,1610612751.0,New Jersey,Nets,NJN,0,0,,,,,,0
0029800187,344,2,1,3,12:41 PM,0:00,MISS Mercer 20' Jump Shot,,,,,4,1500,Ron Mercer,1610612738.0,Boston,Celtics,BOS,0,0,,,,,,0,0,,,,,,0
0029800187,345,4,0,3,12:41 PM,0:00,,,McIlvaine REBOUND (Off:0 Def:1),,,5,29,Jim McIlvaine,1610612751.0,New Jersey,Nets,NJN,0,0,,,,,,0,0,,,,,,0
0029800187,346,13,0,3,12:42 PM,0:00,,,,74 - 71,-3,0,0,,,,,,0,0,,,,,,0,0,,,,,,0
0029800187,348,12,0,4,12:44 PM,12:00,,,,74 - 71,-3,0,0,,,,,,0,0,,,,,,0,0,,,,,,0
0029800187,349,1,1,4,12:44 PM,11:39,Battie 13' Jump Shot (12 PTS) (Pierce 4 AST),,,74 - 73,-1,4,1499,Tony Battie,1610612738.0,Boston,Celtics,BOS,4,1718,Paul Pierce,1610612738.0,Boston,Celtics,BOS,0,0,,,,,,0
0029800187,350,2,5,4,12:45 PM,11:12,,,MISS McIlvaine 2' Layup,,,5,29,Jim McIlvaine,1610612751.0,New Jersey,Nets,NJN,0,0,,,,,,0,0,,,,,,0
0029800187,351,4,0,4,12:45 PM,11:11,,,Gatling REBOUND (Off:2 Def:0),,,5,423,Chris Gatling,1610612751.0,New Jersey,Nets,NJN,0,0,,,,,,0,0,,,,,,0
0029800187,352,6,1,4,12:45 PM,11:11,Pierce P.FOUL (P3.T1),,,,,4,1718,Paul Pierce,1610612738.0,Boston,Celtics,BOS,0,0,,,,,,0,0,,,,,,0
0029800187,353,1,1,4,12:45 PM,11:02,,,Kittles 25' 3PT Jump Shot (20 PTS) (Jones 2 AST),77 - 73,-4,5,954,Kerry Kittles,1610612751.0,New Jersey,Nets,NJN,5,1800,Damon Jones,1610612751.0,New Jersey,Nets,NJN,0,0,,,,,,0
0029800187,354,2,1,4,12:46 PM,10:43,MISS Barros 24' 3PT Jump Shot,,,,,4,344,Dana Barros,1610612738.0,Boston,Celtics,BOS,0,0,,,,,,0,0,,,,,,0
0029800187,355,4,0,4,12:46 PM,10:41,,,McIlvaine REBOUND (Off:0 Def:2),,,5,29,Jim McIlvaine,1610612751.0,New Jersey,Nets,NJN,0,0,,,,,,0,0,,,,,,0
0029800187,356,2,1,4,12:46 PM,10:31,,,MISS Kittles 16' Jump Shot,,,5,954,Kerry Kittles,1610612751.0,New Jersey,Nets,NJN,0,0,,,,,,0,0,,,,,,0
0029800187,357,4,0,4,12:46 PM,10:29,Barros REBOUND (Off:0 Def:1),,,,,4,344,Dana Barros,1610612738.0,Boston,Celtics,BOS,0,0,,,,,,0,0,,,,,,0
0029800187,358,1,1,4,12:46 PM,10:24,Pierce 25' 3PT Jump Shot (20 PTS) (Barros 2 AST),,,77 - 76,-1,4,1718,Paul Pierce,1610612738.0,Boston,Celtics,BOS,4,344,Dana Barros,1610612738.0,Boston,Celtics,BOS,0,0,,,,,,0
0029800187,359,6,1,4,12:46 PM,10:10,Mercer P.FOUL (P3.T2),,,,,4,1500,Ron Mercer,1610612738.0,Boston,Celtics,BOS,0,0,,,,,,0,0,,,,,,0
0029800187,360,2,1,4,12:47 PM,10:02,,,MISS Jones 25' 3PT Jump Shot,,,5,1800,Damon Jones,1610612751.0,New Jersey,Nets,NJN,0,0,,,,,,0,0,,,,,,0
0029800187,361,4,0,4,12:47 PM,10:02,CELTICS Rebound,,,,,2,1610612738,,,,,,0,0,,,,,,0,0,,,,,,0
0029800187,362,6,3,4,12:47 PM,10:02,,,Burrell L.B.FOUL (P2.T1),,,5,197,Scott Burrell,1610612751.0,New Jersey,Nets,NJN,0,0,,,,,,0,0,,,,,,0
0029800187,363,1,1,4,12:47 PM,9:45,Barros 26' 3PT Jump Shot (5 PTS) (Jones 1 AST),,,77 - 79,2,4,344,Dana Barros,1610612738.0,Boston,Celtics,BOS,4,461,Popeye Jones,1610612738.0,Boston,Celtics,BOS,0,0,,,,,,0
0029800187,364,6,4,4,12:47 PM,9:22,,,Gatling OFF.Foul (P1),,,5,423,Chris Gatling,1610612751.0,New Jersey,Nets,NJN,0,0,,,,,,0,0,,,,,,0
0029800187,365,5,5,4,12:48 PM,9:22,,,Gatling Foul Turnover (P1.T15),,,5,423,Chris Gatling,1610612751.0,New Jersey,Nets,NJN,0,0,,,,,,0,0,,,,,,0
0029800187,366,9,4,4,12:48 PM,9:22,,,,,,1,0,,,,,,0,0,,,,,,0,0,,,,,,0
0029800187,368,8,0,4,12:49 PM,9:22,,,SUB: Murdock FOR Kittles,,,5,954,Kerry Kittles,1610612751.0,New Jersey,Nets,NJN,5,785,Eric Murdock,1610612751.0,New Jersey,Nets,NJN,0,0,,,,,,0
0029800187,369,8,0,4,12:49 PM,9:22,,,SUB: Van Horn FOR McIlvaine,,,5,29,Jim McIlvaine,1610612751.0,New Jersey,Nets,NJN,5,1496,Keith Van Horn,1610612751.0,New Jersey,Nets,NJN,0,0,,,,,,0
0029800187,370,8,0,4,12:49 PM,9:22,,,SUB: Gill FOR Jones,,,5,1800,Damon Jones,1610612751.0,New Jersey,Nets,NJN,5,383,Kendall Gill,1610612751.0,New Jersey,Nets,NJN,0,0,,,,,,0
0029800187,371,8,0,4,12:49 PM,9:22,,,SUB: Williams FOR Gatling,,,5,423,Chris Gatling,1610612751.0,New Jersey,Nets,NJN,5,420,Jayson Williams,1610612751.0,New Jersey,Nets,NJN,0,0,,,,,,0
0029800187,372,6,4,4,12:50 PM,9:11,Battie OFF.Foul (P3),,,,,4,1499,Tony Battie,1610612738.0,Boston,Celtics,BOS,0,0,,,,,,0,0,,,,,,0
0029800187,373,5,5,4,12:50 PM,9:11,Battie Foul Turnover (P2.T13),,,,,4,1499,Tony Battie,1610612738.0,Boston,Celtics,BOS,0,0,,,,,,0,0,,,,,,0
0029800187,374,2,1,4,12:51 PM,8:55,Battie BLOCK (4 BLK),,MISS Van Horn 4' Jump Shot,,,5,1496,Keith Van Horn,1610612751.0,New Jersey,Nets,NJN,0,0,,,,,,4,1499,Tony Battie,1610612738.0,Boston,Celtics,BOS,0
0029800187,375,4,0,4,12:51 PM,8:53,Pierce REBOUND (Off:2 Def:6),,,,,4,1718,Paul Pierce,1610612738.0,Boston,Celtics,BOS,0,0,,,,,,0,0,,,,,,0
0029800187,376,2,1,4,12:51 PM,8:38,MISS Mercer 15' Jump Shot,,,,,4,1500,Ron Mercer,1610612738.0,Boston,Celtics,BOS,0,0,,,,,,0,0,,,,,,0
0029800187,377,4,0,4,12:51 PM,8:37,,,Nets Rebound,,,3,1610612751,,,,,,0,0,,,,,,0,0,,,,,,0
0029800187,378,6,2,4,12:52 PM,8:17,Jones S.FOUL (P1.T3),,,,,4,461,Popeye Jones,1610612738.0,Boston,Celtics,BOS,0,0,,,,,,0,0,,,,,,0
0029800187,381,3,11,4,12:52 PM,8:17,,,Murdock Free Throw 1 of 2 (3 PTS),78 - 79,1,5,785,Eric Murdock,1610612751.0,New Jersey,Nets,NJN,0,0,,,,,,0,0,,,,,,0
0029800187,382,8,0,4,12:52 PM,8:17,SUB: Walker FOR Jones,,,,,4,461,Popeye Jones,1610612738.0,Boston,Celtics,BOS,4,952,Antoine Walker,1610612738.0,Boston,Celtics,BOS,0,0,,,,,,0
0029800187,383,3,12,4,12:52 PM,8:17,,,Murdock Free Throw 2 of 2 (4 PTS),79 - 79,TIE,5,785,Eric Murdock,1610612751.0,New Jersey,Nets,NJN,0,0,,,,,,0,0,,,,,,0
0029800187,384,2,5,4,12:52 PM,8:07,MISS Walker 2' Layup,,Williams BLOCK (1 BLK),,,4,952,Antoine Walker,1610612738.0,Boston,Celtics,BOS,0,0,,,,,,5,420,Jayson Williams,1610612751.0,New Jersey,Nets,NJN,0
0029800187,385,4,0,4,12:52 PM,8:04,,,Burrell REBOUND (Off:0 Def:2),,,5,197,Scott Burrell,1610612751.0,New Jersey,Nets,NJN,0,0,,,,,,0,0,,,,,,0
0029800187,386,1,6,4,12:52 PM,8:00,,,Gill 3' Driving Layup (19 PTS) (Burrell 1 AST),81 - 79,-2,5,383,Kendall Gill,1610612751.0,New Jersey,Nets,NJN,5,197,Scott Burrell,1610612751.0,New Jersey,Nets,NJN,0,0,,,,,,0
0029800187,387,2,1,4,12:53 PM,7:53,MISS Mercer 12' Jump Shot,,,,,4,1500,Ron Mercer,1610612738.0,Boston,Celtics,BOS,0,0,,,,,,0,0,,,,,,0
0029800187,391,4,0,4,12:53 PM,7:50,,,Nets Rebound,,,3,1610612751,,,,,,0,0,,,,,,0,0,,,,,,0
0029800187,392,6,1,4,12:53 PM,7:40,Battie P.FOUL (P4.T4),,,,,4,1499,Tony Battie,1610612738.0,Boston,Celtics,BOS,0,0,,,,,,0,0,,,,,,0
0029800187,393,8,0,4,12:53 PM,7:40,SUB: Anderson FOR Barros,,,,,4,344,Dana Barros,1610612738.0,Boston,Celtics,BOS,4,72,Kenny Anderson,1610612738.0,Boston,Celtics,BOS,0,0,,,,,,0
0029800187,394,8,0,4,12:53 PM,7:40,SUB: DeClercq FOR Battie,,,,,4,1499,Tony Battie,1610612738.0,Boston,Celtics,BOS,4,692,Andrew DeClercq,1610612738.0,Boston,Celtics,BOS,0,0,,,,,,0
0029800187,395,3,11,4,12:54 PM,7:40,,,Murdock Free Throw 1 of 2 (5 PTS),82 - 79,-3,5,785,Eric Murdock,1610612751.0,New Jersey,Nets,NJN,0,0,,,,,,0,0,,,,,,0
0029800187,396,3,12,4,12:54 PM,7:40,,,Murdock Free Throw 2 of 2 (6 PTS),83 - 79,-4,5,785,Eric Murdock,1610612751.0,New Jersey,Nets,NJN,0,0,,,,,,0,0,,,,,,0
0029800187,397,6,1,4,12:54 PM,7:29,,,Gill P.FOUL (P3.T2),,,5,383,Kendall Gill,1610612751.0,New Jersey,Nets,NJN,0,0,,,,,,0,0,,,,,,0
0029800187,398,1,1,4,12:55 PM,7:06,Mercer 14' Jump Shot (10 PTS),,,83 - 81,-2,4,1500,Ron Mercer,1610612738.0,Boston,Celtics,BOS,0,0,,,,,,0,0,,,,,,0
0029800187,399,1,6,4,12:55 PM,6:39,,,Gill 3' Driving Layup (21 PTS),85 - 81,-4,5,383,Kendall Gill,1610612751.0,New Jersey,Nets,NJN,0,0,,,,,,0,0,,,,,,0
0029800187,400,2,1,4,12:56 PM,6:18,MISS Anderson 19' Jump Shot,,,,,4,72,Kenny Anderson,1610612738.0,Boston,Celtics,BOS,0,0,,,,,,0,0,,,,,,0
0029800187,401,4,0,4,12:56 PM,6:16,,,Williams REBOUND (Off:3 Def:12),,,5,420,Jayson Williams,1610612751.0,New Jersey,Nets,NJN,0,0,,,,,,0,0,,,,,,0
0029800187,402,5,1,4,12:56 PM,6:13,Mercer STEAL (1 STL),,Williams Bad Pass Turnover (P1.T16),,,5,420,Jayson Williams,1610612751.0,New Jersey,Nets,NJN,4,1500,Ron Mercer,1610612738.0,Boston,Celtics,BOS,0,0,,,,,,0
0029800187,403,6,2,4,12:56 PM,6:10,,,Williams S.FOUL (P2.T3),,,5,420,Jayson Williams,1610612751.0,New Jersey,Nets,NJN,0,0,,,,,,0,0,,,,,,0
0029800187,404,9,1,4,12:56 PM,6:10,CELTICS Timeout: Regular (Full 5 Short 1),,,,,2,1610612738,,,,,,0,0,,,,,,0,0,,,,,,0
0029800187,406,3,11,4,12:58 PM,6:10,Mercer Free Throw 1 of 2 (11 PTS),,,85 - 82,-3,4,1500,Ron Mercer,1610612738.0,Boston,Celtics,BOS,0,0,,,,,,0,0,,,,,,0
0029800187,407,3,12,4,12:58 PM,6:10,Mercer Free Throw 2 of 2 (12 PTS),,,85 - 83,-2,4,1500,Ron Mercer,1610612738.0,Boston,Celtics,BOS,0,0,,,,,,0,0,,,,,,0
0029800187,408,1,6,4,12:59 PM,6:03,,,Van Horn 1' Driving Layup (18 PTS),87 - 83,-4,5,1496,Keith Van Horn,1610612751.0,New Jersey,Nets,NJN,0,0,,,,,,0,0,,,,,,0
0029800187,409,2,1,4,12:59 PM,5:49,MISS Pierce  3PT Jump Shot,,,,,4,1718,Paul Pierce,1610612738.0,Boston,Celtics,BOS,0,0,,,,,,0,0,,,,,,0
0029800187,410,4,0,4,12:59 PM,5:47,,,Van Horn REBOUND (Off:0 Def:7),,,5,1496,Keith Van Horn,1610612751.0,New Jersey,Nets,NJN,0,0,,,,,,0,0,,,,,,0
0029800187,411,2,5,4,12:59 PM,5:27,,,MISS Williams 2' Layup,,,5,420,Jayson Williams,1610612751.0,New Jersey,Nets,NJN,0,0,,,,,,0,0,,,,,,0
0029800187,412,4,0,4,12:59 PM,5:25,CELTICS Rebound,,,,,2,1610612738,,,,,,0,0,,,,,,0,0,,,,,,0
0029800187,413,8,0,4,12:59 PM,5:25,,,SUB: Kittles FOR Burrell,,,5,197,Scott Burrell,1610612751.0,New Jersey,Nets,NJN,5,954,Kerry Kittles,1610612751.0,New Jersey,Nets,NJN,0,0,,,,,,0
0029800187,414,2,1,4,1:00 PM,5:14,MISS Anderson 7' Jump Shot,,,,,4,72,Kenny Anderson,1610612738.0,Boston,Celtics,BOS,0,0,,,,,,0,0,,,,,,0
0029800187,415,4,0,4,1:00 PM,5:12,,,Van Horn REBOUND (Off:0 Def:8),,,5,1496,Keith Van Horn,1610612751.0,New Jersey,Nets,NJN,0,0,,,,,,0,0,,,,,,0
0029800187,416,6,1,4,1:00 PM,4:55,Pierce P.FOUL (P4.PN),,,,,4,1718,Paul Pierce,1610612738.0,Boston,Celtics,BOS,0,0,,,,,,0,0,,,,,,0
0029800187,417,3,11,4,1:00 PM,4:55,,,Gill Free Throw 1 of 2 (22 PTS),88 - 83,-5,5,383,Kendall Gill,1610612751.0,New Jersey,Nets,NJN,0,0,,,,,,0,0,,,,,,0
0029800187,418,3,12,4,1:01 PM,4:55,,,Gill Free Throw 2 of 2 (23 PTS),89 - 83,-6,5,383,Kendall Gill,1610612751.0,New Jersey,Nets,NJN,0,0,,,,,,0,0,,,,,,0
0029800187,419,9,1,4,1:01 PM,4:51,CELTICS Timeout: Regular (Full 6 Short 1),,,,,2,1610612738,,,,,,0,0,,,,,,0,0,,,,,,0
0029800187,420,2,1,4,1:03 PM,4:33,MISS Mercer 15' Jump Shot,,,,,4,1500,Ron Mercer,1610612738.0,Boston,Celtics,BOS,0,0,,,,,,0,0,,,,,,0
0029800187,421,4,0,4,1:03 PM,4:31,DeClercq REBOUND (Off:3 Def:2),,,,,4,692,Andrew DeClercq,1610612738.0,Boston,Celtics,BOS,0,0,,,,,,0,0,,,,,,0
0029800187,422,1,4,4,1:03 PM,4:31,DeClercq 1' Tip Shot (4 PTS),,,89 - 85,-4,4,692,Andrew DeClercq,1610612738.0,Boston,Celtics,BOS,0,0,,,,,,0,0,,,,,,0
0029800187,423,2,1,4,1:03 PM,4:16,,,MISS Van Horn 25' 3PT Jump Shot,,,5,1496,Keith Van Horn,1610612751.0,New Jersey,Nets,NJN,0,0,,,,,,0,0,,,,,,0
0029800187,424,4,0,4,1:03 PM,4:13,Anderson REBOUND (Off:0 Def:4),,,,,4,72,Kenny Anderson,1610612738.0,Boston,Celtics,BOS,0,0,,,,,,0,0,,,,,,0
0029800187,425,6,1,4,1:04 PM,4:13,,,Williams P.FOUL (P3.T4),,,5,420,Jayson Williams,1610612751.0,New Jersey,Nets,NJN,0,0,,,,,,0,0,,,,,,0
0029800187,426,1,6,4,1:04 PM,4:02,Mercer 2' Driving Layup (14 PTS) (Walker 6 AST),,,89 - 87,-2,4,1500,Ron Mercer,1610612738.0,Boston,Celtics,BOS,4,952,Antoine Walker,1610612738.0,Boston,Celtics,BOS,0,0,,,,,,0
0029800187,427,7,6,4,1:04 PM,3:49,Pierce Violation:Double Lane,,,,,4,1718,Paul Pierce,1610612738.0,Boston,Celtics,BOS,0,0,,,,,,1,0,,,,,,0
0029800187,428,9,1,4,1:04 PM,3:49,,,Nets Timeout: Regular (Reg.4 Short 1),,,3,1610612751,,,,,,0,0,,,,,,0,0,,,,,,0
0029800187,430,9,1,4,1:06 PM,3:49,,,Nets Timeout: Regular (Reg.5 Short 1),,,3,1610612751,,,,,,0,0,,,,,,0,0,,,,,,0
0029800187,431,1,1,4,1:08 PM,3:35,,,Murdock 25' 3PT Jump Shot (9 PTS) (Kittles 8 AST),92 - 87,-5,5,785,Eric Murdock,1610612751.0,New Jersey,Nets,NJN,5,954,Kerry Kittles,1610612751.0,New Jersey,Nets,NJN,0,0,,,,,,0
0029800187,432,1,8,4,1:08 PM,3:14,DeClercq 2' Slam Dunk (6 PTS) (Mercer 1 AST),,,92 - 89,-3,4,692,Andrew DeClercq,1610612738.0,Boston,Celtics,BOS,4,1500,Ron Mercer,1610612738.0,Boston,Celtics,BOS,0,0,,,,,,0
0029800187,433,2,1,4,1:08 PM,2:57,,,MISS Van Horn 6' Jump Shot,,,5,1496,Keith Van Horn,1610612751.0,New Jersey,Nets,NJN,0,0,,,,,,0,0,,,,,,0
0029800187,434,4,0,4,1:08 PM,2:57,,,Nets Rebound,,,3,1610612751,,,,,,0,0,,,,,,0,0,,,,,,0
0029800187,435,6,3,4,1:09 PM,2:57,Mercer L.B.FOUL (P4.PN),,,,,4,1500,Ron Mercer,1610612738.0,Boston,Celtics,BOS,0,0,,,,,,0,0,,,,,,0
0029800187,436,3,11,4,1:09 PM,2:57,,,MISS Williams Free Throw 1 of 2,,,5,420,Jayson Williams,1610612751.0,New Jersey,Nets,NJN,0,0,,,,,,0,0,,,,,,0
0029800187,437,4,2,4,1:09 PM,2:57,,,Nets Rebound,,,3,1610612751,,,,,,0,0,,,,,,0,0,,,,,,0
0029800187,438,3,12,4,1:09 PM,2:57,,,Williams Free Throw 2 of 2 (10 PTS),93 - 89,-4,5,420,Jayson Williams,1610612751.0,New Jersey,Nets,NJN,0,0,,,,,,0,0,,,,,,0
0029800187,439,2,1,4,1:09 PM,2:48,MISS Anderson 5' Jump Shot,,,,,4,72,Kenny Anderson,1610612738.0,Boston,Celtics,BOS,0,0,,,,,,0,0,,,,,,0
0029800187,440,4,0,4,1:09 PM,2:46,,,Kittles REBOUND (Off:1 Def:5),,,5,954,Kerry Kittles,1610612751.0,New Jersey,Nets,NJN,0,0,,,,,,0,0,,,,,,0
0029800187,441,2,1,4,1:10 PM,2:27,,,MISS Van Horn 16' Jump Shot,,,5,1496,Keith Van Horn,1610612751.0,New Jersey,Nets,NJN,0,0,,,,,,0,0,,,,,,0
0029800187,442,4,0,4,1:10 PM,2:26,,,Williams REBOUND (Off:4 Def:12),,,5,420,Jayson Williams,1610612751.0,New Jersey,Nets,NJN,0,0,,,,,,0,0,,,,,,0
0029800187,443,2,1,4,1:10 PM,2:25,,,MISS Van Horn 5' Jump Shot,,,5,1496,Keith Van Horn,1610612751.0,New Jersey,Nets,NJN,0,0,,,,,,0,0,,,,,,0
0029800187,444,4,0,4,1:10 PM,2:24,CELTICS Rebound,,,,,2,1610612738,,,,,,0,0,,,,,,0,0,,,,,,0
0029800187,445,6,3,4,1:10 PM,2:24,,,Gill L.B.FOUL (P4.PN),,,5,383,Kendall Gill,1610612751.0,New Jersey,Nets,NJN,0,0,,,,,,0,0,,,,,,0
0029800187,446,3,11,4,1:11 PM,2:24,Mercer Free Throw 1 of 2 (15 PTS),,,93 - 90,-3,4,1500,Ron Mercer,1610612738.0,Boston,Celtics,BOS,0,0,,,,,,0,0,,,,,,0
0029800187,447,3,12,4,1:11 PM,2:24,MISS Mercer Free Throw 2 of 2,,,,,4,1500,Ron Mercer,1610612738.0,Boston,Celtics,BOS,0,0,,,,,,0,0,,,,,,0
0029800187,448,4,0,4,1:11 PM,2:19,,,Kittles REBOUND (Off:1 Def:6),,,5,954,Kerry Kittles,1610612751.0,New Jersey,Nets,NJN,0,0,,,,,,0,0,,,,,,0
0029800187,449,6,1,4,1:11 PM,2:08,Walker P.FOUL (P2.PN),,,,,4,952,Antoine Walker,1610612738.0,Boston,Celtics,BOS,0,0,,,,,,0,0,,,,,,0
0029800187,450,3,11,4,1:11 PM,2:08,,,Murdock Free Throw 1 of 2 (10 PTS),94 - 90,-4,5,785,Eric Murdock,1610612751.0,New Jersey,Nets,NJN,0,0,,,,,,0,0,,,,,,0
0029800187,451,3,12,4,1:12 PM,2:08,,,Murdock Free Throw 2 of 2 (11 PTS),95 - 90,-5,5,785,Eric Murdock,1610612751.0,New Jersey,Nets,NJN,0,0,,,,,,0,0,,,,,,0
0029800187,452,2,1,4,1:12 PM,1:55,MISS Pierce 6' Jump Shot,,,,,4,1718,Paul Pierce,1610612738.0,Boston,Celtics,BOS,0,0,,,,,,0,0,,,,,,0
0029800187,453,4,0,4,1:12 PM,1:54,DeClercq REBOUND (Off:4 Def:2),,,,,4,692,Andrew DeClercq,1610612738.0,Boston,Celtics,BOS,0,0,,,,,,0,0,,,,,,0
0029800187,454,6,1,4,1:12 PM,1:54,,,Williams P.FOUL (P4.PN),,,5,420,Jayson Williams,1610612751.0,New Jersey,Nets,NJN,0,0,,,,,,0,0,,,,,,0
0029800187,455,8,0,4,1:12 PM,1:54,SUB: Bowen FOR Mercer,,,,,4,1500,Ron Mercer,1610612738.0,Boston,Celtics,BOS,4,1477,Bruce Bowen,1610612738.0,Boston,Celtics,BOS,0,0,,,,,,0
0029800187,456,3,11,4,1:13 PM,1:54,DeClercq Free Throw 1 of 2 (7 PTS),,,95 - 91,-4,4,692,Andrew DeClercq,1610612738.0,Boston,Celtics,BOS,0,0,,,,,,0,0,,,,,,0
0029800187,457,3,12,4,1:13 PM,1:54,MISS DeClercq Free Throw 2 of 2,,,,,4,692,Andrew DeClercq,1610612738.0,Boston,Celtics,BOS,0,0,,,,,,0,0,,,,,,0
0029800187,458,4,0,4,1:13 PM,1:53,,,Van Horn REBOUND (Off:0 Def:9),,,5,1496,Keith Van Horn,1610612751.0,New Jersey,Nets,NJN,0,0,,,,,,0,0,,,,,,0
0029800187,459,2,1,4,1:14 PM,1:29,,,MISS Gill 19' Jump Shot,,,5,383,Kendall Gill,1610612751.0,New Jersey,Nets,NJN,0,0,,,,,,0,0,,,,,,0
0029800187,460,4,0,4,1:14 PM,1:27,Anderson REBOUND (Off:0 Def:5),,,,,4,72,Kenny Anderson,1610612738.0,Boston,Celtics,BOS,0,0,,,,,,0,0,,,,,,0
0029800187,461,6,1,4,1:14 PM,1:17,,,Van Horn P.FOUL (P1.PN),,,5,1496,Keith Van Horn,1610612751.0,New Jersey,Nets,NJN,0,0,,,,,,0,0,,,,,,0
0029800187,462,3,11,4,1:14 PM,1:17,Walker Free Throw 1 of 2 (20 PTS),,,95 - 92,-3,4,952,Antoine Walker,1610612738.0,Boston,Celtics,BOS,0,0,,,,,,0,0,,,,,,0
0029800187,463,3,12,4,1:14 PM,1:17,Walker Free Throw 2 of 2 (21 PTS),,,95 - 93,-2,4,952,Antoine Walker,1610612738.0,Boston,Celtics,BOS,0,0,,,,,,0,0,,,,,,0
0029800187,464,6,2,4,1:15 PM,0:58,DeClercq S.FOUL (P4.PN),,,,,4,692,Andrew DeClercq,1610612738.0,Boston,Celtics,BOS,0,0,,,,,,0,0,,,,,,0
0029800187,465,3,11,4,1:15 PM,0:58,,,MISS Van Horn Free Throw 1 of 2,,,5,1496,Keith Van Horn,1610612751.0,New Jersey,Nets,NJN,0,0,,,,,,0,0,,,,,,0
0029800187,466,4,2,4,1:15 PM,0:58,,,Nets Rebound,,,3,1610612751,,,,,,0,0,,,,,,0,0,,,,,,0
0029800187,467,8,0,4,1:15 PM,0:58,SUB: Mercer FOR Bowen,,,,,4,1477,Bruce Bowen,1610612738.0,Boston,Celtics,BOS,4,1500,Ron Mercer,1610612738.0,Boston,Celtics,BOS,0,0,,,,,,0
0029800187,468,3,12,4,1:16 PM,0:58,,,MISS Van Horn Free Throw 2 of 2,,,5,1496,Keith Van Horn,1610612751.0,New Jersey,Nets,NJN,0,0,,,,,,0,0,,,,,,0
0029800187,470,4,0,4,1:16 PM,0:49,Anderson REBOUND (Off:0 Def:6),,,,,4,72,Kenny Anderson,1610612738.0,Boston,Celtics,BOS,0,0,,,,,,0,0,,,,,,0
0029800187,471,1,6,4,1:16 PM,0:49,Anderson 1' Driving Layup (15 PTS),,,95 - 95,TIE,4,72,Kenny Anderson,1610612738.0,Boston,Celtics,BOS,0,0,,,,,,0,0,,,,,,0
0029800187,472,6,2,4,1:16 PM,0:49,,,Williams S.FOUL (P5.PN),,,5,420,Jayson Williams,1610612751.0,New Jersey,Nets,NJN,0,0,,,,,,0,0,,,,,,0
0029800187,473,3,10,4,1:16 PM,0:49,Anderson Free Throw 1 of 1 (16 PTS),,,95 - 96,1,4,72,Kenny Anderson,1610612738.0,Boston,Celtics,BOS,0,0,,,,,,0,0,,,,,,0
0029800187,475,9,1,4,1:16 PM,0:49,,,Nets Timeout: Regular (Reg.6 Short 1),,,3,1610612751,,,,,,0,0,,,,,,0,0,,,,,,0
0029800187,477,8,0,4,1:19 PM,0:49,SUB: Bowen FOR Mercer,,,,,4,1500,Ron Mercer,1610612738.0,Boston,Celtics,BOS,4,1477,Bruce Bowen,1610612738.0,Boston,Celtics,BOS,0,0,,,,,,0
0029800187,478,2,1,4,1:19 PM,0:39,,,MISS Kittles 23' Jump Shot,,,5,954,Kerry Kittles,1610612751.0,New Jersey,Nets,NJN,0,0,,,,,,0,0,,,,,,0
0029800187,479,4,0,4,1:19 PM,0:38,Pierce REBOUND (Off:2 Def:7),,,,,4,1718,Paul Pierce,1610612738.0,Boston,Celtics,BOS,0,0,,,,,,0,0,,,,,,0
0029800187,480,6,1,4,1:19 PM,0:38,,,Williams P.FOUL (P6.PN),,,5,420,Jayson Williams,1610612751.0,New Jersey,Nets,NJN,0,0,,,,,,0,0,,,,,,0
0029800187,481,8,0,4,1:19 PM,0:38,,,SUB: Gatling FOR Williams,,,5,420,Jayson Williams,1610612751.0,New Jersey,Nets,NJN,5,423,Chris Gatling,1610612751.0,New Jersey,Nets,NJN,0,0,,,,,,0
0029800187,482,3,11,4,1:20 PM,0:38,MISS Pierce Free Throw 1 of 2,,,,,4,1718,Paul Pierce,1610612738.0,Boston,Celtics,BOS,0,0,,,,,,0,0,,,,,,0
0029800187,483,4,2,4,1:20 PM,0:38,CELTICS Rebound,,,,,2,1610612738,,,,,,0,0,,,,,,0,0,,,,,,0
0029800187,484,3,12,4,1:20 PM,0:38,MISS Pierce Free Throw 2 of 2,,,,,4,1718,Paul Pierce,1610612738.0,Boston,Celtics,BOS,0,0,,,,,,0,0,,,,,,0
0029800187,485,4,0,4,1:20 PM,0:38,,,Gatling REBOUND (Off:2 Def:1),,,5,423,Chris Gatling,1610612751.0,New Jersey,Nets,NJN,0,0,,,,,,0,0,,,,,,0
0029800187,486,2,1,4,1:20 PM,0:24,Pierce BLOCK (1 BLK),,MISS Van Horn 3' Jump Shot,,,5,1496,Keith Van Horn,1610612751.0,New Jersey,Nets,NJN,0,0,,,,,,4,1718,Paul Pierce,1610612738.0,Boston,Celtics,BOS,0
0029800187,487,4,0,4,1:20 PM,0:22,,,Van Horn REBOUND (Off:1 Def:9),,,5,1496,Keith Van Horn,1610612751.0,New Jersey,Nets,NJN,0,0,,,,,,0,0,,,,,,0
0029800187,488,2,5,4,1:20 PM,0:20,,,MISS Van Horn 3' Layup,,,5,1496,Keith Van Horn,1610612751.0,New Jersey,Nets,NJN,0,0,,,,,,0,0,,,,,,0
0029800187,489,4,0,4,1:20 PM,0:19,,,Gatling REBOUND (Off:3 Def:1),,,5,423,Chris Gatling,1610612751.0,New Jersey,Nets,NJN,0,0,,,,,,0,0,,,,,,0
0029800187,490,1,5,4,1:20 PM,0:18,,,Gatling 1' Layup (6 PTS),97 - 96,-1,5,423,Chris Gatling,1610612751.0,New Jersey,Nets,NJN,0,0,,,,,,0,0,,,,,,0
0029800187,491,2,1,4,1:21 PM,0:09,MISS Anderson 15' Jump Shot,,,,,4,72,Kenny Anderson,1610612738.0,Boston,Celtics,BOS,0,0,,,,,,0,0,,,,,,0
0029800187,492,4,0,4,1:21 PM,0:08,DeClercq REBOUND (Off:5 Def:2),,,,,4,692,Andrew DeClercq,1610612738.0,Boston,Celtics,BOS,0,0,,,,,,0,0,,,,,,0
0029800187,493,6,1,4,1:21 PM,0:07,,,Van Horn P.FOUL (P2.PN),,,5,1496,Keith Van Horn,1610612751.0,New Jersey,Nets,NJN,0,0,,,,,,0,0,,,,,,0
0029800187,494,3,11,4,1:21 PM,0:07,MISS DeClercq Free Throw 1 of 2,,,,,4,692,Andrew DeClercq,1610612738.0,Boston,Celtics,BOS,0,0,,,,,,0,0,,,,,,0
0029800187,495,4,2,4,1:21 PM,0:07,CELTICS Rebound,,,,,2,1610612738,,,,,,0,0,,,,,,0,0,,,,,,0
0029800187,496,3,12,4,1:21 PM,0:07,DeClercq Free Throw 2 of 2 (8 PTS),,,97 - 97,TIE,4,692,Andrew DeClercq,1610612738.0,Boston,Celtics,BOS,0,0,,,,,,0,0,,,,,,0
0029800187,497,9,1,4,1:22 PM,0:07,,,Nets Timeout: Regular (Reg.7 Short 1),,,3,1610612751,,,,,,0,0,,,,,,0,0,,,,,,0
0029800187,499,8,0,4,1:23 PM,0:07,SUB: Battie FOR DeClercq,,,,,4,692,Andrew DeClercq,1610612738.0,Boston,Celtics,BOS,4,1499,Tony Battie,1610612738.0,Boston,Celtics,BOS,0,0,,,,,,0
0029800187,500,2,1,4,1:24 PM,0:01,,,MISS Murdock 9' Jump Shot,,,5,785,Eric Murdock,1610612751.0,New Jersey,Nets,NJN,0,0,,,,,,0,0,,,,,,0
0029800187,501,4,0,4,1:24 PM,0:00,,,Van Horn REBOUND (Off:2 Def:9),,,5,1496,Keith Van Horn,1610612751.0,New Jersey,Nets,NJN,0,0,,,,,,0,0,,,,,,0
0029800187,502,1,1,4,1:24 PM,0:00,,,Van Horn 8' Jump Shot (20 PTS),99 - 97,-2,5,1496,Keith Van Horn,1610612751.0,New Jersey,Nets,NJN,0,0,,,,,,0,0,,,,,,0
0029800187,503,13,0,4,1:24 PM,0:00,,,,99 - 97,-2,0,0,,,,,,0,0,,,,,,0,0,,,,,,0
