GAME_ID,EVENTNUM,EVENTMSGTYPE,EVENTMSGACTIONTYPE,PERIOD,WCTIMESTRING,PCTIMESTRING,HOMEDESCRIPTION,NEUTRALDESCRIPTION,VISITORDESCRIPTION,SCORE,SCOREMARGIN
0020400085,0,12,0,1,8:43 PM,12:00,,,,,
0020400085,1,10,0,1,8:44 PM,12:00,Jump Ball Chandler vs. Wilcox: Tip to Jaric,,,,
0020400085,2,2,1,1,8:44 PM,11:36,,,MISS Simmons 16' Jump Shot,,
0020400085,3,4,0,1,8:44 PM,11:34,Chandler REBOUND (Off:0 Def:1),,,,
0020400085,4,2,1,1,8:44 PM,11:17,MISS Hinrich 12' Jump Shot,,,,
0020400085,5,4,0,1,8:44 PM,11:15,,,Wilcox REBOUND (Off:0 Def:1),,
0020400085,6,1,5,1,8:45 PM,10:57,,,Brand  Layup (2 PTS) (Simmons 1 AST),2 - 0,-2
0020400085,7,1,1,1,8:45 PM,10:46,Chandler 10' Jump Shot (2 PTS),,,2 - 2,TIE
0020400085,8,5,4,1,8:45 PM,10:30,,,Wilcox Traveling Turnover (P1.T1),,
0020400085,9,5,2,1,8:46 PM,10:18,Nocioni Lost Ball Turnover (P1.T1),,Maggette STEAL (1 STL),,
0020400085,10,1,8,1,8:46 PM,10:15,,,Wilcox  Slam Dunk (2 PTS) (Simmons 2 AST),4 - 2,-2
0020400085,11,5,1,1,8:46 PM,10:04,Piatkowski Bad Pass Turnover (P1.T2),,Jaric STEAL (1 STL),,
0020400085,12,2,5,1,8:46 PM,9:59,,,MISS Jaric  Layup,,
0020400085,14,4,0,1,8:46 PM,9:57,,,Simmons REBOUND (Off:1 Def:0),,
0020400085,13,1,5,1,8:46 PM,9:57,,,Simmons  Layup (2 PTS),6 - 2,-4
0020400085,15,6,2,1,8:47 PM,9:43,,,Jaric S.FOUL (P1.T1),,
0020400085,16,3,11,1,8:47 PM,9:43,Curry Free Throw 1 of 2 (1 PTS),,,6 - 3,-3
0020400085,17,3,12,1,8:47 PM,9:43,Curry Free Throw 2 of 2 (2 PTS),,,6 - 4,-2
0020400085,18,2,1,1,8:48 PM,9:21,,,MISS Maggette 23' Jump Shot,,
0020400085,19,4,0,1,8:48 PM,9:19,Piatkowski REBOUND (Off:0 Def:1),,,,
0020400085,20,7,5,1,8:48 PM,9:09,,,Jaric Violation:Kicked Ball,,
0020400085,21,1,1,1,8:48 PM,8:58,Nocioni 25' 3PT Jump Shot (3 PTS) (Hinrich 1 AST),,,6 - 7,1
0020400085,22,5,1,1,8:48 PM,8:44,,,Wilcox Bad Pass Turnover (P2.T2),,
0020400085,23,2,3,1,8:49 PM,8:27,MISS Curry 5' Hook Shot,,Brand BLOCK (1 BLK),,
0020400085,24,4,0,1,8:49 PM,8:26,,,Wilcox REBOUND (Off:0 Def:2),,
0020400085,25,1,5,1,8:49 PM,8:14,,,Brand  Layup (4 PTS) (Jaric 1 AST),8 - 7,-1
0020400085,26,1,41,1,8:50 PM,7:55,Nocioni  Running Layup (5 PTS) (Hinrich 2 AST),,,8 - 9,1
0020400085,27,2,1,1,8:50 PM,7:43,,,MISS Jaric 18' Jump Shot,,
0020400085,28,4,0,1,8:50 PM,7:41,Nocioni REBOUND (Off:0 Def:1),,,,
0020400085,29,1,1,1,8:50 PM,7:28,Chandler 22' Jump Shot (4 PTS) (Hinrich 3 AST),,,8 - 11,3
0020400085,30,2,1,1,8:50 PM,7:12,,,MISS Wilcox 19' Jump Shot,,
0020400085,31,4,0,1,8:50 PM,7:10,Chandler REBOUND (Off:0 Def:2),,,,
0020400085,32,1,1,1,8:51 PM,6:47,Hinrich 25' 3PT Jump Shot (3 PTS) (Nocioni 1 AST),,,8 - 14,6
0020400085,33,5,1,1,8:52 PM,6:28,Piatkowski STEAL (1 STL),,Maggette Bad Pass Turnover (P1.T3),,
0020400085,34,2,5,1,8:52 PM,6:23,MISS Nocioni  Layup,,,,
0020400085,35,4,0,1,8:52 PM,6:22,,,Simmons REBOUND (Off:1 Def:1),,
0020400085,36,1,1,1,8:52 PM,6:14,,,Simmons 22' Jump Shot (4 PTS) (Jaric 2 AST),10 - 14,4
0020400085,37,2,5,1,8:52 PM,5:57,MISS Hinrich  Layup,,,,
0020400085,39,4,0,1,8:52 PM,5:56,Curry REBOUND (Off:1 Def:0),,,,
0020400085,38,1,5,1,8:52 PM,5:56,Curry  Layup (4 PTS),,,10 - 16,6
0020400085,40,6,2,1,8:52 PM,5:56,,,Simmons S.FOUL (P1.T2),,
0020400085,41,9,1,1,8:52 PM,5:56,BULLS Timeout: Regular (Full 1 Short 0),,,,
0020400085,43,3,10,1,8:54 PM,5:56,Curry Free Throw 1 of 1 (5 PTS),,,10 - 17,7
0020400085,44,6,2,1,8:55 PM,5:38,Chandler S.FOUL (P1.T1),,,,
0020400085,45,3,11,1,8:55 PM,5:38,,,Wilcox Free Throw 1 of 2 (3 PTS),11 - 17,6
0020400085,46,3,12,1,8:55 PM,5:38,,,Wilcox Free Throw 2 of 2 (4 PTS),12 - 17,5
0020400085,47,2,5,1,8:56 PM,5:19,MISS Curry  Layup,,Wilcox BLOCK (1 BLK),,
0020400085,48,4,0,1,8:56 PM,5:16,,,Brand REBOUND (Off:0 Def:1),,
0020400085,49,1,5,1,8:56 PM,5:09,,,Simmons  Layup (6 PTS) (Brand 1 AST),14 - 17,3
0020400085,50,7,5,1,8:57 PM,5:02,,,Jaric Violation:Kicked Ball,,
0020400085,51,2,1,1,8:57 PM,4:58,MISS Piatkowski 13' Jump Shot,,,,
0020400085,53,4,0,1,8:57 PM,4:56,Curry REBOUND (Off:2 Def:0),,,,
0020400085,52,1,64,1,8:57 PM,4:56,Curry  Follow Up Dunk (7 PTS),,,14 - 19,5
0020400085,54,1,5,1,8:57 PM,4:37,,,Maggette  Layup (2 PTS) (Brand 2 AST),16 - 19,3
0020400085,55,1,41,1,8:57 PM,4:24,Nocioni  Running Layup (7 PTS) (Piatkowski 1 AST),,,16 - 21,5
0020400085,56,2,1,1,8:58 PM,4:08,,,MISS Brand 18' Jump Shot,,
0020400085,57,4,0,1,8:58 PM,4:04,Chandler REBOUND (Off:0 Def:3),,,,
0020400085,58,5,1,1,8:58 PM,3:50,Nocioni Bad Pass Turnover (P2.T3),,Simmons STEAL (1 STL),,
0020400085,59,6,1,1,8:58 PM,3:49,Curry P.FOUL (P1.T2),,,,
0020400085,60,5,8,1,8:59 PM,3:28,,,Simmons 3 Second Violation Turnover (P1.T4),,
0020400085,61,1,1,1,8:59 PM,3:10,Hinrich 25' 3PT Jump Shot (6 PTS) (Nocioni 2 AST),,,16 - 24,8
0020400085,62,2,5,1,8:59 PM,2:51,,,MISS Maggette  Layup,,
0020400085,63,4,0,1,9:00 PM,2:51,BULLS Rebound,,,,
0020400085,64,6,3,1,9:00 PM,2:51,,,Brand L.B.FOUL (P1.T3),,
0020400085,65,9,1,1,9:00 PM,2:51,,,Clippers Timeout: Regular (Reg.1 Short 0),,
0020400085,67,8,0,1,9:02 PM,2:51,SUB: Gordon FOR Piatkowski,,,,
0020400085,68,8,0,1,9:02 PM,2:51,SUB: Davis FOR Chandler,,,,
0020400085,69,6,4,1,9:02 PM,2:35,Nocioni OFF.Foul (P1),,,,
0020400085,70,5,5,1,9:02 PM,2:35,Nocioni Foul Turnover (P3.T4),,,,
0020400085,71,6,1,1,9:03 PM,2:14,Gordon P.FOUL (P1.T3),,,,
0020400085,72,2,5,1,9:03 PM,2:08,,,MISS Brand  Layup,,
0020400085,73,4,0,1,9:03 PM,2:07,Nocioni REBOUND (Off:0 Def:2),,,,
0020400085,74,1,5,1,9:03 PM,2:01,Curry  Layup (9 PTS) (Nocioni 3 AST),,,16 - 26,10
0020400085,75,6,2,1,9:03 PM,2:01,,,Simmons S.FOUL (P2.T4),,
0020400085,76,8,0,1,9:04 PM,2:01,,,SUB: Livingston FOR Simmons,,
0020400085,77,3,10,1,9:04 PM,2:01,Curry Free Throw 1 of 1 (10 PTS),,,16 - 27,11
0020400085,78,2,1,1,9:04 PM,1:41,,,MISS Livingston 19' Jump Shot,,
0020400085,79,4,0,1,9:04 PM,1:39,Curry REBOUND (Off:2 Def:1),,,,
0020400085,80,6,1,1,9:04 PM,1:32,,,Wilcox P.FOUL (P1.PN),,
0020400085,81,8,0,1,9:04 PM,1:32,SUB: Deng FOR Nocioni,,,,
0020400085,82,3,11,1,9:05 PM,1:32,Davis Free Throw 1 of 2 (1 PTS),,,16 - 28,12
0020400085,83,8,0,1,9:05 PM,1:32,,,SUB: Moore FOR Wilcox,,
0020400085,84,3,12,1,9:05 PM,1:32,MISS Davis Free Throw 2 of 2,,,,
0020400085,85,4,0,1,9:05 PM,1:30,,,Brand REBOUND (Off:0 Def:2),,
0020400085,86,6,2,1,9:05 PM,1:18,Davis S.FOUL (P1.T4),,,,
0020400085,87,8,0,1,9:06 PM,1:18,SUB: Chandler FOR Curry,,,,
0020400085,88,3,11,1,9:06 PM,1:18,,,MISS Moore Free Throw 1 of 2,,
0020400085,89,4,1,1,9:06 PM,1:18,,,Clippers Rebound,,
0020400085,90,3,12,1,9:06 PM,1:18,,,Moore Free Throw 2 of 2 (1 PTS),17 - 28,11
0020400085,91,1,1,1,9:06 PM,1:04,Gordon 22' Jump Shot (2 PTS) (Hinrich 4 AST),,,17 - 30,13
0020400085,92,6,2,1,9:07 PM,0:48,Davis S.FOUL (P2.PN),,,,
0020400085,93,8,0,1,9:07 PM,0:48,SUB: Duhon FOR Hinrich,,,,
0020400085,94,3,11,1,9:07 PM,0:48,,,Maggette Free Throw 1 of 2 (3 PTS),18 - 30,12
0020400085,95,3,12,1,9:07 PM,0:48,,,Maggette Free Throw 2 of 2 (4 PTS),19 - 30,11
0020400085,96,1,1,1,9:08 PM,0:33,Davis 19' Jump Shot (3 PTS) (Duhon 1 AST),,,19 - 32,13
0020400085,97,1,1,1,9:08 PM,0:13,,,Maggette 19' Jump Shot (6 PTS) (Jaric 3 AST),21 - 32,11
0020400085,98,1,5,1,9:08 PM,0:00,Chandler  Layup (6 PTS) (Davis 1 AST),,,21 - 34,13
0020400085,101,18,0,1,9:10 PM,0:00,,,,21 - 34,13
0020400085,102,13,0,1,9:10 PM,0:00,,,,21 - 34,13
0020400085,104,12,0,2,9:11 PM,12:00,,,,21 - 34,13
0020400085,105,2,1,2,9:12 PM,11:38,MISS Deng 15' Jump Shot,,,,
0020400085,106,4,0,2,9:12 PM,11:38,,,Clippers Rebound,,
0020400085,107,2,1,2,9:12 PM,11:17,,,MISS Maggette 17' Jump Shot,,
0020400085,108,4,0,2,9:12 PM,11:14,Gordon REBOUND (Off:0 Def:1),,,,
0020400085,109,2,5,2,9:12 PM,11:09,MISS Gordon  Layup,,,,
0020400085,111,4,0,2,9:12 PM,11:07,Deng REBOUND (Off:1 Def:0),,,,
0020400085,110,1,4,2,9:12 PM,11:07,Deng  Tip Shot (2 PTS),,,21 - 36,15
0020400085,112,2,1,2,9:13 PM,10:57,,,MISS Maggette 21' Jump Shot,,
0020400085,113,4,0,2,9:13 PM,10:56,Deng REBOUND (Off:1 Def:1),,,,
0020400085,114,2,1,2,9:13 PM,10:48,MISS Gordon 13' Jump Shot,,,,
0020400085,115,4,0,2,9:13 PM,10:46,Gordon REBOUND (Off:1 Def:1),,,,
0020400085,116,6,2,2,9:13 PM,10:43,,,Livingston S.FOUL (P1.T1),,
0020400085,117,8,0,2,9:13 PM,10:43,,,SUB: Simmons FOR Maggette,,
0020400085,118,8,0,2,9:13 PM,10:43,,,SUB: Wilcox FOR Brand,,
0020400085,119,3,11,2,9:13 PM,10:43,Davis Free Throw 1 of 2 (4 PTS),,,21 - 37,16
0020400085,120,3,12,2,9:13 PM,10:43,Davis Free Throw 2 of 2 (5 PTS),,,21 - 38,17
0020400085,121,1,5,2,9:14 PM,10:23,,,Moore  Layup (3 PTS) (Livingston 1 AST),23 - 38,15
0020400085,122,2,1,2,9:14 PM,10:02,MISS Duhon 5' Jump Shot,,,,
0020400085,124,4,0,2,9:14 PM,10:01,Davis REBOUND (Off:1 Def:0),,,,
0020400085,123,2,4,2,9:14 PM,10:01,MISS Davis  Tip Shot,,,,
0020400085,125,4,0,2,9:14 PM,10:01,Davis REBOUND (Off:2 Def:0),,,,
0020400085,126,6,2,2,9:14 PM,10:01,,,Moore S.FOUL (P1.T2),,
0020400085,127,3,11,2,9:15 PM,10:01,MISS Davis Free Throw 1 of 2,,,,
0020400085,128,4,1,2,9:15 PM,10:01,BULLS Rebound,,,,
0020400085,129,3,12,2,9:15 PM,10:01,Davis Free Throw 2 of 2 (6 PTS),,,23 - 39,16
0020400085,130,5,1,2,9:15 PM,9:47,,,Wilcox Bad Pass Turnover (P3.T5),,
0020400085,131,6,2,2,9:16 PM,9:33,,,Ross S.FOUL (P1.T3),,
0020400085,132,3,11,2,9:16 PM,9:33,MISS Gordon Free Throw 1 of 2,,,,
0020400085,133,4,1,2,9:16 PM,9:33,BULLS Rebound,,,,
0020400085,134,8,0,2,9:16 PM,9:33,SUB: Curry FOR Davis,,,,
0020400085,135,3,12,2,9:16 PM,9:33,Gordon Free Throw 2 of 2 (3 PTS),,,23 - 40,17
0020400085,136,6,1,2,9:17 PM,9:20,Duhon P.FOUL (P1.T1),,,,
0020400085,137,2,5,2,9:17 PM,9:12,Chandler BLOCK (1 BLK),,MISS Wilcox  Layup,,
0020400085,138,4,0,2,9:17 PM,9:10,,,Ross REBOUND (Off:1 Def:0),,
0020400085,139,2,5,2,9:17 PM,9:07,Chandler BLOCK (2 BLK),,MISS Ross  Layup,,
0020400085,140,4,0,2,9:17 PM,9:05,Deng REBOUND (Off:1 Def:2),,,,
0020400085,141,2,5,2,9:17 PM,9:02,MISS Gordon  Layup,,,,
0020400085,142,4,0,2,9:17 PM,9:00,,,Moore REBOUND (Off:0 Def:1),,
0020400085,143,2,5,2,9:17 PM,8:52,,,MISS Livingston  Layup,,
0020400085,144,4,0,2,9:17 PM,8:52,,,Clippers Rebound,,
0020400085,145,9,1,2,9:17 PM,8:52,,,,,
0020400085,147,1,8,2,9:20 PM,8:41,,,Moore  Slam Dunk (5 PTS) (Wilcox 1 AST),25 - 40,15
0020400085,148,2,3,2,9:20 PM,8:22,MISS Curry 5' Hook Shot,,,,
0020400085,149,4,0,2,9:20 PM,8:19,,,Ross REBOUND (Off:1 Def:1),,
0020400085,150,2,3,2,9:20 PM,8:10,,,MISS Wilcox 8' Hook Shot,,
0020400085,151,4,0,2,9:20 PM,8:08,Chandler REBOUND (Off:0 Def:4),,,,
0020400085,152,1,1,2,9:21 PM,7:57,Gordon 25' 3PT Jump Shot (6 PTS) (Duhon 2 AST),,,25 - 43,18
0020400085,153,2,5,2,9:21 PM,7:41,,,MISS Livingston  Layup,,
0020400085,154,4,0,2,9:21 PM,7:39,Chandler REBOUND (Off:0 Def:5),,,,
0020400085,155,1,5,2,9:21 PM,7:36,Duhon  Layup (2 PTS),,,25 - 45,20
0020400085,156,6,2,2,9:21 PM,7:36,,,Wilcox S.FOUL (P2.T4),,
0020400085,157,8,0,2,9:21 PM,7:36,,,SUB: Jaric FOR Ross,,
0020400085,158,3,10,2,9:22 PM,7:36,Duhon Free Throw 1 of 1 (3 PTS),,,25 - 46,21
0020400085,159,2,1,2,9:22 PM,7:21,,,MISS Simmons 13' Jump Shot,,
0020400085,160,4,0,2,9:22 PM,7:19,Curry REBOUND (Off:2 Def:2),,,,
0020400085,161,1,41,2,9:22 PM,7:12,Gordon  Running Layup (8 PTS),,,25 - 48,23
0020400085,162,9,1,2,9:22 PM,7:02,,,Clippers Timeout: Regular (Reg.2 Short 0),,
0020400085,164,8,0,2,9:25 PM,7:02,SUB: Hinrich FOR Duhon,,,,
0020400085,165,8,0,2,9:25 PM,7:02,,,SUB: Brand FOR Livingston,,
0020400085,166,8,0,2,9:25 PM,7:02,,,SUB: Maggette FOR Moore,,
0020400085,167,2,1,2,9:25 PM,6:49,,,MISS Simmons 21' Jump Shot,,
0020400085,168,4,0,2,9:25 PM,6:46,Deng REBOUND (Off:1 Def:3),,,,
0020400085,169,6,2,2,9:25 PM,6:30,,,Wilcox S.FOUL (P3.PN),,
0020400085,170,3,11,2,9:26 PM,6:30,Chandler Free Throw 1 of 2 (7 PTS),,,25 - 49,24
0020400085,171,8,0,2,9:26 PM,6:30,,,SUB: Moore FOR Wilcox,,
0020400085,172,3,12,2,9:26 PM,6:30,MISS Chandler Free Throw 2 of 2,,,,
0020400085,173,4,0,2,9:26 PM,6:28,Deng REBOUND (Off:2 Def:3),,,,
0020400085,174,2,5,2,9:26 PM,6:21,MISS Curry  Layup,,,,
0020400085,175,4,0,2,9:26 PM,6:19,,,Simmons REBOUND (Off:1 Def:2),,
0020400085,176,6,17,2,9:26 PM,6:10,BULLS T.Foul (Def. 3 Sec Chandler ),,,,
0020400085,177,3,16,2,9:27 PM,6:10,,,Simmons Free Throw Technical (7 PTS),26 - 49,23
0020400085,178,1,7,2,9:27 PM,6:02,,,Simmons  Dunk (9 PTS) (Jaric 4 AST),28 - 49,21
0020400085,179,2,1,2,9:28 PM,5:39,MISS Hinrich 21' Jump Shot,,,,
0020400085,180,4,0,2,9:28 PM,5:38,,,Maggette REBOUND (Off:0 Def:1),,
0020400085,181,1,5,2,9:28 PM,5:32,,,Jaric  Layup (2 PTS) (Maggette 1 AST),30 - 49,19
0020400085,182,2,1,2,9:28 PM,5:18,MISS Gordon 25' 3PT Jump Shot,,,,
0020400085,183,4,0,2,9:28 PM,5:17,,,Clippers Rebound,,
0020400085,184,1,1,2,9:28 PM,4:59,,,Maggette 23' Jump Shot (8 PTS) (Jaric 5 AST),32 - 49,17
0020400085,185,9,1,2,9:29 PM,4:53,BULLS Timeout: Regular (Full 2 Short 0),,,,
0020400085,187,8,0,2,9:31 PM,4:53,SUB: Davis FOR Chandler,,,,
0020400085,188,8,0,2,9:31 PM,4:53,SUB: Piatkowski FOR Gordon,,,,
0020400085,189,5,1,2,9:31 PM,4:39,Curry Bad Pass Turnover (P1.T5),,Simmons STEAL (2 STL),,
0020400085,190,6,2,2,9:31 PM,4:37,Piatkowski S.FOUL (P1.T2),,,,
0020400085,191,3,11,2,9:31 PM,4:37,,,Maggette Free Throw 1 of 2 (9 PTS),33 - 49,16
0020400085,192,3,12,2,9:32 PM,4:37,,,Maggette Free Throw 2 of 2 (10 PTS),34 - 49,15
0020400085,193,1,5,2,9:32 PM,4:16,Curry  Layup (12 PTS) (Davis 2 AST),,,34 - 51,17
0020400085,194,2,1,2,9:33 PM,3:49,,,MISS Moore 20' Jump Shot,,
0020400085,195,4,0,2,9:33 PM,3:47,,,Brand REBOUND (Off:1 Def:2),,
0020400085,196,1,5,2,9:33 PM,3:45,,,Brand  Layup (6 PTS),36 - 51,15
0020400085,197,1,5,2,9:33 PM,3:32,Curry  Layup (14 PTS) (Davis 3 AST),,,36 - 53,17
0020400085,198,6,1,2,9:33 PM,3:22,Piatkowski P.FOUL (P2.T3),,,,
0020400085,199,8,0,2,9:33 PM,3:22,SUB: Nocioni FOR Deng,,,,
0020400085,200,6,1,2,9:34 PM,3:17,Nocioni P.FOUL (P2.T4),,,,
0020400085,201,3,11,2,9:34 PM,3:17,,,Maggette Free Throw 1 of 2 (11 PTS),37 - 53,16
0020400085,202,3,12,2,9:34 PM,3:17,,,Maggette Free Throw 2 of 2 (12 PTS),38 - 53,15
0020400085,203,2,1,2,9:35 PM,2:58,MISS Davis 18' Jump Shot,,,,
0020400085,204,4,0,2,9:35 PM,2:56,,,Brand REBOUND (Off:1 Def:3),,
0020400085,205,2,1,2,9:35 PM,2:40,,,MISS Brand 16' Jump Shot,,
0020400085,206,4,0,2,9:35 PM,2:38,Hinrich REBOUND (Off:0 Def:1),,,,
0020400085,207,6,2,2,9:36 PM,2:31,,,Jaric S.FOUL (P2.PN),,
0020400085,208,3,11,2,9:36 PM,2:31,MISS Nocioni Free Throw 1 of 2,,,,
0020400085,209,4,1,2,9:36 PM,2:31,BULLS Rebound,,,,
0020400085,210,3,12,2,9:36 PM,2:31,MISS Nocioni Free Throw 2 of 2,,,,
0020400085,211,4,0,2,9:36 PM,2:29,,,Brand REBOUND (Off:1 Def:4),,
0020400085,212,2,1,2,9:36 PM,2:17,,,MISS Maggette 20' Jump Shot,,
0020400085,213,4,0,2,9:36 PM,2:15,,,Maggette REBOUND (Off:1 Def:1),,
0020400085,214,5,40,2,9:37 PM,2:13,,,Maggette Out of Bounds Lost Ball Turnover (P2.T6),,
0020400085,215,2,5,2,9:37 PM,1:53,MISS Davis  Layup,,,,
0020400085,216,4,0,2,9:37 PM,1:52,,,Jaric REBOUND (Off:0 Def:1),,
0020400085,217,6,1,2,9:37 PM,1:47,Hinrich P.FOUL (P1.PN),,,,
0020400085,218,8,0,2,9:37 PM,1:47,SUB: Gordon FOR Piatkowski,,,,
0020400085,219,8,0,2,9:37 PM,1:47,SUB: Chandler FOR Davis,,,,
0020400085,220,3,11,2,9:38 PM,1:47,,,Brand Free Throw 1 of 2 (7 PTS),39 - 53,14
0020400085,221,3,12,2,9:38 PM,1:47,,,Brand Free Throw 2 of 2 (8 PTS),40 - 53,13
0020400085,222,2,1,2,9:38 PM,1:32,MISS Gordon 18' Jump Shot,,,,
0020400085,223,4,0,2,9:38 PM,1:28,,,Clippers Rebound,,
0020400085,224,2,1,2,9:39 PM,1:13,,,MISS Brand 19' Jump Shot,,
0020400085,225,4,0,2,9:39 PM,1:11,Curry REBOUND (Off:2 Def:3),,,,
0020400085,226,2,1,2,9:39 PM,0:51,MISS Gordon 10' Jump Shot,,,,
0020400085,227,4,0,2,9:39 PM,0:50,BULLS Rebound,,,,
0020400085,228,2,1,2,9:40 PM,0:47,MISS Chandler 11' Jump Shot,,Brand BLOCK (2 BLK),,
0020400085,229,4,0,2,9:40 PM,0:47,BULLS Rebound,,,,
0020400085,230,5,11,2,9:40 PM,0:47,BULLS Turnover: Shot Clock (T#6),,,,
0020400085,231,1,5,2,9:40 PM,0:36,,,Simmons  Layup (11 PTS) (Jaric 6 AST),42 - 53,11
0020400085,232,6,6,2,9:40 PM,0:36,Gordon AWAY.FROM.PLAY.FOUL (P2.PN),,,,
0020400085,233,8,0,2,9:40 PM,0:36,SUB: Deng FOR Gordon,,,,
0020400085,234,3,10,2,9:40 PM,0:36,,,Moore Free Throw 1 of 1 (6 PTS),43 - 53,10
0020400085,235,2,1,2,9:41 PM,0:18,MISS Curry 16' Jump Shot,,,,
0020400085,236,4,0,2,9:41 PM,0:16,,,Maggette REBOUND (Off:1 Def:2),,
0020400085,237,1,5,2,9:41 PM,0:14,,,Maggette  Layup (14 PTS),45 - 53,8
0020400085,238,6,2,2,9:41 PM,0:14,Hinrich S.FOUL (P2.PN),,,,
0020400085,239,8,0,2,9:41 PM,0:14,,,SUB: Livingston FOR Jaric,,
0020400085,240,8,0,2,9:41 PM,0:14,,,SUB: Brunson FOR Simmons,,
0020400085,241,3,10,2,9:41 PM,0:14,,,Maggette Free Throw 1 of 1 (15 PTS),46 - 53,7
0020400085,244,6,2,2,9:42 PM,0:02,,,Maggette S.FOUL (P1.PN),,
0020400085,245,3,11,2,9:42 PM,0:02,MISS Nocioni Free Throw 1 of 2,,,,
0020400085,246,4,1,2,9:42 PM,0:02,BULLS Rebound,,,,
0020400085,247,8,0,2,9:42 PM,0:02,SUB: Duhon FOR Hinrich,,,,
0020400085,248,9,2,2,9:42 PM,0:02,,,Clippers Timeout: Short (Reg.2 Short 1),,
0020400085,250,3,12,2,9:43 PM,0:02,Nocioni Free Throw 2 of 2 (8 PTS),,,46 - 54,8
0020400085,251,1,1,2,9:44 PM,0:00,,,Brunson 17' Jump Shot (2 PTS),48 - 54,6
0020400085,252,18,0,2,9:44 PM,0:00,,,,48 - 54,6
0020400085,253,13,0,2,9:45 PM,0:00,,,,48 - 54,6
0020400085,255,12,0,3,10:00 PM,12:00,,,,48 - 54,6
0020400085,256,2,5,3,10:01 PM,11:46,MISS Curry  Layup,,,,
0020400085,257,4,0,3,10:01 PM,11:44,,,Jaric REBOUND (Off:0 Def:2),,
0020400085,258,1,1,3,10:01 PM,11:28,,,Simmons 19' Jump Shot (13 PTS) (Brand 3 AST),50 - 54,4
0020400085,259,2,1,3,10:01 PM,11:07,MISS Hinrich 25' 3PT Jump Shot,,,,
0020400085,260,4,0,3,10:01 PM,11:05,Chandler REBOUND (Off:1 Def:5),,,,
0020400085,261,6,2,3,10:01 PM,11:04,,,Simmons S.FOUL (P3.T1),,
0020400085,262,3,11,3,10:02 PM,11:04,Chandler Free Throw 1 of 2 (8 PTS),,,50 - 55,5
0020400085,263,3,12,3,10:02 PM,11:04,Chandler Free Throw 2 of 2 (9 PTS),,,50 - 56,6
0020400085,264,6,1,3,10:02 PM,10:52,Hinrich P.FOUL (P3.T1),,,,
0020400085,265,2,5,3,10:03 PM,10:44,,,MISS Brand  Layup,,
0020400085,266,4,0,3,10:03 PM,10:42,Nocioni REBOUND (Off:0 Def:3),,,,
0020400085,267,5,1,3,10:03 PM,10:35,Piatkowski Bad Pass Turnover (P2.T7),,Simmons STEAL (3 STL),,
0020400085,268,2,5,3,10:03 PM,10:30,,,MISS Simmons  Layup,,
0020400085,269,4,0,3,10:03 PM,10:29,BULLS Rebound,,,,
0020400085,270,2,1,3,10:03 PM,10:08,MISS Curry 20' Jump Shot,,,,
0020400085,271,4,0,3,10:03 PM,10:07,,,Maggette REBOUND (Off:1 Def:3),,
0020400085,272,2,1,3,10:04 PM,9:58,,,MISS Wilcox 19' Jump Shot,,
0020400085,273,4,0,3,10:04 PM,9:56,Curry REBOUND (Off:2 Def:4),,,,
0020400085,274,6,1,3,10:04 PM,9:52,,,Simmons P.FOUL (P4.T2),,
0020400085,275,8,0,3,10:04 PM,9:52,,,SUB: Ross FOR Simmons,,
0020400085,276,1,42,3,10:04 PM,9:42,Nocioni  Driving Layup (10 PTS) (Hinrich 5 AST),,,50 - 58,8
0020400085,277,1,1,3,10:05 PM,9:21,,,Jaric 24' 3PT Jump Shot (5 PTS) (Maggette 2 AST),53 - 58,5
0020400085,278,2,1,3,10:05 PM,9:08,MISS Curry 18' Jump Shot,,,,
0020400085,279,4,0,3,10:05 PM,9:07,,,Wilcox REBOUND (Off:0 Def:3),,
0020400085,283,5,1,3,10:05 PM,8:53,Hinrich STEAL (1 STL),,Brand Bad Pass Turnover (P1.T7),,
0020400085,284,6,1,3,10:05 PM,8:53,,,Brand P.FOUL (P2.T3),,
0020400085,280,6,11,3,10:05 PM,8:53,,,,,
0020400085,285,3,16,3,10:06 PM,8:53,Piatkowski Free Throw Technical (1 PTS),,,53 - 59,6
0020400085,286,1,1,3,10:07 PM,8:30,Hinrich 16' Jump Shot (8 PTS),,,53 - 61,8
0020400085,287,1,1,3,10:07 PM,8:12,,,Jaric 23' Jump Shot (7 PTS),55 - 61,6
0020400085,288,2,1,3,10:07 PM,7:52,MISS Nocioni 24' 3PT Jump Shot,,,,
0020400085,289,4,0,3,10:07 PM,7:50,,,Wilcox REBOUND (Off:0 Def:4),,
0020400085,290,9,1,3,10:08 PM,7:47,,,,,
0020400085,292,1,1,3,10:09 PM,7:36,,,Maggette 6' Jump Shot (17 PTS) (Brand 4 AST),57 - 61,4
0020400085,293,1,5,3,10:09 PM,7:24,Nocioni  Layup (12 PTS) (Piatkowski 2 AST),,,57 - 63,6
0020400085,294,1,1,3,10:10 PM,7:03,,,Maggette 20' Jump Shot (19 PTS) (Jaric 7 AST),59 - 63,4
0020400085,295,2,5,3,10:10 PM,6:37,MISS Nocioni  Layup,,,,
0020400085,296,4,0,3,10:10 PM,6:36,Curry REBOUND (Off:3 Def:4),,,,
0020400085,297,2,5,3,10:10 PM,6:34,MISS Curry  Layup,,,,
0020400085,299,4,0,3,10:10 PM,6:32,Chandler REBOUND (Off:2 Def:5),,,,
0020400085,298,1,4,3,10:10 PM,6:32,Chandler  Tip Shot (11 PTS),,,59 - 65,6
0020400085,300,2,1,3,10:11 PM,6:16,,,MISS Maggette 21' Jump Shot,,
0020400085,301,4,0,3,10:11 PM,6:14,Curry REBOUND (Off:3 Def:5),,,,
0020400085,302,2,1,3,10:11 PM,6:07,MISS Piatkowski 16' Jump Shot,,,,
0020400085,303,4,0,3,10:11 PM,6:05,,,Wilcox REBOUND (Off:0 Def:5),,
0020400085,304,6,2,3,10:11 PM,5:59,Hinrich S.FOUL (P4.T2),,,,
0020400085,305,9,1,3,10:11 PM,5:59,BULLS Timeout: Regular (Full 3 Short 0),,,,
0020400085,306,8,0,3,10:13 PM,5:59,SUB: Deng FOR Nocioni,,,,
0020400085,307,8,0,3,10:13 PM,5:59,SUB: Duhon FOR Hinrich,,,,
0020400085,308,3,11,3,10:14 PM,5:59,,,Jaric Free Throw 1 of 2 (8 PTS),60 - 65,5
0020400085,309,3,12,3,10:14 PM,5:59,,,MISS Jaric Free Throw 2 of 2,,
0020400085,310,4,0,3,10:14 PM,5:58,Chandler REBOUND (Off:2 Def:6),,,,
0020400085,311,5,2,3,10:14 PM,5:35,Chandler Lost Ball Turnover (P1.T8),,Jaric STEAL (2 STL),,
0020400085,312,2,1,3,10:15 PM,5:23,,,MISS Brand 15' Jump Shot,,
0020400085,313,4,0,3,10:15 PM,5:21,Chandler REBOUND (Off:2 Def:7),,,,
0020400085,314,5,1,3,10:15 PM,5:13,Duhon Bad Pass Turnover (P1.T9),,Ross STEAL (1 STL),,
0020400085,315,1,1,3,10:15 PM,5:01,,,Jaric 25' 3PT Jump Shot (11 PTS) (Brand 5 AST),63 - 65,2
0020400085,316,1,1,3,10:15 PM,4:37,Curry 5' Jump Shot (16 PTS) (Deng 1 AST),,,63 - 67,4
0020400085,317,6,2,3,10:15 PM,4:37,,,Brand S.FOUL (P3.T4),,
0020400085,318,8,0,3,10:16 PM,4:37,SUB: Griffin FOR Deng,,,,
0020400085,319,8,0,3,10:16 PM,4:37,SUB: Gordon FOR Piatkowski,,,,
0020400085,320,3,10,3,10:16 PM,4:37,MISS Curry Free Throw 1 of 1,,,,
0020400085,321,4,0,3,10:16 PM,4:36,,,Brand REBOUND (Off:1 Def:5),,
0020400085,322,6,2,3,10:16 PM,4:22,Curry S.FOUL (P2.T3),,,,
0020400085,323,3,11,3,10:16 PM,4:22,,,Wilcox Free Throw 1 of 2 (5 PTS),64 - 67,3
0020400085,324,3,12,3,10:17 PM,4:22,,,Wilcox Free Throw 2 of 2 (6 PTS),65 - 67,2
0020400085,325,2,3,3,10:17 PM,4:02,MISS Curry 5' Hook Shot,,,,
0020400085,326,4,0,3,10:17 PM,4:01,,,Clippers Rebound,,
0020400085,328,1,52,3,10:17 PM,3:44,,,Wilcox  Alley Oop Dunk (8 PTS) (Maggette 3 AST),67 - 67,TIE
0020400085,329,2,1,3,10:18 PM,3:30,MISS Gordon 18' Jump Shot,,,,
0020400085,330,4,0,3,10:18 PM,3:28,,,Maggette REBOUND (Off:1 Def:4),,
0020400085,331,5,1,3,10:18 PM,3:22,Curry STEAL (1 STL),,Jaric Bad Pass Turnover (P1.T8),,
0020400085,332,2,2,3,10:18 PM,3:12,MISS Gordon 10' Running Jump Shot,,Brand BLOCK (3 BLK),,
0020400085,344,4,0,3,10:18 PM,3:12,,,Wilcox REBOUND (Off:0 Def:6),,
0020400085,333,6,2,3,10:18 PM,3:08,Griffin S.FOUL (P1.T4),,,,
0020400085,334,3,11,3,10:18 PM,3:08,,,Jaric Free Throw 1 of 2 (12 PTS),68 - 67,-1
0020400085,335,3,12,3,10:19 PM,3:08,,,Jaric Free Throw 2 of 2 (13 PTS),69 - 67,-2
0020400085,337,7,2,3,10:19 PM,2:55,,,Brand Violation:Defensive Goaltending,,
0020400085,336,1,5,3,10:19 PM,2:55,Duhon  Layup (5 PTS),,,69 - 69,TIE
0020400085,339,2,1,3,10:20 PM,2:35,,,MISS Maggette 24' 3PT Jump Shot,,
0020400085,340,4,0,3,10:20 PM,2:33,,,Brand REBOUND (Off:2 Def:5),,
0020400085,341,6,2,3,10:20 PM,2:32,Curry S.FOUL (P3.PN),,,,
0020400085,342,9,1,3,10:20 PM,2:32,,,Clippers Timeout: Regular (Reg.3 Short 1),,
0020400085,345,8,0,3,10:22 PM,2:32,,,SUB: Moore FOR Wilcox,,
0020400085,346,8,0,3,10:22 PM,2:32,SUB: Davis FOR Chandler,,,,
0020400085,347,8,0,3,10:22 PM,2:32,SUB: Deng FOR Griffin,,,,
0020400085,348,3,11,3,10:22 PM,2:32,,,Brand Free Throw 1 of 2 (9 PTS),70 - 69,-1
0020400085,349,3,12,3,10:23 PM,2:32,,,MISS Brand Free Throw 2 of 2,,
0020400085,350,4,0,3,10:23 PM,2:31,Davis REBOUND (Off:2 Def:1),,,,
0020400085,351,1,42,3,10:23 PM,2:15,Deng  Driving Layup (4 PTS) (Duhon 3 AST),,,70 - 71,1
0020400085,352,1,1,3,10:23 PM,1:55,,,Ross 19' Jump Shot (2 PTS) (Maggette 4 AST),72 - 71,-1
0020400085,353,1,1,3,10:24 PM,1:47,Deng 16' Jump Shot (6 PTS) (Duhon 4 AST),,,72 - 73,1
0020400085,354,1,5,3,10:24 PM,1:35,,,Brand  Layup (11 PTS) (Jaric 8 AST),74 - 73,-1
0020400085,355,6,2,3,10:24 PM,1:35,Curry S.FOUL (P4.PN),,,,
0020400085,356,8,0,3,10:24 PM,1:35,SUB: Nocioni FOR Curry,,,,
0020400085,359,7,3,3,10:24 PM,1:35,Nocioni Violation:Lane,,,,
0020400085,360,3,10,3,10:25 PM,1:35,,,MISS Brand Free Throw 1 of 1,,
0020400085,361,4,0,3,10:25 PM,1:33,Davis REBOUND (Off:2 Def:2),,,,
0020400085,362,2,1,3,10:25 PM,1:18,MISS Deng 25' 3PT Jump Shot,,,,
0020400085,363,4,0,3,10:25 PM,1:16,,,Jaric REBOUND (Off:0 Def:3),,
0020400085,364,1,1,3,10:25 PM,1:03,,,Jaric 20' Jump Shot (15 PTS) (Brand 6 AST),76 - 73,-3
0020400085,365,1,1,3,10:26 PM,0:45,Deng  3PT Jump Shot (9 PTS) (Duhon 5 AST),,,76 - 76,TIE
0020400085,366,5,1,3,10:26 PM,0:27,Duhon STEAL (1 STL),,Ross Bad Pass Turnover (P1.T9),,
0020400085,367,2,1,3,10:26 PM,0:20,MISS Nocioni 25' 3PT Jump Shot,,,,
0020400085,368,4,0,3,10:26 PM,0:20,,,Clippers Rebound,,
0020400085,369,2,1,3,10:27 PM,0:01,,,MISS Jaric 25' 3PT Jump Shot,,
0020400085,370,4,0,3,10:27 PM,0:00,,,Clippers Rebound,,
0020400085,371,2,1,3,10:27 PM,0:00,,,MISS Moore 17' Jump Shot,,
0020400085,373,4,0,3,10:27 PM,0:00,,,Clippers Rebound,,
0020400085,372,13,0,3,10:27 PM,0:00,,,,76 - 76,TIE
0020400085,375,12,0,4,10:30 PM,12:00,,,,76 - 76,TIE
0020400085,376,1,1,4,10:30 PM,11:45,,,Jaric 26' 3PT Jump Shot (18 PTS) (Moore 1 AST),79 - 76,-3
0020400085,377,2,1,4,10:30 PM,11:29,MISS Deng 24' 3PT Jump Shot,,,,
0020400085,378,4,0,4,10:30 PM,11:27,,,Ross REBOUND (Off:1 Def:2),,
0020400085,379,6,2,4,10:31 PM,11:14,Gordon S.FOUL (P3.T1),,,,
0020400085,380,3,11,4,10:31 PM,11:14,,,Moore Free Throw 1 of 2 (7 PTS),80 - 76,-4
0020400085,381,3,12,4,10:31 PM,11:14,,,Moore Free Throw 2 of 2 (8 PTS),81 - 76,-5
0020400085,382,2,5,4,10:31 PM,11:06,MISS Duhon  Layup,,,,
0020400085,383,4,0,4,10:31 PM,11:04,,,Moore REBOUND (Off:0 Def:2),,
0020400085,384,6,1,4,10:32 PM,10:56,Davis P.FOUL (P3.T2),,,,
0020400085,385,8,0,4,10:32 PM,10:56,SUB: Hinrich FOR Duhon,,,,
0020400085,386,2,5,4,10:32 PM,10:43,,,MISS Wilcox  Layup,,
0020400085,387,4,0,4,10:32 PM,10:42,Gordon REBOUND (Off:1 Def:2),,,,
0020400085,388,6,4,4,10:32 PM,10:34,Deng OFF.Foul (P1),,,,
0020400085,389,5,5,4,10:32 PM,10:34,Deng Foul Turnover (P1.T10),,,,
0020400085,390,1,42,4,10:33 PM,10:13,,,Wilcox  Driving Layup (10 PTS),83 - 76,-7
0020400085,391,6,2,4,10:33 PM,9:57,,,Moore S.FOUL (P2.T1),,
0020400085,392,3,11,4,10:34 PM,9:57,MISS Nocioni Free Throw 1 of 2,,,,
0020400085,393,4,1,4,10:34 PM,9:57,BULLS Rebound,,,,
0020400085,394,3,12,4,10:34 PM,9:57,Nocioni Free Throw 2 of 2 (13 PTS),,,83 - 77,-6
0020400085,395,2,1,4,10:34 PM,9:42,,,MISS Ross 19' Jump Shot,,
0020400085,396,4,0,4,10:34 PM,9:39,Davis REBOUND (Off:2 Def:3),,,,
0020400085,397,5,2,4,10:35 PM,9:27,Nocioni Lost Ball Turnover (P4.T11),,Jaric STEAL (3 STL),,
0020400085,398,2,5,4,10:35 PM,9:23,,,MISS Jaric  Layup,,
0020400085,399,4,0,4,10:35 PM,9:21,Nocioni REBOUND (Off:0 Def:4),,,,
0020400085,400,2,1,4,10:35 PM,9:16,MISS Deng 14' Jump Shot,,,,
0020400085,401,4,0,4,10:35 PM,9:14,,,Moore REBOUND (Off:0 Def:3),,
0020400085,402,6,2,4,10:35 PM,9:00,Nocioni S.FOUL (P3.T3),,,,
0020400085,403,8,0,4,10:35 PM,9:00,,,SUB: Livingston FOR Jaric,,
0020400085,404,8,0,4,10:35 PM,9:00,SUB: Chandler FOR Davis,,,,
0020400085,405,8,0,4,10:36 PM,9:00,SUB: Curry FOR Nocioni,,,,
0020400085,406,3,11,4,10:36 PM,9:00,,,Moore Free Throw 1 of 2 (9 PTS),84 - 77,-7
0020400085,407,3,12,4,10:36 PM,9:00,,,Moore Free Throw 2 of 2 (10 PTS),85 - 77,-8
0020400085,408,2,1,4,10:36 PM,8:50,MISS Gordon 12' Jump Shot,,,,
0020400085,409,4,0,4,10:36 PM,8:48,Gordon REBOUND (Off:2 Def:2),,,,
0020400085,410,6,1,4,10:37 PM,8:37,,,Moore P.FOUL (P3.T2),,
0020400085,411,9,1,4,10:37 PM,8:37,,,,,
0020400085,413,5,1,4,10:39 PM,8:25,Hinrich Bad Pass Turnover (P1.T12),,,,
0020400085,414,2,5,4,10:39 PM,8:11,,,MISS Simmons  Layup,,
0020400085,415,4,0,4,10:39 PM,8:11,BULLS Rebound,,,,
0020400085,416,6,3,4,10:39 PM,8:11,,,Ross L.B.FOUL (P2.T3),,
0020400085,417,2,1,4,10:40 PM,7:54,MISS Hinrich 20' Jump Shot,,,,
0020400085,418,4,0,4,10:40 PM,7:52,,,Livingston REBOUND (Off:0 Def:1),,
0020400085,419,1,7,4,10:40 PM,7:47,,,Wilcox  Dunk (12 PTS) (Livingston 2 AST),87 - 77,-10
0020400085,420,2,1,4,10:40 PM,7:26,MISS Hinrich 22' Jump Shot,,,,
0020400085,421,4,0,4,10:40 PM,7:24,,,Wilcox REBOUND (Off:0 Def:7),,
0020400085,422,2,1,4,10:41 PM,7:12,,,MISS Simmons 11' Jump Shot,,
0020400085,423,4,0,4,10:41 PM,7:10,Chandler REBOUND (Off:2 Def:8),,,,
0020400085,424,1,1,4,10:41 PM,6:55,Gordon 22' Jump Shot (10 PTS),,,87 - 79,-8
0020400085,425,5,1,4,10:42 PM,6:28,Deng STEAL (1 STL),,Simmons Bad Pass Turnover (P2.T10),,
0020400085,426,6,2,4,10:43 PM,6:18,,,Wilcox S.FOUL (P4.T4),,
0020400085,427,6,16,4,10:43 PM,6:18,,,,,
0020400085,428,8,0,4,10:43 PM,6:18,,,SUB: Brand FOR Moore,,
0020400085,429,8,0,4,10:43 PM,6:18,,,SUB: Maggette FOR Ross,,
0020400085,430,3,11,4,10:43 PM,6:18,MISS Chandler Free Throw 1 of 2,,,,
0020400085,431,4,1,4,10:43 PM,6:18,BULLS Rebound,,,,
0020400085,432,3,12,4,10:44 PM,6:18,Chandler Free Throw 2 of 2 (12 PTS),,,87 - 80,-7
0020400085,433,2,3,4,10:44 PM,5:58,,,MISS Wilcox 9' Hook Shot,,
0020400085,434,4,0,4,10:44 PM,5:55,Hinrich REBOUND (Off:0 Def:2),,,,
0020400085,435,2,5,4,10:44 PM,5:47,MISS Curry  Layup,,,,
0020400085,436,4,0,4,10:44 PM,5:46,,,Wilcox REBOUND (Off:0 Def:8),,
0020400085,437,2,1,4,10:45 PM,5:24,,,MISS Simmons 20' Jump Shot,,
0020400085,438,4,0,4,10:45 PM,5:22,Chandler REBOUND (Off:2 Def:9),,,,
0020400085,439,2,1,4,10:45 PM,5:03,MISS Gordon 27' 3PT Jump Shot,,,,
0020400085,440,4,0,4,10:45 PM,5:00,,,Brand REBOUND (Off:2 Def:6),,
0020400085,441,6,1,4,10:45 PM,5:00,Chandler P.FOUL (P2.T4),,,,
0020400085,442,9,1,4,10:45 PM,5:00,BULLS Timeout: Regular (Full 4 Short 0),,,,
0020400085,444,8,0,4,10:47 PM,5:00,,,SUB: Jaric FOR Livingston,,
0020400085,445,2,5,4,10:48 PM,4:43,,,MISS Wilcox  Layup,,
0020400085,446,4,0,4,10:48 PM,4:41,,,Brand REBOUND (Off:3 Def:6),,
0020400085,447,2,5,4,10:48 PM,4:38,,,MISS Maggette  Layup,,
0020400085,448,4,0,4,10:48 PM,4:37,,,Wilcox REBOUND (Off:1 Def:8),,
0020400085,449,2,1,4,10:48 PM,4:19,,,MISS Brand 11' Jump Shot,,
0020400085,451,4,0,4,10:48 PM,4:17,,,Wilcox REBOUND (Off:2 Def:8),,
0020400085,450,1,64,4,10:48 PM,4:17,,,Wilcox  Follow Up Dunk (14 PTS),89 - 80,-9
0020400085,452,1,7,4,10:48 PM,3:57,Chandler  Dunk (14 PTS) (Hinrich 6 AST),,,89 - 82,-7
0020400085,453,5,8,4,10:49 PM,3:34,,,Brand 3 Second Violation Turnover (P2.T11),,
0020400085,454,2,1,4,10:49 PM,3:18,MISS Deng 27' 3PT Jump Shot,,,,
0020400085,455,4,0,4,10:49 PM,3:16,,,Jaric REBOUND (Off:0 Def:4),,
0020400085,456,6,2,4,10:50 PM,2:57,Chandler S.FOUL (P3.PN),,,,
0020400085,457,9,1,4,10:50 PM,2:57,,,Clippers Timeout: Regular (Reg.4 Short 1),,
0020400085,459,3,11,4,10:52 PM,2:57,,,Maggette Free Throw 1 of 2 (20 PTS),90 - 82,-8
0020400085,460,3,12,4,10:52 PM,2:57,,,Maggette Free Throw 2 of 2 (21 PTS),91 - 82,-9
0020400085,468,2,45,4,10:53 PM,2:38,MISS Hinrich 13' Jump Shot,,,,
0020400085,461,4,0,4,10:53 PM,2:38,Chandler REBOUND (Off:3 Def:9),,,,
0020400085,462,6,1,4,10:53 PM,2:38,,,Jaric P.FOUL (P3.PN),,
0020400085,464,3,11,4,10:53 PM,2:38,MISS Chandler Free Throw 1 of 2,,,,
0020400085,465,4,1,4,10:53 PM,2:38,BULLS Rebound,,,,
0020400085,466,8,0,4,10:53 PM,2:38,,,SUB: Brunson FOR Simmons,,
0020400085,467,3,12,4,10:53 PM,2:38,Chandler Free Throw 2 of 2 (15 PTS),,,91 - 83,-8
0020400085,469,2,1,4,10:54 PM,2:17,,,MISS Jaric 26' 3PT Jump Shot,,
0020400085,470,4,0,4,10:54 PM,2:15,Curry REBOUND (Off:3 Def:6),,,,
0020400085,472,1,56,4,10:54 PM,2:01,Chandler 4' Running Hook Shot (17 PTS),,,91 - 85,-6
0020400085,473,2,1,4,10:55 PM,1:39,,,MISS Brand 11' Jump Shot,,
0020400085,474,4,0,4,10:55 PM,1:37,Curry REBOUND (Off:3 Def:7),,,,
0020400085,475,2,1,4,10:55 PM,1:20,MISS Hinrich 20' Jump Shot,,,,
0020400085,476,4,0,4,10:55 PM,1:18,,,Jaric REBOUND (Off:0 Def:5),,
0020400085,477,6,1,4,10:55 PM,1:04,Curry P.FOUL (P5.PN),,,,
0020400085,478,3,11,4,10:56 PM,1:04,,,Jaric Free Throw 1 of 2 (19 PTS),92 - 85,-7
0020400085,479,8,0,4,10:56 PM,1:04,,,SUB: Moore FOR Wilcox,,
0020400085,480,3,12,4,10:56 PM,1:04,,,MISS Jaric Free Throw 2 of 2,,
0020400085,481,4,0,4,10:56 PM,1:04,Curry REBOUND (Off:3 Def:8),,,,
0020400085,482,9,1,4,10:56 PM,1:04,BULLS Timeout: Regular (Full 5 Short 0),,,,
0020400085,484,1,3,4,10:58 PM,0:58,Curry 7' Hook Shot (18 PTS) (Hinrich 7 AST),,,92 - 87,-5
0020400085,485,2,1,4,10:59 PM,0:33,,,MISS Jaric 17' Jump Shot,,
0020400085,486,4,0,4,10:59 PM,0:31,Deng REBOUND (Off:2 Def:4),,,,
0020400085,487,6,2,4,10:59 PM,0:24,,,Moore S.FOUL (P4.PN),,
0020400085,488,3,11,4,10:59 PM,0:24,Deng Free Throw 1 of 2 (10 PTS),,,92 - 88,-4
0020400085,489,8,0,4,10:59 PM,0:24,SUB: Nocioni FOR Curry,,,,
0020400085,490,8,0,4,11:00 PM,0:24,SUB: Duhon FOR Chandler,,,,
0020400085,491,3,12,4,11:00 PM,0:24,MISS Deng Free Throw 2 of 2,,,,
0020400085,492,4,0,4,11:00 PM,0:23,,,Maggette REBOUND (Off:1 Def:5),,
0020400085,493,9,1,4,11:00 PM,0:23,,,Clippers Timeout: Regular (Reg.5 Short 1),,
0020400085,494,8,0,4,11:01 PM,0:23,,,SUB: Simmons FOR Brand,,
0020400085,495,6,1,4,11:02 PM,0:21,Nocioni P.FOUL (P4.PN),,,,
0020400085,496,8,0,4,11:02 PM,0:21,SUB: Chandler FOR Duhon,,,,
0020400085,497,8,0,4,11:02 PM,0:21,SUB: Curry FOR Nocioni,,,,
0020400085,498,3,11,4,11:02 PM,0:21,,,MISS Maggette Free Throw 1 of 2,,
0020400085,499,4,1,4,11:02 PM,0:21,,,Clippers Rebound,,
0020400085,500,8,0,4,11:02 PM,0:21,,,SUB: Brand FOR Simmons,,
0020400085,501,3,12,4,11:03 PM,0:21,,,Maggette Free Throw 2 of 2 (22 PTS),93 - 88,-5
0020400085,502,9,2,4,11:03 PM,0:21,BULLS Timeout: Short (Full 5 Short 1),,,,
0020400085,503,8,0,4,11:04 PM,0:21,SUB: Piatkowski FOR Chandler,,,,
0020400085,504,8,0,4,11:04 PM,0:21,,,SUB: Simmons FOR Moore,,
0020400085,505,2,1,4,11:04 PM,0:17,MISS Curry 7' Jump Shot,,,,
0020400085,506,4,0,4,11:04 PM,0:16,,,Brunson REBOUND (Off:0 Def:1),,
0020400085,507,6,1,4,11:04 PM,0:16,Deng P.FOUL (P2.PN),,,,
0020400085,508,3,11,4,11:05 PM,0:16,,,Brunson Free Throw 1 of 2 (3 PTS),94 - 88,-6
0020400085,509,3,12,4,11:05 PM,0:16,,,Brunson Free Throw 2 of 2 (4 PTS),95 - 88,-7
0020400085,510,1,1,4,11:05 PM,0:08,Deng 26' 3PT Jump Shot (13 PTS) (Gordon 1 AST),,,95 - 91,-4
0020400085,511,9,2,4,11:05 PM,0:08,,,Clippers Timeout: Short (Reg.5 Short 2),,
0020400085,512,8,0,4,11:06 PM,0:08,,,SUB: Moore FOR Brand,,
0020400085,513,8,0,4,11:06 PM,0:08,SUB: Nocioni FOR Curry,,,,
0020400085,514,8,0,4,11:06 PM,0:08,SUB: Duhon FOR Piatkowski,,,,
0020400085,515,6,1,4,11:06 PM,0:06,Nocioni P.FOUL (P5.PN),,,,
0020400085,516,3,11,4,11:07 PM,0:06,,,Maggette Free Throw 1 of 2 (23 PTS),96 - 91,-5
0020400085,517,8,0,4,11:07 PM,0:06,SUB: Chandler FOR Duhon,,,,
0020400085,518,8,0,4,11:07 PM,0:06,SUB: Curry FOR Nocioni,,,,
0020400085,519,3,12,4,11:07 PM,0:06,,,MISS Maggette Free Throw 2 of 2,,
0020400085,520,4,0,4,11:08 PM,0:05,Chandler REBOUND (Off:3 Def:10),,,,
0020400085,521,9,1,4,11:08 PM,0:05,BULLS Timeout: Regular (Full 6 Short 1),,,,
0020400085,522,8,0,4,11:09 PM,0:05,SUB: Piatkowski FOR Chandler,,,,
0020400085,523,8,0,4,11:09 PM,0:05,,,SUB: Ross FOR Maggette,,
0020400085,524,1,7,4,11:09 PM,0:03,Curry  Dunk (20 PTS) (Deng 2 AST),,,96 - 93,-3
0020400085,525,6,1,4,11:09 PM,0:01,Hinrich P.FOUL (P5.PN),,,,
0020400085,526,3,11,4,11:10 PM,0:01,,,MISS Brunson Free Throw 1 of 2,,
0020400085,527,4,1,4,11:10 PM,0:01,,,Clippers Rebound,,
0020400085,528,3,12,4,11:10 PM,0:01,,,Brunson Free Throw 2 of 2 (5 PTS),97 - 93,-4
0020400085,529,1,1,4,11:11 PM,0:00,Hinrich 26' 3PT Jump Shot (11 PTS) (Deng 3 AST),,,97 - 96,-1
0020400085,530,13,0,4,11:11 PM,0:00,,,,97 - 96,-1
