GAME_ID,EVENTNUM,EVENTMSGTYPE,EVENTMSGACTIONTYPE,PERIOD,WCTIMESTRING,PCTIMESTRING,HOMEDESCRIPTION,NEUTRALDESCRIPTION,VISITORDESCRIPTION,SCORE,SCOREMARGIN
0021800341,2,12,0,1,7:12 PM,12:00,,,,,
0021800341,4,10,0,1,7:12 PM,12:00,Jump Ball Jordan vs. Gortat: Tip to Harris,,,,
0021800341,7,2,63,1,7:12 PM,11:45,,,MISS Bradley 18' Fadeaway Jumper,,
0021800341,8,4,0,1,7:13 PM,11:42,Matthews REBOUND (Off:0 Def:1),,,,
0021800341,9,2,58,1,7:13 PM,11:35,MISS Jordan 5' Turnaround Hook Shot,,,,
0021800341,10,4,0,1,7:13 PM,11:33,,,Gallinari REBOUND (Off:0 Def:1),,
0021800341,11,1,79,1,7:13 PM,11:26,,,Gallinari 20' Pullup Jump Shot (2 PTS),2 - 0,-2
0021800341,12,2,6,1,7:13 PM,11:01,MISS Barnes 3' Driving Layup,,,,
0021800341,13,4,0,1,7:13 PM,10:59,Barnes REBOUND (Off:1 Def:0),,,,
0021800341,14,1,72,1,7:13 PM,10:59,Barnes 1' Putback Layup (2 PTS),,,2 - 2,TIE
0021800341,15,1,6,1,7:13 PM,10:44,,,Bradley 2' Driving Layup (2 PTS),4 - 2,-2
0021800341,16,6,1,1,7:14 PM,10:36,,,Gilgeous-Alexander P.FOUL (P1.T1) (J.Capers),,
0021800341,18,5,1,1,7:14 PM,10:27,Matthews Bad Pass Turnover (P1.T1),,Gilgeous-Alexander STEAL (1 STL),,
0021800341,20,6,2,1,7:14 PM,10:21,Matthews S.FOUL (P1.T1) (J.Capers),,,,
0021800341,22,3,11,1,7:14 PM,10:21,,,Gilgeous-Alexander Free Throw 1 of 2 (1 PTS),5 - 2,-3
0021800341,23,3,12,1,7:15 PM,10:21,,,Gilgeous-Alexander Free Throw 2 of 2 (2 PTS),6 - 2,-4
0021800341,24,1,1,1,7:15 PM,10:01,Matthews 28' 3PT Jump Shot (3 PTS) (Smith Jr. 1 AST),,,6 - 5,-1
0021800341,26,1,1,1,7:15 PM,9:44,,,Harris 27' 3PT Jump Shot (3 PTS) (Gallinari 1 AST),9 - 5,-4
0021800341,28,2,1,1,7:16 PM,9:30,MISS Matthews 26' 3PT Jump Shot,,,,
0021800341,29,4,0,1,7:16 PM,9:28,,,Gortat REBOUND (Off:0 Def:1),,
0021800341,30,2,1,1,7:16 PM,9:20,,,MISS Gallinari 26' 3PT Jump Shot,,
0021800341,31,4,0,1,7:16 PM,9:17,Matthews REBOUND (Off:0 Def:2),,,,
0021800341,32,2,1,1,7:16 PM,9:12,MISS Barnes 29' 3PT Jump Shot,,,,
0021800341,33,4,0,1,7:16 PM,9:08,,,Gortat REBOUND (Off:0 Def:2),,
0021800341,34,2,79,1,7:16 PM,9:02,,,MISS Harris 12' Pullup Jump Shot,,
0021800341,35,4,0,1,7:16 PM,8:59,Smith Jr. REBOUND (Off:0 Def:1),,,,
0021800341,36,1,75,1,7:16 PM,8:51,Smith Jr. 1' Driving Finger Roll Layup (2 PTS),,,9 - 7,-2
0021800341,37,6,2,1,7:16 PM,8:38,Jordan S.FOUL (P1.T2) (C.Blair),,,,
0021800341,39,3,11,1,7:17 PM,8:38,,,Gilgeous-Alexander Free Throw 1 of 2 (3 PTS),10 - 7,-3
0021800341,40,3,12,1,7:17 PM,8:38,,,Gilgeous-Alexander Free Throw 2 of 2 (4 PTS),11 - 7,-4
0021800341,41,1,99,1,7:17 PM,8:27,Barnes 2' Cutting Finger Roll Layup Shot (4 PTS) (Matthews 1 AST),,,11 - 9,-2
0021800341,43,6,4,1,7:18 PM,8:15,,,Gortat OFF.Foul (P1) (C.Blair),,
0021800341,45,5,37,1,7:18 PM,8:15,,,Gortat Offensive Foul Turnover (P1.T1),,
0021800341,46,1,80,1,7:18 PM,7:56,Barnes 27' 3PT Step Back Jump Shot (7 PTS),,,11 - 12,1
0021800341,47,1,73,1,7:18 PM,7:35,,,Gortat 2' Driving Reverse Layup (2 PTS) (Bradley 1 AST),13 - 12,-1
0021800341,49,1,101,1,7:19 PM,7:19,Matthews 4' Driving Floating Jump Shot (5 PTS),,,13 - 14,1
0021800341,50,1,80,1,7:19 PM,7:01,,,Gallinari 23' Step Back Jump Shot (4 PTS),15 - 14,-1
0021800341,51,1,101,1,7:19 PM,6:37,Barnes 6' Driving Floating Jump Shot (9 PTS) (Jordan 1 AST),,,15 - 16,1
0021800341,53,6,2,1,7:19 PM,6:37,,,Bradley S.FOUL (P1.T2) (M.Ayotte),,
0021800341,55,9,1,1,7:20 PM,6:37,MAVERICKS Timeout: Regular (Full 1 Short 0),,,,
0021800341,56,3,10,1,7:22 PM,6:37,Barnes Free Throw 1 of 1 (10 PTS),,,15 - 17,2
0021800341,57,2,1,1,7:23 PM,6:22,,,MISS Gortat 14' Jump Shot,,
0021800341,58,4,0,1,7:23 PM,6:19,Jordan REBOUND (Off:0 Def:1),,,,
0021800341,59,5,45,1,7:23 PM,6:15,Smith Jr. Out of Bounds - Bad Pass Turnover Turnover (P1.T2),,,,
0021800341,60,6,1,1,7:23 PM,6:08,Jordan P.FOUL (P2.T3) (C.Blair),,,,
0021800341,62,1,79,1,7:24 PM,6:00,,,Gilgeous-Alexander 14' Pullup Jump Shot (6 PTS),17 - 17,TIE
0021800341,63,2,101,1,7:24 PM,5:40,MISS Matthews 7' Driving Floating Jump Shot,,,,
0021800341,64,4,0,1,7:24 PM,5:38,,,Gallinari REBOUND (Off:0 Def:2),,
0021800341,65,2,79,1,7:24 PM,5:30,,,MISS Harris 15' Pullup Jump Shot,,
0021800341,66,4,0,1,7:24 PM,5:26,Jordan REBOUND (Off:0 Def:2),,,,
0021800341,67,1,1,1,7:24 PM,5:04,Barnes 27' 3PT Jump Shot (13 PTS) (Smith Jr. 2 AST),,,17 - 20,3
0021800341,69,2,41,1,7:25 PM,4:54,,,MISS Gallinari 2' Running Layup,,
0021800341,70,4,0,1,7:25 PM,4:51,,,Gallinari REBOUND (Off:1 Def:2),,
0021800341,71,1,97,1,7:25 PM,4:49,,,Gallinari 1' Tip Layup Shot (6 PTS),19 - 20,1
0021800341,72,2,6,1,7:25 PM,4:29,MISS Barnes 2' Driving Layup,,,,
0021800341,73,4,0,1,7:25 PM,4:27,,,Gallinari REBOUND (Off:1 Def:3),,
0021800341,74,1,47,1,7:25 PM,4:21,,,Harris 13' Turnaround Jump Shot (5 PTS),21 - 20,-1
0021800341,75,1,98,1,7:26 PM,4:00,Matthews 1' Cutting Layup Shot (7 PTS) (Jordan 2 AST),,,21 - 22,1
0021800341,79,6,2,1,7:26 PM,3:46,Finney-Smith S.FOUL (P1.T4) (M.Ayotte),,,,
0021800341,81,18,0,1,7:27 PM,3:46,,,,21 - 22,1
0021800341,82,3,13,1,7:27 PM,3:46,,,Gallinari Free Throw 1 of 3 (7 PTS),22 - 22,TIE
0021800341,83,3,14,1,7:27 PM,3:46,,,Gallinari Free Throw 2 of 3 (8 PTS),23 - 22,-1
0021800341,84,8,0,1,7:27 PM,3:46,SUB: Barea FOR Jordan,,,,
0021800341,85,8,0,1,7:27 PM,3:46,SUB: Powell FOR Smith Jr.,,,,
0021800341,86,8,0,1,7:27 PM,3:46,,,SUB: Beverley FOR Gilgeous-Alexander,,
0021800341,90,3,15,1,7:27 PM,3:46,,,Gallinari Free Throw 3 of 3 (9 PTS),24 - 22,-2
0021800341,91,6,2,1,7:28 PM,3:34,,,Bradley S.FOUL (P2.T3) (C.Blair),,
0021800341,93,3,11,1,7:28 PM,3:34,Matthews Free Throw 1 of 2 (8 PTS),,,24 - 23,-1
0021800341,94,3,12,1,7:28 PM,3:34,Matthews Free Throw 2 of 2 (9 PTS),,,24 - 24,TIE
0021800341,95,1,80,1,7:29 PM,3:18,,,Gallinari 23' Step Back Jump Shot (11 PTS),26 - 24,-2
0021800341,96,6,26,1,7:29 PM,3:06,Matthews Offensive Charge Foul (P2.PN) (M.Ayotte),,,,
0021800341,98,5,37,1,7:29 PM,3:06,Matthews Offensive Foul Turnover (P2.T3),,,,
0021800341,99,8,0,1,7:29 PM,3:06,SUB: Harris FOR Matthews,,,,
0021800341,100,8,0,1,7:29 PM,3:06,,,SUB: Williams FOR Bradley,,
0021800341,103,2,6,1,7:29 PM,2:49,,,MISS Williams 2' Driving Layup,,
0021800341,104,4,0,1,7:29 PM,2:47,Barnes REBOUND (Off:1 Def:1),,,,
0021800341,105,1,79,1,7:30 PM,2:42,Barea 10' Pullup Jump Shot (2 PTS),,,26 - 26,TIE
0021800341,106,1,1,1,7:30 PM,2:29,,,Gallinari 25' 3PT Jump Shot (14 PTS) (Harris 1 AST),29 - 26,-3
0021800341,108,7,1,1,7:30 PM,2:28,,,,,
0021800341,109,1,1,1,7:30 PM,2:16,Barea 7' Jump Shot (4 PTS),,,29 - 28,-1
0021800341,110,6,2,1,7:30 PM,2:16,,,Beverley S.FOUL (P1.T4) (J.Capers),,
0021800341,112,9,1,1,7:30 PM,2:16,,,Clippers Timeout: Regular (Reg.1 Short 0),,
0021800341,113,8,0,1,7:31 PM,2:16,SUB: Mejri FOR Finney-Smith,,,,
0021800341,114,8,0,1,7:31 PM,2:16,,,SUB: Scott FOR Gallinari,,
0021800341,117,3,10,1,7:33 PM,2:16,Barea Free Throw 1 of 1 (5 PTS),,,29 - 29,TIE
0021800341,118,2,47,1,7:34 PM,1:56,,,MISS Scott 10' Turnaround Jump Shot,,
0021800341,119,4,0,1,7:34 PM,1:53,Powell REBOUND (Off:0 Def:1),,,,
0021800341,120,2,79,1,7:34 PM,1:40,MISS Harris 17' Pullup Jump Shot,,,,
0021800341,121,4,0,1,7:34 PM,1:35,,,Williams REBOUND (Off:0 Def:1),,
0021800341,122,2,1,1,7:34 PM,1:31,,,MISS Harris 26' 3PT Jump Shot,,
0021800341,123,4,0,1,7:34 PM,1:27,Powell REBOUND (Off:0 Def:2),,,,
0021800341,124,2,1,1,7:34 PM,1:11,MISS Barnes 26' 3PT Jump Shot,,,,
0021800341,125,4,0,1,7:34 PM,1:08,,,Beverley REBOUND (Off:0 Def:1),,
0021800341,126,1,98,1,7:34 PM,1:05,,,Harris 3' Cutting Layup Shot (7 PTS) (Beverley 1 AST),31 - 29,-2
0021800341,128,1,86,1,7:35 PM,0:47,Barnes 14' Turnaround Fadeaway (15 PTS),,,31 - 31,TIE
0021800341,130,1,101,1,7:35 PM,0:29,,,Williams 3' Driving Floating Jump Shot (2 PTS) (Harris 2 AST),33 - 31,-2
0021800341,132,1,1,1,7:35 PM,0:07,Barea  3PT Jump Shot (8 PTS) (Powell 1 AST),,,33 - 34,1
0021800341,134,1,79,1,7:36 PM,0:00,,,Williams 21' Pullup Jump Shot (4 PTS),35 - 34,-1
0021800341,135,18,1,1,7:36 PM,0:00,,,,35 - 34,-1
0021800341,136,13,0,1,7:36 PM,0:00,,,,35 - 34,-1
0021800341,143,12,0,2,7:38 PM,12:00,,,,35 - 34,-1
0021800341,144,1,102,2,7:39 PM,11:44,Harris 4' Driving Floating Bank Jump Shot (2 PTS),,,35 - 36,1
0021800341,145,6,2,2,7:39 PM,11:44,,,Thornwell S.FOUL (P1.T1) (M.Ayotte),,
0021800341,147,3,10,2,7:39 PM,11:44,Harris Free Throw 1 of 1 (3 PTS),,,35 - 37,2
0021800341,148,1,1,2,7:39 PM,11:32,,,Scott 24' 3PT Jump Shot (3 PTS) (Harrell 1 AST),38 - 37,-1
0021800341,150,2,79,2,7:40 PM,11:11,MISS Barea 16' Pullup Jump Shot,,,,
0021800341,151,4,0,2,7:40 PM,11:08,Mejri REBOUND (Off:1 Def:0),,,,
0021800341,152,6,1,2,7:40 PM,11:08,,,Scott P.FOUL (P1.T2) (J.Capers),,
0021800341,154,2,75,2,7:40 PM,11:01,MISS Harris 4' Driving Finger Roll Layup,,Harrell BLOCK (1 BLK),,
0021800341,156,4,0,2,7:40 PM,10:58,,,Beverley REBOUND (Off:0 Def:2),,
0021800341,157,2,1,2,7:40 PM,10:46,,,MISS Scott 26' 3PT Jump Shot,,
0021800341,158,4,0,2,7:40 PM,10:46,Mejri REBOUND (Off:1 Def:1),,,,
0021800341,159,2,73,2,7:41 PM,10:34,MISS Barea 2' Driving Reverse Layup,,,,
0021800341,160,4,0,2,7:41 PM,10:33,,,Scott REBOUND (Off:0 Def:1),,
0021800341,161,2,1,2,7:41 PM,10:27,,,MISS Williams  3PT Jump Shot,,
0021800341,162,4,0,2,7:41 PM,10:24,Harris REBOUND (Off:0 Def:1),,,,
0021800341,163,6,2,2,7:41 PM,10:13,,,Harrell S.FOUL (P1.T3) (C.Blair),,
0021800341,165,3,11,2,7:41 PM,10:13,Barea Free Throw 1 of 2 (9 PTS),,,38 - 38,TIE
0021800341,166,3,12,2,7:42 PM,10:13,Barea Free Throw 2 of 2 (10 PTS),,,38 - 39,1
0021800341,167,6,1,2,7:42 PM,10:05,Powell P.FOUL (P1.T1) (M.Ayotte),,,,
0021800341,169,6,1,2,7:42 PM,10:02,Harris P.FOUL (P1.T2) (C.Blair),,,,
0021800341,171,1,63,2,7:43 PM,9:55,,,Harrell 3' Fadeaway Jumper (2 PTS) (Scott 1 AST),40 - 39,-1
0021800341,173,6,2,2,7:43 PM,9:55,Powell S.FOUL (P2.T3) (J.Capers),,,,
0021800341,175,3,10,2,7:43 PM,9:55,,,MISS Harrell Free Throw 1 of 1,,
0021800341,176,4,0,2,7:43 PM,9:51,,,Scott REBOUND (Off:1 Def:1),,
0021800341,177,1,101,2,7:43 PM,9:46,,,Williams 5' Driving Floating Jump Shot (6 PTS),42 - 39,-3
0021800341,178,6,6,2,7:43 PM,9:45,Harris AWAY.FROM.PLAY.FOUL (P2.T4) (C.Blair),,,,
0021800341,181,3,10,2,7:44 PM,9:45,,,MISS Harrell Free Throw 1 of 1,,
0021800341,182,4,0,2,7:44 PM,9:45,Mejri REBOUND (Off:1 Def:2),,,,
0021800341,183,10,0,2,7:44 PM,9:41,Jump Ball Mejri vs. Beverley: Tip to,,,,
0021800341,186,5,2,2,7:44 PM,9:41,Mejri Lost Ball Turnover (P1.T4),,Beverley STEAL (1 STL),,
0021800341,188,2,1,2,7:45 PM,9:31,,,MISS Scott 16' Jump Shot,,
0021800341,189,4,0,2,7:45 PM,9:28,Barea REBOUND (Off:0 Def:1),,,,
0021800341,190,5,1,2,7:45 PM,9:19,Barea Bad Pass Turnover (P1.T5),,Harrell STEAL (1 STL),,
0021800341,192,1,9,2,7:45 PM,9:09,,,Harrell 2' Driving Dunk (4 PTS) (Beverley 2 AST),44 - 39,-5
0021800341,194,9,1,2,7:45 PM,9:09,MAVERICKS Timeout: Regular (Full 2 Short 0),,,,
0021800341,196,2,63,2,7:48 PM,8:52,MISS Brunson 12' Fadeaway Jumper,,,,
0021800341,197,4,0,2,7:48 PM,8:46,,,Thornwell REBOUND (Off:0 Def:1),,
0021800341,198,2,101,2,7:49 PM,8:39,,,MISS Harrell 8' Driving Floating Jump Shot,,
0021800341,199,4,0,2,7:49 PM,8:39,,,Harrell REBOUND (Off:1 Def:0),,
0021800341,200,6,2,2,7:49 PM,8:39,Mejri S.FOUL (P1.PN) (M.Ayotte),,,,
0021800341,202,3,11,2,7:49 PM,8:39,,,MISS Harrell Free Throw 1 of 2,,
0021800341,203,4,1,2,7:49 PM,8:39,,,Clippers Rebound,,
0021800341,204,8,0,2,7:49 PM,8:39,SUB: Jordan FOR Mejri,,,,
0021800341,206,3,12,2,7:49 PM,8:39,,,Harrell Free Throw 2 of 2 (5 PTS),45 - 39,-6
0021800341,207,6,1,2,7:50 PM,8:27,,,Beverley P.FOUL (P2.T4) (J.Capers),,
0021800341,209,2,79,2,7:50 PM,8:22,MISS Barea 19' Pullup Jump Shot,,,,
0021800341,210,4,0,2,7:50 PM,8:19,Powell REBOUND (Off:1 Def:2),,,,
0021800341,211,2,1,2,7:50 PM,8:17,MISS Harris  3PT Jump Shot,,,,
0021800341,212,4,0,2,7:50 PM,8:13,,,Williams REBOUND (Off:0 Def:2),,
0021800341,213,1,1,2,7:50 PM,8:10,,,Beverley 25' 3PT Jump Shot (3 PTS) (Williams 1 AST),48 - 39,-9
0021800341,215,2,79,2,7:50 PM,7:55,MISS Barea 17' Pullup Jump Shot,,,,
0021800341,216,4,0,2,7:51 PM,7:53,Jordan REBOUND (Off:1 Def:2),,,,
0021800341,217,2,1,2,7:51 PM,7:44,MISS Brunson  3PT Jump Shot,,,,
0021800341,218,4,0,2,7:51 PM,7:40,,,Thornwell REBOUND (Off:0 Def:2),,
0021800341,219,2,79,2,7:51 PM,7:33,,,MISS Williams 25' 3PT Pullup Jump Shot,,
0021800341,220,4,0,2,7:51 PM,7:31,Powell REBOUND (Off:1 Def:3),,,,
0021800341,221,2,73,2,7:51 PM,7:23,MISS Harris 1' Driving Reverse Layup,,Thornwell BLOCK (1 BLK),,
0021800341,223,4,0,2,7:51 PM,7:18,,,Scott REBOUND (Off:1 Def:2),,
0021800341,224,2,79,2,7:51 PM,7:17,,,MISS Beverley 25' 3PT Pullup Jump Shot,,
0021800341,225,4,0,2,7:51 PM,7:13,Jordan REBOUND (Off:1 Def:3),,,,
0021800341,226,1,102,2,7:51 PM,7:06,Barea 7' Driving Floating Bank Jump Shot (12 PTS),,,48 - 41,-7
0021800341,227,2,101,2,7:52 PM,6:46,,,MISS Scott 6' Driving Floating Jump Shot,,
0021800341,228,4,0,2,7:52 PM,6:43,Barea REBOUND (Off:0 Def:2),,,,
0021800341,229,1,41,2,7:52 PM,6:39,Barea 1' Running Layup (14 PTS),,,48 - 43,-5
0021800341,230,9,1,2,7:52 PM,6:38,,,Clippers Timeout: Regular (Reg.2 Short 0),,
0021800341,231,8,0,2,7:54 PM,6:38,SUB: Matthews FOR Powell,,,,
0021800341,232,8,0,2,7:54 PM,6:38,SUB: Barnes FOR Brunson,,,,
0021800341,233,8,0,2,7:54 PM,6:38,,,SUB: Harris FOR Thornwell,,
0021800341,234,8,0,2,7:54 PM,6:38,,,SUB: Gallinari FOR Beverley,,
0021800341,235,8,0,2,7:54 PM,6:38,,,SUB: Gilgeous-Alexander FOR Scott,,
0021800341,241,1,63,2,7:55 PM,6:23,,,Gilgeous-Alexander 7' Fadeaway Jumper (8 PTS) (Harris 3 AST),50 - 43,-7
0021800341,243,2,101,2,7:55 PM,6:02,MISS Barnes 6' Driving Floating Jump Shot,,,,
0021800341,244,4,0,2,7:55 PM,6:00,,,Harris REBOUND (Off:0 Def:1),,
0021800341,245,2,79,2,7:55 PM,5:57,,,MISS Harris 15' Pullup Jump Shot,,
0021800341,246,4,0,2,7:55 PM,5:53,Jordan REBOUND (Off:1 Def:4),,,,
0021800341,247,1,41,2,7:56 PM,5:47,Barea 2' Running Layup (16 PTS),,,50 - 45,-5
0021800341,248,1,75,2,7:56 PM,5:33,,,Harris 2' Driving Finger Roll Layup (9 PTS) (Gallinari 2 AST),52 - 45,-7
0021800341,250,6,1,2,7:56 PM,5:19,,,Harris P.FOUL (P1.PN) (C.Blair),,
0021800341,252,3,11,2,7:57 PM,5:19,Barea Free Throw 1 of 2 (17 PTS),,,52 - 46,-6
0021800341,253,8,0,2,7:57 PM,5:19,SUB: Finney-Smith FOR Harris,,,,
0021800341,254,8,0,2,7:57 PM,5:19,,,SUB: Bradley FOR Williams,,
0021800341,257,3,12,2,7:57 PM,5:19,Barea Free Throw 2 of 2 (18 PTS),,,52 - 47,-5
0021800341,258,2,101,2,7:57 PM,4:58,,,MISS Gilgeous-Alexander 8' Driving Floating Jump Shot,,
0021800341,259,4,0,2,7:57 PM,4:54,Jordan REBOUND (Off:1 Def:5),,,,
0021800341,260,1,63,2,7:57 PM,4:48,Barea 8' Fadeaway Jumper (20 PTS),,,52 - 49,-3
0021800341,261,2,47,2,7:58 PM,4:29,,,MISS Gallinari 10' Turnaround Jump Shot,,
0021800341,262,4,0,2,7:58 PM,4:27,Barea REBOUND (Off:0 Def:3),,,,
0021800341,263,6,2,2,7:58 PM,4:24,,,Harrell S.FOUL (P2.PN) (M.Ayotte),,
0021800341,265,3,11,2,7:58 PM,4:24,MISS Finney-Smith Free Throw 1 of 2,,,,
0021800341,266,4,1,2,7:58 PM,4:24,MAVERICKS Rebound,,,,
0021800341,267,8,0,2,7:58 PM,4:24,SUB: Smith Jr. FOR Barea,,,,
0021800341,269,3,12,2,7:59 PM,4:24,Finney-Smith Free Throw 2 of 2 (1 PTS),,,52 - 50,-2
0021800341,270,5,45,2,7:59 PM,4:15,,,Gilgeous-Alexander Out of Bounds - Bad Pass Turnover Turnover (P1.T2),,
0021800341,271,1,52,2,7:59 PM,4:08,Jordan 1' Alley Oop Dunk (2 PTS) (Smith Jr. 3 AST),,,52 - 52,TIE
0021800341,273,2,1,2,7:59 PM,3:52,,,MISS Bradley  3PT Jump Shot,,
0021800341,274,4,0,2,7:59 PM,3:49,Jordan REBOUND (Off:1 Def:6),,,,
0021800341,275,1,1,2,8:00 PM,3:39,Finney-Smith 26' 3PT Jump Shot (4 PTS) (Matthews 2 AST),,,52 - 55,3
0021800341,277,2,79,2,8:00 PM,3:16,,,MISS Harris 18' Pullup Jump Shot,,
0021800341,278,4,0,2,8:00 PM,3:13,Finney-Smith REBOUND (Off:0 Def:1),,,,
0021800341,279,2,1,2,8:00 PM,3:07,MISS Smith Jr. 25' 3PT Jump Shot,,,,
0021800341,280,4,0,2,8:00 PM,3:03,,,Gallinari REBOUND (Off:1 Def:4),,
0021800341,281,2,58,2,8:00 PM,2:52,,,MISS Harrell 3' Turnaround Hook Shot,,
0021800341,282,4,0,2,8:00 PM,2:51,Smith Jr. REBOUND (Off:0 Def:2),,,,
0021800341,283,1,1,2,8:00 PM,2:44,Barnes  3PT Jump Shot (18 PTS) (Smith Jr. 4 AST),,,52 - 58,6
0021800341,285,2,1,2,8:01 PM,2:24,,,MISS Gilgeous-Alexander 26' 3PT Jump Shot,,
0021800341,286,4,0,2,8:01 PM,2:21,Finney-Smith REBOUND (Off:0 Def:2),,,,
0021800341,287,1,99,2,8:01 PM,2:15,Matthews 2' Cutting Finger Roll Layup Shot (11 PTS) (Finney-Smith 1 AST),,,52 - 60,8
0021800341,289,2,6,2,8:01 PM,1:54,,,MISS Gallinari 4' Driving Layup,,
0021800341,290,4,0,2,8:01 PM,1:52,Jordan REBOUND (Off:1 Def:7),,,,
0021800341,291,2,1,2,8:01 PM,1:45,MISS Matthews 27' 3PT Jump Shot,,,,
0021800341,292,4,0,2,8:02 PM,1:42,,,Gilgeous-Alexander REBOUND (Off:0 Def:1),,
0021800341,293,2,63,2,8:02 PM,1:38,,,MISS Gallinari 11' Fadeaway Jumper,,
0021800341,294,4,0,2,8:02 PM,1:38,,,Harrell REBOUND (Off:2 Def:0),,
0021800341,295,2,97,2,8:02 PM,1:33,,,MISS Harrell 1' Tip Layup Shot,,
0021800341,296,4,0,2,8:02 PM,1:31,,,Harrell REBOUND (Off:3 Def:0),,
0021800341,297,1,72,2,8:02 PM,1:31,,,Harrell 1' Putback Layup (7 PTS),54 - 60,6
0021800341,298,2,1,2,8:02 PM,1:17,MISS Barnes 25' 3PT Jump Shot,,,,
0021800341,299,4,0,2,8:02 PM,1:15,Matthews REBOUND (Off:1 Def:2),,,,
0021800341,300,2,57,2,8:02 PM,1:12,MISS Barnes 6' Driving Hook Shot,,,,
0021800341,301,4,0,2,8:02 PM,1:09,Barnes REBOUND (Off:2 Def:1),,,,
0021800341,302,5,1,2,8:02 PM,1:06,Barnes Bad Pass Turnover (P1.T6),,Gallinari STEAL (1 STL),,
0021800341,304,6,1,2,8:02 PM,1:05,Matthews P.FOUL (P3.PN) (J.Capers),,,,
0021800341,306,3,11,2,8:03 PM,1:05,,,Gallinari Free Throw 1 of 2 (15 PTS),55 - 60,5
0021800341,307,8,0,2,8:03 PM,1:05,SUB: Barea FOR Matthews,,,,
0021800341,308,8,0,2,8:03 PM,1:05,,,SUB: Marjanovic FOR Harrell,,
0021800341,311,3,12,2,8:03 PM,1:05,,,Gallinari Free Throw 2 of 2 (16 PTS),56 - 60,4
0021800341,312,5,1,2,8:03 PM,1:00,Smith Jr. Bad Pass Turnover (P2.T7),,Marjanovic STEAL (1 STL),,
0021800341,314,1,79,2,8:04 PM,0:52,,,Bradley 17' Pullup Jump Shot (4 PTS),58 - 60,2
0021800341,315,2,86,2,8:04 PM,0:36,MISS Barnes 14' Turnaround Fadeaway Shot,,,,
0021800341,316,4,0,2,8:04 PM,0:32,,,Bradley REBOUND (Off:0 Def:1),,
0021800341,317,2,1,2,8:04 PM,0:27,,,MISS Gallinari 28' 3PT Jump Shot,,
0021800341,318,4,0,2,8:04 PM,0:22,Finney-Smith REBOUND (Off:0 Def:3),,,,
0021800341,319,2,63,2,8:04 PM,0:03,MISS Barea 7' Fadeaway Jumper,,,,
0021800341,320,4,0,2,8:05 PM,0:01,Jordan REBOUND (Off:2 Def:7),,,,
0021800341,321,1,97,2,8:05 PM,0:00,Jordan 1' Tip Layup Shot (4 PTS),,,58 - 62,4
0021800341,322,2,2,2,8:05 PM,0:00,,,MISS Harris 54' 3PT Running Jump Shot,,
0021800341,323,4,0,2,8:05 PM,0:00,,,Clippers Rebound,,
0021800341,325,13,0,2,8:05 PM,0:00,,,,58 - 62,4
0021800341,330,12,0,3,8:20 PM,12:00,,,,58 - 62,4
0021800341,331,2,79,3,8:20 PM,11:38,MISS Matthews 17' Pullup Jump Shot,,,,
0021800341,332,4,0,3,8:20 PM,11:34,,,Gortat REBOUND (Off:0 Def:3),,
0021800341,333,2,63,3,8:20 PM,11:23,,,MISS Harris 16' Fadeaway Jumper,,
0021800341,334,4,0,3,8:20 PM,11:21,Barnes REBOUND (Off:2 Def:2),,,,
0021800341,335,5,2,3,8:21 PM,11:04,Barnes Lost Ball Turnover (P2.T8),,Harris STEAL (1 STL),,
0021800341,337,6,2,3,8:21 PM,10:56,Smith Jr. S.FOUL (P1.T1) (C.Blair),,,,
0021800341,339,3,11,3,8:21 PM,10:56,,,Harris Free Throw 1 of 2 (10 PTS),59 - 62,3
0021800341,340,3,12,3,8:22 PM,10:56,,,Harris Free Throw 2 of 2 (11 PTS),60 - 62,2
0021800341,341,5,45,3,8:22 PM,10:43,Matthews Out of Bounds - Bad Pass Turnover Turnover (P3.T9),,,,
0021800341,342,5,1,3,8:22 PM,10:25,Finney-Smith STEAL (1 STL),,Bradley Bad Pass Turnover (P1.T3),,
0021800341,344,2,76,3,8:22 PM,10:20,MISS Finney-Smith 2' Running Finger Roll Layup,,,,
0021800341,345,4,0,3,8:22 PM,10:18,,,Gortat REBOUND (Off:0 Def:4),,
0021800341,346,1,50,3,8:22 PM,10:15,,,Gallinari 2' Running Dunk (18 PTS) (Harris 4 AST),62 - 62,TIE
0021800341,348,2,79,3,8:23 PM,10:01,MISS Finney-Smith 25' 3PT Pullup Jump Shot,,,,
0021800341,349,4,0,3,8:23 PM,9:58,,,Bradley REBOUND (Off:0 Def:2),,
0021800341,350,2,1,3,8:23 PM,9:49,,,MISS Bradley 18' Jump Shot,,
0021800341,351,4,0,3,8:23 PM,9:45,Jordan REBOUND (Off:2 Def:8),,,,
0021800341,352,1,47,3,8:23 PM,9:29,Barnes 8' Turnaround Jump Shot (20 PTS),,,62 - 64,2
0021800341,353,2,79,3,8:23 PM,9:15,,,MISS Gilgeous-Alexander 17' Pullup Jump Shot,,
0021800341,354,4,0,3,8:23 PM,9:12,Finney-Smith REBOUND (Off:0 Def:4),,,,
0021800341,355,1,99,3,8:24 PM,9:04,Jordan 1' Cutting Finger Roll Layup Shot (6 PTS) (Matthews 3 AST),,,62 - 66,4
0021800341,357,9,1,3,8:24 PM,9:04,,,Clippers Timeout: Regular (Reg.3 Short 0),,
0021800341,358,1,79,3,8:27 PM,8:44,,,Harris 18' Pullup Jump Shot (13 PTS),64 - 66,2
0021800341,359,2,75,3,8:27 PM,8:23,MISS Barnes 1' Driving Finger Roll Layup,,,,
0021800341,360,4,0,3,8:27 PM,8:21,Barnes REBOUND (Off:3 Def:2),,,,
0021800341,361,2,72,3,8:27 PM,8:20,MISS Barnes 1' Putback Layup,,,,
0021800341,364,4,0,3,8:27 PM,8:20,,,Gortat REBOUND (Off:0 Def:5),,
0021800341,362,1,1,3,8:27 PM,8:14,,,Bradley  3PT Jump Shot (7 PTS) (Gallinari 3 AST),67 - 66,-1
0021800341,365,1,1,3,8:28 PM,8:00,Smith Jr. 26' 3PT Jump Shot (5 PTS) (Matthews 4 AST),,,67 - 69,2
0021800341,380,5,2,3,8:28 PM,7:37,Smith Jr. STEAL (1 STL),,Gallinari Lost Ball Turnover (P1.T4),,
0021800341,370,6,1,3,8:28 PM,7:35,,,Gallinari P.FOUL (P1.T1) (C.Blair),,
0021800341,372,1,1,3,8:29 PM,7:25,Matthews 26' 3PT Jump Shot (14 PTS) (Jordan 3 AST),,,67 - 72,5
0021800341,374,1,98,3,8:29 PM,7:00,,,Gortat 1' Cutting Layup Shot (4 PTS) (Bradley 2 AST),69 - 72,3
0021800341,376,2,6,3,8:29 PM,6:43,MISS Matthews 3' Driving Layup,,Gilgeous-Alexander BLOCK (1 BLK),,
0021800341,378,4,0,3,8:29 PM,6:43,,,Clippers Rebound,,
0021800341,382,2,6,3,8:30 PM,6:28,Barnes BLOCK (1 BLK),,MISS Harris 2' Driving Layup,,
0021800341,384,4,0,3,8:30 PM,6:25,Jordan REBOUND (Off:2 Def:9),,,,
0021800341,385,5,40,3,8:30 PM,6:20,Smith Jr. Out of Bounds Lost Ball Turnover (P3.T10),,,,
0021800341,386,8,0,3,8:30 PM,6:20,SUB: Harris FOR Matthews,,,,
0021800341,388,2,3,3,8:30 PM,6:02,,,MISS Gortat 6' Hook Shot,,
0021800341,389,4,0,3,8:30 PM,6:01,Jordan REBOUND (Off:2 Def:10),,,,
0021800341,390,1,80,3,8:31 PM,5:53,Finney-Smith 19' Step Back Jump Shot (6 PTS),,,69 - 74,5
0021800341,391,2,57,3,8:31 PM,5:27,,,MISS Harris 4' Driving Hook Shot,,
0021800341,392,4,0,3,8:31 PM,5:25,Jordan REBOUND (Off:2 Def:11),,,,
0021800341,393,1,79,3,8:31 PM,5:16,Smith Jr. 18' Pullup Jump Shot (7 PTS),,,69 - 76,7
0021800341,394,6,1,3,8:31 PM,5:01,Barnes P.FOUL (P1.T2) (M.Ayotte),,,,
0021800341,396,8,0,3,8:32 PM,5:01,,,SUB: Williams FOR Gilgeous-Alexander,,
0021800341,397,8,0,3,8:32 PM,5:01,,,SUB: Beverley FOR Bradley,,
0021800341,400,2,1,3,8:32 PM,4:55,,,MISS Harris 26' 3PT Jump Shot,,
0021800341,401,4,0,3,8:32 PM,4:51,,,Beverley REBOUND (Off:1 Def:2),,
0021800341,402,1,79,3,8:32 PM,4:46,,,Williams 21' Pullup Jump Shot (8 PTS),71 - 76,5
0021800341,403,2,1,3,8:32 PM,4:34,MISS Smith Jr. 28' 3PT Jump Shot,,,,
0021800341,404,4,0,3,8:32 PM,4:32,Jordan REBOUND (Off:3 Def:11),,,,
0021800341,405,2,3,3,8:32 PM,4:30,MISS Jordan 3' Hook Shot,,,,
0021800341,406,4,0,3,8:32 PM,4:26,Jordan REBOUND (Off:4 Def:11),,,,
0021800341,407,2,72,3,8:32 PM,4:26,MISS Jordan 1' Putback Layup,,,,
0021800341,414,4,0,3,8:32 PM,4:26,,,Harris REBOUND (Off:0 Def:2),,
0021800341,408,5,2,3,8:32 PM,4:21,Finney-Smith STEAL (2 STL),,Harris Lost Ball Turnover (P1.T5),,
0021800341,410,1,41,3,8:33 PM,4:20,Jordan 2' Running Layup (8 PTS) (Barnes 1 AST),,,71 - 78,7
0021800341,412,6,2,3,8:33 PM,4:20,,,Gortat S.FOUL (P2.T2) (C.Blair),,
0021800341,415,8,0,3,8:33 PM,4:20,SUB: Matthews FOR Finney-Smith,,,,
0021800341,416,8,0,3,8:33 PM,4:20,,,SUB: Harrell FOR Gortat,,
0021800341,419,3,10,3,8:33 PM,4:20,Jordan Free Throw 1 of 1 (9 PTS),,,71 - 79,8
0021800341,420,1,108,3,8:34 PM,4:09,,,Harrell 2' Cutting Dunk Shot (9 PTS) (Williams 2 AST),73 - 79,6
0021800341,422,6,26,3,8:34 PM,3:55,Jordan Offensive Charge Foul (P3.T3) (C.Blair),,,,
0021800341,424,5,37,3,8:34 PM,3:55,Jordan Offensive Foul Turnover (P1.T11),,,,
0021800341,425,8,0,3,8:34 PM,3:55,,,SUB: Scott FOR Harris,,
0021800341,427,2,6,3,8:34 PM,3:47,Smith Jr. BLOCK (1 BLK),,MISS Beverley 2' Driving Layup,,
0021800341,429,4,0,3,8:34 PM,3:44,Jordan REBOUND (Off:4 Def:12),,,,
0021800341,430,2,1,3,8:35 PM,3:32,MISS Barnes 24' 3PT Jump Shot,,,,
0021800341,431,4,0,3,8:35 PM,3:29,,,Harrell REBOUND (Off:3 Def:1),,
0021800341,432,2,1,3,8:35 PM,3:21,,,MISS Gallinari 26' 3PT Jump Shot,,
0021800341,433,4,0,3,8:35 PM,3:19,Jordan REBOUND (Off:4 Def:13),,,,
0021800341,436,10,0,3,8:36 PM,3:10,Jump Ball Smith Jr. vs. Beverley: Tip to Barnes,,,,
0021800341,440,8,0,3,8:37 PM,3:10,SUB: Barea FOR Smith Jr.,,,,
0021800341,441,8,0,3,8:37 PM,3:10,SUB: Finney-Smith FOR Barnes,,,,
0021800341,444,6,2,3,8:37 PM,3:03,,,Harrell S.FOUL (P3.T3) (J.Capers),,
0021800341,446,3,11,3,8:38 PM,3:03,Jordan Free Throw 1 of 2 (10 PTS),,,73 - 80,7
0021800341,447,8,0,3,8:38 PM,3:03,,,SUB: Bradley FOR Gallinari,,
0021800341,449,3,12,3,8:38 PM,3:03,MISS Jordan Free Throw 2 of 2,,,,
0021800341,450,4,0,3,8:38 PM,3:01,,,Scott REBOUND (Off:1 Def:3),,
0021800341,451,1,58,3,8:38 PM,2:53,,,Harrell 3' Turnaround Hook Shot (11 PTS) (Williams 3 AST),75 - 80,5
0021800341,453,1,102,3,8:38 PM,2:41,Barea 4' Driving Floating Bank Jump Shot (22 PTS),,,75 - 82,7
0021800341,454,6,2,3,8:39 PM,2:33,Harris S.FOUL (P3.T4) (M.Ayotte),,,,
0021800341,456,9,1,3,8:39 PM,2:33,MAVERICKS Timeout: Regular (Full 3 Short 0),,,,
0021800341,457,3,11,3,8:41 PM,2:33,,,Williams Free Throw 1 of 2 (9 PTS),76 - 82,6
0021800341,458,3,12,3,8:42 PM,2:33,,,Williams Free Throw 2 of 2 (10 PTS),77 - 82,5
0021800341,459,2,6,3,8:42 PM,2:16,MISS Jordan 2' Driving Layup,,,,
0021800341,460,4,0,3,8:42 PM,2:14,,,Harrell REBOUND (Off:3 Def:2),,
0021800341,461,1,5,3,8:42 PM,2:06,,,Williams 2' Layup (12 PTS),79 - 82,3
0021800341,462,2,1,3,8:43 PM,1:44,MISS Matthews 11' Jump Shot,,,,
0021800341,463,4,0,3,8:43 PM,1:39,Jordan REBOUND (Off:5 Def:13),,,,
0021800341,464,1,87,3,8:43 PM,1:38,Jordan 1' Putback Dunk (12 PTS),,,79 - 84,5
0021800341,465,5,45,3,8:43 PM,1:20,,,Williams Out of Bounds - Bad Pass Turnover Turnover (P1.T6),,
0021800341,466,8,0,3,8:43 PM,1:20,SUB: Powell FOR Jordan,,,,
0021800341,468,1,5,3,8:43 PM,1:08,Powell 3' Layup (2 PTS) (Barea 1 AST),,,79 - 86,7
0021800341,470,2,6,3,8:44 PM,0:52,,,MISS Scott 6' Driving Layup,,
0021800341,471,4,0,3,8:44 PM,0:48,Powell REBOUND (Off:1 Def:4),,,,
0021800341,472,2,6,3,8:44 PM,0:38,MISS Matthews 2' Driving Layup,,,,
0021800341,473,4,0,3,8:44 PM,0:37,,,Harrell REBOUND (Off:3 Def:3),,
0021800341,474,6,11,3,8:44 PM,0:37,Matthews T.FOUL (P3.T4) (M.Ayotte),,,,
0021800341,475,3,16,3,8:44 PM,0:37,,,Williams Free Throw Technical (13 PTS),80 - 86,6
0021800341,476,2,63,3,8:45 PM,0:18,,,MISS Beverley 15' Fadeaway Jumper,,
0021800341,477,4,0,3,8:45 PM,0:15,Powell REBOUND (Off:1 Def:5),,,,
0021800341,478,6,2,3,8:45 PM,0:01,,,Beverley S.FOUL (P3.T4) (M.Ayotte),,
0021800341,480,3,11,3,8:46 PM,0:01,Powell Free Throw 1 of 2 (3 PTS),,,80 - 87,7
0021800341,481,3,12,3,8:46 PM,0:01,Powell Free Throw 2 of 2 (4 PTS),,,80 - 88,8
0021800341,483,5,1,3,8:46 PM,0:01,Matthews STEAL (1 STL),,Scott Bad Pass Turnover (P1.T7),,
0021800341,485,2,6,3,8:46 PM,0:00,MISS Matthews 2' Driving Layup,,Beverley BLOCK (1 BLK),,
0021800341,487,4,0,3,8:46 PM,0:00,MAVERICKS Rebound,,,,
0021800341,488,13,0,3,8:47 PM,0:00,,,,80 - 88,8
0021800341,489,12,0,4,8:49 PM,12:00,,,,80 - 88,8
0021800341,490,1,57,4,8:49 PM,11:48,,,Harrell 4' Driving Hook Shot (13 PTS) (Beverley 3 AST),82 - 88,6
0021800341,512,2,5,4,8:49 PM,11:22,MISS Powell 5' Layup,,,,
0021800341,513,4,0,4,8:49 PM,11:17,Finney-Smith REBOUND (Off:1 Def:4),,,,
0021800341,494,2,97,4,8:49 PM,11:17,MISS Finney-Smith 2' Tip Layup Shot,,,,
0021800341,495,4,0,4,8:49 PM,11:15,,,Beverley REBOUND (Off:1 Def:3),,
0021800341,496,1,6,4,8:50 PM,11:15,,,Harrell 2' Driving Layup (15 PTS) (Williams 4 AST),84 - 88,4
0021800341,497,6,2,4,8:50 PM,11:15,Matthews S.FOUL (P4.T1) (J.Capers),,,,
0021800341,499,3,10,4,8:50 PM,11:15,,,MISS Harrell Free Throw 1 of 1,,
0021800341,500,4,0,4,8:50 PM,11:12,Matthews REBOUND (Off:1 Def:3),,,,
0021800341,501,2,63,4,8:50 PM,11:04,MISS Barea 7' Fadeaway Jumper,,,,
0021800341,502,4,0,4,8:50 PM,10:59,,,Scott REBOUND (Off:1 Def:4),,
0021800341,503,2,1,4,8:50 PM,10:54,,,MISS Williams 23' Jump Shot,,
0021800341,504,4,0,4,8:50 PM,10:52,Matthews REBOUND (Off:1 Def:4),,,,
0021800341,505,6,1,4,8:51 PM,10:51,,,Harrell P.FOUL (P4.T1) (M.Ayotte),,
0021800341,508,6,26,4,8:51 PM,10:45,Powell Offensive Charge Foul (P3.T2) (J.Capers),,,,
0021800341,510,5,37,4,8:51 PM,10:45,Powell Offensive Foul Turnover (P1.T12),,,,
0021800341,511,9,1,4,8:52 PM,10:45,,,Clippers Timeout: Regular (Reg.4 Short 0),,
0021800341,514,8,0,4,8:52 PM,10:45,SUB: Smith Jr. FOR Matthews,,,,
0021800341,515,8,0,4,8:52 PM,10:45,SUB: Barnes FOR Harris,,,,
0021800341,518,1,5,4,8:55 PM,10:32,,,Harrell 5' Layup (17 PTS),86 - 88,2
0021800341,519,2,101,4,8:55 PM,10:18,MISS Barnes 7' Driving Floating Jump Shot,,Beverley BLOCK (2 BLK),,
0021800341,521,4,0,4,8:55 PM,10:17,Barnes REBOUND (Off:4 Def:2),,,,
0021800341,522,1,72,4,8:55 PM,10:16,Barnes 1' Putback Layup (22 PTS),,,86 - 90,4
0021800341,523,6,2,4,8:55 PM,10:16,,,Harrell S.FOUL (P5.T2) (J.Capers),,
0021800341,525,3,10,4,8:55 PM,10:16,Barnes Free Throw 1 of 1 (23 PTS),,,86 - 91,5
0021800341,526,2,101,4,8:56 PM,9:59,,,MISS Williams 20' Driving Floating Jump Shot,,
0021800341,527,4,0,4,8:56 PM,9:56,Finney-Smith REBOUND (Off:1 Def:5),,,,
0021800341,528,2,86,4,8:56 PM,9:42,MISS Barea 13' Turnaround Fadeaway Shot,,,,
0021800341,529,4,0,4,8:56 PM,9:38,,,Bradley REBOUND (Off:0 Def:3),,
0021800341,530,1,1,4,8:56 PM,9:34,,,Williams 25' 3PT Jump Shot (16 PTS) (Bradley 3 AST),89 - 91,2
0021800341,532,2,79,4,8:56 PM,9:17,MISS Barea 26' 3PT Pullup Jump Shot,,,,
0021800341,533,4,0,4,8:56 PM,9:14,Barnes REBOUND (Off:5 Def:2),,,,
0021800341,534,6,11,4,8:56 PM,9:10,,,Beverley T.FOUL (P3.T2) (M.Ayotte),,
0021800341,572,11,4,4,8:57 PM,9:10,,,Beverley Ejection:Other,,
0021800341,555,18,0,4,8:58 PM,9:10,,,,89 - 91,2
0021800341,536,8,0,4,9:00 PM,9:10,,,SUB: Teodosic FOR Beverley,,
0021800341,538,3,16,4,9:00 PM,9:10,Barnes Free Throw Technical (24 PTS),,,89 - 92,3
0021800341,539,8,0,4,9:00 PM,9:10,,,SUB: Harris FOR Harrell,,
0021800341,540,8,0,4,9:00 PM,9:10,,,SUB: Gallinari FOR Scott,,
0021800341,543,10,0,4,9:01 PM,9:07,Jump Ball Barnes vs. Teodosic: Tip to Bradley,,,,
0021800341,546,5,2,4,9:01 PM,9:07,Barnes Lost Ball Turnover (P3.T13),,Teodosic STEAL (1 STL),,
0021800341,548,2,41,4,9:01 PM,9:04,Powell BLOCK (1 BLK),,MISS Bradley 3' Running Layup,,
0021800341,550,4,0,4,9:01 PM,9:02,Barea REBOUND (Off:0 Def:4),,,,
0021800341,551,6,2,4,9:01 PM,8:59,,,Harris S.FOUL (P2.T3) (M.Ayotte),,
0021800341,553,3,11,4,9:01 PM,8:59,Barnes Free Throw 1 of 2 (25 PTS),,,89 - 93,4
0021800341,554,3,12,4,9:01 PM,8:59,Barnes Free Throw 2 of 2 (26 PTS),,,89 - 94,5
0021800341,556,2,1,4,9:02 PM,8:40,,,MISS Gallinari 15' Jump Shot,,
0021800341,557,4,0,4,9:02 PM,8:37,Barnes REBOUND (Off:5 Def:3),,,,
0021800341,558,1,52,4,9:02 PM,8:29,Powell 1' Alley Oop Dunk (6 PTS) (Barea 2 AST),,,89 - 96,7
0021800341,560,1,1,4,9:02 PM,8:18,,,Bradley  3PT Jump Shot (10 PTS) (Williams 5 AST),92 - 96,4
0021800341,562,6,1,4,9:02 PM,8:04,,,Teodosic P.FOUL (P1.T4) (M.Ayotte),,
0021800341,566,8,0,4,9:02 PM,8:04,,,SUB: Gilgeous-Alexander FOR Teodosic,,
0021800341,568,5,2,4,9:03 PM,7:55,Barea Lost Ball Turnover (P2.T14),,Bradley STEAL (1 STL),,
0021800341,570,1,1,4,9:03 PM,7:48,,,Gallinari 25' 3PT Jump Shot (21 PTS),95 - 96,1
0021800341,574,5,2,4,9:03 PM,7:35,Barea Lost Ball Turnover (P3.T15),,Bradley STEAL (2 STL),,
0021800341,576,5,2,4,9:03 PM,7:31,Smith Jr. STEAL (2 STL),,Harris Lost Ball Turnover (P2.T8),,
0021800341,578,1,52,4,9:03 PM,7:25,Finney-Smith 2' Alley Oop Dunk (8 PTS) (Smith Jr. 5 AST),,,95 - 98,3
0021800341,580,2,1,4,9:04 PM,7:07,,,MISS Williams 26' 3PT Jump Shot,,
0021800341,581,4,0,4,9:04 PM,7:05,Barea REBOUND (Off:0 Def:5),,,,
0021800341,582,1,58,4,9:04 PM,6:53,Powell 4' Turnaround Hook Shot (8 PTS) (Barea 3 AST),,,95 - 100,5
0021800341,584,6,2,4,9:04 PM,6:39,Powell S.FOUL (P4.T3) (J.Capers),,,,
0021800341,586,3,11,4,9:05 PM,6:39,,,Harris Free Throw 1 of 2 (14 PTS),96 - 100,4
0021800341,587,3,12,4,9:05 PM,6:39,,,Harris Free Throw 2 of 2 (15 PTS),97 - 100,3
0021800341,588,2,1,4,9:05 PM,6:24,MISS Barnes 26' 3PT Jump Shot,,,,
0021800341,589,4,0,4,9:05 PM,6:21,Powell REBOUND (Off:2 Def:5),,,,
0021800341,590,1,108,4,9:05 PM,6:20,Barnes 1' Cutting Dunk Shot (28 PTS) (Powell 2 AST),,,97 - 102,5
0021800341,593,2,101,4,9:06 PM,6:05,,,MISS Williams 13' Driving Floating Jump Shot,,
0021800341,594,4,0,4,9:06 PM,6:01,,,Gallinari REBOUND (Off:2 Def:4),,
0021800341,595,6,1,4,9:06 PM,6:01,Finney-Smith P.FOUL (P2.T4) (J.Capers),,,,
0021800341,597,8,0,4,9:06 PM,6:01,,,SUB: Harrell FOR Gilgeous-Alexander,,
0021800341,599,8,0,4,9:06 PM,6:01,SUB: Jordan FOR Powell,,,,
0021800341,601,5,11,4,9:06 PM,5:47,,,Clippers Turnover: Shot Clock (T#9),,
0021800341,602,6,1,4,9:07 PM,5:38,,,Harris P.FOUL (P3.PN) (C.Blair),,
0021800341,604,3,11,4,9:07 PM,5:38,MISS Jordan Free Throw 1 of 2,,,,
0021800341,605,4,1,4,9:07 PM,5:38,MAVERICKS Rebound,,,,
0021800341,606,3,12,4,9:08 PM,5:38,Jordan Free Throw 2 of 2 (13 PTS),,,97 - 103,6
0021800341,607,5,45,4,9:08 PM,5:24,,,Williams Out of Bounds - Bad Pass Turnover Turnover (P2.T10),,
0021800341,608,1,1,4,9:08 PM,5:17,Barea 22' Jump Shot (24 PTS),,,97 - 105,8
0021800341,609,9,1,4,9:08 PM,5:15,,,Clippers Timeout: Regular (Reg.5 Short 0),,
0021800341,611,2,57,4,9:11 PM,5:07,,,MISS Harris 4' Driving Hook Shot,,
0021800341,612,4,0,4,9:11 PM,5:05,,,Harrell REBOUND (Off:4 Def:3),,
0021800341,613,1,97,4,9:11 PM,5:03,,,Harrell 1' Tip Layup Shot (19 PTS),99 - 105,6
0021800341,614,6,26,4,9:12 PM,4:50,Finney-Smith Offensive Charge Foul (P3.PN) (M.Ayotte),,,,
0021800341,616,5,37,4,9:12 PM,4:50,Finney-Smith Offensive Foul Turnover (P1.T16),,,,
0021800341,617,8,0,4,9:12 PM,4:50,SUB: Matthews FOR Finney-Smith,,,,
0021800341,619,2,63,4,9:13 PM,4:27,,,MISS Gallinari 19' Fadeaway Jumper,,
0021800341,620,4,0,4,9:13 PM,4:24,Jordan REBOUND (Off:5 Def:14),,,,
0021800341,621,2,3,4,9:13 PM,4:14,MISS Jordan 4' Hook Shot,,,,
0021800341,622,4,0,4,9:13 PM,4:11,,,Harris REBOUND (Off:0 Def:3),,
0021800341,623,1,2,4,9:13 PM,4:06,,,Williams 17' Running Jump Shot (18 PTS),101 - 105,4
0021800341,624,2,96,4,9:13 PM,3:49,MISS Barea 4' Turnaround Bank Hook Shot,,,,
0021800341,625,4,0,4,9:13 PM,3:48,,,Harrell REBOUND (Off:4 Def:4),,
0021800341,626,2,79,4,9:13 PM,3:41,,,MISS Bradley 19' Pullup Jump Shot,,
0021800341,627,4,0,4,9:13 PM,3:39,Matthews REBOUND (Off:1 Def:5),,,,
0021800341,628,2,79,4,9:14 PM,3:20,MISS Barnes 26' 3PT Pullup Jump Shot,,,,
0021800341,629,4,0,4,9:14 PM,3:15,,,Harris REBOUND (Off:0 Def:4),,
0021800341,630,1,102,4,9:14 PM,3:10,,,Harrell 2' Driving Floating Bank Jump Shot (21 PTS) (Williams 6 AST),103 - 105,2
0021800341,632,9,1,4,9:14 PM,3:10,MAVERICKS Timeout: Regular (Full 4 Short 0),,,,
0021800341,633,2,80,4,9:16 PM,2:55,MISS Smith Jr. 18' Step Back Jump Shot,,,,
0021800341,634,4,0,4,9:16 PM,2:51,,,Williams REBOUND (Off:0 Def:3),,
0021800341,635,1,44,4,9:16 PM,2:37,,,Bradley 1' Reverse Layup (12 PTS) (Williams 7 AST),105 - 105,TIE
0021800341,637,1,74,4,9:16 PM,2:28,Barnes 1' Running Reverse Layup (30 PTS) (Barea 4 AST),,,105 - 107,2
0021800341,639,2,5,4,9:17 PM,2:05,Jordan BLOCK (1 BLK),,MISS Harrell 1' Layup,,
0021800341,641,4,0,4,9:17 PM,2:01,Barnes REBOUND (Off:5 Def:4),,,,
0021800341,642,2,78,4,9:17 PM,1:53,MISS Barnes 5' Floating Jump Shot,,,,
0021800341,643,4,0,4,9:17 PM,1:50,,,Harrell REBOUND (Off:4 Def:5),,
0021800341,644,2,102,4,9:17 PM,1:33,,,MISS Bradley 4' Driving Floating Bank Jump Shot,,
0021800341,645,4,0,4,9:17 PM,1:31,Jordan REBOUND (Off:5 Def:15),,,,
0021800341,646,2,1,4,9:17 PM,1:25,MISS Smith Jr. 25' 3PT Jump Shot,,,,
0021800341,647,4,0,4,9:17 PM,1:21,,,Harrell REBOUND (Off:4 Def:6),,
0021800341,648,1,108,4,9:17 PM,1:15,,,Harrell 1' Cutting Dunk Shot (23 PTS) (Williams 8 AST),107 - 107,TIE
0021800341,650,6,2,4,9:18 PM,1:15,Jordan S.FOUL (P4.PN) (C.Blair),,,,
0021800341,653,8,0,4,9:18 PM,1:15,,,SUB: Gilgeous-Alexander FOR Williams,,
0021800341,655,3,10,4,9:19 PM,1:15,,,MISS Harrell Free Throw 1 of 1,,
0021800341,656,4,0,4,9:19 PM,1:15,Jordan REBOUND (Off:5 Def:16),,,,
0021800341,657,2,101,4,9:20 PM,0:53,MISS Barnes 4' Driving Floating Jump Shot,,,,
0021800341,658,4,0,4,9:20 PM,0:52,Jordan REBOUND (Off:6 Def:16),,,,
0021800341,659,1,97,4,9:20 PM,0:52,Jordan 1' Tip Layup Shot (15 PTS),,,107 - 109,2
0021800341,660,9,1,4,9:20 PM,0:52,,,Clippers Timeout: Regular (Reg.6 Short 0),,
0021800341,661,8,0,4,9:20 PM,0:52,SUB: Finney-Smith FOR Barea,,,,
0021800341,662,8,0,4,9:20 PM,0:52,,,SUB: Williams FOR Gilgeous-Alexander,,
0021800341,665,1,79,4,9:21 PM,0:48,,,Williams 28' 3PT Pullup Jump Shot (21 PTS),110 - 109,-1
0021800341,666,2,102,4,9:22 PM,0:36,MISS Barnes 6' Driving Floating Bank Jump Shot,,,,
0021800341,667,4,0,4,9:22 PM,0:35,Finney-Smith REBOUND (Off:2 Def:5),,,,
0021800341,668,1,97,4,9:22 PM,0:34,Finney-Smith 1' Tip Layup Shot (10 PTS),,,110 - 111,1
0021800341,669,5,1,4,9:22 PM,0:28,Jordan STEAL (1 STL),,Williams Bad Pass Turnover (P3.T11),,
0021800341,671,6,1,4,9:22 PM,0:27,,,Williams P.FOUL (P1.PN) (C.Blair),,
0021800341,673,3,11,4,9:22 PM,0:27,Jordan Free Throw 1 of 2 (16 PTS),,,110 - 112,2
0021800341,674,3,12,4,9:23 PM,0:27,MISS Jordan Free Throw 2 of 2,,,,
0021800341,675,4,0,4,9:23 PM,0:27,,,Harris REBOUND (Off:0 Def:5),,
0021800341,676,9,1,4,9:23 PM,0:27,,,Clippers Timeout: Regular (Reg.7 Short 0),,
0021800341,677,2,1,4,9:24 PM,0:21,,,MISS Harris 26' 3PT Jump Shot,,
0021800341,678,4,0,4,9:24 PM,0:19,,,Clippers Rebound,,
0021800341,680,2,47,4,9:25 PM,0:12,Smith Jr. BLOCK (2 BLK),,MISS Harris 5' Turnaround Jump Shot,,
0021800341,682,4,0,4,9:25 PM,0:09,Smith Jr. REBOUND (Off:0 Def:3),,,,
0021800341,683,6,28,4,9:25 PM,0:09,,,Bradley Personal Take Foul (P3.PN) (J.Capers),,
0021800341,685,3,11,4,9:25 PM,0:09,Smith Jr. Free Throw 1 of 2 (8 PTS),,,110 - 113,3
0021800341,686,8,0,4,9:26 PM,0:09,,,SUB: Scott FOR Harrell,,
0021800341,688,3,12,4,9:26 PM,0:09,Smith Jr. Free Throw 2 of 2 (9 PTS),,,110 - 114,4
0021800341,689,2,79,4,9:26 PM,0:05,,,MISS Williams 31' 3PT Pullup Jump Shot,,
0021800341,690,4,0,4,9:26 PM,0:02,Jordan REBOUND (Off:6 Def:17),,,,
0021800341,691,13,0,4,9:26 PM,0:00,,,,110 - 114,4
