GAME_ID,EVENTNUM,EVENTMSGTYPE,EVENTMSGACTIONTYPE,PERIOD,WCTIMESTRING,PCTIMESTRING,HOMEDESCRIPTION,NEUTRALDESCRIPTION,VISITORDESCRIPTION,SCORE,SCOREMARGIN,PERSON1TYPE,PLAYER1_ID,PLAYER1_NAME,PLAYER1_TEAM_ID,PLAYER1_TEAM_CITY,PLAYER1_TEAM_NICKNAME,PLAYER1_TEAM_ABBREVIATION,PERSON2TYPE,PLAYER2_ID,PLAYER2_NAME,PLAYER2_TEAM_ID,PLAYER2_TEAM_CITY,PLAYER2_TEAM_NICKNAME,PLAYER2_TEAM_ABBREVIATION,PERSON3TYPE,PLAYER3_ID,PLAYER3_NAME,PLAYER3_TEAM_ID,PLAYER3_TEAM_CITY,PLAYER3_TEAM_NICKNAME,PLAYER3_TEAM_ABBREVIATION,VIDEO_AVAILABLE_FLAG
0020500531,0,12,0,1,10:48 PM,12:00,,,,,,0,0,,,,,,0,0,,,,,,0,0,,,,,,0
0020500531,1,10,0,1,10:48 PM,12:00,Jump Ball Kaman vs. Petro: Tip to Singleton,,,,,4,2549,Chris Kaman,1610612746.0,Los Angeles,Clippers,LAC,5,101130,Johan Petro,1610612760.0,Seattle,SuperSonics,SEA,4,101189,James Singleton,1610612746.0,Los Angeles,Clippers,LAC,0
0020500531,2,7,5,1,10:48 PM,11:47,,,Radmanovic Violation:Kicked Ball,,,5,2209,Vladimir Radmanovic,1610612760.0,Seattle,SuperSonics,SEA,0,0,,,,,,1,0,,,,,,0
0020500531,3,2,1,1,10:49 PM,11:36,MISS Cassell 16' Jump Shot,,,,,4,208,Sam Cassell,1610612746.0,Los Angeles,Clippers,LAC,0,0,,,,,,0,0,,,,,,0
0020500531,4,4,0,1,10:49 PM,11:34,,,Petro REBOUND (Off:0 Def:1),,,5,101130,Johan Petro,1610612760.0,Seattle,SuperSonics,SEA,0,0,,,,,,0,0,,,,,,0
0020500531,5,7,5,1,10:49 PM,11:27,Livingston Violation:Kicked Ball,,,,,4,2733,Shaun Livingston,1610612746.0,Los Angeles,Clippers,LAC,0,0,,,,,,1,0,,,,,,0
0020500531,6,1,65,1,10:49 PM,11:17,,,Lewis 7' Jump Hook Shot (2 PTS) (Radmanovic 1 AST),2 - 0,-2,5,1740,Rashard Lewis,1610612760.0,Seattle,SuperSonics,SEA,5,2209,Vladimir Radmanovic,1610612760.0,Seattle,SuperSonics,SEA,0,0,,,,,,0
0020500531,7,2,1,1,10:49 PM,10:58,MISS Singleton 15' Jump Shot,,,,,4,101189,James Singleton,1610612746.0,Los Angeles,Clippers,LAC,0,0,,,,,,0,0,,,,,,0
0020500531,8,4,0,1,10:49 PM,10:56,Kaman REBOUND (Off:1 Def:0),,,,,4,2549,Chris Kaman,1610612746.0,Los Angeles,Clippers,LAC,0,0,,,,,,0,0,,,,,,0
0020500531,9,1,5,1,10:49 PM,10:53,Kaman  Layup (2 PTS),,,2 - 2,TIE,4,2549,Chris Kaman,1610612746.0,Los Angeles,Clippers,LAC,0,0,,,,,,0,0,,,,,,0
0020500531,10,2,1,1,10:50 PM,10:41,,,MISS Radmanovic 27' 3PT Jump Shot,,,5,2209,Vladimir Radmanovic,1610612760.0,Seattle,SuperSonics,SEA,0,0,,,,,,0,0,,,,,,0
0020500531,11,4,0,1,10:50 PM,10:40,,,Petro REBOUND (Off:1 Def:1),,,5,101130,Johan Petro,1610612760.0,Seattle,SuperSonics,SEA,0,0,,,,,,0,0,,,,,,0
0020500531,12,1,5,1,10:50 PM,10:38,,,Petro  Layup (2 PTS),4 - 2,-2,5,101130,Johan Petro,1610612760.0,Seattle,SuperSonics,SEA,0,0,,,,,,0,0,,,,,,0
0020500531,13,1,47,1,10:50 PM,10:27,Cassell 15' Turnaround Jump Shot (2 PTS),,,4 - 4,TIE,4,208,Sam Cassell,1610612746.0,Los Angeles,Clippers,LAC,0,0,,,,,,0,0,,,,,,0
0020500531,14,2,1,1,10:50 PM,10:00,,,MISS Lewis 25' 3PT Jump Shot,,,5,1740,Rashard Lewis,1610612760.0,Seattle,SuperSonics,SEA,0,0,,,,,,0,0,,,,,,0
0020500531,15,4,0,1,10:50 PM,9:58,Mobley REBOUND (Off:0 Def:1),,,,,4,1749,Cuttino Mobley,1610612746.0,Los Angeles,Clippers,LAC,0,0,,,,,,0,0,,,,,,0
0020500531,16,2,5,1,10:50 PM,9:51,MISS Kaman  Layup,,Petro BLOCK (1 BLK),,,4,2549,Chris Kaman,1610612746.0,Los Angeles,Clippers,LAC,0,0,,,,,,5,101130,Johan Petro,1610612760.0,Seattle,SuperSonics,SEA,0
0020500531,17,4,0,1,10:51 PM,9:49,,,Lewis REBOUND (Off:0 Def:1),,,5,1740,Rashard Lewis,1610612760.0,Seattle,SuperSonics,SEA,0,0,,,,,,0,0,,,,,,0
0020500531,18,6,2,1,10:51 PM,9:32,Mobley S.FOUL (P1.T1),,,,,4,1749,Cuttino Mobley,1610612746.0,Los Angeles,Clippers,LAC,5,1740,Rashard Lewis,1610612760.0,Seattle,SuperSonics,SEA,1,0,,,,,,0
0020500531,19,3,11,1,10:51 PM,9:32,,,Lewis Free Throw 1 of 2 (3 PTS),5 - 4,-1,5,1740,Rashard Lewis,1610612760.0,Seattle,SuperSonics,SEA,0,0,,,,,,0,0,,,,,,0
0020500531,20,3,12,1,10:51 PM,9:32,,,Lewis Free Throw 2 of 2 (4 PTS),6 - 4,-2,5,1740,Rashard Lewis,1610612760.0,Seattle,SuperSonics,SEA,0,0,,,,,,0,0,,,,,,0
0020500531,21,1,47,1,10:52 PM,9:20,Cassell 15' Turnaround Jump Shot (4 PTS) (Livingston 1 AST),,,6 - 6,TIE,4,208,Sam Cassell,1610612746.0,Los Angeles,Clippers,LAC,4,2733,Shaun Livingston,1610612746.0,Los Angeles,Clippers,LAC,0,0,,,,,,0
0020500531,22,2,1,1,10:52 PM,9:04,,,MISS Wilkins 11' Jump Shot,,,5,2863,Damien Wilkins,1610612760.0,Seattle,SuperSonics,SEA,0,0,,,,,,0,0,,,,,,0
0020500531,24,4,0,1,10:52 PM,9:02,,,Petro REBOUND (Off:2 Def:1),,,5,101130,Johan Petro,1610612760.0,Seattle,SuperSonics,SEA,0,0,,,,,,0,0,,,,,,0
0020500531,23,2,4,1,10:52 PM,9:02,,,MISS Petro  Tip Shot,,,5,101130,Johan Petro,1610612760.0,Seattle,SuperSonics,SEA,0,0,,,,,,0,0,,,,,,0
0020500531,26,4,0,1,10:52 PM,9:01,,,Petro REBOUND (Off:3 Def:1),,,5,101130,Johan Petro,1610612760.0,Seattle,SuperSonics,SEA,0,0,,,,,,0,0,,,,,,0
0020500531,25,2,5,1,10:52 PM,9:01,,,MISS Petro  Layup,,,5,101130,Johan Petro,1610612760.0,Seattle,SuperSonics,SEA,0,0,,,,,,0,0,,,,,,0
0020500531,27,4,0,1,10:52 PM,9:01,,,SuperSonics Rebound,,,3,1610612760,,,,,,0,0,,,,,,0,0,,,,,,0
0020500531,28,6,2,1,10:52 PM,8:57,Livingston S.FOUL (P1.T2),,,,,4,2733,Shaun Livingston,1610612746.0,Los Angeles,Clippers,LAC,5,2863,Damien Wilkins,1610612760.0,Seattle,SuperSonics,SEA,1,0,,,,,,0
0020500531,29,3,11,1,10:53 PM,8:57,,,MISS Wilkins Free Throw 1 of 2,,,5,2863,Damien Wilkins,1610612760.0,Seattle,SuperSonics,SEA,0,0,,,,,,0,0,,,,,,0
0020500531,30,4,1,1,10:53 PM,8:57,,,SuperSonics Rebound,,,3,1610612760,,,,,,0,0,,,,,,0,0,,,,,,0
0020500531,31,3,12,1,10:53 PM,8:57,,,Wilkins Free Throw 2 of 2 (1 PTS),7 - 6,-1,5,2863,Damien Wilkins,1610612760.0,Seattle,SuperSonics,SEA,0,0,,,,,,0,0,,,,,,0
0020500531,32,1,5,1,10:53 PM,8:41,Kaman  Layup (4 PTS) (Livingston 2 AST),,,7 - 8,1,4,2549,Chris Kaman,1610612746.0,Los Angeles,Clippers,LAC,4,2733,Shaun Livingston,1610612746.0,Los Angeles,Clippers,LAC,0,0,,,,,,0
0020500531,34,5,2,1,10:54 PM,8:24,Cassell STEAL (1 STL),,Radmanovic Lost Ball Turnover (P1.T1),,,5,2209,Vladimir Radmanovic,1610612760.0,Seattle,SuperSonics,SEA,4,208,Sam Cassell,1610612746.0,Los Angeles,Clippers,LAC,0,0,,,,,,0
0020500531,35,5,1,1,10:54 PM,8:15,Cassell Bad Pass Turnover (P1.T1),,Lewis STEAL (1 STL),,,4,208,Sam Cassell,1610612746.0,Los Angeles,Clippers,LAC,5,1740,Rashard Lewis,1610612760.0,Seattle,SuperSonics,SEA,0,0,,,,,,0
0020500531,36,2,1,1,10:54 PM,8:08,,,MISS Wilkins 10' Jump Shot,,,5,2863,Damien Wilkins,1610612760.0,Seattle,SuperSonics,SEA,0,0,,,,,,0,0,,,,,,0
0020500531,37,4,0,1,10:54 PM,8:07,Kaman REBOUND (Off:1 Def:1),,,,,4,2549,Chris Kaman,1610612746.0,Los Angeles,Clippers,LAC,0,0,,,,,,0,0,,,,,,0
0020500531,38,1,1,1,10:54 PM,8:01,Cassell 18' Jump Shot (6 PTS) (Kaman 1 AST),,,7 - 10,3,4,208,Sam Cassell,1610612746.0,Los Angeles,Clippers,LAC,4,2549,Chris Kaman,1610612746.0,Los Angeles,Clippers,LAC,0,0,,,,,,0
0020500531,39,2,3,1,10:54 PM,7:44,,,MISS Radmanovic 9' Hook Shot,,,5,2209,Vladimir Radmanovic,1610612760.0,Seattle,SuperSonics,SEA,0,0,,,,,,0,0,,,,,,0
0020500531,40,4,0,1,10:54 PM,7:42,Singleton REBOUND (Off:0 Def:1),,,,,4,101189,James Singleton,1610612746.0,Los Angeles,Clippers,LAC,0,0,,,,,,0,0,,,,,,0
0020500531,41,1,8,1,10:54 PM,7:37,Kaman  Slam Dunk (6 PTS) (Livingston 3 AST),,,7 - 12,5,4,2549,Chris Kaman,1610612746.0,Los Angeles,Clippers,LAC,4,2733,Shaun Livingston,1610612746.0,Los Angeles,Clippers,LAC,0,0,,,,,,0
0020500531,42,1,47,1,10:55 PM,7:11,,,Lewis 16' Turnaround Jump Shot (6 PTS) (Ridnour 1 AST),9 - 12,3,5,1740,Rashard Lewis,1610612760.0,Seattle,SuperSonics,SEA,5,2557,Luke Ridnour,1610612760.0,Seattle,SuperSonics,SEA,0,0,,,,,,0
0020500531,43,2,1,1,10:56 PM,6:50,MISS Cassell 19' Jump Shot,,,,,4,208,Sam Cassell,1610612746.0,Los Angeles,Clippers,LAC,0,0,,,,,,0,0,,,,,,0
0020500531,44,4,0,1,10:56 PM,6:48,,,Radmanovic REBOUND (Off:0 Def:1),,,5,2209,Vladimir Radmanovic,1610612760.0,Seattle,SuperSonics,SEA,0,0,,,,,,0,0,,,,,,0
0020500531,45,6,4,1,10:56 PM,6:41,,,Wilkins OFF.Foul (P1),,,5,2863,Damien Wilkins,1610612760.0,Seattle,SuperSonics,SEA,4,208,Sam Cassell,1610612746.0,Los Angeles,Clippers,LAC,1,0,,,,,,0
0020500531,46,5,5,1,10:56 PM,6:41,,,Wilkins Foul Turnover (P1.T2),,,5,2863,Damien Wilkins,1610612760.0,Seattle,SuperSonics,SEA,0,0,,,,,,1,0,,,,,,0
0020500531,47,1,47,1,10:56 PM,6:21,Kaman 4' Turnaround Jump Shot (8 PTS) (Mobley 1 AST),,,9 - 14,5,4,2549,Chris Kaman,1610612746.0,Los Angeles,Clippers,LAC,4,1749,Cuttino Mobley,1610612746.0,Los Angeles,Clippers,LAC,0,0,,,,,,0
0020500531,48,6,2,1,10:56 PM,6:21,,,Ridnour S.FOUL (P1.T1),,,5,2557,Luke Ridnour,1610612760.0,Seattle,SuperSonics,SEA,4,2549,Chris Kaman,1610612746.0,Los Angeles,Clippers,LAC,1,0,,,,,,0
0020500531,49,3,10,1,10:56 PM,6:21,Kaman Free Throw 1 of 1 (9 PTS),,,9 - 15,6,4,2549,Chris Kaman,1610612746.0,Los Angeles,Clippers,LAC,0,0,,,,,,0,0,,,,,,0
0020500531,50,2,1,1,10:57 PM,6:02,,,MISS Ridnour  3PT Jump Shot,,,5,2557,Luke Ridnour,1610612760.0,Seattle,SuperSonics,SEA,0,0,,,,,,0,0,,,,,,0
0020500531,51,4,0,1,10:57 PM,6:00,,,Wilkins REBOUND (Off:1 Def:0),,,5,2863,Damien Wilkins,1610612760.0,Seattle,SuperSonics,SEA,0,0,,,,,,0,0,,,,,,0
0020500531,52,1,5,1,10:57 PM,6:00,,,Wilkins  Layup (3 PTS),11 - 15,4,5,2863,Damien Wilkins,1610612760.0,Seattle,SuperSonics,SEA,0,0,,,,,,0,0,,,,,,0
0020500531,53,6,2,1,10:57 PM,6:00,Singleton S.FOUL (P1.T3),,,,,4,101189,James Singleton,1610612746.0,Los Angeles,Clippers,LAC,5,2863,Damien Wilkins,1610612760.0,Seattle,SuperSonics,SEA,1,0,,,,,,0
0020500531,55,8,0,1,10:58 PM,6:00,,,SUB: Swift FOR Petro,,,5,101130,Johan Petro,1610612760.0,Seattle,SuperSonics,SEA,5,2741,Robert Swift,1610612760.0,Seattle,SuperSonics,SEA,0,0,,,,,,0
0020500531,56,9,1,1,10:58 PM,6:00,CLIPPERS Timeout: Regular (Full 1 Short 0),,,,,2,1610612746,,,,,,0,0,,,,,,0,0,,,,,,0
0020500531,58,3,10,1,11:00 PM,6:00,,,MISS Wilkins Free Throw 1 of 1,,,5,2863,Damien Wilkins,1610612760.0,Seattle,SuperSonics,SEA,0,0,,,,,,0,0,,,,,,0
0020500531,59,4,0,1,11:00 PM,5:59,Singleton REBOUND (Off:0 Def:2),,,,,4,101189,James Singleton,1610612746.0,Los Angeles,Clippers,LAC,0,0,,,,,,0,0,,,,,,0
0020500531,60,5,11,1,11:01 PM,5:35,CLIPPERS Turnover: Shot Clock (T#2),,,,,2,1610612746,,,,,,0,0,,,,,,1,0,,,,,,0
0020500531,61,6,2,1,11:01 PM,5:20,Kaman S.FOUL (P1.T4),,,,,4,2549,Chris Kaman,1610612746.0,Los Angeles,Clippers,LAC,5,2863,Damien Wilkins,1610612760.0,Seattle,SuperSonics,SEA,1,0,,,,,,0
0020500531,62,3,11,1,11:01 PM,5:20,,,Wilkins Free Throw 1 of 2 (4 PTS),12 - 15,3,5,2863,Damien Wilkins,1610612760.0,Seattle,SuperSonics,SEA,0,0,,,,,,0,0,,,,,,0
0020500531,63,3,12,1,11:01 PM,5:20,,,MISS Wilkins Free Throw 2 of 2,,,5,2863,Damien Wilkins,1610612760.0,Seattle,SuperSonics,SEA,0,0,,,,,,0,0,,,,,,0
0020500531,64,4,0,1,11:02 PM,5:18,,,Radmanovic REBOUND (Off:1 Def:1),,,5,2209,Vladimir Radmanovic,1610612760.0,Seattle,SuperSonics,SEA,0,0,,,,,,0,0,,,,,,0
0020500531,65,2,5,1,11:02 PM,5:15,,,MISS Wilkins  Layup,,,5,2863,Damien Wilkins,1610612760.0,Seattle,SuperSonics,SEA,0,0,,,,,,0,0,,,,,,0
0020500531,66,4,0,1,11:02 PM,5:15,,,SuperSonics Rebound,,,3,1610612760,,,,,,0,0,,,,,,0,0,,,,,,0
0020500531,67,5,15,1,11:02 PM,5:15,,,Swift Offensive Goaltending Turnover (P1.T3),,,5,2741,Robert Swift,1610612760.0,Seattle,SuperSonics,SEA,0,0,,,,,,1,0,,,,,,0
0020500531,68,2,1,1,11:02 PM,5:04,MISS Cassell 14' Jump Shot,,,,,4,208,Sam Cassell,1610612746.0,Los Angeles,Clippers,LAC,0,0,,,,,,0,0,,,,,,0
0020500531,69,4,0,1,11:02 PM,5:02,,,Wilkins REBOUND (Off:1 Def:1),,,5,2863,Damien Wilkins,1610612760.0,Seattle,SuperSonics,SEA,0,0,,,,,,0,0,,,,,,0
0020500531,70,1,1,1,11:02 PM,4:51,,,Radmanovic 18' Jump Shot (2 PTS),14 - 15,1,5,2209,Vladimir Radmanovic,1610612760.0,Seattle,SuperSonics,SEA,0,0,,,,,,0,0,,,,,,0
0020500531,71,5,1,1,11:03 PM,4:35,Singleton Bad Pass Turnover (P1.T3),,Swift STEAL (1 STL),,,4,101189,James Singleton,1610612746.0,Los Angeles,Clippers,LAC,5,2741,Robert Swift,1610612760.0,Seattle,SuperSonics,SEA,0,0,,,,,,0
0020500531,72,2,1,1,11:03 PM,4:12,,,MISS Ridnour 18' Jump Shot,,,5,2557,Luke Ridnour,1610612760.0,Seattle,SuperSonics,SEA,0,0,,,,,,0,0,,,,,,0
0020500531,73,4,0,1,11:03 PM,4:10,,,Lewis REBOUND (Off:1 Def:1),,,5,1740,Rashard Lewis,1610612760.0,Seattle,SuperSonics,SEA,0,0,,,,,,0,0,,,,,,0
0020500531,74,6,2,1,11:03 PM,4:10,Cassell S.FOUL (P1.PN),,,,,4,208,Sam Cassell,1610612746.0,Los Angeles,Clippers,LAC,5,1740,Rashard Lewis,1610612760.0,Seattle,SuperSonics,SEA,1,0,,,,,,0
0020500531,75,3,11,1,11:03 PM,4:10,,,Lewis Free Throw 1 of 2 (7 PTS),15 - 15,TIE,5,1740,Rashard Lewis,1610612760.0,Seattle,SuperSonics,SEA,0,0,,,,,,0,0,,,,,,0
0020500531,76,8,0,1,11:03 PM,4:10,,,SUB: Murray FOR Wilkins,,,5,2863,Damien Wilkins,1610612760.0,Seattle,SuperSonics,SEA,5,2436,Flip Murray,1610612760.0,Seattle,SuperSonics,SEA,0,0,,,,,,0
0020500531,77,8,0,1,11:04 PM,4:10,SUB: Korolev FOR Singleton,,,,,4,101189,James Singleton,1610612746.0,Los Angeles,Clippers,LAC,4,101117,Yaroslav Korolev,1610612746.0,Los Angeles,Clippers,LAC,0,0,,,,,,0
0020500531,78,3,12,1,11:04 PM,4:10,,,Lewis Free Throw 2 of 2 (8 PTS),16 - 15,-1,5,1740,Rashard Lewis,1610612760.0,Seattle,SuperSonics,SEA,0,0,,,,,,0,0,,,,,,0
0020500531,79,2,1,1,11:04 PM,3:52,MISS Mobley 19' Jump Shot,,,,,4,1749,Cuttino Mobley,1610612746.0,Los Angeles,Clippers,LAC,0,0,,,,,,0,0,,,,,,0
0020500531,80,4,0,1,11:04 PM,3:50,Livingston REBOUND (Off:1 Def:0),,,,,4,2733,Shaun Livingston,1610612746.0,Los Angeles,Clippers,LAC,0,0,,,,,,0,0,,,,,,0
0020500531,81,2,1,1,11:04 PM,3:47,MISS Cassell 18' Jump Shot,,,,,4,208,Sam Cassell,1610612746.0,Los Angeles,Clippers,LAC,0,0,,,,,,0,0,,,,,,0
0020500531,82,4,0,1,11:04 PM,3:46,,,Swift REBOUND (Off:0 Def:1),,,5,2741,Robert Swift,1610612760.0,Seattle,SuperSonics,SEA,0,0,,,,,,0,0,,,,,,0
0020500531,83,5,4,1,11:05 PM,3:34,,,Radmanovic Traveling Turnover (P2.T4),,,5,2209,Vladimir Radmanovic,1610612760.0,Seattle,SuperSonics,SEA,0,0,,,,,,1,0,,,,,,0
0020500531,84,1,1,1,11:06 PM,3:13,Cassell 16' Jump Shot (8 PTS) (Livingston 4 AST),,,16 - 17,1,4,208,Sam Cassell,1610612746.0,Los Angeles,Clippers,LAC,4,2733,Shaun Livingston,1610612746.0,Los Angeles,Clippers,LAC,0,0,,,,,,0
0020500531,85,2,1,1,11:06 PM,2:53,,,MISS Ridnour 8' Jump Shot,,,5,2557,Luke Ridnour,1610612760.0,Seattle,SuperSonics,SEA,0,0,,,,,,0,0,,,,,,0
0020500531,86,4,0,1,11:06 PM,2:52,Kaman REBOUND (Off:1 Def:2),,,,,4,2549,Chris Kaman,1610612746.0,Los Angeles,Clippers,LAC,0,0,,,,,,0,0,,,,,,0
0020500531,87,1,1,1,11:06 PM,2:45,Mobley 21' Jump Shot (2 PTS) (Livingston 5 AST),,,16 - 19,3,4,1749,Cuttino Mobley,1610612746.0,Los Angeles,Clippers,LAC,4,2733,Shaun Livingston,1610612746.0,Los Angeles,Clippers,LAC,0,0,,,,,,0
0020500531,88,2,5,1,11:06 PM,2:27,,,MISS Swift  Layup,,,5,2741,Robert Swift,1610612760.0,Seattle,SuperSonics,SEA,0,0,,,,,,0,0,,,,,,0
0020500531,89,4,0,1,11:06 PM,2:26,Kaman REBOUND (Off:1 Def:3),,,,,4,2549,Chris Kaman,1610612746.0,Los Angeles,Clippers,LAC,0,0,,,,,,0,0,,,,,,0
0020500531,90,6,2,1,11:07 PM,2:17,,,Ridnour S.FOUL (P2.T2),,,5,2557,Luke Ridnour,1610612760.0,Seattle,SuperSonics,SEA,4,208,Sam Cassell,1610612746.0,Los Angeles,Clippers,LAC,1,0,,,,,,0
0020500531,91,9,1,1,11:07 PM,2:17,,,SuperSonics Timeout: Regular (Reg.1 Short 0),,,3,1610612760,,,,,,0,0,,,,,,0,0,,,,,,0
0020500531,93,8,0,1,11:09 PM,2:17,SUB: Wilcox FOR Kaman,,,,,4,2549,Chris Kaman,1610612746.0,Los Angeles,Clippers,LAC,4,2404,Chris Wilcox,1610612746.0,Los Angeles,Clippers,LAC,0,0,,,,,,0
0020500531,95,8,0,1,11:09 PM,2:17,,,SUB: Wilkins FOR Ridnour,,,5,2557,Luke Ridnour,1610612760.0,Seattle,SuperSonics,SEA,5,2863,Damien Wilkins,1610612760.0,Seattle,SuperSonics,SEA,0,0,,,,,,0
0020500531,96,3,11,1,11:09 PM,2:17,Cassell Free Throw 1 of 2 (9 PTS),,,16 - 20,4,4,208,Sam Cassell,1610612746.0,Los Angeles,Clippers,LAC,0,0,,,,,,0,0,,,,,,0
0020500531,97,3,12,1,11:09 PM,2:17,Cassell Free Throw 2 of 2 (10 PTS),,,16 - 21,5,4,208,Sam Cassell,1610612746.0,Los Angeles,Clippers,LAC,0,0,,,,,,0,0,,,,,,0
0020500531,98,5,1,1,11:10 PM,2:07,Cassell STEAL (2 STL),,Wilkins Bad Pass Turnover (P2.T5),,,5,2863,Damien Wilkins,1610612760.0,Seattle,SuperSonics,SEA,4,208,Sam Cassell,1610612746.0,Los Angeles,Clippers,LAC,0,0,,,,,,0
0020500531,99,1,42,1,11:10 PM,2:04,Cassell  Driving Layup (12 PTS),,,16 - 23,7,4,208,Sam Cassell,1610612746.0,Los Angeles,Clippers,LAC,0,0,,,,,,0,0,,,,,,0
0020500531,100,5,41,1,11:10 PM,1:47,Korolev STEAL (1 STL),,Swift Poss Lost Ball Turnover (P2.T6),,,5,2741,Robert Swift,1610612760.0,Seattle,SuperSonics,SEA,4,101117,Yaroslav Korolev,1610612746.0,Los Angeles,Clippers,LAC,0,0,,,,,,0
0020500531,101,2,5,1,11:10 PM,1:41,MISS Korolev  Layup,,,,,4,101117,Yaroslav Korolev,1610612746.0,Los Angeles,Clippers,LAC,0,0,,,,,,0,0,,,,,,0
0020500531,103,4,0,1,11:10 PM,1:40,Mobley REBOUND (Off:1 Def:1),,,,,4,1749,Cuttino Mobley,1610612746.0,Los Angeles,Clippers,LAC,0,0,,,,,,0,0,,,,,,0
0020500531,102,2,4,1,11:10 PM,1:40,MISS Mobley  Tip Shot,,,,,4,1749,Cuttino Mobley,1610612746.0,Los Angeles,Clippers,LAC,0,0,,,,,,0,0,,,,,,0
0020500531,104,4,0,1,11:10 PM,1:38,Cassell REBOUND (Off:1 Def:0),,,,,4,208,Sam Cassell,1610612746.0,Los Angeles,Clippers,LAC,0,0,,,,,,0,0,,,,,,0
0020500531,105,2,1,1,11:10 PM,1:36,MISS Cassell 21' Jump Shot,,,,,4,208,Sam Cassell,1610612746.0,Los Angeles,Clippers,LAC,0,0,,,,,,0,0,,,,,,0
0020500531,106,4,0,1,11:10 PM,1:34,,,Wilkins REBOUND (Off:1 Def:2),,,5,2863,Damien Wilkins,1610612760.0,Seattle,SuperSonics,SEA,0,0,,,,,,0,0,,,,,,0
0020500531,107,6,1,1,11:10 PM,1:22,Mobley P.FOUL (P2.PN),,,,,4,1749,Cuttino Mobley,1610612746.0,Los Angeles,Clippers,LAC,5,1740,Rashard Lewis,1610612760.0,Seattle,SuperSonics,SEA,1,0,,,,,,0
0020500531,108,3,11,1,11:11 PM,1:22,,,Lewis Free Throw 1 of 2 (9 PTS),17 - 23,6,5,1740,Rashard Lewis,1610612760.0,Seattle,SuperSonics,SEA,0,0,,,,,,0,0,,,,,,0
0020500531,109,8,0,1,11:11 PM,1:22,SUB: Ross FOR Mobley,,,,,4,1749,Cuttino Mobley,1610612746.0,Los Angeles,Clippers,LAC,4,2624,Quinton Ross,1610612746.0,Los Angeles,Clippers,LAC,0,0,,,,,,0
0020500531,110,8,0,1,11:11 PM,1:22,,,SUB: Collison FOR Radmanovic,,,5,2209,Vladimir Radmanovic,1610612760.0,Seattle,SuperSonics,SEA,5,2555,Nick Collison,1610612760.0,Seattle,SuperSonics,SEA,0,0,,,,,,0
0020500531,111,3,12,1,11:11 PM,1:22,,,MISS Lewis Free Throw 2 of 2,,,5,1740,Rashard Lewis,1610612760.0,Seattle,SuperSonics,SEA,0,0,,,,,,0,0,,,,,,0
0020500531,112,4,0,1,11:11 PM,1:21,Ross REBOUND (Off:0 Def:1),,,,,4,2624,Quinton Ross,1610612746.0,Los Angeles,Clippers,LAC,0,0,,,,,,0,0,,,,,,0
0020500531,113,2,1,1,11:12 PM,0:59,MISS Cassell 21' Jump Shot,,,,,4,208,Sam Cassell,1610612746.0,Los Angeles,Clippers,LAC,0,0,,,,,,0,0,,,,,,0
0020500531,114,4,0,1,11:12 PM,0:58,,,Murray REBOUND (Off:0 Def:1),,,5,2436,Flip Murray,1610612760.0,Seattle,SuperSonics,SEA,0,0,,,,,,0,0,,,,,,0
0020500531,115,6,1,1,11:12 PM,0:55,Cassell P.FOUL (P2.PN),,,,,4,208,Sam Cassell,1610612746.0,Los Angeles,Clippers,LAC,5,2436,Flip Murray,1610612760.0,Seattle,SuperSonics,SEA,1,0,,,,,,0
0020500531,116,3,11,1,11:12 PM,0:55,,,Murray Free Throw 1 of 2 (1 PTS),18 - 23,5,5,2436,Flip Murray,1610612760.0,Seattle,SuperSonics,SEA,0,0,,,,,,0,0,,,,,,0
0020500531,117,8,0,1,11:12 PM,0:55,SUB: N'Dong FOR Cassell,,,,,4,208,Sam Cassell,1610612746.0,Los Angeles,Clippers,LAC,4,101238,Boniface Ndong,1610612746.0,Los Angeles,Clippers,LAC,0,0,,,,,,0
0020500531,118,3,12,1,11:12 PM,0:55,,,Murray Free Throw 2 of 2 (2 PTS),19 - 23,4,5,2436,Flip Murray,1610612760.0,Seattle,SuperSonics,SEA,0,0,,,,,,0,0,,,,,,0
0020500531,119,5,4,1,11:13 PM,0:42,N'Dong Traveling Turnover (P1.T4),,,,,4,101238,Boniface Ndong,1610612746.0,Los Angeles,Clippers,LAC,0,0,,,,,,1,0,,,,,,0
0020500531,120,5,41,1,11:13 PM,0:36,,,Murray Poss Lost Ball Turnover (P1.T7),,,5,2436,Flip Murray,1610612760.0,Seattle,SuperSonics,SEA,0,0,,,,,,0,0,,,,,,0
0020500531,121,2,1,1,11:13 PM,0:20,MISS N'Dong 20' Jump Shot,,,,,4,101238,Boniface Ndong,1610612746.0,Los Angeles,Clippers,LAC,0,0,,,,,,0,0,,,,,,0
0020500531,122,4,0,1,11:14 PM,0:18,Ross REBOUND (Off:1 Def:1),,,,,4,2624,Quinton Ross,1610612746.0,Los Angeles,Clippers,LAC,0,0,,,,,,0,0,,,,,,0
0020500531,123,6,2,1,11:14 PM,0:02,,,Swift S.FOUL (P1.T3),,,5,2741,Robert Swift,1610612760.0,Seattle,SuperSonics,SEA,4,2624,Quinton Ross,1610612746.0,Los Angeles,Clippers,LAC,1,0,,,,,,0
0020500531,124,3,11,1,11:14 PM,0:02,MISS Ross Free Throw 1 of 2,,,,,4,2624,Quinton Ross,1610612746.0,Los Angeles,Clippers,LAC,0,0,,,,,,0,0,,,,,,0
0020500531,125,4,1,1,11:14 PM,0:02,CLIPPERS Rebound,,,,,2,1610612746,,,,,,0,0,,,,,,0,0,,,,,,0
0020500531,126,3,12,1,11:14 PM,0:02,MISS Ross Free Throw 2 of 2,,,,,4,2624,Quinton Ross,1610612746.0,Los Angeles,Clippers,LAC,0,0,,,,,,0,0,,,,,,0
0020500531,127,4,0,1,11:15 PM,0:00,,,SuperSonics Rebound,,,3,1610612760,,,,,,0,0,,,,,,0,0,,,,,,0
0020500531,128,13,0,1,11:15 PM,0:00,,,,19 - 23,4,0,0,,,,,,0,0,,,,,,0,0,,,,,,0
0020500531,130,12,0,2,11:18 PM,12:00,,,,19 - 23,4,0,0,,,,,,0,0,,,,,,0,0,,,,,,0
0020500531,131,1,5,2,11:18 PM,11:48,,,Collison  Layup (2 PTS),21 - 23,2,5,2555,Nick Collison,1610612760.0,Seattle,SuperSonics,SEA,0,0,,,,,,0,0,,,,,,0
0020500531,132,6,2,2,11:18 PM,11:48,Kaman S.FOUL (P2.T1),,,,,4,2549,Chris Kaman,1610612746.0,Los Angeles,Clippers,LAC,5,2555,Nick Collison,1610612760.0,Seattle,SuperSonics,SEA,1,0,,,,,,0
0020500531,133,3,10,2,11:18 PM,11:48,,,Collison Free Throw 1 of 1 (3 PTS),22 - 23,1,5,2555,Nick Collison,1610612760.0,Seattle,SuperSonics,SEA,0,0,,,,,,0,0,,,,,,0
0020500531,134,2,1,2,11:19 PM,11:33,MISS Ross 20' Jump Shot,,,,,4,2624,Quinton Ross,1610612746.0,Los Angeles,Clippers,LAC,0,0,,,,,,0,0,,,,,,0
0020500531,135,4,0,2,11:19 PM,11:30,,,Ridnour REBOUND (Off:0 Def:1),,,5,2557,Luke Ridnour,1610612760.0,Seattle,SuperSonics,SEA,0,0,,,,,,0,0,,,,,,0
0020500531,136,2,5,2,11:19 PM,11:07,,,MISS Ridnour  Layup,,,5,2557,Luke Ridnour,1610612760.0,Seattle,SuperSonics,SEA,0,0,,,,,,0,0,,,,,,0
0020500531,137,4,0,2,11:19 PM,11:06,Wilcox REBOUND (Off:0 Def:1),,,,,4,2404,Chris Wilcox,1610612746.0,Los Angeles,Clippers,LAC,0,0,,,,,,0,0,,,,,,0
0020500531,138,2,1,2,11:19 PM,10:55,MISS Mobley 22' Jump Shot,,,,,4,1749,Cuttino Mobley,1610612746.0,Los Angeles,Clippers,LAC,0,0,,,,,,0,0,,,,,,0
0020500531,139,4,0,2,11:19 PM,10:53,Kaman REBOUND (Off:2 Def:3),,,,,4,2549,Chris Kaman,1610612746.0,Los Angeles,Clippers,LAC,0,0,,,,,,0,0,,,,,,0
0020500531,140,1,40,2,11:19 PM,10:51,Kaman  Layup (11 PTS),,,22 - 25,3,4,2549,Chris Kaman,1610612746.0,Los Angeles,Clippers,LAC,0,0,,,,,,0,0,,,,,,0
0020500531,141,6,2,2,11:19 PM,10:51,,,Swift S.FOUL (P2.T1),,,5,2741,Robert Swift,1610612760.0,Seattle,SuperSonics,SEA,4,2549,Chris Kaman,1610612746.0,Los Angeles,Clippers,LAC,1,0,,,,,,0
0020500531,142,8,0,2,11:19 PM,10:51,,,SUB: Petro FOR Swift,,,5,2741,Robert Swift,1610612760.0,Seattle,SuperSonics,SEA,5,101130,Johan Petro,1610612760.0,Seattle,SuperSonics,SEA,0,0,,,,,,0
0020500531,143,3,10,2,11:19 PM,10:51,Kaman Free Throw 1 of 1 (12 PTS),,,22 - 26,4,4,2549,Chris Kaman,1610612746.0,Los Angeles,Clippers,LAC,0,0,,,,,,0,0,,,,,,0
0020500531,144,2,1,2,11:20 PM,10:41,,,MISS Murray 20' Jump Shot,,,5,2436,Flip Murray,1610612760.0,Seattle,SuperSonics,SEA,0,0,,,,,,0,0,,,,,,0
0020500531,145,4,0,2,11:20 PM,10:41,CLIPPERS Rebound,,,,,2,1610612746,,,,,,0,0,,,,,,0,0,,,,,,0
0020500531,146,6,2,2,11:20 PM,10:31,,,Collison S.FOUL (P1.T2),,,5,2555,Nick Collison,1610612760.0,Seattle,SuperSonics,SEA,4,1749,Cuttino Mobley,1610612746.0,Los Angeles,Clippers,LAC,1,0,,,,,,0
0020500531,147,3,11,2,11:20 PM,10:31,Mobley Free Throw 1 of 2 (3 PTS),,,22 - 27,5,4,1749,Cuttino Mobley,1610612746.0,Los Angeles,Clippers,LAC,0,0,,,,,,0,0,,,,,,0
0020500531,148,3,12,2,11:21 PM,10:31,Mobley Free Throw 2 of 2 (4 PTS),,,22 - 28,6,4,1749,Cuttino Mobley,1610612746.0,Los Angeles,Clippers,LAC,0,0,,,,,,0,0,,,,,,0
0020500531,149,2,1,2,11:21 PM,10:19,,,MISS Petro 14' Jump Shot,,,5,101130,Johan Petro,1610612760.0,Seattle,SuperSonics,SEA,0,0,,,,,,0,0,,,,,,0
0020500531,150,4,0,2,11:21 PM,10:17,Ross REBOUND (Off:1 Def:2),,,,,4,2624,Quinton Ross,1610612746.0,Los Angeles,Clippers,LAC,0,0,,,,,,0,0,,,,,,0
0020500531,151,6,2,2,11:21 PM,10:10,,,Petro S.FOUL (P1.T3),,,5,101130,Johan Petro,1610612760.0,Seattle,SuperSonics,SEA,4,2404,Chris Wilcox,1610612746.0,Los Angeles,Clippers,LAC,1,0,,,,,,0
0020500531,152,8,0,2,11:22 PM,10:10,SUB: Ewing FOR Livingston,,,,,4,2733,Shaun Livingston,1610612746.0,Los Angeles,Clippers,LAC,4,101137,Daniel Ewing,1610612746.0,Los Angeles,Clippers,LAC,0,0,,,,,,0
0020500531,153,8,0,2,11:22 PM,10:10,SUB: Cassell FOR Ross,,,,,4,2624,Quinton Ross,1610612746.0,Los Angeles,Clippers,LAC,4,208,Sam Cassell,1610612746.0,Los Angeles,Clippers,LAC,0,0,,,,,,0
0020500531,154,3,11,2,11:22 PM,10:10,Wilcox Free Throw 1 of 2 (1 PTS),,,22 - 29,7,4,2404,Chris Wilcox,1610612746.0,Los Angeles,Clippers,LAC,0,0,,,,,,0,0,,,,,,0
0020500531,155,3,12,2,11:22 PM,10:10,Wilcox Free Throw 2 of 2 (2 PTS),,,22 - 30,8,4,2404,Chris Wilcox,1610612746.0,Los Angeles,Clippers,LAC,0,0,,,,,,0,0,,,,,,0
0020500531,156,2,1,2,11:22 PM,9:53,,,MISS Collison 13' Jump Shot,,,5,2555,Nick Collison,1610612760.0,Seattle,SuperSonics,SEA,0,0,,,,,,0,0,,,,,,0
0020500531,157,4,0,2,11:22 PM,9:51,Mobley REBOUND (Off:1 Def:2),,,,,4,1749,Cuttino Mobley,1610612746.0,Los Angeles,Clippers,LAC,0,0,,,,,,0,0,,,,,,0
0020500531,158,1,42,2,11:22 PM,9:46,Mobley  Driving Layup (6 PTS),,,22 - 32,10,4,1749,Cuttino Mobley,1610612746.0,Los Angeles,Clippers,LAC,0,0,,,,,,0,0,,,,,,0
0020500531,159,2,1,2,11:23 PM,9:25,,,MISS Wilkins 5' Jump Shot,,,5,2863,Damien Wilkins,1610612760.0,Seattle,SuperSonics,SEA,0,0,,,,,,0,0,,,,,,0
0020500531,160,4,0,2,11:23 PM,9:22,Wilcox REBOUND (Off:0 Def:2),,,,,4,2404,Chris Wilcox,1610612746.0,Los Angeles,Clippers,LAC,0,0,,,,,,0,0,,,,,,0
0020500531,161,1,47,2,11:23 PM,9:12,Mobley 15' Turnaround Jump Shot (8 PTS),,,22 - 34,12,4,1749,Cuttino Mobley,1610612746.0,Los Angeles,Clippers,LAC,0,0,,,,,,0,0,,,,,,0
0020500531,162,9,1,2,11:23 PM,9:04,,,SuperSonics Timeout: Regular (Reg.2 Short 0),,,3,1610612760,,,,,,0,0,,,,,,0,0,,,,,,0
0020500531,164,8,0,2,11:25 PM,9:04,,,SUB: Lewis FOR Wilkins,,,5,2863,Damien Wilkins,1610612760.0,Seattle,SuperSonics,SEA,5,1740,Rashard Lewis,1610612760.0,Seattle,SuperSonics,SEA,0,0,,,,,,0
0020500531,166,2,47,2,11:26 PM,8:50,,,MISS Lewis 11' Turnaround Jump Shot,,,5,1740,Rashard Lewis,1610612760.0,Seattle,SuperSonics,SEA,0,0,,,,,,0,0,,,,,,0
0020500531,167,4,0,2,11:26 PM,8:48,Mobley REBOUND (Off:1 Def:3),,,,,4,1749,Cuttino Mobley,1610612746.0,Los Angeles,Clippers,LAC,0,0,,,,,,0,0,,,,,,0
0020500531,168,1,42,2,11:26 PM,8:45,Mobley  Driving Layup (10 PTS) (Cassell 1 AST),,,22 - 36,14,4,1749,Cuttino Mobley,1610612746.0,Los Angeles,Clippers,LAC,4,208,Sam Cassell,1610612746.0,Los Angeles,Clippers,LAC,0,0,,,,,,0
0020500531,169,2,1,2,11:26 PM,8:29,,,MISS Collison 15' Jump Shot,,,5,2555,Nick Collison,1610612760.0,Seattle,SuperSonics,SEA,0,0,,,,,,0,0,,,,,,0
0020500531,170,4,0,2,11:26 PM,8:27,Cassell REBOUND (Off:1 Def:1),,,,,4,208,Sam Cassell,1610612746.0,Los Angeles,Clippers,LAC,0,0,,,,,,0,0,,,,,,0
0020500531,171,2,5,2,11:26 PM,8:22,MISS Mobley  Layup,,,,,4,1749,Cuttino Mobley,1610612746.0,Los Angeles,Clippers,LAC,0,0,,,,,,0,0,,,,,,0
0020500531,172,4,0,2,11:26 PM,8:19,,,Murray REBOUND (Off:0 Def:2),,,5,2436,Flip Murray,1610612760.0,Seattle,SuperSonics,SEA,0,0,,,,,,0,0,,,,,,0
0020500531,173,2,1,2,11:27 PM,8:03,Wilcox BLOCK (1 BLK),,MISS Collison 3' Jump Shot,,,5,2555,Nick Collison,1610612760.0,Seattle,SuperSonics,SEA,0,0,,,,,,4,2404,Chris Wilcox,1610612746.0,Los Angeles,Clippers,LAC,0
0020500531,174,4,0,2,11:27 PM,8:00,Kaman REBOUND (Off:2 Def:4),,,,,4,2549,Chris Kaman,1610612746.0,Los Angeles,Clippers,LAC,0,0,,,,,,0,0,,,,,,0
0020500531,175,6,2,2,11:27 PM,7:58,,,Murray S.FOUL (P1.T4),,,5,2436,Flip Murray,1610612760.0,Seattle,SuperSonics,SEA,4,101137,Daniel Ewing,1610612746.0,Los Angeles,Clippers,LAC,1,0,,,,,,0
0020500531,176,8,0,2,11:27 PM,7:58,,,SUB: Radmanovic FOR Collison,,,5,2555,Nick Collison,1610612760.0,Seattle,SuperSonics,SEA,5,2209,Vladimir Radmanovic,1610612760.0,Seattle,SuperSonics,SEA,0,0,,,,,,0
0020500531,177,3,11,2,11:27 PM,7:58,Ewing Free Throw 1 of 2 (1 PTS),,,22 - 37,15,4,101137,Daniel Ewing,1610612746.0,Los Angeles,Clippers,LAC,0,0,,,,,,0,0,,,,,,0
0020500531,178,8,0,2,11:27 PM,7:58,SUB: Singleton FOR Wilcox,,,,,4,2404,Chris Wilcox,1610612746.0,Los Angeles,Clippers,LAC,4,101189,James Singleton,1610612746.0,Los Angeles,Clippers,LAC,0,0,,,,,,0
0020500531,179,3,12,2,11:27 PM,7:58,MISS Ewing Free Throw 2 of 2,,,,,4,101137,Daniel Ewing,1610612746.0,Los Angeles,Clippers,LAC,0,0,,,,,,0,0,,,,,,0
0020500531,180,4,0,2,11:28 PM,7:57,,,Ridnour REBOUND (Off:0 Def:2),,,5,2557,Luke Ridnour,1610612760.0,Seattle,SuperSonics,SEA,0,0,,,,,,0,0,,,,,,0
0020500531,181,2,1,2,11:28 PM,7:36,,,MISS Radmanovic 27' 3PT Jump Shot,,,5,2209,Vladimir Radmanovic,1610612760.0,Seattle,SuperSonics,SEA,0,0,,,,,,0,0,,,,,,0
0020500531,182,4,0,2,11:28 PM,7:34,,,SuperSonics Rebound,,,3,1610612760,,,,,,0,0,,,,,,0,0,,,,,,0
0020500531,183,2,1,2,11:28 PM,7:17,,,MISS Petro 13' Jump Shot,,,5,101130,Johan Petro,1610612760.0,Seattle,SuperSonics,SEA,0,0,,,,,,0,0,,,,,,0
0020500531,184,4,0,2,11:28 PM,7:15,Singleton REBOUND (Off:0 Def:3),,,,,4,101189,James Singleton,1610612746.0,Los Angeles,Clippers,LAC,0,0,,,,,,0,0,,,,,,0
0020500531,185,2,1,2,11:29 PM,6:55,MISS Ewing 20' Jump Shot,,,,,4,101137,Daniel Ewing,1610612746.0,Los Angeles,Clippers,LAC,0,0,,,,,,0,0,,,,,,0
0020500531,186,4,0,2,11:29 PM,6:53,,,Radmanovic REBOUND (Off:1 Def:2),,,5,2209,Vladimir Radmanovic,1610612760.0,Seattle,SuperSonics,SEA,0,0,,,,,,0,0,,,,,,0
0020500531,187,2,1,2,11:29 PM,6:44,,,MISS Murray 8' Jump Shot,,,5,2436,Flip Murray,1610612760.0,Seattle,SuperSonics,SEA,0,0,,,,,,0,0,,,,,,0
0020500531,188,4,0,2,11:29 PM,6:42,Singleton REBOUND (Off:0 Def:4),,,,,4,101189,James Singleton,1610612746.0,Los Angeles,Clippers,LAC,0,0,,,,,,0,0,,,,,,0
0020500531,189,1,8,2,11:29 PM,6:24,Kaman  Slam Dunk (14 PTS) (Cassell 2 AST),,,22 - 39,17,4,2549,Chris Kaman,1610612746.0,Los Angeles,Clippers,LAC,4,208,Sam Cassell,1610612746.0,Los Angeles,Clippers,LAC,0,0,,,,,,0
0020500531,190,1,42,2,11:30 PM,6:02,,,Murray  Driving Layup (4 PTS),24 - 39,15,5,2436,Flip Murray,1610612760.0,Seattle,SuperSonics,SEA,0,0,,,,,,0,0,,,,,,0
0020500531,191,5,1,2,11:30 PM,5:46,Kaman Bad Pass Turnover (P1.T5),,Lewis STEAL (2 STL),,,4,2549,Chris Kaman,1610612746.0,Los Angeles,Clippers,LAC,5,1740,Rashard Lewis,1610612760.0,Seattle,SuperSonics,SEA,0,0,,,,,,0
0020500531,192,1,49,2,11:30 PM,5:43,,,Lewis  Driving Dunk (11 PTS),26 - 39,13,5,1740,Rashard Lewis,1610612760.0,Seattle,SuperSonics,SEA,0,0,,,,,,0,0,,,,,,0
0020500531,193,2,1,2,11:30 PM,5:22,MISS Mobley 25' 3PT Jump Shot,,,,,4,1749,Cuttino Mobley,1610612746.0,Los Angeles,Clippers,LAC,0,0,,,,,,0,0,,,,,,0
0020500531,194,4,0,2,11:30 PM,5:20,,,Murray REBOUND (Off:0 Def:3),,,5,2436,Flip Murray,1610612760.0,Seattle,SuperSonics,SEA,0,0,,,,,,0,0,,,,,,0
0020500531,195,2,5,2,11:31 PM,5:13,Kaman BLOCK (1 BLK),,MISS Petro  Layup,,,5,101130,Johan Petro,1610612760.0,Seattle,SuperSonics,SEA,0,0,,,,,,4,2549,Chris Kaman,1610612746.0,Los Angeles,Clippers,LAC,0
0020500531,196,4,0,2,11:31 PM,5:13,CLIPPERS Rebound,,,,,2,1610612746,,,,,,0,0,,,,,,0,0,,,,,,0
0020500531,197,9,4,2,11:31 PM,5:13,,,,,,1,0,,,,,,0,0,,,,,,0,0,,,,,,0
0020500531,198,8,0,2,11:33 PM,5:13,,,SUB: Wilkins FOR Petro,,,5,101130,Johan Petro,1610612760.0,Seattle,SuperSonics,SEA,5,2863,Damien Wilkins,1610612760.0,Seattle,SuperSonics,SEA,0,0,,,,,,0
0020500531,200,2,1,2,11:33 PM,4:54,MISS Kaman 7' Jump Shot,,,,,4,2549,Chris Kaman,1610612746.0,Los Angeles,Clippers,LAC,0,0,,,,,,0,0,,,,,,0
0020500531,201,4,0,2,11:33 PM,4:52,Singleton REBOUND (Off:1 Def:4),,,,,4,101189,James Singleton,1610612746.0,Los Angeles,Clippers,LAC,0,0,,,,,,0,0,,,,,,0
0020500531,202,6,2,2,11:33 PM,4:47,,,Radmanovic S.FOUL (P1.PN),,,5,2209,Vladimir Radmanovic,1610612760.0,Seattle,SuperSonics,SEA,4,2549,Chris Kaman,1610612746.0,Los Angeles,Clippers,LAC,1,0,,,,,,0
0020500531,203,3,11,2,11:34 PM,4:47,Kaman Free Throw 1 of 2 (15 PTS),,,26 - 40,14,4,2549,Chris Kaman,1610612746.0,Los Angeles,Clippers,LAC,0,0,,,,,,0,0,,,,,,0
0020500531,204,3,12,2,11:34 PM,4:47,MISS Kaman Free Throw 2 of 2,,,,,4,2549,Chris Kaman,1610612746.0,Los Angeles,Clippers,LAC,0,0,,,,,,0,0,,,,,,0
0020500531,205,4,0,2,11:34 PM,4:46,Singleton REBOUND (Off:2 Def:4),,,,,4,101189,James Singleton,1610612746.0,Los Angeles,Clippers,LAC,0,0,,,,,,0,0,,,,,,0
0020500531,206,5,1,2,11:34 PM,4:37,Mobley Bad Pass Turnover (P1.T6),,Lewis STEAL (3 STL),,,4,1749,Cuttino Mobley,1610612746.0,Los Angeles,Clippers,LAC,5,1740,Rashard Lewis,1610612760.0,Seattle,SuperSonics,SEA,0,0,,,,,,0
0020500531,207,2,1,2,11:34 PM,4:25,,,MISS Lewis 25' 3PT Jump Shot,,,5,1740,Rashard Lewis,1610612760.0,Seattle,SuperSonics,SEA,0,0,,,,,,0,0,,,,,,0
0020500531,208,4,0,2,11:34 PM,4:24,,,Wilkins REBOUND (Off:2 Def:2),,,5,2863,Damien Wilkins,1610612760.0,Seattle,SuperSonics,SEA,0,0,,,,,,0,0,,,,,,0
0020500531,209,2,1,2,11:34 PM,4:21,Singleton BLOCK (1 BLK),,MISS Radmanovic 6' Jump Shot,,,5,2209,Vladimir Radmanovic,1610612760.0,Seattle,SuperSonics,SEA,0,0,,,,,,4,101189,James Singleton,1610612746.0,Los Angeles,Clippers,LAC,0
0020500531,210,4,0,2,11:34 PM,4:19,Mobley REBOUND (Off:1 Def:4),,,,,4,1749,Cuttino Mobley,1610612746.0,Los Angeles,Clippers,LAC,0,0,,,,,,0,0,,,,,,0
0020500531,211,1,5,2,11:35 PM,4:12,Kaman  Layup (17 PTS) (Cassell 3 AST),,,26 - 42,16,4,2549,Chris Kaman,1610612746.0,Los Angeles,Clippers,LAC,4,208,Sam Cassell,1610612746.0,Los Angeles,Clippers,LAC,0,0,,,,,,0
0020500531,212,6,2,2,11:35 PM,4:12,,,Murray S.FOUL (P2.PN),,,5,2436,Flip Murray,1610612760.0,Seattle,SuperSonics,SEA,4,2549,Chris Kaman,1610612746.0,Los Angeles,Clippers,LAC,1,0,,,,,,0
0020500531,213,3,10,2,11:35 PM,4:12,Kaman Free Throw 1 of 1 (18 PTS),,,26 - 43,17,4,2549,Chris Kaman,1610612746.0,Los Angeles,Clippers,LAC,0,0,,,,,,0,0,,,,,,0
0020500531,214,1,42,2,11:35 PM,3:56,,,Ridnour  Driving Layup (2 PTS),28 - 43,15,5,2557,Luke Ridnour,1610612760.0,Seattle,SuperSonics,SEA,0,0,,,,,,0,0,,,,,,0
0020500531,215,5,2,2,11:36 PM,3:34,Kaman Lost Ball Turnover (P2.T7),,Radmanovic STEAL (1 STL),,,4,2549,Chris Kaman,1610612746.0,Los Angeles,Clippers,LAC,5,2209,Vladimir Radmanovic,1610612760.0,Seattle,SuperSonics,SEA,0,0,,,,,,0
0020500531,216,1,42,2,11:36 PM,3:27,,,Murray  Driving Layup (6 PTS),30 - 43,13,5,2436,Flip Murray,1610612760.0,Seattle,SuperSonics,SEA,0,0,,,,,,0,0,,,,,,0
0020500531,217,1,1,2,11:36 PM,3:04,Ewing 17' Jump Shot (3 PTS) (Mobley 2 AST),,,30 - 45,15,4,101137,Daniel Ewing,1610612746.0,Los Angeles,Clippers,LAC,4,1749,Cuttino Mobley,1610612746.0,Los Angeles,Clippers,LAC,0,0,,,,,,0
0020500531,218,6,2,2,11:37 PM,2:55,Singleton S.FOUL (P2.T2),,,,,4,101189,James Singleton,1610612746.0,Los Angeles,Clippers,LAC,5,1740,Rashard Lewis,1610612760.0,Seattle,SuperSonics,SEA,1,0,,,,,,0
0020500531,219,9,1,2,11:37 PM,2:55,CLIPPERS Timeout: Regular (Full 2 Short 0),,,,,2,1610612746,,,,,,0,0,,,,,,0,0,,,,,,0
0020500531,222,3,11,2,11:39 PM,2:55,,,MISS Lewis Free Throw 1 of 2,,,5,1740,Rashard Lewis,1610612760.0,Seattle,SuperSonics,SEA,0,0,,,,,,0,0,,,,,,0
0020500531,223,4,1,2,11:39 PM,2:55,,,SuperSonics Rebound,,,3,1610612760,,,,,,0,0,,,,,,0,0,,,,,,0
0020500531,224,3,12,2,11:39 PM,2:55,,,Lewis Free Throw 2 of 2 (12 PTS),31 - 45,14,5,1740,Rashard Lewis,1610612760.0,Seattle,SuperSonics,SEA,0,0,,,,,,0,0,,,,,,0
0020500531,225,5,1,2,11:40 PM,2:31,Cassell Bad Pass Turnover (P2.T8),,Wilkins STEAL (1 STL),,,4,208,Sam Cassell,1610612746.0,Los Angeles,Clippers,LAC,5,2863,Damien Wilkins,1610612760.0,Seattle,SuperSonics,SEA,0,0,,,,,,0
0020500531,226,1,49,2,11:40 PM,2:27,,,Lewis  Driving Dunk (14 PTS) (Ridnour 2 AST),33 - 45,12,5,1740,Rashard Lewis,1610612760.0,Seattle,SuperSonics,SEA,5,2557,Luke Ridnour,1610612760.0,Seattle,SuperSonics,SEA,0,0,,,,,,0
0020500531,227,5,1,2,11:40 PM,2:11,Kaman Bad Pass Turnover (P3.T9),,Murray STEAL (1 STL),,,4,2549,Chris Kaman,1610612746.0,Los Angeles,Clippers,LAC,5,2436,Flip Murray,1610612760.0,Seattle,SuperSonics,SEA,0,0,,,,,,0
0020500531,228,1,1,2,11:41 PM,1:54,,,Lewis 24' 3PT Jump Shot (17 PTS) (Ridnour 3 AST),36 - 45,9,5,1740,Rashard Lewis,1610612760.0,Seattle,SuperSonics,SEA,5,2557,Luke Ridnour,1610612760.0,Seattle,SuperSonics,SEA,0,0,,,,,,0
0020500531,229,1,1,2,11:41 PM,1:33,Cassell 20' Jump Shot (14 PTS) (Ewing 1 AST),,,36 - 47,11,4,208,Sam Cassell,1610612746.0,Los Angeles,Clippers,LAC,4,101137,Daniel Ewing,1610612746.0,Los Angeles,Clippers,LAC,0,0,,,,,,0
0020500531,230,1,42,2,11:41 PM,1:15,,,Murray  Driving Layup (8 PTS),38 - 47,9,5,2436,Flip Murray,1610612760.0,Seattle,SuperSonics,SEA,0,0,,,,,,0,0,,,,,,0
0020500531,231,2,1,2,11:42 PM,0:53,MISS Cassell 16' Jump Shot,,,,,4,208,Sam Cassell,1610612746.0,Los Angeles,Clippers,LAC,0,0,,,,,,0,0,,,,,,0
0020500531,232,4,0,2,11:42 PM,0:51,,,Ridnour REBOUND (Off:0 Def:3),,,5,2557,Luke Ridnour,1610612760.0,Seattle,SuperSonics,SEA,0,0,,,,,,0,0,,,,,,0
0020500531,233,2,1,2,11:42 PM,0:45,,,MISS Radmanovic 28' 3PT Jump Shot,,,5,2209,Vladimir Radmanovic,1610612760.0,Seattle,SuperSonics,SEA,0,0,,,,,,0,0,,,,,,0
0020500531,234,4,0,2,11:42 PM,0:43,Ewing REBOUND (Off:0 Def:1),,,,,4,101137,Daniel Ewing,1610612746.0,Los Angeles,Clippers,LAC,0,0,,,,,,0,0,,,,,,0
0020500531,235,9,2,2,11:42 PM,0:36,CLIPPERS Timeout: Short (Full 2 Short 1),,,,,2,1610612746,,,,,,0,0,,,,,,0,0,,,,,,0
0020500531,236,8,0,2,11:43 PM,0:36,SUB: Livingston FOR Singleton,,,,,4,101189,James Singleton,1610612746.0,Los Angeles,Clippers,LAC,4,2733,Shaun Livingston,1610612746.0,Los Angeles,Clippers,LAC,0,0,,,,,,0
0020500531,237,1,5,2,11:43 PM,0:30,Kaman  Layup (20 PTS),,,38 - 49,11,4,2549,Chris Kaman,1610612746.0,Los Angeles,Clippers,LAC,0,0,,,,,,0,0,,,,,,0
0020500531,238,6,2,2,11:43 PM,0:30,,,Radmanovic S.FOUL (P2.PN),,,5,2209,Vladimir Radmanovic,1610612760.0,Seattle,SuperSonics,SEA,4,2549,Chris Kaman,1610612746.0,Los Angeles,Clippers,LAC,1,0,,,,,,0
0020500531,239,3,10,2,11:43 PM,0:30,Kaman Free Throw 1 of 1 (21 PTS),,,38 - 50,12,4,2549,Chris Kaman,1610612746.0,Los Angeles,Clippers,LAC,0,0,,,,,,0,0,,,,,,0
0020500531,240,1,42,2,11:44 PM,0:11,,,Lewis  Driving Layup (19 PTS),40 - 50,10,5,1740,Rashard Lewis,1610612760.0,Seattle,SuperSonics,SEA,0,0,,,,,,0,0,,,,,,0
0020500531,241,2,1,2,11:44 PM,0:01,MISS Livingston 18' Jump Shot,,,,,4,2733,Shaun Livingston,1610612746.0,Los Angeles,Clippers,LAC,0,0,,,,,,0,0,,,,,,0
0020500531,242,4,0,2,11:44 PM,0:00,,,Wilkins REBOUND (Off:2 Def:3),,,5,2863,Damien Wilkins,1610612760.0,Seattle,SuperSonics,SEA,0,0,,,,,,0,0,,,,,,0
0020500531,243,13,0,2,11:44 PM,0:00,,,,40 - 50,10,0,0,,,,,,0,0,,,,,,0,0,,,,,,0
0020500531,245,12,0,3,12:01 PM,12:00,,,,40 - 50,10,0,0,,,,,,0,0,,,,,,0,0,,,,,,0
0020500531,246,1,1,3,12:01 PM,11:38,,,Radmanovic 10' Jump Shot (4 PTS) (Ridnour 4 AST),42 - 50,8,5,2209,Vladimir Radmanovic,1610612760.0,Seattle,SuperSonics,SEA,5,2557,Luke Ridnour,1610612760.0,Seattle,SuperSonics,SEA,0,0,,,,,,0
0020500531,247,2,1,3,12:02 PM,11:23,MISS Cassell 10' Jump Shot,,,,,4,208,Sam Cassell,1610612746.0,Los Angeles,Clippers,LAC,0,0,,,,,,0,0,,,,,,0
0020500531,248,4,0,3,12:02 PM,11:21,,,Wilkins REBOUND (Off:2 Def:4),,,5,2863,Damien Wilkins,1610612760.0,Seattle,SuperSonics,SEA,0,0,,,,,,0,0,,,,,,0
0020500531,249,2,1,3,12:02 PM,11:13,,,MISS Radmanovic 26' 3PT Jump Shot,,,5,2209,Vladimir Radmanovic,1610612760.0,Seattle,SuperSonics,SEA,0,0,,,,,,0,0,,,,,,0
0020500531,250,4,0,3,12:02 PM,11:12,Mobley REBOUND (Off:1 Def:5),,,,,4,1749,Cuttino Mobley,1610612746.0,Los Angeles,Clippers,LAC,0,0,,,,,,0,0,,,,,,0
0020500531,251,6,4,3,12:02 PM,11:06,Cassell OFF.Foul (P3),,,,,4,208,Sam Cassell,1610612746.0,Los Angeles,Clippers,LAC,5,2557,Luke Ridnour,1610612760.0,Seattle,SuperSonics,SEA,1,0,,,,,,0
0020500531,252,5,5,3,12:02 PM,11:06,Cassell Foul Turnover (P3.T10),,,,,4,208,Sam Cassell,1610612746.0,Los Angeles,Clippers,LAC,0,0,,,,,,1,0,,,,,,0
0020500531,253,5,4,3,12:02 PM,10:54,,,Radmanovic Traveling Turnover (P3.T8),,,5,2209,Vladimir Radmanovic,1610612760.0,Seattle,SuperSonics,SEA,0,0,,,,,,1,0,,,,,,0
0020500531,254,1,8,3,12:03 PM,10:33,Singleton  Slam Dunk (2 PTS) (Mobley 3 AST),,,42 - 52,10,4,101189,James Singleton,1610612746.0,Los Angeles,Clippers,LAC,4,1749,Cuttino Mobley,1610612746.0,Los Angeles,Clippers,LAC,0,0,,,,,,0
0020500531,255,2,1,3,12:03 PM,10:08,Livingston BLOCK (1 BLK),,MISS Radmanovic 26' 3PT Jump Shot,,,5,2209,Vladimir Radmanovic,1610612760.0,Seattle,SuperSonics,SEA,0,0,,,,,,4,2733,Shaun Livingston,1610612746.0,Los Angeles,Clippers,LAC,0
0020500531,256,4,0,3,12:03 PM,10:05,Singleton REBOUND (Off:2 Def:5),,,,,4,101189,James Singleton,1610612746.0,Los Angeles,Clippers,LAC,0,0,,,,,,0,0,,,,,,0
0020500531,257,1,42,3,12:03 PM,10:01,Mobley 3' Driving Layup (12 PTS) (Singleton 1 AST),,,42 - 54,12,4,1749,Cuttino Mobley,1610612746.0,Los Angeles,Clippers,LAC,4,101189,James Singleton,1610612746.0,Los Angeles,Clippers,LAC,0,0,,,,,,0
0020500531,258,2,1,3,12:03 PM,9:52,,,MISS Wilkins 11' Jump Shot,,,5,2863,Damien Wilkins,1610612760.0,Seattle,SuperSonics,SEA,0,0,,,,,,0,0,,,,,,0
0020500531,260,4,0,3,12:03 PM,9:49,,,Wilkins REBOUND (Off:3 Def:4),,,5,2863,Damien Wilkins,1610612760.0,Seattle,SuperSonics,SEA,0,0,,,,,,0,0,,,,,,0
0020500531,259,1,4,3,12:03 PM,9:49,,,Wilkins  Tip Shot (6 PTS),44 - 54,10,5,2863,Damien Wilkins,1610612760.0,Seattle,SuperSonics,SEA,0,0,,,,,,0,0,,,,,,0
0020500531,261,2,1,3,12:04 PM,9:38,MISS Cassell 9' Jump Shot,,Wilkins BLOCK (1 BLK),,,4,208,Sam Cassell,1610612746.0,Los Angeles,Clippers,LAC,0,0,,,,,,5,2863,Damien Wilkins,1610612760.0,Seattle,SuperSonics,SEA,0
0020500531,262,4,0,3,12:04 PM,9:38,CLIPPERS Rebound,,,,,2,1610612746,,,,,,0,0,,,,,,0,0,,,,,,0
0020500531,263,1,1,3,12:04 PM,9:31,Livingston 21' Jump Shot (2 PTS) (Cassell 4 AST),,,44 - 56,12,4,2733,Shaun Livingston,1610612746.0,Los Angeles,Clippers,LAC,4,208,Sam Cassell,1610612746.0,Los Angeles,Clippers,LAC,0,0,,,,,,0
0020500531,264,2,5,3,12:04 PM,9:23,,,MISS Swift  Layup,,,5,2741,Robert Swift,1610612760.0,Seattle,SuperSonics,SEA,0,0,,,,,,0,0,,,,,,0
0020500531,265,4,0,3,12:04 PM,9:21,,,Lewis REBOUND (Off:2 Def:1),,,5,1740,Rashard Lewis,1610612760.0,Seattle,SuperSonics,SEA,0,0,,,,,,0,0,,,,,,0
0020500531,266,6,2,3,12:04 PM,9:16,Kaman S.FOUL (P3.T1),,,,,4,2549,Chris Kaman,1610612746.0,Los Angeles,Clippers,LAC,5,1740,Rashard Lewis,1610612760.0,Seattle,SuperSonics,SEA,1,0,,,,,,0
0020500531,267,3,11,3,12:04 PM,9:16,,,Lewis Free Throw 1 of 2 (20 PTS),45 - 56,11,5,1740,Rashard Lewis,1610612760.0,Seattle,SuperSonics,SEA,0,0,,,,,,0,0,,,,,,0
0020500531,268,3,12,3,12:05 PM,9:16,,,MISS Lewis Free Throw 2 of 2,,,5,1740,Rashard Lewis,1610612760.0,Seattle,SuperSonics,SEA,0,0,,,,,,0,0,,,,,,0
0020500531,269,4,0,3,12:05 PM,9:15,Cassell REBOUND (Off:1 Def:2),,,,,4,208,Sam Cassell,1610612746.0,Los Angeles,Clippers,LAC,0,0,,,,,,0,0,,,,,,0
0020500531,270,1,65,3,12:05 PM,8:56,Singleton 7' Jump Hook Shot (4 PTS) (Cassell 5 AST),,,45 - 58,13,4,101189,James Singleton,1610612746.0,Los Angeles,Clippers,LAC,4,208,Sam Cassell,1610612746.0,Los Angeles,Clippers,LAC,0,0,,,,,,0
0020500531,271,9,1,3,12:06 PM,8:50,,,SuperSonics Timeout: Regular (Reg.3 Short 0),,,3,1610612760,,,,,,0,0,,,,,,0,0,,,,,,0
0020500531,272,1,1,3,12:08 PM,8:41,,,Wilkins 24' 3PT Jump Shot (9 PTS) (Radmanovic 2 AST),48 - 58,10,5,2863,Damien Wilkins,1610612760.0,Seattle,SuperSonics,SEA,5,2209,Vladimir Radmanovic,1610612760.0,Seattle,SuperSonics,SEA,0,0,,,,,,0
0020500531,273,5,11,3,12:08 PM,8:14,CLIPPERS Turnover: Shot Clock (T#11),,,,,2,1610612746,,,,,,0,0,,,,,,1,0,,,,,,0
0020500531,274,1,63,3,12:09 PM,8:00,,,Swift 11' Fadeaway Jumper (2 PTS) (Ridnour 5 AST),50 - 58,8,5,2741,Robert Swift,1610612760.0,Seattle,SuperSonics,SEA,5,2557,Luke Ridnour,1610612760.0,Seattle,SuperSonics,SEA,0,0,,,,,,0
0020500531,275,6,2,3,12:09 PM,7:40,,,Swift S.FOUL (P3.T1),,,5,2741,Robert Swift,1610612760.0,Seattle,SuperSonics,SEA,4,101189,James Singleton,1610612746.0,Los Angeles,Clippers,LAC,1,0,,,,,,0
0020500531,276,3,11,3,12:09 PM,7:40,Singleton Free Throw 1 of 2 (5 PTS),,,50 - 59,9,4,101189,James Singleton,1610612746.0,Los Angeles,Clippers,LAC,0,0,,,,,,0,0,,,,,,0
0020500531,277,3,12,3,12:10 PM,7:40,Singleton Free Throw 2 of 2 (6 PTS),,,50 - 60,10,4,101189,James Singleton,1610612746.0,Los Angeles,Clippers,LAC,0,0,,,,,,0,0,,,,,,0
0020500531,278,2,5,3,12:10 PM,7:27,Singleton BLOCK (2 BLK),,MISS Swift  Layup,,,5,2741,Robert Swift,1610612760.0,Seattle,SuperSonics,SEA,0,0,,,,,,4,101189,James Singleton,1610612746.0,Los Angeles,Clippers,LAC,0
0020500531,279,4,0,3,12:10 PM,7:25,Mobley REBOUND (Off:1 Def:6),,,,,4,1749,Cuttino Mobley,1610612746.0,Los Angeles,Clippers,LAC,0,0,,,,,,0,0,,,,,,0
0020500531,280,2,1,3,12:11 PM,7:05,MISS Mobley 14' Jump Shot,,,,,4,1749,Cuttino Mobley,1610612746.0,Los Angeles,Clippers,LAC,0,0,,,,,,0,0,,,,,,0
0020500531,281,4,0,3,12:11 PM,7:03,,,Wilkins REBOUND (Off:3 Def:5),,,5,2863,Damien Wilkins,1610612760.0,Seattle,SuperSonics,SEA,0,0,,,,,,0,0,,,,,,0
0020500531,282,2,1,3,12:11 PM,6:48,,,MISS Radmanovic 19' Jump Shot,,,5,2209,Vladimir Radmanovic,1610612760.0,Seattle,SuperSonics,SEA,0,0,,,,,,0,0,,,,,,0
0020500531,283,4,0,3,12:11 PM,6:46,Kaman REBOUND (Off:2 Def:5),,,,,4,2549,Chris Kaman,1610612746.0,Los Angeles,Clippers,LAC,0,0,,,,,,0,0,,,,,,0
0020500531,284,6,4,3,12:11 PM,6:42,Singleton OFF.Foul (P3),,,,,4,101189,James Singleton,1610612746.0,Los Angeles,Clippers,LAC,5,2863,Damien Wilkins,1610612760.0,Seattle,SuperSonics,SEA,1,0,,,,,,0
0020500531,285,5,5,3,12:11 PM,6:42,Singleton Foul Turnover (P2.T12),,,,,4,101189,James Singleton,1610612746.0,Los Angeles,Clippers,LAC,0,0,,,,,,1,0,,,,,,0
0020500531,286,8,0,3,12:11 PM,6:42,,,SUB: Murray FOR Radmanovic,,,5,2209,Vladimir Radmanovic,1610612760.0,Seattle,SuperSonics,SEA,5,2436,Flip Murray,1610612760.0,Seattle,SuperSonics,SEA,0,0,,,,,,0
0020500531,287,2,1,3,12:12 PM,6:30,,,MISS Lewis 27' 3PT Jump Shot,,,5,1740,Rashard Lewis,1610612760.0,Seattle,SuperSonics,SEA,0,0,,,,,,0,0,,,,,,0
0020500531,288,4,0,3,12:12 PM,6:30,CLIPPERS Rebound,,,,,2,1610612746,,,,,,0,0,,,,,,0,0,,,,,,0
0020500531,289,5,1,3,12:12 PM,6:06,Cassell Bad Pass Turnover (P4.T13),,Lewis STEAL (4 STL),,,4,208,Sam Cassell,1610612746.0,Los Angeles,Clippers,LAC,5,1740,Rashard Lewis,1610612760.0,Seattle,SuperSonics,SEA,0,0,,,,,,0
0020500531,290,2,1,3,12:12 PM,5:59,,,MISS Ridnour 25' 3PT Jump Shot,,,5,2557,Luke Ridnour,1610612760.0,Seattle,SuperSonics,SEA,0,0,,,,,,0,0,,,,,,0
0020500531,291,4,0,3,12:12 PM,5:57,Singleton REBOUND (Off:2 Def:6),,,,,4,101189,James Singleton,1610612746.0,Los Angeles,Clippers,LAC,0,0,,,,,,0,0,,,,,,0
0020500531,292,2,5,3,12:12 PM,5:43,MISS Mobley  Layup,,,,,4,1749,Cuttino Mobley,1610612746.0,Los Angeles,Clippers,LAC,0,0,,,,,,0,0,,,,,,0
0020500531,294,4,0,3,12:12 PM,5:41,Singleton REBOUND (Off:3 Def:6),,,,,4,101189,James Singleton,1610612746.0,Los Angeles,Clippers,LAC,0,0,,,,,,0,0,,,,,,0
0020500531,293,1,64,3,12:12 PM,5:41,Singleton  Follow Up Dunk (8 PTS),,,50 - 62,12,4,101189,James Singleton,1610612746.0,Los Angeles,Clippers,LAC,0,0,,,,,,0,0,,,,,,0
0020500531,295,2,1,3,12:13 PM,5:18,,,MISS Wilkins 23' Jump Shot,,,5,2863,Damien Wilkins,1610612760.0,Seattle,SuperSonics,SEA,0,0,,,,,,0,0,,,,,,0
0020500531,296,4,0,3,12:13 PM,5:15,Singleton REBOUND (Off:3 Def:7),,,,,4,101189,James Singleton,1610612746.0,Los Angeles,Clippers,LAC,0,0,,,,,,0,0,,,,,,0
0020500531,297,1,1,3,12:13 PM,5:04,Cassell 16' Jump Shot (16 PTS),,,50 - 64,14,4,208,Sam Cassell,1610612746.0,Los Angeles,Clippers,LAC,0,0,,,,,,0,0,,,,,,0
0020500531,298,1,1,3,12:13 PM,4:40,,,Ridnour 17' Jump Shot (4 PTS) (Lewis 1 AST),52 - 64,12,5,2557,Luke Ridnour,1610612760.0,Seattle,SuperSonics,SEA,5,1740,Rashard Lewis,1610612760.0,Seattle,SuperSonics,SEA,0,0,,,,,,0
0020500531,299,2,5,3,12:14 PM,4:25,MISS Livingston  Layup,,Lewis BLOCK (1 BLK),,,4,2733,Shaun Livingston,1610612746.0,Los Angeles,Clippers,LAC,0,0,,,,,,5,1740,Rashard Lewis,1610612760.0,Seattle,SuperSonics,SEA,0
0020500531,300,4,0,3,12:14 PM,4:23,,,Ridnour REBOUND (Off:0 Def:4),,,5,2557,Luke Ridnour,1610612760.0,Seattle,SuperSonics,SEA,0,0,,,,,,0,0,,,,,,0
0020500531,301,2,49,3,12:14 PM,4:21,Mobley BLOCK (1 BLK),,MISS Wilkins  Driving Dunk,,,5,2863,Damien Wilkins,1610612760.0,Seattle,SuperSonics,SEA,0,0,,,,,,4,1749,Cuttino Mobley,1610612746.0,Los Angeles,Clippers,LAC,0
0020500531,302,4,0,3,12:14 PM,4:17,Kaman REBOUND (Off:2 Def:6),,,,,4,2549,Chris Kaman,1610612746.0,Los Angeles,Clippers,LAC,0,0,,,,,,0,0,,,,,,0
0020500531,303,1,42,3,12:14 PM,4:12,Cassell  Driving Layup (18 PTS),,,52 - 66,14,4,208,Sam Cassell,1610612746.0,Los Angeles,Clippers,LAC,0,0,,,,,,0,0,,,,,,0
0020500531,304,2,1,3,12:14 PM,3:51,,,MISS Swift 6' Jump Shot,,,5,2741,Robert Swift,1610612760.0,Seattle,SuperSonics,SEA,0,0,,,,,,0,0,,,,,,0
0020500531,305,4,0,3,12:14 PM,3:49,Kaman REBOUND (Off:2 Def:7),,,,,4,2549,Chris Kaman,1610612746.0,Los Angeles,Clippers,LAC,0,0,,,,,,0,0,,,,,,0
0020500531,306,1,1,3,12:14 PM,3:42,Cassell 19' Jump Shot (20 PTS),,,52 - 68,16,4,208,Sam Cassell,1610612746.0,Los Angeles,Clippers,LAC,0,0,,,,,,0,0,,,,,,0
0020500531,307,9,1,3,12:14 PM,3:41,,,SuperSonics Timeout: Regular (Reg.4 Short 0),,,3,1610612760,,,,,,0,0,,,,,,0,0,,,,,,0
0020500531,308,8,0,3,12:17 PM,3:41,,,SUB: Collison FOR Swift,,,5,2741,Robert Swift,1610612760.0,Seattle,SuperSonics,SEA,5,2555,Nick Collison,1610612760.0,Seattle,SuperSonics,SEA,0,0,,,,,,0
0020500531,309,2,1,3,12:17 PM,3:16,,,MISS Collison 16' Jump Shot,,,5,2555,Nick Collison,1610612760.0,Seattle,SuperSonics,SEA,0,0,,,,,,0,0,,,,,,0
0020500531,310,4,0,3,12:17 PM,3:14,Kaman REBOUND (Off:2 Def:8),,,,,4,2549,Chris Kaman,1610612746.0,Los Angeles,Clippers,LAC,0,0,,,,,,0,0,,,,,,0
0020500531,311,1,1,3,12:18 PM,2:53,Cassell 12' Jump Shot (22 PTS) (Singleton 2 AST),,,52 - 70,18,4,208,Sam Cassell,1610612746.0,Los Angeles,Clippers,LAC,4,101189,James Singleton,1610612746.0,Los Angeles,Clippers,LAC,0,0,,,,,,0
0020500531,312,6,2,3,12:18 PM,2:44,Singleton S.FOUL (P4.T2),,,,,4,101189,James Singleton,1610612746.0,Los Angeles,Clippers,LAC,5,1740,Rashard Lewis,1610612760.0,Seattle,SuperSonics,SEA,1,0,,,,,,0
0020500531,313,3,11,3,12:18 PM,2:44,,,Lewis Free Throw 1 of 2 (21 PTS),53 - 70,17,5,1740,Rashard Lewis,1610612760.0,Seattle,SuperSonics,SEA,0,0,,,,,,0,0,,,,,,0
0020500531,315,8,0,3,12:19 PM,2:44,SUB: Ross FOR Singleton,,,,,4,101189,James Singleton,1610612746.0,Los Angeles,Clippers,LAC,4,2624,Quinton Ross,1610612746.0,Los Angeles,Clippers,LAC,0,0,,,,,,0
0020500531,316,3,12,3,12:19 PM,2:44,,,Lewis Free Throw 2 of 2 (22 PTS),54 - 70,16,5,1740,Rashard Lewis,1610612760.0,Seattle,SuperSonics,SEA,0,0,,,,,,0,0,,,,,,0
0020500531,317,6,1,3,12:19 PM,2:30,,,Wilkins P.FOUL (P2.T2),,,5,2863,Damien Wilkins,1610612760.0,Seattle,SuperSonics,SEA,4,1749,Cuttino Mobley,1610612746.0,Los Angeles,Clippers,LAC,1,0,,,,,,0
0020500531,318,1,65,3,12:19 PM,2:24,Kaman 5' Jump Hook Shot (23 PTS) (Cassell 6 AST),,,54 - 72,18,4,2549,Chris Kaman,1610612746.0,Los Angeles,Clippers,LAC,4,208,Sam Cassell,1610612746.0,Los Angeles,Clippers,LAC,0,0,,,,,,0
0020500531,319,2,1,3,12:20 PM,2:09,,,MISS Wilkins 19' Jump Shot,,,5,2863,Damien Wilkins,1610612760.0,Seattle,SuperSonics,SEA,0,0,,,,,,0,0,,,,,,0
0020500531,320,4,0,3,12:20 PM,2:05,Livingston REBOUND (Off:1 Def:1),,,,,4,2733,Shaun Livingston,1610612746.0,Los Angeles,Clippers,LAC,0,0,,,,,,0,0,,,,,,0
0020500531,321,5,1,3,12:20 PM,1:48,Mobley Bad Pass Turnover (P2.T14),,Wilkins STEAL (2 STL),,,4,1749,Cuttino Mobley,1610612746.0,Los Angeles,Clippers,LAC,5,2863,Damien Wilkins,1610612760.0,Seattle,SuperSonics,SEA,0,0,,,,,,0
0020500531,322,6,2,3,12:20 PM,1:37,Cassell S.FOUL (P4.T3),,,,,4,208,Sam Cassell,1610612746.0,Los Angeles,Clippers,LAC,5,2555,Nick Collison,1610612760.0,Seattle,SuperSonics,SEA,1,0,,,,,,0
0020500531,323,3,11,3,12:20 PM,1:37,,,Collison Free Throw 1 of 2 (4 PTS),55 - 72,17,5,2555,Nick Collison,1610612760.0,Seattle,SuperSonics,SEA,0,0,,,,,,0,0,,,,,,0
0020500531,324,3,12,3,12:21 PM,1:37,,,Collison Free Throw 2 of 2 (5 PTS),56 - 72,16,5,2555,Nick Collison,1610612760.0,Seattle,SuperSonics,SEA,0,0,,,,,,0,0,,,,,,0
0020500531,325,1,46,3,12:21 PM,1:13,Kaman 10' Running Jump Shot (25 PTS),,,56 - 74,18,4,2549,Chris Kaman,1610612746.0,Los Angeles,Clippers,LAC,0,0,,,,,,0,0,,,,,,0
0020500531,326,2,1,3,12:22 PM,0:59,,,MISS Ridnour 20' Jump Shot,,,5,2557,Luke Ridnour,1610612760.0,Seattle,SuperSonics,SEA,0,0,,,,,,0,0,,,,,,0
0020500531,327,4,0,3,12:22 PM,0:57,,,Lewis REBOUND (Off:3 Def:1),,,5,1740,Rashard Lewis,1610612760.0,Seattle,SuperSonics,SEA,0,0,,,,,,0,0,,,,,,0
0020500531,328,1,5,3,12:22 PM,0:46,,,Wilkins  Layup (11 PTS) (Lewis 2 AST),58 - 74,16,5,2863,Damien Wilkins,1610612760.0,Seattle,SuperSonics,SEA,5,1740,Rashard Lewis,1610612760.0,Seattle,SuperSonics,SEA,0,0,,,,,,0
0020500531,329,1,1,3,12:22 PM,0:31,Ross 15' Jump Shot (2 PTS) (Mobley 4 AST),,,58 - 76,18,4,2624,Quinton Ross,1610612746.0,Los Angeles,Clippers,LAC,4,1749,Cuttino Mobley,1610612746.0,Los Angeles,Clippers,LAC,0,0,,,,,,0
0020500531,330,5,4,3,12:23 PM,0:10,,,Collison Traveling Turnover (P1.T9),,,5,2555,Nick Collison,1610612760.0,Seattle,SuperSonics,SEA,0,0,,,,,,1,0,,,,,,0
0020500531,331,2,1,3,12:23 PM,0:01,MISS Cassell 17' Jump Shot,,,,,4,208,Sam Cassell,1610612746.0,Los Angeles,Clippers,LAC,0,0,,,,,,0,0,,,,,,0
0020500531,332,4,0,3,12:23 PM,0:00,Livingston REBOUND (Off:2 Def:1),,,,,4,2733,Shaun Livingston,1610612746.0,Los Angeles,Clippers,LAC,0,0,,,,,,0,0,,,,,,0
0020500531,333,2,5,3,12:23 PM,0:00,MISS Livingston  Layup,,,,,4,2733,Shaun Livingston,1610612746.0,Los Angeles,Clippers,LAC,0,0,,,,,,0,0,,,,,,0
0020500531,334,4,0,3,12:23 PM,0:00,,,Collison REBOUND (Off:0 Def:1),,,5,2555,Nick Collison,1610612760.0,Seattle,SuperSonics,SEA,0,0,,,,,,0,0,,,,,,0
0020500531,335,13,0,3,12:23 PM,0:00,,,,58 - 76,18,0,0,,,,,,0,0,,,,,,0,0,,,,,,0
0020500531,337,12,0,4,12:26 PM,12:00,,,,58 - 76,18,0,0,,,,,,0,0,,,,,,0,0,,,,,,0
0020500531,338,2,1,4,12:26 PM,11:45,MISS Mobley 9' Jump Shot,,,,,4,1749,Cuttino Mobley,1610612746.0,Los Angeles,Clippers,LAC,0,0,,,,,,0,0,,,,,,0
0020500531,339,4,0,4,12:26 PM,11:43,,,Radmanovic REBOUND (Off:1 Def:3),,,5,2209,Vladimir Radmanovic,1610612760.0,Seattle,SuperSonics,SEA,0,0,,,,,,0,0,,,,,,0
0020500531,340,2,1,4,12:26 PM,11:32,,,MISS Murray 17' Jump Shot,,,5,2436,Flip Murray,1610612760.0,Seattle,SuperSonics,SEA,0,0,,,,,,0,0,,,,,,0
0020500531,341,4,0,4,12:26 PM,11:31,CLIPPERS Rebound,,,,,2,1610612746,,,,,,0,0,,,,,,0,0,,,,,,0
0020500531,342,5,1,4,12:27 PM,11:18,Mobley Bad Pass Turnover (P3.T15),,Murray STEAL (2 STL),,,4,1749,Cuttino Mobley,1610612746.0,Los Angeles,Clippers,LAC,5,2436,Flip Murray,1610612760.0,Seattle,SuperSonics,SEA,0,0,,,,,,0
0020500531,343,5,2,4,12:27 PM,11:14,Mobley STEAL (1 STL),,Murray Lost Ball Turnover (P2.T10),,,5,2436,Flip Murray,1610612760.0,Seattle,SuperSonics,SEA,4,1749,Cuttino Mobley,1610612746.0,Los Angeles,Clippers,LAC,0,0,,,,,,0
0020500531,344,2,1,4,12:27 PM,10:53,MISS Ross 18' Jump Shot,,,,,4,2624,Quinton Ross,1610612746.0,Los Angeles,Clippers,LAC,0,0,,,,,,0,0,,,,,,0
0020500531,345,4,0,4,12:27 PM,10:51,,,Radmanovic REBOUND (Off:1 Def:4),,,5,2209,Vladimir Radmanovic,1610612760.0,Seattle,SuperSonics,SEA,0,0,,,,,,0,0,,,,,,0
0020500531,346,1,5,4,12:27 PM,10:40,,,Wilkins  Layup (13 PTS) (Radmanovic 3 AST),60 - 76,16,5,2863,Damien Wilkins,1610612760.0,Seattle,SuperSonics,SEA,5,2209,Vladimir Radmanovic,1610612760.0,Seattle,SuperSonics,SEA,0,0,,,,,,0
0020500531,347,1,1,4,12:28 PM,10:21,Livingston 17' Jump Shot (4 PTS) (Ross 1 AST),,,60 - 78,18,4,2733,Shaun Livingston,1610612746.0,Los Angeles,Clippers,LAC,4,2624,Quinton Ross,1610612746.0,Los Angeles,Clippers,LAC,0,0,,,,,,0
0020500531,348,1,49,4,12:28 PM,9:55,,,Murray  Driving Dunk (10 PTS),62 - 78,16,5,2436,Flip Murray,1610612760.0,Seattle,SuperSonics,SEA,0,0,,,,,,0,0,,,,,,0
0020500531,349,2,5,4,12:29 PM,9:33,MISS Ewing  Layup,,,,,4,101137,Daniel Ewing,1610612746.0,Los Angeles,Clippers,LAC,0,0,,,,,,0,0,,,,,,0
0020500531,350,4,0,4,12:29 PM,9:32,,,Radmanovic REBOUND (Off:1 Def:5),,,5,2209,Vladimir Radmanovic,1610612760.0,Seattle,SuperSonics,SEA,0,0,,,,,,0,0,,,,,,0
0020500531,351,2,1,4,12:29 PM,9:19,,,MISS Murray 28' 3PT Jump Shot,,,5,2436,Flip Murray,1610612760.0,Seattle,SuperSonics,SEA,0,0,,,,,,0,0,,,,,,0
0020500531,352,4,0,4,12:29 PM,9:17,Mobley REBOUND (Off:1 Def:7),,,,,4,1749,Cuttino Mobley,1610612746.0,Los Angeles,Clippers,LAC,0,0,,,,,,0,0,,,,,,0
0020500531,353,5,1,4,12:29 PM,9:05,Livingston Bad Pass Turnover (P1.T16),,,,,4,2733,Shaun Livingston,1610612746.0,Los Angeles,Clippers,LAC,0,0,,,,,,0,0,,,,,,0
0020500531,354,2,1,4,12:29 PM,8:50,,,MISS Radmanovic 27' 3PT Jump Shot,,,5,2209,Vladimir Radmanovic,1610612760.0,Seattle,SuperSonics,SEA,0,0,,,,,,0,0,,,,,,0
0020500531,355,4,0,4,12:29 PM,8:48,Livingston REBOUND (Off:2 Def:2),,,,,4,2733,Shaun Livingston,1610612746.0,Los Angeles,Clippers,LAC,0,0,,,,,,0,0,,,,,,0
0020500531,356,1,1,4,12:30 PM,8:32,Ross 18' Jump Shot (4 PTS) (Livingston 6 AST),,,62 - 80,18,4,2624,Quinton Ross,1610612746.0,Los Angeles,Clippers,LAC,4,2733,Shaun Livingston,1610612746.0,Los Angeles,Clippers,LAC,0,0,,,,,,0
0020500531,357,5,2,4,12:30 PM,8:18,Mobley STEAL (2 STL),,Lewis Lost Ball Turnover (P1.T11),,,5,1740,Rashard Lewis,1610612760.0,Seattle,SuperSonics,SEA,4,1749,Cuttino Mobley,1610612746.0,Los Angeles,Clippers,LAC,0,0,,,,,,0
0020500531,358,2,5,4,12:30 PM,8:15,MISS Mobley  Layup,,Lewis BLOCK (2 BLK),,,4,1749,Cuttino Mobley,1610612746.0,Los Angeles,Clippers,LAC,0,0,,,,,,5,1740,Rashard Lewis,1610612760.0,Seattle,SuperSonics,SEA,0
0020500531,359,4,0,4,12:30 PM,8:13,Ross REBOUND (Off:2 Def:2),,,,,4,2624,Quinton Ross,1610612746.0,Los Angeles,Clippers,LAC,0,0,,,,,,0,0,,,,,,0
0020500531,360,1,5,4,12:30 PM,8:12,Ross  Layup (6 PTS),,,62 - 82,20,4,2624,Quinton Ross,1610612746.0,Los Angeles,Clippers,LAC,0,0,,,,,,0,0,,,,,,0
0020500531,361,9,1,4,12:30 PM,8:07,,,SuperSonics Timeout: Regular (Reg.5 Short 0),,,3,1610612760,,,,,,0,0,,,,,,0,0,,,,,,0
0020500531,363,1,1,4,12:33 PM,7:54,,,Murray 13' Jump Shot (12 PTS),64 - 82,18,5,2436,Flip Murray,1610612760.0,Seattle,SuperSonics,SEA,0,0,,,,,,0,0,,,,,,0
0020500531,364,2,1,4,12:33 PM,7:38,MISS Mobley 5' Jump Shot,,,,,4,1749,Cuttino Mobley,1610612746.0,Los Angeles,Clippers,LAC,0,0,,,,,,0,0,,,,,,0
0020500531,366,4,0,4,12:33 PM,7:36,Ross REBOUND (Off:3 Def:2),,,,,4,2624,Quinton Ross,1610612746.0,Los Angeles,Clippers,LAC,0,0,,,,,,0,0,,,,,,0
0020500531,365,2,4,4,12:33 PM,7:36,MISS Ross  Tip Shot,,,,,4,2624,Quinton Ross,1610612746.0,Los Angeles,Clippers,LAC,0,0,,,,,,0,0,,,,,,0
0020500531,367,4,0,4,12:33 PM,7:34,Wilcox REBOUND (Off:1 Def:2),,,,,4,2404,Chris Wilcox,1610612746.0,Los Angeles,Clippers,LAC,0,0,,,,,,0,0,,,,,,0
0020500531,368,6,1,4,12:33 PM,7:25,,,Lewis P.FOUL (P1.T1),,,5,1740,Rashard Lewis,1610612760.0,Seattle,SuperSonics,SEA,4,1749,Cuttino Mobley,1610612746.0,Los Angeles,Clippers,LAC,1,0,,,,,,0
0020500531,369,1,5,4,12:34 PM,7:12,Mobley  Layup (14 PTS) (Ewing 2 AST),,,64 - 84,20,4,1749,Cuttino Mobley,1610612746.0,Los Angeles,Clippers,LAC,4,101137,Daniel Ewing,1610612746.0,Los Angeles,Clippers,LAC,0,0,,,,,,0
0020500531,370,2,1,4,12:34 PM,6:59,,,MISS Lewis 14' Jump Shot,,,5,1740,Rashard Lewis,1610612760.0,Seattle,SuperSonics,SEA,0,0,,,,,,0,0,,,,,,0
0020500531,371,4,0,4,12:34 PM,6:57,Ross REBOUND (Off:3 Def:3),,,,,4,2624,Quinton Ross,1610612746.0,Los Angeles,Clippers,LAC,0,0,,,,,,0,0,,,,,,0
0020500531,372,1,42,4,12:34 PM,6:37,Ross 4' Driving Layup (8 PTS),,,64 - 86,22,4,2624,Quinton Ross,1610612746.0,Los Angeles,Clippers,LAC,0,0,,,,,,0,0,,,,,,0
0020500531,373,6,1,4,12:35 PM,6:15,Ross P.FOUL (P1.T1),,,,,4,2624,Quinton Ross,1610612746.0,Los Angeles,Clippers,LAC,5,2863,Damien Wilkins,1610612760.0,Seattle,SuperSonics,SEA,1,0,,,,,,0
0020500531,374,8,0,4,12:35 PM,6:15,,,SUB: Moore FOR Lewis,,,5,1740,Rashard Lewis,1610612760.0,Seattle,SuperSonics,SEA,5,1630,Mikki Moore,1610612760.0,Seattle,SuperSonics,SEA,0,0,,,,,,0
0020500531,375,8,0,4,12:35 PM,6:15,SUB: Cassell FOR Livingston,,,,,4,2733,Shaun Livingston,1610612746.0,Los Angeles,Clippers,LAC,4,208,Sam Cassell,1610612746.0,Los Angeles,Clippers,LAC,0,0,,,,,,0
0020500531,376,2,5,4,12:35 PM,6:05,,,MISS Ridnour  Layup,,,5,2557,Luke Ridnour,1610612760.0,Seattle,SuperSonics,SEA,0,0,,,,,,0,0,,,,,,0
0020500531,377,4,0,4,12:35 PM,6:03,Ross REBOUND (Off:3 Def:4),,,,,4,2624,Quinton Ross,1610612746.0,Los Angeles,Clippers,LAC,0,0,,,,,,0,0,,,,,,0
0020500531,378,5,4,4,12:35 PM,5:55,Wilcox Traveling Turnover (P1.T17),,,,,4,2404,Chris Wilcox,1610612746.0,Los Angeles,Clippers,LAC,0,0,,,,,,1,0,,,,,,0
0020500531,380,9,4,4,12:35 PM,5:55,,,,,,1,0,,,,,,0,0,,,,,,0,0,,,,,,0
0020500531,381,8,0,4,12:37 PM,5:55,,,SUB: Swift FOR Radmanovic,,,5,2209,Vladimir Radmanovic,1610612760.0,Seattle,SuperSonics,SEA,5,2741,Robert Swift,1610612760.0,Seattle,SuperSonics,SEA,0,0,,,,,,0
0020500531,383,2,1,4,12:38 PM,5:39,,,MISS Swift 6' Jump Shot,,,5,2741,Robert Swift,1610612760.0,Seattle,SuperSonics,SEA,0,0,,,,,,0,0,,,,,,0
0020500531,384,4,0,4,12:38 PM,5:38,,,Moore REBOUND (Off:1 Def:0),,,5,1630,Mikki Moore,1610612760.0,Seattle,SuperSonics,SEA,0,0,,,,,,0,0,,,,,,0
0020500531,385,6,1,4,12:38 PM,5:38,Ross P.FOUL (P2.T2),,,,,4,2624,Quinton Ross,1610612746.0,Los Angeles,Clippers,LAC,5,1630,Mikki Moore,1610612760.0,Seattle,SuperSonics,SEA,1,0,,,,,,0
0020500531,386,5,11,4,12:38 PM,5:23,,,SuperSonics Turnover: Shot Clock (T#12),,,3,1610612760,,,,,,0,0,,,,,,1,0,,,,,,0
0020500531,387,8,0,4,12:38 PM,5:23,SUB: N'Dong FOR Mobley,,,,,4,1749,Cuttino Mobley,1610612746.0,Los Angeles,Clippers,LAC,4,101238,Boniface Ndong,1610612746.0,Los Angeles,Clippers,LAC,0,0,,,,,,0
0020500531,388,1,1,4,12:39 PM,5:04,Cassell 19' Jump Shot (24 PTS) (Wilcox 1 AST),,,64 - 88,24,4,208,Sam Cassell,1610612746.0,Los Angeles,Clippers,LAC,4,2404,Chris Wilcox,1610612746.0,Los Angeles,Clippers,LAC,0,0,,,,,,0
0020500531,389,2,1,4,12:39 PM,4:44,,,MISS Moore 18' Jump Shot,,,5,1630,Mikki Moore,1610612760.0,Seattle,SuperSonics,SEA,0,0,,,,,,0,0,,,,,,0
0020500531,390,4,0,4,12:39 PM,4:43,Wilcox REBOUND (Off:1 Def:3),,,,,4,2404,Chris Wilcox,1610612746.0,Los Angeles,Clippers,LAC,0,0,,,,,,0,0,,,,,,0
0020500531,391,2,1,4,12:39 PM,4:33,MISS Ewing 18' Jump Shot,,,,,4,101137,Daniel Ewing,1610612746.0,Los Angeles,Clippers,LAC,0,0,,,,,,0,0,,,,,,0
0020500531,392,4,0,4,12:39 PM,4:31,,,Wilkins REBOUND (Off:3 Def:6),,,5,2863,Damien Wilkins,1610612760.0,Seattle,SuperSonics,SEA,0,0,,,,,,0,0,,,,,,0
0020500531,393,1,63,4,12:40 PM,4:20,,,Murray 16' Fadeaway Jumper (14 PTS),66 - 88,22,5,2436,Flip Murray,1610612760.0,Seattle,SuperSonics,SEA,0,0,,,,,,0,0,,,,,,0
0020500531,394,1,1,4,12:40 PM,3:59,Ross 18' Jump Shot (10 PTS) (Ewing 3 AST),,,66 - 90,24,4,2624,Quinton Ross,1610612746.0,Los Angeles,Clippers,LAC,4,101137,Daniel Ewing,1610612746.0,Los Angeles,Clippers,LAC,0,0,,,,,,0
0020500531,395,2,5,4,12:40 PM,3:41,,,MISS Ridnour  Layup,,,5,2557,Luke Ridnour,1610612760.0,Seattle,SuperSonics,SEA,0,0,,,,,,0,0,,,,,,0
0020500531,396,4,0,4,12:40 PM,3:40,,,Moore REBOUND (Off:2 Def:0),,,5,1630,Mikki Moore,1610612760.0,Seattle,SuperSonics,SEA,0,0,,,,,,0,0,,,,,,0
0020500531,397,1,8,4,12:40 PM,3:39,,,Moore  Slam Dunk (2 PTS),68 - 90,22,5,1630,Mikki Moore,1610612760.0,Seattle,SuperSonics,SEA,0,0,,,,,,0,0,,,,,,0
0020500531,398,6,1,4,12:40 PM,3:35,,,Moore P.FOUL (P1.T2),,,5,1630,Mikki Moore,1610612760.0,Seattle,SuperSonics,SEA,4,208,Sam Cassell,1610612746.0,Los Angeles,Clippers,LAC,1,0,,,,,,0
0020500531,399,8,0,4,12:41 PM,3:35,SUB: Korolev FOR Cassell,,,,,4,208,Sam Cassell,1610612746.0,Los Angeles,Clippers,LAC,4,101117,Yaroslav Korolev,1610612746.0,Los Angeles,Clippers,LAC,0,0,,,,,,0
0020500531,400,2,46,4,12:41 PM,3:25,MISS Korolev 6' Running Jump Shot,,,,,4,101117,Yaroslav Korolev,1610612746.0,Los Angeles,Clippers,LAC,0,0,,,,,,0,0,,,,,,0
0020500531,401,4,0,4,12:41 PM,3:23,Wilcox REBOUND (Off:2 Def:3),,,,,4,2404,Chris Wilcox,1610612746.0,Los Angeles,Clippers,LAC,0,0,,,,,,0,0,,,,,,0
0020500531,402,5,1,4,12:41 PM,3:23,Wilcox Bad Pass Turnover (P2.T18),,,,,4,2404,Chris Wilcox,1610612746.0,Los Angeles,Clippers,LAC,0,0,,,,,,0,0,,,,,,0
0020500531,403,1,47,4,12:41 PM,3:14,,,Swift 12' Turnaround Jump Shot (4 PTS) (Wilkins 1 AST),70 - 90,20,5,2741,Robert Swift,1610612760.0,Seattle,SuperSonics,SEA,5,2863,Damien Wilkins,1610612760.0,Seattle,SuperSonics,SEA,0,0,,,,,,0
0020500531,404,2,1,4,12:42 PM,2:52,MISS Ross 19' Jump Shot,,,,,4,2624,Quinton Ross,1610612746.0,Los Angeles,Clippers,LAC,0,0,,,,,,0,0,,,,,,0
0020500531,405,4,0,4,12:42 PM,2:51,N'Dong REBOUND (Off:1 Def:0),,,,,4,101238,Boniface Ndong,1610612746.0,Los Angeles,Clippers,LAC,0,0,,,,,,0,0,,,,,,0
0020500531,406,2,1,4,12:42 PM,2:47,MISS Ewing 18' Jump Shot,,,,,4,101137,Daniel Ewing,1610612746.0,Los Angeles,Clippers,LAC,0,0,,,,,,0,0,,,,,,0
0020500531,407,4,0,4,12:42 PM,2:45,,,Swift REBOUND (Off:0 Def:2),,,5,2741,Robert Swift,1610612760.0,Seattle,SuperSonics,SEA,0,0,,,,,,0,0,,,,,,0
0020500531,408,5,2,4,12:42 PM,2:37,Ross STEAL (1 STL),,Ridnour Lost Ball Turnover (P1.T13),,,5,2557,Luke Ridnour,1610612760.0,Seattle,SuperSonics,SEA,4,2624,Quinton Ross,1610612746.0,Los Angeles,Clippers,LAC,0,0,,,,,,0
0020500531,409,6,2,4,12:42 PM,2:36,,,Wilkins S.FOUL (P3.T3),,,5,2863,Damien Wilkins,1610612760.0,Seattle,SuperSonics,SEA,4,101137,Daniel Ewing,1610612746.0,Los Angeles,Clippers,LAC,1,0,,,,,,0
0020500531,410,9,1,4,12:42 PM,2:36,CLIPPERS Timeout: Regular (Full 3 Short 1),,,,,2,1610612746,,,,,,0,0,,,,,,0,0,,,,,,0
0020500531,413,3,11,4,12:45 PM,2:36,MISS Ewing Free Throw 1 of 2,,,,,4,101137,Daniel Ewing,1610612746.0,Los Angeles,Clippers,LAC,0,0,,,,,,0,0,,,,,,0
0020500531,414,4,1,4,12:45 PM,2:36,CLIPPERS Rebound,,,,,2,1610612746,,,,,,0,0,,,,,,0,0,,,,,,0
0020500531,415,3,12,4,12:45 PM,2:36,Ewing Free Throw 2 of 2 (4 PTS),,,70 - 91,21,4,101137,Daniel Ewing,1610612746.0,Los Angeles,Clippers,LAC,0,0,,,,,,0,0,,,,,,0
0020500531,416,7,5,4,12:45 PM,2:24,N'Dong Violation:Kicked Ball,,,,,4,101238,Boniface Ndong,1610612746.0,Los Angeles,Clippers,LAC,0,0,,,,,,1,0,,,,,,0
0020500531,417,2,1,4,12:46 PM,2:16,,,MISS Murray 26' 3PT Jump Shot,,,5,2436,Flip Murray,1610612760.0,Seattle,SuperSonics,SEA,0,0,,,,,,0,0,,,,,,0
0020500531,418,4,0,4,12:46 PM,2:15,CLIPPERS Rebound,,,,,2,1610612746,,,,,,0,0,,,,,,0,0,,,,,,0
0020500531,419,2,5,4,12:46 PM,1:54,MISS Ewing  Layup,,,,,4,101137,Daniel Ewing,1610612746.0,Los Angeles,Clippers,LAC,0,0,,,,,,0,0,,,,,,0
0020500531,421,4,0,4,12:46 PM,1:53,Ewing REBOUND (Off:1 Def:1),,,,,4,101137,Daniel Ewing,1610612746.0,Los Angeles,Clippers,LAC,0,0,,,,,,0,0,,,,,,0
0020500531,420,2,4,4,12:46 PM,1:53,MISS Ewing  Tip Shot,,,,,4,101137,Daniel Ewing,1610612746.0,Los Angeles,Clippers,LAC,0,0,,,,,,0,0,,,,,,0
0020500531,423,4,0,4,12:46 PM,1:52,Wilcox REBOUND (Off:3 Def:3),,,,,4,2404,Chris Wilcox,1610612746.0,Los Angeles,Clippers,LAC,0,0,,,,,,0,0,,,,,,0
0020500531,422,1,4,4,12:46 PM,1:52,Wilcox  Tip Shot (4 PTS),,,70 - 93,23,4,2404,Chris Wilcox,1610612746.0,Los Angeles,Clippers,LAC,0,0,,,,,,0,0,,,,,,0
0020500531,424,6,1,4,12:46 PM,1:41,N'Dong P.FOUL (P1.T3),,,,,4,101238,Boniface Ndong,1610612746.0,Los Angeles,Clippers,LAC,5,1630,Mikki Moore,1610612760.0,Seattle,SuperSonics,SEA,1,0,,,,,,0
0020500531,425,2,1,4,12:47 PM,1:32,,,MISS Moore 9' Jump Shot,,,5,1630,Mikki Moore,1610612760.0,Seattle,SuperSonics,SEA,0,0,,,,,,0,0,,,,,,0
0020500531,426,4,0,4,12:47 PM,1:31,,,Wilkins REBOUND (Off:4 Def:6),,,5,2863,Damien Wilkins,1610612760.0,Seattle,SuperSonics,SEA,0,0,,,,,,0,0,,,,,,0
0020500531,427,2,1,4,12:47 PM,1:21,,,MISS Murray 14' Jump Shot,,,5,2436,Flip Murray,1610612760.0,Seattle,SuperSonics,SEA,0,0,,,,,,0,0,,,,,,0
0020500531,428,4,0,4,12:47 PM,1:19,Korolev REBOUND (Off:0 Def:1),,,,,4,101117,Yaroslav Korolev,1610612746.0,Los Angeles,Clippers,LAC,0,0,,,,,,0,0,,,,,,0
0020500531,429,1,1,4,12:47 PM,1:00,Korolev 26' 3PT Jump Shot (3 PTS) (Ewing 4 AST),,,70 - 96,26,4,101117,Yaroslav Korolev,1610612746.0,Los Angeles,Clippers,LAC,4,101137,Daniel Ewing,1610612746.0,Los Angeles,Clippers,LAC,0,0,,,,,,0
0020500531,430,6,2,4,12:48 PM,0:47,N'Dong S.FOUL (P2.PN),,,,,4,101238,Boniface Ndong,1610612746.0,Los Angeles,Clippers,LAC,5,2741,Robert Swift,1610612760.0,Seattle,SuperSonics,SEA,1,0,,,,,,0
0020500531,431,3,11,4,12:48 PM,0:47,,,MISS Swift Free Throw 1 of 2,,,5,2741,Robert Swift,1610612760.0,Seattle,SuperSonics,SEA,0,0,,,,,,0,0,,,,,,0
0020500531,432,4,1,4,12:48 PM,0:47,,,SuperSonics Rebound,,,3,1610612760,,,,,,0,0,,,,,,0,0,,,,,,0
0020500531,433,3,12,4,12:48 PM,0:47,,,MISS Swift Free Throw 2 of 2,,,5,2741,Robert Swift,1610612760.0,Seattle,SuperSonics,SEA,0,0,,,,,,0,0,,,,,,0
0020500531,434,4,0,4,12:48 PM,0:45,Wilcox REBOUND (Off:3 Def:4),,,,,4,2404,Chris Wilcox,1610612746.0,Los Angeles,Clippers,LAC,0,0,,,,,,0,0,,,,,,0
0020500531,435,1,65,4,12:49 PM,0:27,N'Dong 4' Jump Hook Shot (2 PTS) (Korolev 1 AST),,,70 - 98,28,4,101238,Boniface Ndong,1610612746.0,Los Angeles,Clippers,LAC,4,101117,Yaroslav Korolev,1610612746.0,Los Angeles,Clippers,LAC,0,0,,,,,,0
0020500531,436,1,47,4,12:49 PM,0:11,,,Swift 9' Turnaround Jump Shot (6 PTS),72 - 98,26,5,2741,Robert Swift,1610612760.0,Seattle,SuperSonics,SEA,0,0,,,,,,0,0,,,,,,0
0020500531,437,13,0,4,12:49 PM,0:00,,,,72 - 98,26,0,0,,,,,,0,0,,,,,,0,0,,,,,,0
