GAME_ID,EVENTNUM,EVENTMSGTYPE,EVENTMSGACTIONTYPE,PERIOD,WCTIMESTRING,PCTIMESTRING,HOMEDESCRIPTION,NEUTRALDESCRIPTION,VISITORDESCRIPTION,SCORE,SCOREMARGIN,PERSON1TYPE,PLAYER1_ID,PLAYER1_NAME,PLAYER1_TEAM_ID,PLAYER1_TEAM_CITY,PLAYER1_TEAM_NICKNAME,PLAYER1_TEAM_ABBREVIATION,PERSON2TYPE,PLAYER2_ID,PLAYER2_NAME,PLAYER2_TEAM_ID,PLAYER2_TEAM_CITY,PLAYER2_TEAM_NICKNAME,PLAYER2_TEAM_ABBREVIATION,PERSON3TYPE,PLAYER3_ID,PLAYER3_NAME,PLAYER3_TEAM_ID,PLAYER3_TEAM_CITY,PLAYER3_TEAM_NICKNAME,PLAYER3_TEAM_ABBREVIATION,VIDEO_AVAILABLE_FLAG
0021501195,0,12,0,1,3:43 PM,12:00,,,,,,0.0,0,,,,,,0,0,,,,,,0,0,,,,,,0
0021501195,1,10,0,1,3:43 PM,12:00,Jump Ball Howard vs. Hibbert: Tip to Beverley,,,,,4.0,2730,Dwight Howard,1610612745.0,Houston,Rockets,HOU,5,201579,Roy Hibbert,1610612747.0,Los Angeles,Lakers,LAL,4,201976,Patrick Beverley,1610612745.0,Houston,Rockets,HOU,1
0021501195,2,5,39,1,3:43 PM,11:36,Ariza Step Out of Bounds Turnover (P1.T1),,,,,4.0,2772,Trevor Ariza,1610612745.0,Houston,Rockets,HOU,0,0,,,,,,0,0,,,,,,1
0021501195,3,5,1,1,3:43 PM,11:20,Harden STEAL (1 STL),,Russell Bad Pass Turnover (P1.T1),,,5.0,1626156,D'Angelo Russell,1610612747.0,Los Angeles,Lakers,LAL,4,201935,James Harden,1610612745.0,Houston,Rockets,HOU,0,0,,,,,,1
0021501195,4,1,41,1,3:44 PM,11:15,Harden 1' Running Layup (2 PTS),,,0 - 2,2,4.0,201935,James Harden,1610612745.0,Houston,Rockets,HOU,0,0,,,,,,0,0,,,,,,1
0021501195,5,1,1,1,3:44 PM,10:57,,,Hibbert 18' Jump Shot (2 PTS) (Randle 1 AST),2 - 2,TIE,5.0,201579,Roy Hibbert,1610612747.0,Los Angeles,Lakers,LAL,5,203944,Julius Randle,1610612747.0,Los Angeles,Lakers,LAL,0,0,,,,,,1
0021501195,6,6,2,1,3:44 PM,10:46,,,Hibbert S.FOUL (P1.T1) (M.Lindsay),,,5.0,201579,Roy Hibbert,1610612747.0,Los Angeles,Lakers,LAL,4,2730,Dwight Howard,1610612745.0,Houston,Rockets,HOU,1,0,,,,,,1
0021501195,7,3,11,1,3:44 PM,10:46,Howard Free Throw 1 of 2 (1 PTS),,,2 - 3,1,4.0,2730,Dwight Howard,1610612745.0,Houston,Rockets,HOU,0,0,,,,,,0,0,,,,,,0
0021501195,9,3,12,1,3:44 PM,10:46,MISS Howard Free Throw 2 of 2,,,,,4.0,2730,Dwight Howard,1610612745.0,Houston,Rockets,HOU,0,0,,,,,,0,0,,,,,,0
0021501195,11,4,0,1,3:45 PM,10:45,Motiejunas REBOUND (Off:1 Def:0),,,,,4.0,202700,Donatas Motiejunas,1610612745.0,Houston,Rockets,HOU,0,0,,,,,,0,0,,,,,,1
0021501195,12,5,13,1,3:45 PM,10:41,Harden Backcourt Turnover (P1.T2),,,,,4.0,201935,James Harden,1610612745.0,Houston,Rockets,HOU,0,0,,,,,,1,0,,,,,,1
0021501195,13,5,1,1,3:46 PM,10:26,,,Randle Bad Pass Turnover (P1.T2),,,5.0,203944,Julius Randle,1610612747.0,Los Angeles,Lakers,LAL,0,0,,,,,,0,0,,,,,,1
0021501195,14,2,1,1,3:46 PM,10:19,MISS Ariza  3PT Jump Shot,,,,,4.0,2772,Trevor Ariza,1610612745.0,Houston,Rockets,HOU,0,0,,,,,,0,0,,,,,,1
0021501195,16,4,0,1,3:46 PM,10:18,Motiejunas REBOUND (Off:2 Def:0),,,,,4.0,202700,Donatas Motiejunas,1610612745.0,Houston,Rockets,HOU,0,0,,,,,,0,0,,,,,,1
0021501195,15,2,97,1,3:46 PM,10:18,MISS Motiejunas 1' Tip Layup Shot,,,,,4.0,202700,Donatas Motiejunas,1610612745.0,Houston,Rockets,HOU,0,0,,,,,,0,0,,,,,,1
0021501195,17,4,0,1,3:46 PM,10:17,,,Randle REBOUND (Off:0 Def:1),,,5.0,203944,Julius Randle,1610612747.0,Los Angeles,Lakers,LAL,0,0,,,,,,0,0,,,,,,1
0021501195,18,5,1,1,3:46 PM,10:09,Howard STEAL (1 STL),,Randle Bad Pass Turnover (P2.T3),,,5.0,203944,Julius Randle,1610612747.0,Los Angeles,Lakers,LAL,4,2730,Dwight Howard,1610612745.0,Houston,Rockets,HOU,0,0,,,,,,1
0021501195,19,1,108,1,3:46 PM,10:04,Motiejunas  Cutting Dunk Shot (2 PTS) (Harden 1 AST),,,2 - 5,3,4.0,202700,Donatas Motiejunas,1610612745.0,Houston,Rockets,HOU,4,201935,James Harden,1610612745.0,Houston,Rockets,HOU,0,0,,,,,,1
0021501195,20,2,1,1,3:46 PM,9:45,,,MISS Bryant  3PT Jump Shot,,,5.0,977,Kobe Bryant,1610612747.0,Los Angeles,Lakers,LAL,0,0,,,,,,0,0,,,,,,1
0021501195,21,4,0,1,3:46 PM,9:45,Motiejunas REBOUND (Off:2 Def:1),,,,,4.0,202700,Donatas Motiejunas,1610612745.0,Houston,Rockets,HOU,0,0,,,,,,0,0,,,,,,1
0021501195,22,1,108,1,3:46 PM,9:34,Howard  Cutting Dunk Shot (3 PTS) (Motiejunas 1 AST),,,2 - 7,5,4.0,2730,Dwight Howard,1610612745.0,Houston,Rockets,HOU,4,202700,Donatas Motiejunas,1610612745.0,Houston,Rockets,HOU,0,0,,,,,,1
0021501195,23,6,1,1,3:47 PM,9:21,Howard P.FOUL (P1.T1) (T.Brothers),,,,,4.0,2730,Dwight Howard,1610612745.0,Houston,Rockets,HOU,5,201579,Roy Hibbert,1610612747.0,Los Angeles,Lakers,LAL,1,0,,,,,,1
0021501195,24,2,1,1,3:47 PM,9:13,,,MISS Clarkson 25' 3PT Jump Shot,,,5.0,203903,Jordan Clarkson,1610612747.0,Los Angeles,Lakers,LAL,0,0,,,,,,0,0,,,,,,1
0021501195,25,4,0,1,3:47 PM,9:12,Howard REBOUND (Off:0 Def:1),,,,,4.0,2730,Dwight Howard,1610612745.0,Houston,Rockets,HOU,0,0,,,,,,0,0,,,,,,1
0021501195,26,1,42,1,3:48 PM,8:55,Beverley 1' Driving Layup (2 PTS) (Harden 2 AST),,,2 - 9,7,4.0,201976,Patrick Beverley,1610612745.0,Houston,Rockets,HOU,4,201935,James Harden,1610612745.0,Houston,Rockets,HOU,0,0,,,,,,1
0021501195,27,1,42,1,3:48 PM,8:40,,,Bryant 1' Driving Layup (2 PTS),4 - 9,5,5.0,977,Kobe Bryant,1610612747.0,Los Angeles,Lakers,LAL,0,0,,,,,,0,0,,,,,,1
0021501195,28,2,58,1,3:48 PM,8:33,MISS Motiejunas 7' Turnaround Hook Shot,,,,,4.0,202700,Donatas Motiejunas,1610612745.0,Houston,Rockets,HOU,0,0,,,,,,0,0,,,,,,1
0021501195,29,4,0,1,3:48 PM,8:32,,,Randle REBOUND (Off:0 Def:2),,,5.0,203944,Julius Randle,1610612747.0,Los Angeles,Lakers,LAL,0,0,,,,,,0,0,,,,,,1
0021501195,30,1,1,1,3:48 PM,8:26,,,Bryant 25' 3PT Jump Shot (5 PTS) (Clarkson 1 AST),7 - 9,2,5.0,977,Kobe Bryant,1610612747.0,Los Angeles,Lakers,LAL,5,203903,Jordan Clarkson,1610612747.0,Los Angeles,Lakers,LAL,0,0,,,,,,1
0021501195,31,2,80,1,3:48 PM,8:10,MISS Harden 17' Step Back Jump Shot,,,,,4.0,201935,James Harden,1610612745.0,Houston,Rockets,HOU,0,0,,,,,,0,0,,,,,,1
0021501195,32,4,0,1,3:48 PM,8:09,,,Bryant REBOUND (Off:0 Def:1),,,5.0,977,Kobe Bryant,1610612747.0,Los Angeles,Lakers,LAL,0,0,,,,,,0,0,,,,,,1
0021501195,33,2,47,1,3:48 PM,7:59,,,MISS Bryant 13' Turnaround Jump Shot,,,5.0,977,Kobe Bryant,1610612747.0,Los Angeles,Lakers,LAL,0,0,,,,,,0,0,,,,,,1
0021501195,34,4,0,1,3:49 PM,7:58,Howard REBOUND (Off:0 Def:2),,,,,4.0,2730,Dwight Howard,1610612745.0,Houston,Rockets,HOU,0,0,,,,,,0,0,,,,,,1
0021501195,35,5,39,1,3:49 PM,7:53,Ariza Step Out of Bounds Turnover (P2.T3),,,,,4.0,2772,Trevor Ariza,1610612745.0,Houston,Rockets,HOU,0,0,,,,,,0,0,,,,,,1
0021501195,37,6,26,1,3:49 PM,7:35,,,Randle Offensive Charge Foul (P1.T2) (M.Lindsay),,,5.0,203944,Julius Randle,1610612747.0,Los Angeles,Lakers,LAL,4,202700,Donatas Motiejunas,1610612745.0,Houston,Rockets,HOU,1,0,,,,,,1
0021501195,38,5,5,1,3:49 PM,7:35,,,Randle Foul Turnover (P3.T4),,,5.0,203944,Julius Randle,1610612747.0,Los Angeles,Lakers,LAL,0,0,,,,,,1,0,,,,,,1
0021501195,40,2,5,1,3:50 PM,7:18,MISS Motiejunas 2' Layup,,,,,4.0,202700,Donatas Motiejunas,1610612745.0,Houston,Rockets,HOU,0,0,,,,,,0,0,,,,,,1
0021501195,41,4,0,1,3:50 PM,7:18,,,Hibbert REBOUND (Off:0 Def:1),,,5.0,201579,Roy Hibbert,1610612747.0,Los Angeles,Lakers,LAL,0,0,,,,,,0,0,,,,,,1
0021501195,42,1,1,1,3:50 PM,7:05,,,Randle 19' Jump Shot (2 PTS) (Hibbert 1 AST),9 - 9,TIE,5.0,203944,Julius Randle,1610612747.0,Los Angeles,Lakers,LAL,5,201579,Roy Hibbert,1610612747.0,Los Angeles,Lakers,LAL,0,0,,,,,,1
0021501195,43,5,1,1,3:50 PM,6:43,Harden Bad Pass Turnover (P2.T4),,Hibbert STEAL (1 STL),,,4.0,201935,James Harden,1610612745.0,Houston,Rockets,HOU,5,201579,Roy Hibbert,1610612747.0,Los Angeles,Lakers,LAL,0,0,,,,,,1
0021501195,44,2,73,1,3:50 PM,6:35,,,MISS Bryant 2' Driving Reverse Layup,,,5.0,977,Kobe Bryant,1610612747.0,Los Angeles,Lakers,LAL,0,0,,,,,,0,0,,,,,,1
0021501195,45,4,0,1,3:50 PM,6:34,Howard REBOUND (Off:0 Def:3),,,,,4.0,2730,Dwight Howard,1610612745.0,Houston,Rockets,HOU,0,0,,,,,,0,0,,,,,,1
0021501195,46,1,1,1,3:51 PM,6:26,Motiejunas 8' Jump Shot (4 PTS) (Ariza 1 AST),,,9 - 11,2,4.0,202700,Donatas Motiejunas,1610612745.0,Houston,Rockets,HOU,4,2772,Trevor Ariza,1610612745.0,Houston,Rockets,HOU,0,0,,,,,,1
0021501195,47,6,27,1,3:51 PM,6:10,Motiejunas Personal Block Foul (P1.T2) (M.Kogut),,,,,4.0,202700,Donatas Motiejunas,1610612745.0,Houston,Rockets,HOU,5,1626156,D'Angelo Russell,1610612747.0,Los Angeles,Lakers,LAL,1,0,,,,,,1
0021501195,48,8,0,1,3:51 PM,6:10,,,SUB: Huertas FOR Clarkson,,,5.0,203903,Jordan Clarkson,1610612747.0,Los Angeles,Lakers,LAL,5,1626273,Marcelo Huertas,1610612747.0,Los Angeles,Lakers,LAL,0,0,,,,,,0
0021501195,49,8,0,1,3:51 PM,6:10,SUB: Beasley FOR Motiejunas,,,,,4.0,202700,Donatas Motiejunas,1610612745.0,Houston,Rockets,HOU,4,201563,Michael Beasley,1610612745.0,Houston,Rockets,HOU,0,0,,,,,,0
0021501195,50,5,1,1,3:51 PM,6:03,Harden STEAL (2 STL),,Russell Bad Pass Turnover (P2.T5),,,5.0,1626156,D'Angelo Russell,1610612747.0,Los Angeles,Lakers,LAL,4,201935,James Harden,1610612745.0,Houston,Rockets,HOU,0,0,,,,,,1
0021501195,51,1,50,1,3:51 PM,5:58,Ariza  Running Dunk (2 PTS) (Beverley 1 AST),,,9 - 13,4,4.0,2772,Trevor Ariza,1610612745.0,Houston,Rockets,HOU,4,201976,Patrick Beverley,1610612745.0,Houston,Rockets,HOU,0,0,,,,,,1
0021501195,52,1,86,1,3:52 PM,5:36,,,Bryant 10' Turnaround Fadeaway (7 PTS),11 - 13,2,5.0,977,Kobe Bryant,1610612747.0,Los Angeles,Lakers,LAL,0,0,,,,,,0,0,,,,,,1
0021501195,53,2,1,1,3:52 PM,5:21,MISS Ariza 24' 3PT Jump Shot,,,,,4.0,2772,Trevor Ariza,1610612745.0,Houston,Rockets,HOU,0,0,,,,,,0,0,,,,,,1
0021501195,54,4,0,1,3:52 PM,5:20,,,Randle REBOUND (Off:0 Def:3),,,5.0,203944,Julius Randle,1610612747.0,Los Angeles,Lakers,LAL,0,0,,,,,,0,0,,,,,,1
0021501195,55,1,5,1,3:52 PM,5:11,,,Huertas 2' Layup (2 PTS) (Randle 2 AST),13 - 13,TIE,5.0,1626273,Marcelo Huertas,1610612747.0,Los Angeles,Lakers,LAL,5,203944,Julius Randle,1610612747.0,Los Angeles,Lakers,LAL,0,0,,,,,,1
0021501195,56,9,1,1,3:52 PM,5:11,ROCKETS Timeout: Regular (Full 1 Short 0),,,,,2.0,1610612745,,,,,,0,0,,,,,,0,0,,,,,,0
0021501195,58,8,0,1,3:54 PM,5:11,SUB: Capela FOR Howard,,,,,4.0,2730,Dwight Howard,1610612745.0,Houston,Rockets,HOU,4,203991,Clint Capela,1610612745.0,Houston,Rockets,HOU,0,0,,,,,,0
0021501195,60,2,80,1,3:55 PM,4:54,MISS Harden 17' Step Back Jump Shot,,,,,4.0,201935,James Harden,1610612745.0,Houston,Rockets,HOU,0,0,,,,,,0,0,,,,,,1
0021501195,61,4,0,1,3:55 PM,4:53,,,Randle REBOUND (Off:0 Def:4),,,5.0,203944,Julius Randle,1610612747.0,Los Angeles,Lakers,LAL,0,0,,,,,,0,0,,,,,,1
0021501195,62,2,47,1,3:56 PM,4:29,,,MISS Russell 15' Turnaround Jump Shot,,,5.0,1626156,D'Angelo Russell,1610612747.0,Los Angeles,Lakers,LAL,0,0,,,,,,0,0,,,,,,1
0021501195,63,4,0,1,3:56 PM,4:28,Beasley REBOUND (Off:0 Def:1),,,,,4.0,201563,Michael Beasley,1610612745.0,Houston,Rockets,HOU,0,0,,,,,,0,0,,,,,,1
0021501195,64,1,79,1,3:56 PM,4:12,Harden 25' 3PT Pullup Jump Shot (5 PTS),,,13 - 16,3,4.0,201935,James Harden,1610612745.0,Houston,Rockets,HOU,0,0,,,,,,0,0,,,,,,1
0021501195,65,6,2,1,3:56 PM,3:58,Harden S.FOUL (P1.T3) (T.Brothers),,,,,4.0,201935,James Harden,1610612745.0,Houston,Rockets,HOU,5,977,Kobe Bryant,1610612747.0,Los Angeles,Lakers,LAL,1,0,,,,,,1
0021501195,66,3,13,1,3:56 PM,3:58,,,Bryant Free Throw 1 of 3 (8 PTS),14 - 16,2,5.0,977,Kobe Bryant,1610612747.0,Los Angeles,Lakers,LAL,0,0,,,,,,0,0,,,,,,0
0021501195,68,3,14,1,3:57 PM,3:58,,,Bryant Free Throw 2 of 3 (9 PTS),15 - 16,1,5.0,977,Kobe Bryant,1610612747.0,Los Angeles,Lakers,LAL,0,0,,,,,,0,0,,,,,,0
0021501195,70,8,0,1,3:57 PM,3:58,SUB: Terry FOR Beverley,,,,,4.0,201976,Patrick Beverley,1610612745.0,Houston,Rockets,HOU,4,1891,Jason Terry,1610612745.0,Houston,Rockets,HOU,0,0,,,,,,0
0021501195,71,3,15,1,3:57 PM,3:58,,,Bryant Free Throw 3 of 3 (10 PTS),16 - 16,TIE,5.0,977,Kobe Bryant,1610612747.0,Los Angeles,Lakers,LAL,0,0,,,,,,0,0,,,,,,0
0021501195,73,1,78,1,3:57 PM,3:48,Harden 8' Floating Jump Shot (7 PTS),,,16 - 18,2,4.0,201935,James Harden,1610612745.0,Houston,Rockets,HOU,0,0,,,,,,0,0,,,,,,1
0021501195,74,6,2,1,3:57 PM,3:48,,,Randle S.FOUL (P2.T3) (T.Brothers),,,5.0,203944,Julius Randle,1610612747.0,Los Angeles,Lakers,LAL,4,201935,James Harden,1610612745.0,Houston,Rockets,HOU,1,0,,,,,,1
0021501195,75,8,0,1,3:58 PM,3:48,,,SUB: Nance Jr. FOR Hibbert,,,5.0,201579,Roy Hibbert,1610612747.0,Los Angeles,Lakers,LAL,5,1626204,Larry Nance Jr.,1610612747.0,Los Angeles,Lakers,LAL,0,0,,,,,,0
0021501195,76,8,0,1,3:58 PM,3:48,,,SUB: Black FOR Randle,,,5.0,203944,Julius Randle,1610612747.0,Los Angeles,Lakers,LAL,5,204028,Tarik Black,1610612747.0,Los Angeles,Lakers,LAL,0,0,,,,,,0
0021501195,77,3,10,1,3:58 PM,3:48,Harden Free Throw 1 of 1 (8 PTS),,,16 - 19,3,4.0,201935,James Harden,1610612745.0,Houston,Rockets,HOU,0,0,,,,,,0,0,,,,,,0
0021501195,79,5,11,1,3:59 PM,3:23,,,Lakers Turnover: Shot Clock (T#6),,,3.0,1610612747,,,,,,0,0,,,,,,1,0,,,,,,0
0021501195,80,5,1,1,3:59 PM,3:18,Terry Bad Pass Turnover (P1.T5),,Russell STEAL (1 STL),,,4.0,1891,Jason Terry,1610612745.0,Houston,Rockets,HOU,5,1626156,D'Angelo Russell,1610612747.0,Los Angeles,Lakers,LAL,0,0,,,,,,1
0021501195,81,7,5,1,3:59 PM,3:16,Terry Violation:Kicked Ball (T.Brothers),,,,,4.0,1891,Jason Terry,1610612745.0,Houston,Rockets,HOU,0,0,,,,,,1,0,,,,,,0
0021501195,82,1,7,1,3:59 PM,3:09,,,Black  Dunk (2 PTS) (Nance Jr. 1 AST),18 - 19,1,5.0,204028,Tarik Black,1610612747.0,Los Angeles,Lakers,LAL,5,1626204,Larry Nance Jr.,1610612747.0,Los Angeles,Lakers,LAL,0,0,,,,,,1
0021501195,83,2,44,1,4:00 PM,2:54,MISS Beasley 2' Reverse Layup,,Black BLOCK (1 BLK),,,4.0,201563,Michael Beasley,1610612745.0,Houston,Rockets,HOU,0,0,,,,,,5,204028,Tarik Black,1610612747.0,Los Angeles,Lakers,LAL,1
0021501195,84,4,0,1,4:00 PM,2:52,Beasley REBOUND (Off:1 Def:1),,,,,4.0,201563,Michael Beasley,1610612745.0,Houston,Rockets,HOU,0,0,,,,,,0,0,,,,,,1
0021501195,85,1,1,1,4:00 PM,2:51,Beasley 17' Jump Shot (2 PTS),,,18 - 21,3,4.0,201563,Michael Beasley,1610612745.0,Houston,Rockets,HOU,0,0,,,,,,0,0,,,,,,1
0021501195,86,2,1,1,4:00 PM,2:30,,,MISS Bryant 24' 3PT Jump Shot,,,5.0,977,Kobe Bryant,1610612747.0,Los Angeles,Lakers,LAL,0,0,,,,,,0,0,,,,,,1
0021501195,88,4,0,1,4:00 PM,2:29,,,Nance Jr. REBOUND (Off:1 Def:0),,,5.0,1626204,Larry Nance Jr.,1610612747.0,Los Angeles,Lakers,LAL,0,0,,,,,,0,0,,,,,,1
0021501195,87,1,97,1,4:00 PM,2:29,,,Nance Jr. 1' Tip Layup Shot (2 PTS),20 - 21,1,5.0,1626204,Larry Nance Jr.,1610612747.0,Los Angeles,Lakers,LAL,0,0,,,,,,0,0,,,,,,1
0021501195,89,1,1,1,4:00 PM,2:19,Terry 24' 3PT Jump Shot (3 PTS) (Harden 3 AST),,,20 - 24,4,4.0,1891,Jason Terry,1610612745.0,Houston,Rockets,HOU,4,201935,James Harden,1610612745.0,Houston,Rockets,HOU,0,0,,,,,,1
0021501195,90,5,1,1,4:00 PM,2:11,,,Bryant Bad Pass Turnover (P1.T7),,,5.0,977,Kobe Bryant,1610612747.0,Los Angeles,Lakers,LAL,0,0,,,,,,0,0,,,,,,1
0021501195,91,9,1,1,4:00 PM,2:11,,,Lakers Timeout: Regular (Reg.1 Short 0),,,3.0,1610612747,,,,,,0,0,,,,,,0,0,,,,,,0
0021501195,95,2,1,1,4:03 PM,1:58,MISS Harden 25' 3PT Jump Shot,,,,,4.0,201935,James Harden,1610612745.0,Houston,Rockets,HOU,0,0,,,,,,0,0,,,,,,1
0021501195,96,4,0,1,4:03 PM,1:56,Capela REBOUND (Off:1 Def:0),,,,,4.0,203991,Clint Capela,1610612745.0,Houston,Rockets,HOU,0,0,,,,,,0,0,,,,,,1
0021501195,97,1,5,1,4:03 PM,1:54,Capela 2' Layup (2 PTS),,,20 - 26,6,4.0,203991,Clint Capela,1610612745.0,Houston,Rockets,HOU,0,0,,,,,,0,0,,,,,,1
0021501195,98,5,2,1,4:04 PM,1:37,Beasley STEAL (1 STL),,Nance Jr. Lost Ball Turnover (P1.T8),,,5.0,1626204,Larry Nance Jr.,1610612747.0,Los Angeles,Lakers,LAL,4,201563,Michael Beasley,1610612745.0,Houston,Rockets,HOU,0,0,,,,,,1
0021501195,99,2,1,1,4:04 PM,1:27,MISS Ariza 24' 3PT Jump Shot,,,,,4.0,2772,Trevor Ariza,1610612745.0,Houston,Rockets,HOU,0,0,,,,,,0,0,,,,,,1
0021501195,100,4,0,1,4:04 PM,1:27,Capela REBOUND (Off:2 Def:0),,,,,4.0,203991,Clint Capela,1610612745.0,Houston,Rockets,HOU,0,0,,,,,,0,0,,,,,,1
0021501195,102,2,1,1,4:04 PM,1:17,MISS Harden 12' Jump Shot,,,,,4.0,201935,James Harden,1610612745.0,Houston,Rockets,HOU,0,0,,,,,,0,0,,,,,,1
0021501195,103,4,0,1,4:04 PM,1:16,,,Black REBOUND (Off:0 Def:1),,,5.0,204028,Tarik Black,1610612747.0,Los Angeles,Lakers,LAL,0,0,,,,,,0,0,,,,,,1
0021501195,104,1,108,1,4:04 PM,1:03,,,Black  Cutting Dunk Shot (4 PTS) (Huertas 1 AST),22 - 26,4,5.0,204028,Tarik Black,1610612747.0,Los Angeles,Lakers,LAL,5,1626273,Marcelo Huertas,1610612747.0,Los Angeles,Lakers,LAL,0,0,,,,,,1
0021501195,105,2,1,1,4:05 PM,0:48,MISS Beasley 24' 3PT Jump Shot,,,,,4.0,201563,Michael Beasley,1610612745.0,Houston,Rockets,HOU,0,0,,,,,,0,0,,,,,,1
0021501195,106,4,0,1,4:05 PM,0:47,,,Black REBOUND (Off:0 Def:2),,,5.0,204028,Tarik Black,1610612747.0,Los Angeles,Lakers,LAL,0,0,,,,,,0,0,,,,,,1
0021501195,107,1,1,1,4:05 PM,0:40,,,Bryant 28' 3PT Jump Shot (13 PTS) (Russell 1 AST),25 - 26,1,5.0,977,Kobe Bryant,1610612747.0,Los Angeles,Lakers,LAL,5,1626156,D'Angelo Russell,1610612747.0,Los Angeles,Lakers,LAL,0,0,,,,,,1
0021501195,108,2,42,1,4:05 PM,0:28,MISS Harden 1' Driving Layup,,,,,4.0,201935,James Harden,1610612745.0,Houston,Rockets,HOU,0,0,,,,,,0,0,,,,,,1
0021501195,111,4,0,1,4:05 PM,0:25,Beasley REBOUND (Off:2 Def:1),,,,,4.0,201563,Michael Beasley,1610612745.0,Houston,Rockets,HOU,0,0,,,,,,0,0,,,,,,1
0021501195,112,1,1,1,4:05 PM,0:24,Harden 24' 3PT Jump Shot (11 PTS) (Beasley 1 AST),,,25 - 29,4,4.0,201935,James Harden,1610612745.0,Houston,Rockets,HOU,4,201563,Michael Beasley,1610612745.0,Houston,Rockets,HOU,0,0,,,,,,1
0021501195,114,6,2,1,4:06 PM,0:00,Capela S.FOUL (P1.T4) (T.Brothers),,,,,4.0,203991,Clint Capela,1610612745.0,Houston,Rockets,HOU,5,977,Kobe Bryant,1610612747.0,Los Angeles,Lakers,LAL,1,0,,,,,,1
0021501195,115,3,11,1,4:06 PM,0:00,,,Bryant Free Throw 1 of 2 (14 PTS),26 - 29,3,5.0,977,Kobe Bryant,1610612747.0,Los Angeles,Lakers,LAL,0,0,,,,,,0,0,,,,,,0
0021501195,117,3,12,1,4:06 PM,0:00,,,Bryant Free Throw 2 of 2 (15 PTS),27 - 29,2,5.0,977,Kobe Bryant,1610612747.0,Los Angeles,Lakers,LAL,0,0,,,,,,0,0,,,,,,0
0021501195,119,13,0,1,4:08 PM,0:00,,,,27 - 29,2,0.0,0,,,,,,0,0,,,,,,0,0,,,,,,0
0021501195,121,12,0,2,4:10 PM,12:00,,,,27 - 29,2,0.0,0,,,,,,0,0,,,,,,0,0,,,,,,0
0021501195,122,6,11,2,4:10 PM,12:00,Ariza T.FOUL (P0.T0) (M.Lindsay),,,,,4.0,2772,Trevor Ariza,1610612745.0,Houston,Rockets,HOU,0,0,,,,,,1,0,,,,,,0
0021501195,123,3,16,2,4:10 PM,12:00,,,MISS Huertas Free Throw Technical,,,5.0,1626273,Marcelo Huertas,1610612747.0,Los Angeles,Lakers,LAL,0,0,,,,,,0,0,,,,,,0
0021501195,124,4,1,2,4:10 PM,12:00,,,Lakers Rebound,,,3.0,1610612747,,,,,,0,0,,,,,,0,0,,,,,,0
0021501195,125,1,101,2,4:10 PM,11:43,,,Huertas 8' Driving Floating Jump Shot (4 PTS) (Nance Jr. 2 AST),29 - 29,TIE,5.0,1626273,Marcelo Huertas,1610612747.0,Los Angeles,Lakers,LAL,5,1626204,Larry Nance Jr.,1610612747.0,Los Angeles,Lakers,LAL,0,0,,,,,,1
0021501195,126,2,1,2,4:11 PM,11:28,MISS Capela 7' Jump Shot,,,,,4.0,203991,Clint Capela,1610612745.0,Houston,Rockets,HOU,0,0,,,,,,0,0,,,,,,1
0021501195,127,4,0,2,4:11 PM,11:27,Brewer REBOUND (Off:1 Def:0),,,,,4.0,201147,Corey Brewer,1610612745.0,Houston,Rockets,HOU,0,0,,,,,,0,0,,,,,,1
0021501195,128,1,101,2,4:11 PM,11:22,Beasley 5' Driving Floating Jump Shot (4 PTS) (Brewer 1 AST),,,29 - 31,2,4.0,201563,Michael Beasley,1610612745.0,Houston,Rockets,HOU,4,201147,Corey Brewer,1610612745.0,Houston,Rockets,HOU,0,0,,,,,,1
0021501195,129,2,1,2,4:11 PM,11:06,,,MISS World Peace  3PT Jump Shot,,,5.0,1897,Metta World Peace,1610612747.0,Los Angeles,Lakers,LAL,0,0,,,,,,0,0,,,,,,1
0021501195,130,4,0,2,4:11 PM,11:06,Beverley REBOUND (Off:0 Def:1),,,,,4.0,201976,Patrick Beverley,1610612745.0,Houston,Rockets,HOU,0,0,,,,,,0,0,,,,,,1
0021501195,131,2,81,2,4:11 PM,10:58,MISS Brewer 10' Pullup Bank Shot,,,,,4.0,201147,Corey Brewer,1610612745.0,Houston,Rockets,HOU,0,0,,,,,,0,0,,,,,,1
0021501195,132,4,0,2,4:11 PM,10:57,ROCKETS Rebound,,,,,2.0,1610612745,,,,,,0,0,,,,,,0,0,,,,,,0
0021501195,133,6,1,2,4:12 PM,10:56,,,World Peace P.FOUL (P1.T1) (M.Kogut),,,5.0,1897,Metta World Peace,1610612747.0,Los Angeles,Lakers,LAL,4,201147,Corey Brewer,1610612745.0,Houston,Rockets,HOU,1,0,,,,,,1
0021501195,134,1,42,2,4:12 PM,10:46,Beasley 3' Driving Layup (6 PTS) (Beverley 2 AST),,,29 - 33,4,4.0,201563,Michael Beasley,1610612745.0,Houston,Rockets,HOU,4,201976,Patrick Beverley,1610612745.0,Houston,Rockets,HOU,0,0,,,,,,1
0021501195,135,1,1,2,4:12 PM,10:29,,,World Peace  3PT Jump Shot (3 PTS) (Huertas 2 AST),32 - 33,1,5.0,1897,Metta World Peace,1610612747.0,Los Angeles,Lakers,LAL,5,1626273,Marcelo Huertas,1610612747.0,Los Angeles,Lakers,LAL,0,0,,,,,,1
0021501195,136,10,0,2,4:13 PM,10:16,Jump Ball Beasley vs. Nance Jr.: Tip to World Peace,,,,,4.0,201563,Michael Beasley,1610612745.0,Houston,Rockets,HOU,5,1626204,Larry Nance Jr.,1610612747.0,Los Angeles,Lakers,LAL,5,1897,Metta World Peace,1610612747.0,Los Angeles,Lakers,LAL,1
0021501195,137,5,2,2,4:13 PM,10:16,Beverley Lost Ball Turnover (P1.T6),,Nance Jr. STEAL (1 STL),,,4.0,201976,Patrick Beverley,1610612745.0,Houston,Rockets,HOU,5,1626204,Larry Nance Jr.,1610612747.0,Los Angeles,Lakers,LAL,0,0,,,,,,0
0021501195,138,1,42,2,4:13 PM,10:09,,,Clarkson 3' Driving Layup (2 PTS) (World Peace 1 AST),34 - 33,-1,5.0,203903,Jordan Clarkson,1610612747.0,Los Angeles,Lakers,LAL,5,1897,Metta World Peace,1610612747.0,Los Angeles,Lakers,LAL,0,0,,,,,,1
0021501195,139,2,101,2,4:13 PM,9:52,MISS Brewer 4' Driving Floating Jump Shot,,,,,4.0,201147,Corey Brewer,1610612745.0,Houston,Rockets,HOU,0,0,,,,,,0,0,,,,,,1
0021501195,140,4,0,2,4:13 PM,9:51,,,Clarkson REBOUND (Off:0 Def:1),,,5.0,203903,Jordan Clarkson,1610612747.0,Los Angeles,Lakers,LAL,0,0,,,,,,0,0,,,,,,1
0021501195,141,6,1,2,4:13 PM,9:49,Beverley P.FOUL (P1.T1) (M.Lindsay),,,,,4.0,201976,Patrick Beverley,1610612745.0,Houston,Rockets,HOU,5,203903,Jordan Clarkson,1610612747.0,Los Angeles,Lakers,LAL,1,0,,,,,,1
0021501195,142,2,1,2,4:14 PM,9:42,,,MISS Clarkson 25' 3PT Jump Shot,,,5.0,203903,Jordan Clarkson,1610612747.0,Los Angeles,Lakers,LAL,0,0,,,,,,0,0,,,,,,1
0021501195,143,4,0,2,4:14 PM,9:41,Capela REBOUND (Off:2 Def:1),,,,,4.0,203991,Clint Capela,1610612745.0,Houston,Rockets,HOU,0,0,,,,,,0,0,,,,,,1
0021501195,144,2,79,2,4:14 PM,9:34,MISS Terry 25' 3PT Pullup Jump Shot,,,,,4.0,1891,Jason Terry,1610612745.0,Houston,Rockets,HOU,0,0,,,,,,0,0,,,,,,1
0021501195,145,4,0,2,4:14 PM,9:33,,,Clarkson REBOUND (Off:0 Def:2),,,5.0,203903,Jordan Clarkson,1610612747.0,Los Angeles,Lakers,LAL,0,0,,,,,,0,0,,,,,,1
0021501195,146,2,101,2,4:14 PM,9:23,,,MISS Huertas 11' Driving Floating Jump Shot,,,5.0,1626273,Marcelo Huertas,1610612747.0,Los Angeles,Lakers,LAL,0,0,,,,,,0,0,,,,,,1
0021501195,147,4,0,2,4:14 PM,9:22,Capela REBOUND (Off:2 Def:2),,,,,4.0,203991,Clint Capela,1610612745.0,Houston,Rockets,HOU,0,0,,,,,,0,0,,,,,,1
0021501195,148,5,1,2,4:14 PM,9:12,Capela Bad Pass Turnover (P1.T7),,Nance Jr. STEAL (2 STL),,,4.0,203991,Clint Capela,1610612745.0,Houston,Rockets,HOU,5,1626204,Larry Nance Jr.,1610612747.0,Los Angeles,Lakers,LAL,0,0,,,,,,1
0021501195,149,5,1,2,4:14 PM,9:07,,,Clarkson Bad Pass Turnover (P1.T9),,,5.0,203903,Jordan Clarkson,1610612747.0,Los Angeles,Lakers,LAL,0,0,,,,,,0,0,,,,,,1
0021501195,150,5,1,2,4:15 PM,8:51,Beasley Bad Pass Turnover (P1.T8),,Huertas STEAL (1 STL),,,4.0,201563,Michael Beasley,1610612745.0,Houston,Rockets,HOU,5,1626273,Marcelo Huertas,1610612747.0,Los Angeles,Lakers,LAL,0,0,,,,,,1
0021501195,151,1,78,2,4:15 PM,8:45,,,Nance Jr. 7' Floating Jump Shot (4 PTS) (Huertas 3 AST),36 - 33,-3,5.0,1626204,Larry Nance Jr.,1610612747.0,Los Angeles,Lakers,LAL,5,1626273,Marcelo Huertas,1610612747.0,Los Angeles,Lakers,LAL,0,0,,,,,,1
0021501195,152,9,1,2,4:15 PM,8:45,ROCKETS Timeout: Regular (Full 2 Short 0),,,,,2.0,1610612745,,,,,,0,0,,,,,,0,0,,,,,,0
0021501195,155,8,0,2,4:18 PM,8:45,SUB: Howard FOR Beasley,,,,,4.0,201563,Michael Beasley,1610612745.0,Houston,Rockets,HOU,4,2730,Dwight Howard,1610612745.0,Houston,Rockets,HOU,0,0,,,,,,0
0021501195,156,8,0,2,4:18 PM,8:45,SUB: Smith FOR Capela,,,,,4.0,203991,Clint Capela,1610612745.0,Houston,Rockets,HOU,4,2746,Josh Smith,1610612745.0,Houston,Rockets,HOU,0,0,,,,,,0
0021501195,157,1,1,2,4:18 PM,8:29,Smith 25' 3PT Jump Shot (3 PTS) (Terry 1 AST),,,36 - 36,TIE,4.0,2746,Josh Smith,1610612745.0,Houston,Rockets,HOU,4,1891,Jason Terry,1610612745.0,Houston,Rockets,HOU,0,0,,,,,,1
0021501195,159,1,57,2,4:19 PM,8:05,,,Black 5' Driving Hook Shot (6 PTS) (Clarkson 2 AST),38 - 36,-2,5.0,204028,Tarik Black,1610612747.0,Los Angeles,Lakers,LAL,5,203903,Jordan Clarkson,1610612747.0,Los Angeles,Lakers,LAL,0,0,,,,,,1
0021501195,160,2,3,2,4:19 PM,7:40,MISS Howard 5' Hook Shot,,,,,4.0,2730,Dwight Howard,1610612745.0,Houston,Rockets,HOU,0,0,,,,,,0,0,,,,,,1
0021501195,161,4,0,2,4:19 PM,7:39,,,Clarkson REBOUND (Off:0 Def:3),,,5.0,203903,Jordan Clarkson,1610612747.0,Los Angeles,Lakers,LAL,0,0,,,,,,0,0,,,,,,1
0021501195,162,2,1,2,4:19 PM,7:29,,,MISS Clarkson  3PT Jump Shot,,,5.0,203903,Jordan Clarkson,1610612747.0,Los Angeles,Lakers,LAL,0,0,,,,,,0,0,,,,,,1
0021501195,163,4,0,2,4:19 PM,7:28,Smith REBOUND (Off:0 Def:1),,,,,4.0,2746,Josh Smith,1610612745.0,Houston,Rockets,HOU,0,0,,,,,,0,0,,,,,,1
0021501195,164,1,5,2,4:19 PM,7:22,Brewer 1' Layup (2 PTS) (Smith 1 AST),,,38 - 38,TIE,4.0,201147,Corey Brewer,1610612745.0,Houston,Rockets,HOU,4,2746,Josh Smith,1610612745.0,Houston,Rockets,HOU,0,0,,,,,,1
0021501195,165,2,78,2,4:20 PM,7:02,,,MISS Huertas 14' Floating Jump Shot,,,5.0,1626273,Marcelo Huertas,1610612747.0,Los Angeles,Lakers,LAL,0,0,,,,,,0,0,,,,,,1
0021501195,166,4,0,2,4:20 PM,7:01,,,Black REBOUND (Off:1 Def:2),,,5.0,204028,Tarik Black,1610612747.0,Los Angeles,Lakers,LAL,0,0,,,,,,0,0,,,,,,1
0021501195,167,1,52,2,4:20 PM,6:55,,,Nance Jr.  Alley Oop Dunk (6 PTS) (Huertas 4 AST),40 - 38,-2,5.0,1626204,Larry Nance Jr.,1610612747.0,Los Angeles,Lakers,LAL,5,1626273,Marcelo Huertas,1610612747.0,Los Angeles,Lakers,LAL,0,0,,,,,,1
0021501195,168,2,79,2,4:20 PM,6:31,MISS Smith 25' 3PT Pullup Jump Shot,,,,,4.0,2746,Josh Smith,1610612745.0,Houston,Rockets,HOU,0,0,,,,,,0,0,,,,,,1
0021501195,169,4,0,2,4:20 PM,6:30,,,World Peace REBOUND (Off:0 Def:1),,,5.0,1897,Metta World Peace,1610612747.0,Los Angeles,Lakers,LAL,0,0,,,,,,0,0,,,,,,1
0021501195,171,2,1,2,4:21 PM,6:04,,,MISS Nance Jr. 24' 3PT Jump Shot,,,5.0,1626204,Larry Nance Jr.,1610612747.0,Los Angeles,Lakers,LAL,0,0,,,,,,0,0,,,,,,1
0021501195,175,4,0,2,4:21 PM,6:04,,,Black REBOUND (Off:2 Def:2),,,5.0,204028,Tarik Black,1610612747.0,Los Angeles,Lakers,LAL,0,0,,,,,,0,0,,,,,,1
0021501195,176,2,97,2,4:21 PM,6:04,,,MISS Black 1' Tip Layup Shot,,,5.0,204028,Tarik Black,1610612747.0,Los Angeles,Lakers,LAL,0,0,,,,,,0,0,,,,,,1
0021501195,172,4,0,2,4:21 PM,6:03,Howard REBOUND (Off:0 Def:4),,,,,4.0,2730,Dwight Howard,1610612745.0,Houston,Rockets,HOU,0,0,,,,,,0,0,,,,,,1
0021501195,173,6,2,2,4:21 PM,5:56,,,Nance Jr. S.FOUL (P1.T2) (M.Lindsay),,,5.0,1626204,Larry Nance Jr.,1610612747.0,Los Angeles,Lakers,LAL,4,2746,Josh Smith,1610612745.0,Houston,Rockets,HOU,1,0,,,,,,1
0021501195,174,9,1,2,4:21 PM,5:56,,,,,,1.0,0,,,,,,0,0,,,,,,0,0,,,,,,0
0021501195,178,8,0,2,4:23 PM,5:56,,,SUB: Russell FOR Huertas,,,5.0,1626273,Marcelo Huertas,1610612747.0,Los Angeles,Lakers,LAL,5,1626156,D'Angelo Russell,1610612747.0,Los Angeles,Lakers,LAL,0,0,,,,,,0
0021501195,179,8,0,2,4:23 PM,5:56,,,SUB: Hibbert FOR Nance Jr.,,,5.0,1626204,Larry Nance Jr.,1610612747.0,Los Angeles,Lakers,LAL,5,201579,Roy Hibbert,1610612747.0,Los Angeles,Lakers,LAL,0,0,,,,,,0
0021501195,180,8,0,2,4:23 PM,5:56,,,SUB: Randle FOR Black,,,5.0,204028,Tarik Black,1610612747.0,Los Angeles,Lakers,LAL,5,203944,Julius Randle,1610612747.0,Los Angeles,Lakers,LAL,0,0,,,,,,0
0021501195,181,8,0,2,4:23 PM,5:56,SUB: Ariza FOR Terry,,,,,4.0,1891,Jason Terry,1610612745.0,Houston,Rockets,HOU,4,2772,Trevor Ariza,1610612745.0,Houston,Rockets,HOU,0,0,,,,,,0
0021501195,182,8,0,2,4:23 PM,5:56,SUB: Harden FOR Brewer,,,,,4.0,201147,Corey Brewer,1610612745.0,Houston,Rockets,HOU,4,201935,James Harden,1610612745.0,Houston,Rockets,HOU,0,0,,,,,,0
0021501195,183,3,11,2,4:23 PM,5:56,MISS Smith Free Throw 1 of 2,,,,,4.0,2746,Josh Smith,1610612745.0,Houston,Rockets,HOU,0,0,,,,,,0,0,,,,,,0
0021501195,184,4,1,2,4:23 PM,5:56,ROCKETS Rebound,,,,,2.0,1610612745,,,,,,0,0,,,,,,0,0,,,,,,0
0021501195,185,3,12,2,4:23 PM,5:56,Smith Free Throw 2 of 2 (4 PTS),,,40 - 39,-1,4.0,2746,Josh Smith,1610612745.0,Houston,Rockets,HOU,0,0,,,,,,0,0,,,,,,0
0021501195,188,2,1,2,4:24 PM,5:40,,,MISS Hibbert 8' Jump Shot,,,5.0,201579,Roy Hibbert,1610612747.0,Los Angeles,Lakers,LAL,0,0,,,,,,0,0,,,,,,1
0021501195,189,4,0,2,4:24 PM,5:40,Howard REBOUND (Off:0 Def:5),,,,,4.0,2730,Dwight Howard,1610612745.0,Houston,Rockets,HOU,0,0,,,,,,0,0,,,,,,1
0021501195,190,1,96,2,4:24 PM,5:32,Howard 8' Turnaround Bank Hook Shot (5 PTS) (Beverley 3 AST),,,40 - 41,1,4.0,2730,Dwight Howard,1610612745.0,Houston,Rockets,HOU,4,201976,Patrick Beverley,1610612745.0,Houston,Rockets,HOU,0,0,,,,,,1
0021501195,191,6,2,2,4:24 PM,5:32,,,Hibbert S.FOUL (P2.T3) (M.Kogut),,,5.0,201579,Roy Hibbert,1610612747.0,Los Angeles,Lakers,LAL,4,2730,Dwight Howard,1610612745.0,Houston,Rockets,HOU,1,0,,,,,,1
0021501195,192,3,10,2,4:24 PM,5:32,MISS Howard Free Throw 1 of 1,,,,,4.0,2730,Dwight Howard,1610612745.0,Houston,Rockets,HOU,0,0,,,,,,0,0,,,,,,0
0021501195,194,4,0,2,4:25 PM,5:31,Beverley REBOUND (Off:1 Def:1),,,,,4.0,201976,Patrick Beverley,1610612745.0,Houston,Rockets,HOU,0,0,,,,,,0,0,,,,,,1
0021501195,195,1,1,2,4:25 PM,5:24,Smith 25' 3PT Jump Shot (7 PTS) (Harden 4 AST),,,40 - 44,4,4.0,2746,Josh Smith,1610612745.0,Houston,Rockets,HOU,4,201935,James Harden,1610612745.0,Houston,Rockets,HOU,0,0,,,,,,1
0021501195,196,5,1,2,4:25 PM,5:12,Harden STEAL (3 STL),,Russell Bad Pass Turnover (P3.T10),,,5.0,1626156,D'Angelo Russell,1610612747.0,Los Angeles,Lakers,LAL,4,201935,James Harden,1610612745.0,Houston,Rockets,HOU,0,0,,,,,,1
0021501195,197,1,41,2,4:25 PM,5:07,Harden 2' Running Layup (13 PTS),,,40 - 46,6,4.0,201935,James Harden,1610612745.0,Houston,Rockets,HOU,0,0,,,,,,0,0,,,,,,1
0021501195,198,9,1,2,4:25 PM,5:05,,,Lakers Timeout: Regular (Reg.2 Short 0),,,3.0,1610612747,,,,,,0,0,,,,,,0,0,,,,,,0
0021501195,202,1,98,2,4:28 PM,4:44,,,Clarkson 1' Cutting Layup Shot (4 PTS) (Randle 3 AST),42 - 46,4,5.0,203903,Jordan Clarkson,1610612747.0,Los Angeles,Lakers,LAL,5,203944,Julius Randle,1610612747.0,Los Angeles,Lakers,LAL,0,0,,,,,,1
0021501195,203,2,1,2,4:28 PM,4:26,MISS Smith 25' 3PT Jump Shot,,,,,4.0,2746,Josh Smith,1610612745.0,Houston,Rockets,HOU,0,0,,,,,,0,0,,,,,,1
0021501195,204,4,0,2,4:28 PM,4:24,Howard REBOUND (Off:1 Def:5),,,,,4.0,2730,Dwight Howard,1610612745.0,Houston,Rockets,HOU,0,0,,,,,,0,0,,,,,,1
0021501195,205,1,5,2,4:28 PM,4:22,Howard 3' Layup (7 PTS),,,42 - 48,6,4.0,2730,Dwight Howard,1610612745.0,Houston,Rockets,HOU,0,0,,,,,,0,0,,,,,,1
0021501195,206,1,42,2,4:28 PM,4:03,,,Randle 2' Driving Layup (4 PTS),44 - 48,4,5.0,203944,Julius Randle,1610612747.0,Los Angeles,Lakers,LAL,0,0,,,,,,0,0,,,,,,1
0021501195,207,2,1,2,4:29 PM,3:44,MISS Beverley 24' 3PT Jump Shot,,,,,4.0,201976,Patrick Beverley,1610612745.0,Houston,Rockets,HOU,0,0,,,,,,0,0,,,,,,1
0021501195,208,4,0,2,4:29 PM,3:44,,,Hibbert REBOUND (Off:0 Def:2),,,5.0,201579,Roy Hibbert,1610612747.0,Los Angeles,Lakers,LAL,0,0,,,,,,0,0,,,,,,1
0021501195,209,2,1,2,4:29 PM,3:29,,,MISS Hibbert 18' Jump Shot,,,5.0,201579,Roy Hibbert,1610612747.0,Los Angeles,Lakers,LAL,0,0,,,,,,0,0,,,,,,1
0021501195,210,4,0,2,4:29 PM,3:28,Ariza REBOUND (Off:0 Def:1),,,,,4.0,2772,Trevor Ariza,1610612745.0,Houston,Rockets,HOU,0,0,,,,,,0,0,,,,,,1
0021501195,211,2,1,2,4:29 PM,3:18,MISS Beverley 24' 3PT Jump Shot,,,,,4.0,201976,Patrick Beverley,1610612745.0,Houston,Rockets,HOU,0,0,,,,,,0,0,,,,,,1
0021501195,212,4,0,2,4:29 PM,3:18,,,Clarkson REBOUND (Off:0 Def:4),,,5.0,203903,Jordan Clarkson,1610612747.0,Los Angeles,Lakers,LAL,0,0,,,,,,0,0,,,,,,1
0021501195,213,1,41,2,4:29 PM,3:12,,,Clarkson 2' Running Layup (6 PTS),46 - 48,2,5.0,203903,Jordan Clarkson,1610612747.0,Los Angeles,Lakers,LAL,0,0,,,,,,0,0,,,,,,1
0021501195,214,1,1,2,4:30 PM,2:55,Beverley  3PT Jump Shot (5 PTS) (Harden 5 AST),,,46 - 51,5,4.0,201976,Patrick Beverley,1610612745.0,Houston,Rockets,HOU,4,201935,James Harden,1610612745.0,Houston,Rockets,HOU,0,0,,,,,,1
0021501195,215,6,1,2,4:30 PM,2:48,Beverley P.FOUL (P2.T2) (M.Kogut),,,,,4.0,201976,Patrick Beverley,1610612745.0,Houston,Rockets,HOU,5,1626156,D'Angelo Russell,1610612747.0,Los Angeles,Lakers,LAL,1,0,,,,,,1
0021501195,216,2,1,2,4:30 PM,2:37,,,MISS Hibbert 18' Jump Shot,,,5.0,201579,Roy Hibbert,1610612747.0,Los Angeles,Lakers,LAL,0,0,,,,,,0,0,,,,,,1
0021501195,217,4,0,2,4:30 PM,2:36,Howard REBOUND (Off:1 Def:6),,,,,4.0,2730,Dwight Howard,1610612745.0,Houston,Rockets,HOU,0,0,,,,,,0,0,,,,,,1
0021501195,218,2,41,2,4:30 PM,2:31,MISS Harden 2' Running Layup,,,,,4.0,201935,James Harden,1610612745.0,Houston,Rockets,HOU,0,0,,,,,,0,0,,,,,,1
0021501195,219,4,0,2,4:30 PM,2:30,,,Randle REBOUND (Off:0 Def:5),,,5.0,203944,Julius Randle,1610612747.0,Los Angeles,Lakers,LAL,0,0,,,,,,0,0,,,,,,1
0021501195,220,6,29,2,4:30 PM,2:26,Smith Shooting Block Foul (P1.T3) (M.Lindsay),,,,,4.0,2746,Josh Smith,1610612745.0,Houston,Rockets,HOU,5,1626156,D'Angelo Russell,1610612747.0,Los Angeles,Lakers,LAL,1,0,,,,,,1
0021501195,221,3,11,2,4:31 PM,2:26,,,Russell Free Throw 1 of 2 (1 PTS),47 - 51,4,5.0,1626156,D'Angelo Russell,1610612747.0,Los Angeles,Lakers,LAL,0,0,,,,,,0,0,,,,,,0
0021501195,223,8,0,2,4:31 PM,2:26,,,SUB: Kelly FOR World Peace,,,5.0,1897,Metta World Peace,1610612747.0,Los Angeles,Lakers,LAL,5,203527,Ryan Kelly,1610612747.0,Los Angeles,Lakers,LAL,0,0,,,,,,0
0021501195,224,3,12,2,4:31 PM,2:26,,,Russell Free Throw 2 of 2 (2 PTS),48 - 51,3,5.0,1626156,D'Angelo Russell,1610612747.0,Los Angeles,Lakers,LAL,0,0,,,,,,0,0,,,,,,0
0021501195,226,1,1,2,4:32 PM,2:12,Smith 8' Jump Shot (9 PTS) (Beverley 4 AST),,,48 - 53,5,4.0,2746,Josh Smith,1610612745.0,Houston,Rockets,HOU,4,201976,Patrick Beverley,1610612745.0,Houston,Rockets,HOU,0,0,,,,,,1
0021501195,227,2,79,2,4:32 PM,1:50,,,MISS Randle 17' Pullup Jump Shot,,,5.0,203944,Julius Randle,1610612747.0,Los Angeles,Lakers,LAL,0,0,,,,,,0,0,,,,,,1
0021501195,228,4,0,2,4:32 PM,1:49,Harden REBOUND (Off:0 Def:1),,,,,4.0,201935,James Harden,1610612745.0,Houston,Rockets,HOU,0,0,,,,,,0,0,,,,,,1
0021501195,229,2,1,2,4:32 PM,1:41,MISS Harden 26' 3PT Jump Shot,,,,,4.0,201935,James Harden,1610612745.0,Houston,Rockets,HOU,0,0,,,,,,0,0,,,,,,1
0021501195,230,4,0,2,4:32 PM,1:40,,,Hibbert REBOUND (Off:0 Def:3),,,5.0,201579,Roy Hibbert,1610612747.0,Los Angeles,Lakers,LAL,0,0,,,,,,0,0,,,,,,1
0021501195,231,6,26,2,4:32 PM,1:35,,,Russell Offensive Charge Foul (P1.T4) (T.Brothers),,,5.0,1626156,D'Angelo Russell,1610612747.0,Los Angeles,Lakers,LAL,4,2746,Josh Smith,1610612745.0,Houston,Rockets,HOU,1,0,,,,,,1
0021501195,232,5,5,2,4:32 PM,1:35,,,Russell Foul Turnover (P4.T11),,,5.0,1626156,D'Angelo Russell,1610612747.0,Los Angeles,Lakers,LAL,0,0,,,,,,1,0,,,,,,1
0021501195,234,1,101,2,4:33 PM,1:21,Beverley 7' Driving Floating Jump Shot (7 PTS),,,48 - 55,7,4.0,201976,Patrick Beverley,1610612745.0,Houston,Rockets,HOU,0,0,,,,,,0,0,,,,,,1
0021501195,235,2,101,2,4:33 PM,0:55,Howard BLOCK (1 BLK),,MISS Clarkson 3' Driving Floating Jump Shot,,,5.0,203903,Jordan Clarkson,1610612747.0,Los Angeles,Lakers,LAL,0,0,,,,,,4,2730,Dwight Howard,1610612745.0,Houston,Rockets,HOU,1
0021501195,236,4,0,2,4:33 PM,0:55,,,Lakers Rebound,,,3.0,1610612747,,,,,,0,0,,,,,,0,0,,,,,,0
0021501195,237,5,11,2,4:33 PM,0:55,,,Lakers Turnover: Shot Clock (T#12),,,3.0,1610612747,,,,,,0,0,,,,,,1,0,,,,,,0
0021501195,239,2,79,2,4:34 PM,0:42,MISS Harden 25' 3PT Pullup Jump Shot,,,,,4.0,201935,James Harden,1610612745.0,Houston,Rockets,HOU,0,0,,,,,,0,0,,,,,,1
0021501195,240,4,0,2,4:34 PM,0:42,,,Kelly REBOUND (Off:0 Def:1),,,5.0,203527,Ryan Kelly,1610612747.0,Los Angeles,Lakers,LAL,0,0,,,,,,0,0,,,,,,1
0021501195,241,6,2,2,4:34 PM,0:29,Ariza S.FOUL (P1.T4) (M.Lindsay),,,,,4.0,2772,Trevor Ariza,1610612745.0,Houston,Rockets,HOU,5,203944,Julius Randle,1610612747.0,Los Angeles,Lakers,LAL,1,0,,,,,,1
0021501195,242,3,11,2,4:35 PM,0:29,,,Randle Free Throw 1 of 2 (5 PTS),49 - 55,6,5.0,203944,Julius Randle,1610612747.0,Los Angeles,Lakers,LAL,0,0,,,,,,0,0,,,,,,0
0021501195,244,3,12,2,4:35 PM,0:29,,,Randle Free Throw 2 of 2 (6 PTS),50 - 55,5,5.0,203944,Julius Randle,1610612747.0,Los Angeles,Lakers,LAL,0,0,,,,,,0,0,,,,,,0
0021501195,246,2,1,2,4:35 PM,0:09,MISS Beverley 7' Jump Shot,,,,,4.0,201976,Patrick Beverley,1610612745.0,Houston,Rockets,HOU,0,0,,,,,,0,0,,,,,,1
0021501195,248,4,0,2,4:35 PM,0:08,Howard REBOUND (Off:2 Def:6),,,,,4.0,2730,Dwight Howard,1610612745.0,Houston,Rockets,HOU,0,0,,,,,,0,0,,,,,,1
0021501195,247,2,97,2,4:35 PM,0:08,MISS Howard  Tip Layup Shot,,,,,4.0,2730,Dwight Howard,1610612745.0,Houston,Rockets,HOU,0,0,,,,,,0,0,,,,,,1
0021501195,249,4,0,2,4:35 PM,0:07,,,Kelly REBOUND (Off:0 Def:2),,,5.0,203527,Ryan Kelly,1610612747.0,Los Angeles,Lakers,LAL,0,0,,,,,,0,0,,,,,,1
0021501195,250,1,108,2,4:35 PM,0:04,,,Randle  Cutting Dunk Shot (8 PTS) (Clarkson 3 AST),52 - 55,3,5.0,203944,Julius Randle,1610612747.0,Los Angeles,Lakers,LAL,5,203903,Jordan Clarkson,1610612747.0,Los Angeles,Lakers,LAL,0,0,,,,,,1
0021501195,251,6,2,2,4:35 PM,0:04,Harden S.FOUL (P2.PN) (T.Brothers),,,,,4.0,201935,James Harden,1610612745.0,Houston,Rockets,HOU,5,203944,Julius Randle,1610612747.0,Los Angeles,Lakers,LAL,1,0,,,,,,1
0021501195,252,3,10,2,4:36 PM,0:04,,,Randle Free Throw 1 of 1 (9 PTS),53 - 55,2,5.0,203944,Julius Randle,1610612747.0,Los Angeles,Lakers,LAL,0,0,,,,,,0,0,,,,,,0
0021501195,254,2,1,2,4:36 PM,0:01,MISS Harden 12' Jump Shot,,Hibbert BLOCK (1 BLK),,,4.0,201935,James Harden,1610612745.0,Houston,Rockets,HOU,0,0,,,,,,5,201579,Roy Hibbert,1610612747.0,Los Angeles,Lakers,LAL,1
0021501195,255,4,0,2,4:36 PM,0:00,ROCKETS Rebound,,,,,2.0,1610612745,,,,,,0,0,,,,,,0,0,,,,,,0
0021501195,256,13,0,2,4:36 PM,0:00,,,,53 - 55,2,0.0,0,,,,,,0,0,,,,,,0,0,,,,,,0
0021501195,258,12,0,3,4:52 PM,12:00,,,,53 - 55,2,0.0,0,,,,,,0,0,,,,,,0,0,,,,,,0
0021501195,259,2,63,3,4:53 PM,11:45,,,MISS Bryant 12' Fadeaway Jumper,,,5.0,977,Kobe Bryant,1610612747.0,Los Angeles,Lakers,LAL,0,0,,,,,,0,0,,,,,,1
0021501195,260,4,0,3,4:53 PM,11:43,,,Russell REBOUND (Off:1 Def:0),,,5.0,1626156,D'Angelo Russell,1610612747.0,Los Angeles,Lakers,LAL,0,0,,,,,,0,0,,,,,,1
0021501195,261,2,1,3,4:53 PM,11:32,,,MISS Clarkson 25' 3PT Jump Shot,,,5.0,203903,Jordan Clarkson,1610612747.0,Los Angeles,Lakers,LAL,0,0,,,,,,0,0,,,,,,1
0021501195,262,4,0,3,4:53 PM,11:31,Howard REBOUND (Off:2 Def:7),,,,,4.0,2730,Dwight Howard,1610612745.0,Houston,Rockets,HOU,0,0,,,,,,0,0,,,,,,1
0021501195,263,1,1,3,4:53 PM,11:25,Ariza 25' 3PT Jump Shot (5 PTS) (Harden 6 AST),,,53 - 58,5,4.0,2772,Trevor Ariza,1610612745.0,Houston,Rockets,HOU,4,201935,James Harden,1610612745.0,Houston,Rockets,HOU,0,0,,,,,,1
0021501195,264,2,101,3,4:53 PM,11:06,,,MISS Clarkson 12' Driving Floating Jump Shot,,,5.0,203903,Jordan Clarkson,1610612747.0,Los Angeles,Lakers,LAL,0,0,,,,,,0,0,,,,,,1
0021501195,266,4,0,3,4:53 PM,11:05,,,Clarkson REBOUND (Off:1 Def:4),,,5.0,203903,Jordan Clarkson,1610612747.0,Los Angeles,Lakers,LAL,0,0,,,,,,0,0,,,,,,1
0021501195,265,1,97,3,4:53 PM,11:05,,,Clarkson 2' Tip Layup Shot (8 PTS),55 - 58,3,5.0,203903,Jordan Clarkson,1610612747.0,Los Angeles,Lakers,LAL,0,0,,,,,,0,0,,,,,,1
0021501195,267,6,2,3,4:54 PM,10:45,,,Hibbert S.FOUL (P3.T1) (M.Kogut),,,5.0,201579,Roy Hibbert,1610612747.0,Los Angeles,Lakers,LAL,4,202700,Donatas Motiejunas,1610612745.0,Houston,Rockets,HOU,1,0,,,,,,1
0021501195,268,3,11,3,4:54 PM,10:45,Motiejunas Free Throw 1 of 2 (5 PTS),,,55 - 59,4,4.0,202700,Donatas Motiejunas,1610612745.0,Houston,Rockets,HOU,0,0,,,,,,0,0,,,,,,0
0021501195,270,3,12,3,4:54 PM,10:45,Motiejunas Free Throw 2 of 2 (6 PTS),,,55 - 60,5,4.0,202700,Donatas Motiejunas,1610612745.0,Houston,Rockets,HOU,0,0,,,,,,0,0,,,,,,0
0021501195,273,2,1,3,4:55 PM,10:21,,,MISS Hibbert 21' Jump Shot,,,5.0,201579,Roy Hibbert,1610612747.0,Los Angeles,Lakers,LAL,0,0,,,,,,0,0,,,,,,1
0021501195,274,4,0,3,4:55 PM,10:21,,,Lakers Rebound,,,3.0,1610612747,,,,,,0,0,,,,,,0,0,,,,,,0
0021501195,275,5,11,3,4:55 PM,10:21,,,Lakers Turnover: Shot Clock (T#13),,,3.0,1610612747,,,,,,0,0,,,,,,1,0,,,,,,0
0021501195,276,5,1,3,4:56 PM,10:12,Harden Bad Pass Turnover (P3.T9),,Randle STEAL (1 STL),,,4.0,201935,James Harden,1610612745.0,Houston,Rockets,HOU,5,203944,Julius Randle,1610612747.0,Los Angeles,Lakers,LAL,0,0,,,,,,1
0021501195,277,1,7,3,4:56 PM,10:06,,,Randle  Dunk (11 PTS),57 - 60,3,5.0,203944,Julius Randle,1610612747.0,Los Angeles,Lakers,LAL,0,0,,,,,,0,0,,,,,,1
0021501195,278,2,58,3,4:56 PM,9:54,MISS Howard 6' Turnaround Hook Shot,,,,,4.0,2730,Dwight Howard,1610612745.0,Houston,Rockets,HOU,0,0,,,,,,0,0,,,,,,1
0021501195,279,4,0,3,4:56 PM,9:53,,,Randle REBOUND (Off:0 Def:6),,,5.0,203944,Julius Randle,1610612747.0,Los Angeles,Lakers,LAL,0,0,,,,,,0,0,,,,,,1
0021501195,280,5,2,3,4:56 PM,9:49,Ariza STEAL (1 STL),,Randle Lost Ball Turnover (P4.T14),,,5.0,203944,Julius Randle,1610612747.0,Los Angeles,Lakers,LAL,4,2772,Trevor Ariza,1610612745.0,Houston,Rockets,HOU,0,0,,,,,,1
0021501195,281,1,7,3,4:56 PM,9:46,Ariza  Dunk (7 PTS),,,57 - 62,5,4.0,2772,Trevor Ariza,1610612745.0,Houston,Rockets,HOU,0,0,,,,,,0,0,,,,,,1
0021501195,282,5,1,3,4:56 PM,9:38,,,Bryant Bad Pass Turnover (P2.T15),,,5.0,977,Kobe Bryant,1610612747.0,Los Angeles,Lakers,LAL,0,0,,,,,,0,0,,,,,,1
0021501195,283,2,80,3,4:56 PM,9:29,MISS Harden 19' Step Back Jump Shot,,,,,4.0,201935,James Harden,1610612745.0,Houston,Rockets,HOU,0,0,,,,,,0,0,,,,,,1
0021501195,284,4,0,3,4:57 PM,9:28,,,Russell REBOUND (Off:1 Def:1),,,5.0,1626156,D'Angelo Russell,1610612747.0,Los Angeles,Lakers,LAL,0,0,,,,,,0,0,,,,,,1
0021501195,285,2,5,3,4:57 PM,9:22,Howard BLOCK (2 BLK),,MISS Randle 3' Layup,,,5.0,203944,Julius Randle,1610612747.0,Los Angeles,Lakers,LAL,0,0,,,,,,4,2730,Dwight Howard,1610612745.0,Houston,Rockets,HOU,1
0021501195,286,4,0,3,4:57 PM,9:21,Beverley REBOUND (Off:1 Def:2),,,,,4.0,201976,Patrick Beverley,1610612745.0,Houston,Rockets,HOU,0,0,,,,,,0,0,,,,,,1
0021501195,287,1,5,3,4:57 PM,9:17,Ariza 1' Layup (9 PTS) (Beverley 5 AST),,,57 - 64,7,4.0,2772,Trevor Ariza,1610612745.0,Houston,Rockets,HOU,4,201976,Patrick Beverley,1610612745.0,Houston,Rockets,HOU,0,0,,,,,,1
0021501195,288,1,78,3,4:57 PM,9:06,,,Clarkson 11' Floating Jump Shot (10 PTS) (Russell 2 AST),59 - 64,5,5.0,203903,Jordan Clarkson,1610612747.0,Los Angeles,Lakers,LAL,5,1626156,D'Angelo Russell,1610612747.0,Los Angeles,Lakers,LAL,0,0,,,,,,1
0021501195,289,1,58,3,4:57 PM,8:52,Motiejunas 8' Turnaround Hook Shot (8 PTS),,,59 - 66,7,4.0,202700,Donatas Motiejunas,1610612745.0,Houston,Rockets,HOU,0,0,,,,,,0,0,,,,,,1
0021501195,290,6,1,3,4:57 PM,8:44,Howard P.FOUL (P2.T1) (M.Kogut),,,,,4.0,2730,Dwight Howard,1610612745.0,Houston,Rockets,HOU,5,201579,Roy Hibbert,1610612747.0,Los Angeles,Lakers,LAL,1,0,,,,,,1
0021501195,292,2,79,3,4:58 PM,8:37,,,MISS Clarkson 16' Pullup Jump Shot,,,5.0,203903,Jordan Clarkson,1610612747.0,Los Angeles,Lakers,LAL,0,0,,,,,,0,0,,,,,,1
0021501195,293,4,0,3,4:58 PM,8:36,Ariza REBOUND (Off:0 Def:2),,,,,4.0,2772,Trevor Ariza,1610612745.0,Houston,Rockets,HOU,0,0,,,,,,0,0,,,,,,1
0021501195,294,2,79,3,4:58 PM,8:22,MISS Ariza 16' Pullup Jump Shot,,,,,4.0,2772,Trevor Ariza,1610612745.0,Houston,Rockets,HOU,0,0,,,,,,0,0,,,,,,1
0021501195,295,4,0,3,4:58 PM,8:21,,,Russell REBOUND (Off:1 Def:2),,,5.0,1626156,D'Angelo Russell,1610612747.0,Los Angeles,Lakers,LAL,0,0,,,,,,0,0,,,,,,1
0021501195,296,1,79,3,4:58 PM,8:08,,,Russell 25' 3PT Pullup Jump Shot (5 PTS) (Randle 4 AST),62 - 66,4,5.0,1626156,D'Angelo Russell,1610612747.0,Los Angeles,Lakers,LAL,5,203944,Julius Randle,1610612747.0,Los Angeles,Lakers,LAL,0,0,,,,,,1
0021501195,297,1,42,3,4:58 PM,7:46,Beverley 2' Driving Layup (9 PTS) (Harden 7 AST),,,62 - 68,6,4.0,201976,Patrick Beverley,1610612745.0,Houston,Rockets,HOU,4,201935,James Harden,1610612745.0,Houston,Rockets,HOU,0,0,,,,,,1
0021501195,298,5,1,3,4:59 PM,7:30,Beverley STEAL (1 STL),,Russell Bad Pass Turnover (P5.T16),,,5.0,1626156,D'Angelo Russell,1610612747.0,Los Angeles,Lakers,LAL,4,201976,Patrick Beverley,1610612745.0,Houston,Rockets,HOU,0,0,,,,,,1
0021501195,299,1,5,3,4:59 PM,7:26,Harden 2' Layup (15 PTS),,,62 - 70,8,4.0,201935,James Harden,1610612745.0,Houston,Rockets,HOU,0,0,,,,,,0,0,,,,,,1
0021501195,300,5,39,3,4:59 PM,7:21,,,Bryant Step Out of Bounds Turnover (P3.T17),,,5.0,977,Kobe Bryant,1610612747.0,Los Angeles,Lakers,LAL,0,0,,,,,,0,0,,,,,,1
0021501195,301,2,1,3,5:00 PM,7:11,MISS Ariza 6' Jump Shot,,Hibbert BLOCK (2 BLK),,,4.0,2772,Trevor Ariza,1610612745.0,Houston,Rockets,HOU,0,0,,,,,,5,201579,Roy Hibbert,1610612747.0,Los Angeles,Lakers,LAL,1
0021501195,302,4,0,3,5:00 PM,7:10,Ariza REBOUND (Off:1 Def:2),,,,,4.0,2772,Trevor Ariza,1610612745.0,Houston,Rockets,HOU,0,0,,,,,,0,0,,,,,,1
0021501195,303,1,5,3,5:00 PM,7:09,Ariza 2' Layup (11 PTS),,,62 - 72,10,4.0,2772,Trevor Ariza,1610612745.0,Houston,Rockets,HOU,0,0,,,,,,0,0,,,,,,1
0021501195,304,2,1,3,5:00 PM,6:55,,,MISS Bryant 25' 3PT Jump Shot,,,5.0,977,Kobe Bryant,1610612747.0,Los Angeles,Lakers,LAL,0,0,,,,,,0,0,,,,,,1
0021501195,305,4,0,3,5:00 PM,6:54,Ariza REBOUND (Off:1 Def:3),,,,,4.0,2772,Trevor Ariza,1610612745.0,Houston,Rockets,HOU,0,0,,,,,,0,0,,,,,,1
0021501195,306,5,1,3,5:00 PM,6:51,Ariza Bad Pass Turnover (P3.T10),,Russell STEAL (2 STL),,,4.0,2772,Trevor Ariza,1610612745.0,Houston,Rockets,HOU,5,1626156,D'Angelo Russell,1610612747.0,Los Angeles,Lakers,LAL,0,0,,,,,,1
0021501195,307,1,98,3,5:00 PM,6:46,,,Clarkson 1' Cutting Layup Shot (12 PTS) (Russell 3 AST),64 - 72,8,5.0,203903,Jordan Clarkson,1610612747.0,Los Angeles,Lakers,LAL,5,1626156,D'Angelo Russell,1610612747.0,Los Angeles,Lakers,LAL,0,0,,,,,,1
0021501195,308,1,52,3,5:01 PM,6:23,Howard  Alley Oop Dunk (9 PTS) (Harden 8 AST),,,64 - 74,10,4.0,2730,Dwight Howard,1610612745.0,Houston,Rockets,HOU,4,201935,James Harden,1610612745.0,Houston,Rockets,HOU,0,0,,,,,,1
0021501195,309,2,7,3,5:01 PM,6:03,Howard BLOCK (3 BLK),,MISS Hibbert  Dunk,,,5.0,201579,Roy Hibbert,1610612747.0,Los Angeles,Lakers,LAL,0,0,,,,,,4,2730,Dwight Howard,1610612745.0,Houston,Rockets,HOU,1
0021501195,310,4,0,3,5:01 PM,6:02,Ariza REBOUND (Off:1 Def:4),,,,,4.0,2772,Trevor Ariza,1610612745.0,Houston,Rockets,HOU,0,0,,,,,,0,0,,,,,,1
0021501195,311,1,78,3,5:01 PM,5:56,Harden 7' Floating Jump Shot (17 PTS),,,64 - 76,12,4.0,201935,James Harden,1610612745.0,Houston,Rockets,HOU,0,0,,,,,,0,0,,,,,,1
0021501195,312,9,1,3,5:01 PM,5:56,,,Lakers Timeout: Regular (Reg.3 Short 0),,,3.0,1610612747,,,,,,0,0,,,,,,0,0,,,,,,0
0021501195,314,8,0,3,5:04 PM,5:56,,,SUB: Huertas FOR Clarkson,,,5.0,203903,Jordan Clarkson,1610612747.0,Los Angeles,Lakers,LAL,5,1626273,Marcelo Huertas,1610612747.0,Los Angeles,Lakers,LAL,0,0,,,,,,0
0021501195,315,5,1,3,5:04 PM,5:40,Harden STEAL (4 STL),,Hibbert Bad Pass Turnover (P1.T18),,,5.0,201579,Roy Hibbert,1610612747.0,Los Angeles,Lakers,LAL,4,201935,James Harden,1610612745.0,Houston,Rockets,HOU,0,0,,,,,,1
0021501195,316,5,1,3,5:04 PM,5:36,Harden Bad Pass Turnover (P4.T11),,Russell STEAL (3 STL),,,4.0,201935,James Harden,1610612745.0,Houston,Rockets,HOU,5,1626156,D'Angelo Russell,1610612747.0,Los Angeles,Lakers,LAL,0,0,,,,,,1
0021501195,317,2,1,3,5:04 PM,5:24,,,MISS Bryant 25' 3PT Jump Shot,,,5.0,977,Kobe Bryant,1610612747.0,Los Angeles,Lakers,LAL,0,0,,,,,,0,0,,,,,,1
0021501195,318,4,0,3,5:04 PM,5:23,Howard REBOUND (Off:2 Def:8),,,,,4.0,2730,Dwight Howard,1610612745.0,Houston,Rockets,HOU,0,0,,,,,,0,0,,,,,,1
0021501195,319,2,1,3,5:05 PM,5:17,MISS Beverley 25' 3PT Jump Shot,,,,,4.0,201976,Patrick Beverley,1610612745.0,Houston,Rockets,HOU,0,0,,,,,,0,0,,,,,,1
0021501195,320,4,0,3,5:05 PM,5:16,,,Bryant REBOUND (Off:0 Def:2),,,5.0,977,Kobe Bryant,1610612747.0,Los Angeles,Lakers,LAL,0,0,,,,,,0,0,,,,,,1
0021501195,321,1,42,3,5:05 PM,5:08,,,Bryant 1' Driving Layup (17 PTS),66 - 76,10,5.0,977,Kobe Bryant,1610612747.0,Los Angeles,Lakers,LAL,0,0,,,,,,0,0,,,,,,1
0021501195,322,5,11,3,5:05 PM,4:40,ROCKETS Turnover: Shot Clock (T#12),,,,,2.0,1610612745,,,,,,0,0,,,,,,1,0,,,,,,0
0021501195,323,1,1,3,5:06 PM,4:31,,,Bryant 29' 3PT Jump Shot (20 PTS),69 - 76,7,5.0,977,Kobe Bryant,1610612747.0,Los Angeles,Lakers,LAL,0,0,,,,,,0,0,,,,,,1
0021501195,324,2,1,3,5:06 PM,4:17,MISS Harden 25' 3PT Jump Shot,,,,,4.0,201935,James Harden,1610612745.0,Houston,Rockets,HOU,0,0,,,,,,0,0,,,,,,1
0021501195,325,4,0,3,5:06 PM,4:17,,,Randle REBOUND (Off:0 Def:7),,,5.0,203944,Julius Randle,1610612747.0,Los Angeles,Lakers,LAL,0,0,,,,,,0,0,,,,,,1
0021501195,326,2,63,3,5:06 PM,4:06,,,MISS Bryant 10' Fadeaway Jumper,,,5.0,977,Kobe Bryant,1610612747.0,Los Angeles,Lakers,LAL,0,0,,,,,,0,0,,,,,,1
0021501195,327,4,0,3,5:06 PM,4:05,Beverley REBOUND (Off:1 Def:3),,,,,4.0,201976,Patrick Beverley,1610612745.0,Houston,Rockets,HOU,0,0,,,,,,0,0,,,,,,1
0021501195,328,2,1,3,5:06 PM,3:50,MISS Motiejunas 25' 3PT Jump Shot,,,,,4.0,202700,Donatas Motiejunas,1610612745.0,Houston,Rockets,HOU,0,0,,,,,,0,0,,,,,,1
0021501195,329,4,0,3,5:06 PM,3:50,,,Huertas REBOUND (Off:0 Def:1),,,5.0,1626273,Marcelo Huertas,1610612747.0,Los Angeles,Lakers,LAL,0,0,,,,,,0,0,,,,,,1
0021501195,330,1,73,3,5:06 PM,3:43,,,Bryant 2' Driving Reverse Layup (22 PTS) (Huertas 5 AST),71 - 76,5,5.0,977,Kobe Bryant,1610612747.0,Los Angeles,Lakers,LAL,5,1626273,Marcelo Huertas,1610612747.0,Los Angeles,Lakers,LAL,0,0,,,,,,1
0021501195,331,9,1,3,5:06 PM,3:43,ROCKETS Timeout: Regular (Full 3 Short 0),,,,,2.0,1610612745,,,,,,0,0,,,,,,0,0,,,,,,0
0021501195,333,8,0,3,5:09 PM,3:43,SUB: Smith FOR Motiejunas,,,,,4.0,202700,Donatas Motiejunas,1610612745.0,Houston,Rockets,HOU,4,2746,Josh Smith,1610612745.0,Houston,Rockets,HOU,0,0,,,,,,0
0021501195,334,8,0,3,5:09 PM,3:43,SUB: Capela FOR Howard,,,,,4.0,2730,Dwight Howard,1610612745.0,Houston,Rockets,HOU,4,203991,Clint Capela,1610612745.0,Houston,Rockets,HOU,0,0,,,,,,0
0021501195,335,8,0,3,5:09 PM,3:43,SUB: Terry FOR Beverley,,,,,4.0,201976,Patrick Beverley,1610612745.0,Houston,Rockets,HOU,4,1891,Jason Terry,1610612745.0,Houston,Rockets,HOU,0,0,,,,,,0
0021501195,337,2,1,3,5:09 PM,3:25,MISS Smith 25' 3PT Jump Shot,,,,,4.0,2746,Josh Smith,1610612745.0,Houston,Rockets,HOU,0,0,,,,,,0,0,,,,,,1
0021501195,338,4,0,3,5:09 PM,3:25,,,Russell REBOUND (Off:1 Def:3),,,5.0,1626156,D'Angelo Russell,1610612747.0,Los Angeles,Lakers,LAL,0,0,,,,,,0,0,,,,,,1
0021501195,339,1,79,3,5:10 PM,3:05,,,Bryant 22' Pullup Jump Shot (24 PTS),73 - 76,3,5.0,977,Kobe Bryant,1610612747.0,Los Angeles,Lakers,LAL,0,0,,,,,,0,0,,,,,,1
0021501195,340,1,1,3,5:10 PM,2:44,Terry 27' 3PT Jump Shot (6 PTS) (Harden 9 AST),,,73 - 79,6,4.0,1891,Jason Terry,1610612745.0,Houston,Rockets,HOU,4,201935,James Harden,1610612745.0,Houston,Rockets,HOU,0,0,,,,,,1
0021501195,341,2,79,3,5:10 PM,2:22,,,MISS Bryant 25' 3PT Pullup Jump Shot,,,5.0,977,Kobe Bryant,1610612747.0,Los Angeles,Lakers,LAL,0,0,,,,,,0,0,,,,,,1
0021501195,342,4,0,3,5:10 PM,2:20,ROCKETS Rebound,,,,,2.0,1610612745,,,,,,0,0,,,,,,0,0,,,,,,0
0021501195,343,1,44,3,5:11 PM,2:08,Capela 1' Reverse Layup (4 PTS) (Ariza 2 AST),,,73 - 81,8,4.0,203991,Clint Capela,1610612745.0,Houston,Rockets,HOU,4,2772,Trevor Ariza,1610612745.0,Houston,Rockets,HOU,0,0,,,,,,1
0021501195,344,6,2,3,5:11 PM,2:08,,,Randle S.FOUL (P3.T2) (T.Brothers),,,5.0,203944,Julius Randle,1610612747.0,Los Angeles,Lakers,LAL,4,203991,Clint Capela,1610612745.0,Houston,Rockets,HOU,1,0,,,,,,1
0021501195,345,8,0,3,5:11 PM,2:08,,,SUB: Black FOR Hibbert,,,5.0,201579,Roy Hibbert,1610612747.0,Los Angeles,Lakers,LAL,5,204028,Tarik Black,1610612747.0,Los Angeles,Lakers,LAL,0,0,,,,,,0
0021501195,346,3,10,3,5:11 PM,2:08,Capela Free Throw 1 of 1 (5 PTS),,,73 - 82,9,4.0,203991,Clint Capela,1610612745.0,Houston,Rockets,HOU,0,0,,,,,,0,0,,,,,,0
0021501195,348,2,98,3,5:12 PM,1:49,,,MISS Bryant 2' Cutting Layup Shot,,,5.0,977,Kobe Bryant,1610612747.0,Los Angeles,Lakers,LAL,0,0,,,,,,0,0,,,,,,1
0021501195,349,4,0,3,5:12 PM,1:48,Smith REBOUND (Off:0 Def:2),,,,,4.0,2746,Josh Smith,1610612745.0,Houston,Rockets,HOU,0,0,,,,,,0,0,,,,,,1
0021501195,350,2,1,3,5:12 PM,1:41,MISS Ariza 25' 3PT Jump Shot,,,,,4.0,2772,Trevor Ariza,1610612745.0,Houston,Rockets,HOU,0,0,,,,,,0,0,,,,,,1
0021501195,351,4,0,3,5:12 PM,1:41,,,Russell REBOUND (Off:1 Def:4),,,5.0,1626156,D'Angelo Russell,1610612747.0,Los Angeles,Lakers,LAL,0,0,,,,,,0,0,,,,,,1
0021501195,352,1,108,3,5:12 PM,1:35,,,Black  Cutting Dunk Shot (8 PTS) (Russell 4 AST),75 - 82,7,5.0,204028,Tarik Black,1610612747.0,Los Angeles,Lakers,LAL,5,1626156,D'Angelo Russell,1610612747.0,Los Angeles,Lakers,LAL,0,0,,,,,,1
0021501195,353,6,2,3,5:12 PM,1:23,,,Black S.FOUL (P1.T3) (M.Lindsay),,,5.0,204028,Tarik Black,1610612747.0,Los Angeles,Lakers,LAL,4,201935,James Harden,1610612745.0,Houston,Rockets,HOU,1,0,,,,,,1
0021501195,354,3,11,3,5:12 PM,1:23,Harden Free Throw 1 of 2 (18 PTS),,,75 - 83,8,4.0,201935,James Harden,1610612745.0,Houston,Rockets,HOU,0,0,,,,,,0,0,,,,,,0
0021501195,356,8,0,3,5:13 PM,1:23,,,SUB: Nance Jr. FOR Randle,,,5.0,203944,Julius Randle,1610612747.0,Los Angeles,Lakers,LAL,5,1626204,Larry Nance Jr.,1610612747.0,Los Angeles,Lakers,LAL,0,0,,,,,,0
0021501195,357,3,12,3,5:13 PM,1:23,MISS Harden Free Throw 2 of 2,,,,,4.0,201935,James Harden,1610612745.0,Houston,Rockets,HOU,0,0,,,,,,0,0,,,,,,0
0021501195,359,4,0,3,5:13 PM,1:23,,,Nance Jr. REBOUND (Off:1 Def:1),,,5.0,1626204,Larry Nance Jr.,1610612747.0,Los Angeles,Lakers,LAL,0,0,,,,,,0,0,,,,,,1
0021501195,360,1,58,3,5:13 PM,1:10,,,Bryant 9' Turnaround Hook Shot (26 PTS) (Huertas 6 AST),77 - 83,6,5.0,977,Kobe Bryant,1610612747.0,Los Angeles,Lakers,LAL,5,1626273,Marcelo Huertas,1610612747.0,Los Angeles,Lakers,LAL,0,0,,,,,,1
0021501195,361,6,2,3,5:14 PM,0:56,,,Bryant S.FOUL (P1.PN) (M.Lindsay),,,5.0,977,Kobe Bryant,1610612747.0,Los Angeles,Lakers,LAL,4,201935,James Harden,1610612745.0,Houston,Rockets,HOU,1,0,,,,,,1
0021501195,362,3,11,3,5:14 PM,0:56,Harden Free Throw 1 of 2 (19 PTS),,,77 - 84,7,4.0,201935,James Harden,1610612745.0,Houston,Rockets,HOU,0,0,,,,,,0,0,,,,,,0
0021501195,364,3,12,3,5:14 PM,0:56,Harden Free Throw 2 of 2 (20 PTS),,,77 - 85,8,4.0,201935,James Harden,1610612745.0,Houston,Rockets,HOU,0,0,,,,,,0,0,,,,,,0
0021501195,366,6,2,3,5:14 PM,0:43,Smith S.FOUL (P2.T2) (M.Lindsay),,,,,4.0,2746,Josh Smith,1610612745.0,Houston,Rockets,HOU,5,204028,Tarik Black,1610612747.0,Los Angeles,Lakers,LAL,1,0,,,,,,1
0021501195,367,3,11,3,5:15 PM,0:43,,,MISS Black Free Throw 1 of 2,,,5.0,204028,Tarik Black,1610612747.0,Los Angeles,Lakers,LAL,0,0,,,,,,0,0,,,,,,0
0021501195,368,4,1,3,5:15 PM,0:43,,,Lakers Rebound,,,3.0,1610612747,,,,,,0,0,,,,,,0,0,,,,,,0
0021501195,369,3,12,3,5:15 PM,0:43,,,MISS Black Free Throw 2 of 2,,,5.0,204028,Tarik Black,1610612747.0,Los Angeles,Lakers,LAL,0,0,,,,,,0,0,,,,,,0
0021501195,371,4,0,3,5:15 PM,0:43,Ariza REBOUND (Off:1 Def:5),,,,,4.0,2772,Trevor Ariza,1610612745.0,Houston,Rockets,HOU,0,0,,,,,,0,0,,,,,,1
0021501195,372,2,57,3,5:16 PM,0:24,MISS Capela 6' Driving Hook Shot,,,,,4.0,203991,Clint Capela,1610612745.0,Houston,Rockets,HOU,0,0,,,,,,0,0,,,,,,1
0021501195,373,4,0,3,5:16 PM,0:23,Harden REBOUND (Off:1 Def:1),,,,,4.0,201935,James Harden,1610612745.0,Houston,Rockets,HOU,0,0,,,,,,0,0,,,,,,1
0021501195,374,1,1,3,5:16 PM,0:21,Terry  3PT Jump Shot (9 PTS) (Harden 10 AST),,,77 - 88,11,4.0,1891,Jason Terry,1610612745.0,Houston,Rockets,HOU,4,201935,James Harden,1610612745.0,Houston,Rockets,HOU,0,0,,,,,,1
0021501195,375,1,79,3,5:16 PM,0:03,,,Bryant 28' 3PT Pullup Jump Shot (29 PTS),80 - 88,8,5.0,977,Kobe Bryant,1610612747.0,Los Angeles,Lakers,LAL,0,0,,,,,,0,0,,,,,,1
0021501195,376,2,1,3,5:16 PM,0:00,MISS Harden 40' 3PT Jump Shot,,,,,4.0,201935,James Harden,1610612745.0,Houston,Rockets,HOU,0,0,,,,,,0,0,,,,,,1
0021501195,377,4,0,3,5:16 PM,0:00,ROCKETS Rebound,,,,,2.0,1610612745,,,,,,0,0,,,,,,0,0,,,,,,0
0021501195,379,18,0,3,5:17 PM,0:00,,,,,,,339,Tom Gugliotta,,,,,0,0,,,,,,1,0,,,,,,0
0021501195,380,13,0,3,5:17 PM,0:00,,,,80 - 88,8,0.0,0,,,,,,0,0,,,,,,0,0,,,,,,0
0021501195,382,12,0,4,5:19 PM,12:00,,,,80 - 88,8,0.0,0,,,,,,0,0,,,,,,0,0,,,,,,0
0021501195,383,6,1,4,5:19 PM,11:43,,,World Peace P.FOUL (P2.T1) (T.Brothers),,,5.0,1897,Metta World Peace,1610612747.0,Los Angeles,Lakers,LAL,4,2746,Josh Smith,1610612745.0,Houston,Rockets,HOU,1,0,,,,,,1
0021501195,384,2,1,4,5:20 PM,11:32,MISS Terry  3PT Jump Shot,,,,,4.0,1891,Jason Terry,1610612745.0,Houston,Rockets,HOU,0,0,,,,,,0,0,,,,,,1
0021501195,385,4,0,4,5:20 PM,11:31,Capela REBOUND (Off:3 Def:2),,,,,4.0,203991,Clint Capela,1610612745.0,Houston,Rockets,HOU,0,0,,,,,,0,0,,,,,,1
0021501195,386,2,1,4,5:20 PM,11:22,MISS Terry 24' 3PT Jump Shot,,,,,4.0,1891,Jason Terry,1610612745.0,Houston,Rockets,HOU,0,0,,,,,,0,0,,,,,,1
0021501195,387,4,0,4,5:20 PM,11:21,,,Clarkson REBOUND (Off:1 Def:5),,,5.0,203903,Jordan Clarkson,1610612747.0,Los Angeles,Lakers,LAL,0,0,,,,,,0,0,,,,,,1
0021501195,388,1,1,4,5:20 PM,11:06,,,Clarkson 24' 3PT Jump Shot (15 PTS) (Huertas 7 AST),83 - 88,5,5.0,203903,Jordan Clarkson,1610612747.0,Los Angeles,Lakers,LAL,5,1626273,Marcelo Huertas,1610612747.0,Los Angeles,Lakers,LAL,0,0,,,,,,1
0021501195,389,2,79,4,5:20 PM,10:52,MISS Harden 16' Pullup Jump Shot,,,,,4.0,201935,James Harden,1610612745.0,Houston,Rockets,HOU,0,0,,,,,,0,0,,,,,,1
0021501195,390,4,0,4,5:20 PM,10:51,,,Huertas REBOUND (Off:0 Def:2),,,5.0,1626273,Marcelo Huertas,1610612747.0,Los Angeles,Lakers,LAL,0,0,,,,,,0,0,,,,,,1
0021501195,391,2,5,4,5:20 PM,10:42,Capela BLOCK (1 BLK),,MISS Black 2' Layup,,,5.0,204028,Tarik Black,1610612747.0,Los Angeles,Lakers,LAL,0,0,,,,,,4,203991,Clint Capela,1610612745.0,Houston,Rockets,HOU,1
0021501195,392,4,0,4,5:21 PM,10:41,,,Clarkson REBOUND (Off:2 Def:5),,,5.0,203903,Jordan Clarkson,1610612747.0,Los Angeles,Lakers,LAL,0,0,,,,,,0,0,,,,,,1
0021501195,393,1,1,4,5:21 PM,10:35,,,World Peace 25' 3PT Jump Shot (6 PTS) (Clarkson 4 AST),86 - 88,2,5.0,1897,Metta World Peace,1610612747.0,Los Angeles,Lakers,LAL,5,203903,Jordan Clarkson,1610612747.0,Los Angeles,Lakers,LAL,0,0,,,,,,1
0021501195,394,1,98,4,5:21 PM,10:22,Brewer 1' Cutting Layup Shot (4 PTS) (Harden 11 AST),,,86 - 90,4,4.0,201147,Corey Brewer,1610612745.0,Houston,Rockets,HOU,4,201935,James Harden,1610612745.0,Houston,Rockets,HOU,0,0,,,,,,1
0021501195,395,2,79,4,5:21 PM,10:05,,,MISS Huertas 15' Pullup Jump Shot,,,5.0,1626273,Marcelo Huertas,1610612747.0,Los Angeles,Lakers,LAL,0,0,,,,,,0,0,,,,,,1
0021501195,397,4,0,4,5:21 PM,10:04,,,Nance Jr. REBOUND (Off:2 Def:1),,,5.0,1626204,Larry Nance Jr.,1610612747.0,Los Angeles,Lakers,LAL,0,0,,,,,,0,0,,,,,,1
0021501195,396,1,87,4,5:21 PM,10:04,,,Nance Jr.  Putback Dunk (8 PTS),88 - 90,2,5.0,1626204,Larry Nance Jr.,1610612747.0,Los Angeles,Lakers,LAL,0,0,,,,,,0,0,,,,,,1
0021501195,398,1,42,4,5:21 PM,9:46,Harden 1' Driving Layup (22 PTS),,,88 - 92,4,4.0,201935,James Harden,1610612745.0,Houston,Rockets,HOU,0,0,,,,,,0,0,,,,,,1
0021501195,399,6,2,4,5:21 PM,9:46,,,Black S.FOUL (P2.T2) (M.Lindsay),,,5.0,204028,Tarik Black,1610612747.0,Los Angeles,Lakers,LAL,4,201935,James Harden,1610612745.0,Houston,Rockets,HOU,1,0,,,,,,1
0021501195,400,8,0,4,5:22 PM,9:46,SUB: Howard FOR Capela,,,,,4.0,203991,Clint Capela,1610612745.0,Houston,Rockets,HOU,4,2730,Dwight Howard,1610612745.0,Houston,Rockets,HOU,0,0,,,,,,0
0021501195,401,3,10,4,5:22 PM,9:46,Harden Free Throw 1 of 1 (23 PTS),,,88 - 93,5,4.0,201935,James Harden,1610612745.0,Houston,Rockets,HOU,0,0,,,,,,0,0,,,,,,0
0021501195,403,1,79,4,5:22 PM,9:29,,,Clarkson 25' 3PT Pullup Jump Shot (18 PTS) (Nance Jr. 3 AST),91 - 93,2,5.0,203903,Jordan Clarkson,1610612747.0,Los Angeles,Lakers,LAL,5,1626204,Larry Nance Jr.,1610612747.0,Los Angeles,Lakers,LAL,0,0,,,,,,1
0021501195,404,9,2,4,5:22 PM,9:23,ROCKETS Timeout: Short (Full 3 Short 1),,,,,2.0,1610612745,,,,,,0,0,,,,,,0,0,,,,,,0
0021501195,406,8,0,4,5:23 PM,9:23,SUB: Ariza FOR Brewer,,,,,4.0,201147,Corey Brewer,1610612745.0,Houston,Rockets,HOU,4,2772,Trevor Ariza,1610612745.0,Houston,Rockets,HOU,0,0,,,,,,0
0021501195,408,1,101,4,5:24 PM,9:07,Harden 11' Driving Floating Jump Shot (25 PTS),,,91 - 95,4,4.0,201935,James Harden,1610612745.0,Houston,Rockets,HOU,0,0,,,,,,0,0,,,,,,1
0021501195,409,2,1,4,5:24 PM,8:47,,,MISS Clarkson 25' 3PT Jump Shot,,,5.0,203903,Jordan Clarkson,1610612747.0,Los Angeles,Lakers,LAL,0,0,,,,,,0,0,,,,,,1
0021501195,410,4,0,4,5:24 PM,8:47,Howard REBOUND (Off:2 Def:9),,,,,4.0,2730,Dwight Howard,1610612745.0,Houston,Rockets,HOU,0,0,,,,,,0,0,,,,,,1
0021501195,411,1,46,4,5:25 PM,8:27,Terry 6' Running Jump Shot (11 PTS) (Harden 12 AST),,,91 - 97,6,4.0,1891,Jason Terry,1610612745.0,Houston,Rockets,HOU,4,201935,James Harden,1610612745.0,Houston,Rockets,HOU,0,0,,,,,,1
0021501195,412,1,86,4,5:25 PM,8:12,,,World Peace 10' Turnaround Fadeaway (8 PTS),93 - 97,4,5.0,1897,Metta World Peace,1610612747.0,Los Angeles,Lakers,LAL,0,0,,,,,,0,0,,,,,,1
0021501195,413,2,1,4,5:25 PM,7:54,MISS Terry 26' 3PT Jump Shot,,,,,4.0,1891,Jason Terry,1610612745.0,Houston,Rockets,HOU,0,0,,,,,,0,0,,,,,,1
0021501195,414,4,0,4,5:25 PM,7:54,,,Clarkson REBOUND (Off:2 Def:6),,,5.0,203903,Jordan Clarkson,1610612747.0,Los Angeles,Lakers,LAL,0,0,,,,,,0,0,,,,,,1
0021501195,415,5,41,4,5:25 PM,7:49,Terry STEAL (1 STL),,Clarkson Poss Lost Ball Turnover (P2.T19),,,5.0,203903,Jordan Clarkson,1610612747.0,Los Angeles,Lakers,LAL,4,1891,Jason Terry,1610612745.0,Houston,Rockets,HOU,0,0,,,,,,1
0021501195,416,1,7,4,5:25 PM,7:43,Harden  Dunk (27 PTS) (Terry 2 AST),,,93 - 99,6,4.0,201935,James Harden,1610612745.0,Houston,Rockets,HOU,4,1891,Jason Terry,1610612745.0,Houston,Rockets,HOU,0,0,,,,,,1
0021501195,417,2,79,4,5:26 PM,7:24,,,MISS Huertas 15' Pullup Jump Shot,,,5.0,1626273,Marcelo Huertas,1610612747.0,Los Angeles,Lakers,LAL,0,0,,,,,,0,0,,,,,,1
0021501195,418,4,0,4,5:26 PM,7:23,Smith REBOUND (Off:0 Def:3),,,,,4.0,2746,Josh Smith,1610612745.0,Houston,Rockets,HOU,0,0,,,,,,0,0,,,,,,1
0021501195,419,1,79,4,5:26 PM,7:17,Harden 27' 3PT Pullup Jump Shot (30 PTS),,,93 - 102,9,4.0,201935,James Harden,1610612745.0,Houston,Rockets,HOU,0,0,,,,,,0,0,,,,,,1
0021501195,420,9,1,4,5:26 PM,7:15,,,Lakers Timeout: Regular (Reg.4 Short 0),,,3.0,1610612747,,,,,,0,0,,,,,,0,0,,,,,,0
0021501195,424,1,79,4,5:28 PM,7:04,,,Huertas 25' 3PT Pullup Jump Shot (7 PTS),96 - 102,6,5.0,1626273,Marcelo Huertas,1610612747.0,Los Angeles,Lakers,LAL,0,0,,,,,,0,0,,,,,,1
0021501195,425,1,79,4,5:29 PM,6:41,Harden 26' 3PT Pullup Jump Shot (33 PTS),,,96 - 105,9,4.0,201935,James Harden,1610612745.0,Houston,Rockets,HOU,0,0,,,,,,0,0,,,,,,1
0021501195,426,2,78,4,5:29 PM,6:19,,,MISS Huertas 15' Floating Jump Shot,,,5.0,1626273,Marcelo Huertas,1610612747.0,Los Angeles,Lakers,LAL,0,0,,,,,,0,0,,,,,,1
0021501195,427,4,0,4,5:29 PM,6:18,Harden REBOUND (Off:1 Def:2),,,,,4.0,201935,James Harden,1610612745.0,Houston,Rockets,HOU,0,0,,,,,,0,0,,,,,,1
0021501195,428,1,80,4,5:29 PM,6:04,Harden 25' 3PT Step Back Jump Shot (36 PTS),,,96 - 108,12,4.0,201935,James Harden,1610612745.0,Houston,Rockets,HOU,0,0,,,,,,0,0,,,,,,1
0021501195,429,5,1,4,5:30 PM,5:48,Smith STEAL (1 STL),,Clarkson Bad Pass Turnover (P3.T20),,,5.0,203903,Jordan Clarkson,1610612747.0,Los Angeles,Lakers,LAL,4,2746,Josh Smith,1610612745.0,Houston,Rockets,HOU,0,0,,,,,,1
0021501195,430,2,1,4,5:30 PM,5:43,MISS Harden 9' Jump Shot,,,,,4.0,201935,James Harden,1610612745.0,Houston,Rockets,HOU,0,0,,,,,,0,0,,,,,,1
0021501195,431,4,0,4,5:30 PM,5:42,,,Black REBOUND (Off:2 Def:3),,,5.0,204028,Tarik Black,1610612747.0,Los Angeles,Lakers,LAL,0,0,,,,,,0,0,,,,,,1
0021501195,432,1,1,4,5:30 PM,5:29,,,Huertas 9' Jump Shot (9 PTS),98 - 108,10,5.0,1626273,Marcelo Huertas,1610612747.0,Los Angeles,Lakers,LAL,0,0,,,,,,0,0,,,,,,1
0021501195,433,1,1,4,5:30 PM,5:08,Ariza  3PT Jump Shot (14 PTS) (Howard 1 AST),,,98 - 111,13,4.0,2772,Trevor Ariza,1610612745.0,Houston,Rockets,HOU,4,2730,Dwight Howard,1610612745.0,Houston,Rockets,HOU,0,0,,,,,,1
0021501195,434,9,2,4,5:31 PM,5:07,,,Lakers Timeout: Short (Reg.4 Short 1),,,3.0,1610612747,,,,,,0,0,,,,,,0,0,,,,,,0
0021501195,435,9,4,4,5:31 PM,5:07,,,,,,1.0,0,,,,,,0,0,,,,,,0,0,,,,,,0
0021501195,437,8,0,4,5:33 PM,5:07,,,SUB: Bryant FOR Nance Jr.,,,5.0,1626204,Larry Nance Jr.,1610612747.0,Los Angeles,Lakers,LAL,5,977,Kobe Bryant,1610612747.0,Los Angeles,Lakers,LAL,0,0,,,,,,0
0021501195,438,8,0,4,5:33 PM,5:07,,,SUB: Russell FOR World Peace,,,5.0,1897,Metta World Peace,1610612747.0,Los Angeles,Lakers,LAL,5,1626156,D'Angelo Russell,1610612747.0,Los Angeles,Lakers,LAL,0,0,,,,,,0
0021501195,439,8,0,4,5:33 PM,5:07,SUB: Motiejunas FOR Smith,,,,,4.0,2746,Josh Smith,1610612745.0,Houston,Rockets,HOU,4,202700,Donatas Motiejunas,1610612745.0,Houston,Rockets,HOU,0,0,,,,,,0
0021501195,440,8,0,4,5:33 PM,5:07,,,SUB: Randle FOR Huertas,,,5.0,1626273,Marcelo Huertas,1610612747.0,Los Angeles,Lakers,LAL,5,203944,Julius Randle,1610612747.0,Los Angeles,Lakers,LAL,0,0,,,,,,0
0021501195,444,8,0,4,5:33 PM,5:07,SUB: Beverley FOR Terry,,,,,4.0,1891,Jason Terry,1610612745.0,Houston,Rockets,HOU,4,201976,Patrick Beverley,1610612745.0,Houston,Rockets,HOU,0,0,,,,,,0
0021501195,441,1,1,4,5:34 PM,4:52,,,Clarkson 26' 3PT Jump Shot (21 PTS) (Bryant 1 AST),101 - 111,10,5.0,203903,Jordan Clarkson,1610612747.0,Los Angeles,Lakers,LAL,5,977,Kobe Bryant,1610612747.0,Los Angeles,Lakers,LAL,0,0,,,,,,1
0021501195,442,1,1,4,5:34 PM,4:30,Beverley 25' 3PT Jump Shot (12 PTS) (Harden 13 AST),,,101 - 114,13,4.0,201976,Patrick Beverley,1610612745.0,Houston,Rockets,HOU,4,201935,James Harden,1610612745.0,Houston,Rockets,HOU,0,0,,,,,,1
0021501195,443,1,1,4,5:34 PM,4:21,,,Russell 25' 3PT Jump Shot (8 PTS),104 - 114,10,5.0,1626156,D'Angelo Russell,1610612747.0,Los Angeles,Lakers,LAL,0,0,,,,,,0,0,,,,,,1
0021501195,445,2,1,4,5:34 PM,4:08,MISS Harden 25' 3PT Jump Shot,,,,,4.0,201935,James Harden,1610612745.0,Houston,Rockets,HOU,0,0,,,,,,0,0,,,,,,1
0021501195,446,4,0,4,5:34 PM,4:07,Beverley REBOUND (Off:2 Def:3),,,,,4.0,201976,Patrick Beverley,1610612745.0,Houston,Rockets,HOU,0,0,,,,,,0,0,,,,,,1
0021501195,447,1,1,4,5:34 PM,4:02,Ariza 24' 3PT Jump Shot (17 PTS) (Beverley 6 AST),,,104 - 117,13,4.0,2772,Trevor Ariza,1610612745.0,Houston,Rockets,HOU,4,201976,Patrick Beverley,1610612745.0,Houston,Rockets,HOU,0,0,,,,,,1
0021501195,448,6,2,4,5:35 PM,3:46,Ariza S.FOUL (P2.T1) (M.Kogut),,,,,4.0,2772,Trevor Ariza,1610612745.0,Houston,Rockets,HOU,5,977,Kobe Bryant,1610612747.0,Los Angeles,Lakers,LAL,1,0,,,,,,1
0021501195,450,3,13,4,5:35 PM,3:46,,,Bryant Free Throw 1 of 3 (30 PTS),105 - 117,12,5.0,977,Kobe Bryant,1610612747.0,Los Angeles,Lakers,LAL,0,0,,,,,,0,0,,,,,,0
0021501195,453,3,14,4,5:35 PM,3:46,,,Bryant Free Throw 2 of 3 (31 PTS),106 - 117,11,5.0,977,Kobe Bryant,1610612747.0,Los Angeles,Lakers,LAL,0,0,,,,,,0,0,,,,,,0
0021501195,456,3,15,4,5:35 PM,3:46,,,Bryant Free Throw 3 of 3 (32 PTS),107 - 117,10,5.0,977,Kobe Bryant,1610612747.0,Los Angeles,Lakers,LAL,0,0,,,,,,0,0,,,,,,0
0021501195,458,1,1,4,5:36 PM,3:31,Beverley 24' 3PT Jump Shot (15 PTS) (Ariza 3 AST),,,107 - 120,13,4.0,201976,Patrick Beverley,1610612745.0,Houston,Rockets,HOU,4,2772,Trevor Ariza,1610612745.0,Houston,Rockets,HOU,0,0,,,,,,1
0021501195,459,2,79,4,5:36 PM,3:18,,,MISS Bryant 25' 3PT Pullup Jump Shot,,,5.0,977,Kobe Bryant,1610612747.0,Los Angeles,Lakers,LAL,0,0,,,,,,0,0,,,,,,1
0021501195,460,4,0,4,5:36 PM,3:16,Beverley REBOUND (Off:2 Def:4),,,,,4.0,201976,Patrick Beverley,1610612745.0,Houston,Rockets,HOU,0,0,,,,,,0,0,,,,,,1
0021501195,461,5,2,4,5:36 PM,3:15,Beverley Lost Ball Turnover (P2.T13),,Bryant STEAL (1 STL),,,4.0,201976,Patrick Beverley,1610612745.0,Houston,Rockets,HOU,5,977,Kobe Bryant,1610612747.0,Los Angeles,Lakers,LAL,0,0,,,,,,1
0021501195,462,6,1,4,5:36 PM,3:14,Beverley P.FOUL (P3.T2) (M.Lindsay),,,,,4.0,201976,Patrick Beverley,1610612745.0,Houston,Rockets,HOU,5,977,Kobe Bryant,1610612747.0,Los Angeles,Lakers,LAL,1,0,,,,,,1
0021501195,463,3,13,4,5:37 PM,3:14,,,Bryant Free Throw 1 of 3 (33 PTS),108 - 120,12,5.0,977,Kobe Bryant,1610612747.0,Los Angeles,Lakers,LAL,0,0,,,,,,0,0,,,,,,0
0021501195,465,3,14,4,5:37 PM,3:14,,,Bryant Free Throw 2 of 3 (34 PTS),109 - 120,11,5.0,977,Kobe Bryant,1610612747.0,Los Angeles,Lakers,LAL,0,0,,,,,,0,0,,,,,,0
0021501195,467,3,15,4,5:37 PM,3:14,,,Bryant Free Throw 3 of 3 (35 PTS),110 - 120,10,5.0,977,Kobe Bryant,1610612747.0,Los Angeles,Lakers,LAL,0,0,,,,,,0,0,,,,,,0
0021501195,470,2,1,4,5:38 PM,3:01,MISS Harden 27' 3PT Jump Shot,,,,,4.0,201935,James Harden,1610612745.0,Houston,Rockets,HOU,0,0,,,,,,0,0,,,,,,1
0021501195,471,4,0,4,5:38 PM,3:00,Motiejunas REBOUND (Off:3 Def:1),,,,,4.0,202700,Donatas Motiejunas,1610612745.0,Houston,Rockets,HOU,0,0,,,,,,0,0,,,,,,1
0021501195,472,5,1,4,5:38 PM,2:59,Motiejunas Bad Pass Turnover (P1.T14),,Bryant STEAL (2 STL),,,4.0,202700,Donatas Motiejunas,1610612745.0,Houston,Rockets,HOU,5,977,Kobe Bryant,1610612747.0,Los Angeles,Lakers,LAL,0,0,,,,,,1
0021501195,473,2,1,4,5:38 PM,2:53,,,MISS Bryant 25' 3PT Jump Shot,,,5.0,977,Kobe Bryant,1610612747.0,Los Angeles,Lakers,LAL,0,0,,,,,,0,0,,,,,,1
0021501195,474,4,0,4,5:38 PM,2:52,Beverley REBOUND (Off:2 Def:5),,,,,4.0,201976,Patrick Beverley,1610612745.0,Houston,Rockets,HOU,0,0,,,,,,0,0,,,,,,1
0021501195,475,6,2,4,5:38 PM,2:48,,,Russell S.FOUL (P2.T3) (M.Lindsay),,,5.0,1626156,D'Angelo Russell,1610612747.0,Los Angeles,Lakers,LAL,4,201935,James Harden,1610612745.0,Houston,Rockets,HOU,1,0,,,,,,1
0021501195,476,9,1,4,5:38 PM,2:48,ROCKETS Timeout: Regular (Full 4 Short 1),,,,,2.0,1610612745,,,,,,0,0,,,,,,0,0,,,,,,0
0021501195,480,3,11,4,5:41 PM,2:48,Harden Free Throw 1 of 2 (37 PTS),,,110 - 121,11,4.0,201935,James Harden,1610612745.0,Houston,Rockets,HOU,0,0,,,,,,0,0,,,,,,0
0021501195,482,3,12,4,5:41 PM,2:48,MISS Harden Free Throw 2 of 2,,,,,4.0,201935,James Harden,1610612745.0,Houston,Rockets,HOU,0,0,,,,,,0,0,,,,,,0
0021501195,485,4,0,4,5:41 PM,2:44,Motiejunas REBOUND (Off:4 Def:1),,,,,4.0,202700,Donatas Motiejunas,1610612745.0,Houston,Rockets,HOU,0,0,,,,,,0,0,,,,,,1
0021501195,484,2,97,4,5:41 PM,2:44,MISS Motiejunas 2' Tip Layup Shot,,,,,4.0,202700,Donatas Motiejunas,1610612745.0,Houston,Rockets,HOU,0,0,,,,,,0,0,,,,,,1
0021501195,486,4,0,4,5:41 PM,2:42,,,Black REBOUND (Off:2 Def:4),,,5.0,204028,Tarik Black,1610612747.0,Los Angeles,Lakers,LAL,0,0,,,,,,0,0,,,,,,1
0021501195,487,6,27,4,5:41 PM,2:34,Howard Personal Block Foul (P3.T3) (M.Kogut),,,,,4.0,2730,Dwight Howard,1610612745.0,Houston,Rockets,HOU,5,1626156,D'Angelo Russell,1610612747.0,Los Angeles,Lakers,LAL,1,0,,,,,,1
0021501195,488,2,1,4,5:42 PM,2:25,Ariza BLOCK (1 BLK),,MISS Russell 14' Jump Shot,,,5.0,1626156,D'Angelo Russell,1610612747.0,Los Angeles,Lakers,LAL,0,0,,,,,,4,2772,Trevor Ariza,1610612745.0,Houston,Rockets,HOU,1
0021501195,489,4,0,4,5:42 PM,2:24,Ariza REBOUND (Off:1 Def:6),,,,,4.0,2772,Trevor Ariza,1610612745.0,Houston,Rockets,HOU,0,0,,,,,,0,0,,,,,,1
0021501195,490,1,7,4,5:42 PM,2:21,Ariza  Dunk (19 PTS),,,110 - 123,13,4.0,2772,Trevor Ariza,1610612745.0,Houston,Rockets,HOU,0,0,,,,,,0,0,,,,,,1
0021501195,491,2,1,4,5:42 PM,2:03,,,MISS Russell 24' 3PT Jump Shot,,,5.0,1626156,D'Angelo Russell,1610612747.0,Los Angeles,Lakers,LAL,0,0,,,,,,0,0,,,,,,1
0021501195,492,4,0,4,5:42 PM,2:03,Howard REBOUND (Off:2 Def:10),,,,,4.0,2730,Dwight Howard,1610612745.0,Houston,Rockets,HOU,0,0,,,,,,0,0,,,,,,1
0021501195,493,2,1,4,5:42 PM,1:56,MISS Harden 25' 3PT Jump Shot,,,,,4.0,201935,James Harden,1610612745.0,Houston,Rockets,HOU,0,0,,,,,,0,0,,,,,,1
0021501195,494,4,0,4,5:42 PM,1:55,,,Black REBOUND (Off:2 Def:5),,,5.0,204028,Tarik Black,1610612747.0,Los Angeles,Lakers,LAL,0,0,,,,,,0,0,,,,,,1
0021501195,495,5,2,4,5:42 PM,1:44,Howard STEAL (2 STL),,Bryant Lost Ball Turnover (P4.T21),,,5.0,977,Kobe Bryant,1610612747.0,Los Angeles,Lakers,LAL,4,2730,Dwight Howard,1610612745.0,Houston,Rockets,HOU,0,0,,,,,,1
0021501195,496,6,29,4,5:42 PM,1:41,,,Randle Shooting Block Foul (P4.T4) (M.Lindsay),,,5.0,203944,Julius Randle,1610612747.0,Los Angeles,Lakers,LAL,4,201976,Patrick Beverley,1610612745.0,Houston,Rockets,HOU,1,0,,,,,,1
0021501195,497,3,11,4,5:43 PM,1:41,Beverley Free Throw 1 of 2 (16 PTS),,,110 - 124,14,4.0,201976,Patrick Beverley,1610612745.0,Houston,Rockets,HOU,0,0,,,,,,0,0,,,,,,0
0021501195,499,8,0,4,5:43 PM,1:41,,,SUB: World Peace FOR Bryant,,,5.0,977,Kobe Bryant,1610612747.0,Los Angeles,Lakers,LAL,5,1897,Metta World Peace,1610612747.0,Los Angeles,Lakers,LAL,0,0,,,,,,0
0021501195,500,8,0,4,5:43 PM,1:41,SUB: McDaniels FOR Ariza,,,,,4.0,2772,Trevor Ariza,1610612745.0,Houston,Rockets,HOU,4,203909,KJ McDaniels,1610612745.0,Houston,Rockets,HOU,0,0,,,,,,0
0021501195,501,3,12,4,5:44 PM,1:41,Beverley Free Throw 2 of 2 (17 PTS),,,110 - 125,15,4.0,201976,Patrick Beverley,1610612745.0,Houston,Rockets,HOU,0,0,,,,,,0,0,,,,,,0
0021501195,503,2,79,4,5:44 PM,1:22,,,MISS Randle 19' Pullup Jump Shot,,,5.0,203944,Julius Randle,1610612747.0,Los Angeles,Lakers,LAL,0,0,,,,,,0,0,,,,,,1
0021501195,504,4,0,4,5:44 PM,1:21,Harden REBOUND (Off:1 Def:3),,,,,4.0,201935,James Harden,1610612745.0,Houston,Rockets,HOU,0,0,,,,,,0,0,,,,,,1
0021501195,505,1,101,4,5:44 PM,1:01,Beverley 7' Driving Floating Jump Shot (19 PTS) (Motiejunas 2 AST),,,110 - 127,17,4.0,201976,Patrick Beverley,1610612745.0,Houston,Rockets,HOU,4,202700,Donatas Motiejunas,1610612745.0,Houston,Rockets,HOU,0,0,,,,,,1
0021501195,506,2,1,4,5:45 PM,0:50,,,MISS World Peace 15' Jump Shot,,,5.0,1897,Metta World Peace,1610612747.0,Los Angeles,Lakers,LAL,0,0,,,,,,0,0,,,,,,1
0021501195,507,4,0,4,5:45 PM,0:49,Howard REBOUND (Off:2 Def:11),,,,,4.0,2730,Dwight Howard,1610612745.0,Houston,Rockets,HOU,0,0,,,,,,0,0,,,,,,1
0021501195,508,1,79,4,5:45 PM,0:38,Harden 28' 3PT Pullup Jump Shot (40 PTS),,,110 - 130,20,4.0,201935,James Harden,1610612745.0,Houston,Rockets,HOU,0,0,,,,,,0,0,,,,,,1
0021501195,509,6,28,4,5:45 PM,0:33,Beverley Personal Take Foul (P4.T4) (T.Brothers),,,,,4.0,201976,Patrick Beverley,1610612745.0,Houston,Rockets,HOU,5,1626156,D'Angelo Russell,1610612747.0,Los Angeles,Lakers,LAL,1,0,,,,,,1
0021501195,510,8,0,4,5:45 PM,0:33,SUB: Capela FOR Howard,,,,,4.0,2730,Dwight Howard,1610612745.0,Houston,Rockets,HOU,4,203991,Clint Capela,1610612745.0,Houston,Rockets,HOU,0,0,,,,,,0
0021501195,511,8,0,4,5:45 PM,0:33,SUB: Goudelock FOR Harden,,,,,4.0,201935,James Harden,1610612745.0,Houston,Rockets,HOU,4,202726,Andrew Goudelock,1610612745.0,Houston,Rockets,HOU,0,0,,,,,,0
0021501195,512,2,1,4,5:45 PM,0:24,,,MISS Randle 26' 3PT Jump Shot,,,5.0,203944,Julius Randle,1610612747.0,Los Angeles,Lakers,LAL,0,0,,,,,,0,0,,,,,,1
0021501195,513,4,0,4,5:45 PM,0:23,ROCKETS Rebound,,,,,2.0,1610612745,,,,,,0,0,,,,,,0,0,,,,,,0
0021501195,515,13,0,4,5:46 PM,0:00,,,,110 - 130,20,0.0,0,,,,,,0,0,,,,,,0,0,,,,,,0
