GAME_ID,EVENTNUM,EVENTMSGTYPE,EVENTMSGACTIONTYPE,PERIOD,WCTIMESTRING,PCTIMESTRING,HOMEDESCRIPTION,NEUTRALDESCRIPTION,VISITORDESCRIPTION,SCORE,SCOREMARGIN,PERSON1TYPE,PLAYER1_ID,PLAYER1_NAME,PLAYER1_TEAM_ID,PLAYER1_TEAM_CITY,PLAYER1_TEAM_NICKNAME,PLAYER1_TEAM_ABBREVIATION,PERSON2TYPE,PLAYER2_ID,PLAYER2_NAME,PLAYER2_TEAM_ID,PLAYER2_TEAM_CITY,PLAYER2_TEAM_NICKNAME,PLAYER2_TEAM_ABBREVIATION,PERSON3TYPE,PLAYER3_ID,PLAYER3_NAME,PLAYER3_TEAM_ID,PLAYER3_TEAM_CITY,PLAYER3_TEAM_NICKNAME,PLAYER3_TEAM_ABBREVIATION,VIDEO_AVAILABLE_FLAG
0021501186,0,12,0,1,9:10 PM,12:00,,,,,,0.0,0,,,,,,0,0,,,,,,0,0,,,,,,0
0021501186,1,10,0,1,9:11 PM,12:00,Jump Ball Nurkic vs. Duncan: Tip to Jokic,,,,,4.0,203994,Jusuf Nurkic,1610612743.0,Denver,Nuggets,DEN,5,1495,Tim Duncan,1610612759.0,San Antonio,Spurs,SAS,4,203999,Nikola Jokic,1610612743.0,Denver,Nuggets,DEN,1
0021501186,2,2,3,1,9:11 PM,11:37,MISS Sampson 4' Hook Shot,,,,,4.0,203960,JaKarr Sampson,1610612743.0,Denver,Nuggets,DEN,0,0,,,,,,0,0,,,,,,1
0021501186,3,4,0,1,9:11 PM,11:36,,,Duncan REBOUND (Off:0 Def:1),,,5.0,1495,Tim Duncan,1610612759.0,San Antonio,Spurs,SAS,0,0,,,,,,0,0,,,,,,1
0021501186,4,5,2,1,9:12 PM,11:20,Mudiay STEAL (1 STL),,A. Miller Lost Ball Turnover (P1.T1),,,5.0,1889,Andre Miller,1610612759.0,San Antonio,Spurs,SAS,4,1626144,Emmanuel Mudiay,1610612743.0,Denver,Nuggets,DEN,0,0,,,,,,1
0021501186,5,2,1,1,9:12 PM,11:08,MISS Jokic 16' Jump Shot,,,,,4.0,203999,Nikola Jokic,1610612743.0,Denver,Nuggets,DEN,0,0,,,,,,0,0,,,,,,1
0021501186,6,4,0,1,9:12 PM,11:06,,,Anderson REBOUND (Off:0 Def:1),,,5.0,203937,Kyle Anderson,1610612759.0,San Antonio,Spurs,SAS,0,0,,,,,,0,0,,,,,,1
0021501186,7,2,1,1,9:12 PM,10:53,,,MISS Duncan 17' Jump Shot,,,5.0,1495,Tim Duncan,1610612759.0,San Antonio,Spurs,SAS,0,0,,,,,,0,0,,,,,,1
0021501186,8,4,0,1,9:12 PM,10:52,Jokic REBOUND (Off:0 Def:1),,,,,4.0,203999,Nikola Jokic,1610612743.0,Denver,Nuggets,DEN,0,0,,,,,,0,0,,,,,,1
0021501186,9,2,3,1,9:12 PM,10:42,MISS Nurkic 7' Hook Shot,,,,,4.0,203994,Jusuf Nurkic,1610612743.0,Denver,Nuggets,DEN,0,0,,,,,,0,0,,,,,,1
0021501186,10,4,0,1,9:12 PM,10:41,Jokic REBOUND (Off:1 Def:1),,,,,4.0,203999,Nikola Jokic,1610612743.0,Denver,Nuggets,DEN,0,0,,,,,,0,0,,,,,,1
0021501186,11,2,5,1,9:12 PM,10:37,MISS Jokic 1' Layup,,,,,4.0,203999,Nikola Jokic,1610612743.0,Denver,Nuggets,DEN,0,0,,,,,,0,0,,,,,,1
0021501186,12,4,0,1,9:12 PM,10:37,,,West REBOUND (Off:0 Def:1),,,5.0,2561,David West,1610612759.0,San Antonio,Spurs,SAS,0,0,,,,,,0,0,,,,,,1
0021501186,13,1,7,1,9:12 PM,10:28,,,West  Dunk (2 PTS) (Anderson 1 AST),2 - 0,-2,5.0,2561,David West,1610612759.0,San Antonio,Spurs,SAS,5,203937,Kyle Anderson,1610612759.0,San Antonio,Spurs,SAS,0,0,,,,,,1
0021501186,14,1,1,1,9:13 PM,10:14,Nurkic 16' Jump Shot (2 PTS) (Mudiay 1 AST),,,2 - 2,TIE,4.0,203994,Jusuf Nurkic,1610612743.0,Denver,Nuggets,DEN,4,1626144,Emmanuel Mudiay,1610612743.0,Denver,Nuggets,DEN,0,0,,,,,,1
0021501186,15,5,2,1,9:13 PM,9:58,Nurkic STEAL (1 STL),,Duncan Lost Ball Turnover (P1.T2),,,5.0,1495,Tim Duncan,1610612759.0,San Antonio,Spurs,SAS,4,203994,Jusuf Nurkic,1610612743.0,Denver,Nuggets,DEN,0,0,,,,,,1
0021501186,16,1,42,1,9:13 PM,9:55,Mudiay 2' Driving Layup (2 PTS),,,2 - 4,2,4.0,1626144,Emmanuel Mudiay,1610612743.0,Denver,Nuggets,DEN,0,0,,,,,,0,0,,,,,,1
0021501186,17,6,2,1,9:13 PM,9:55,,,A. Miller S.FOUL (P1.T1) (K.Mauer),,,5.0,1889,Andre Miller,1610612759.0,San Antonio,Spurs,SAS,4,1626144,Emmanuel Mudiay,1610612743.0,Denver,Nuggets,DEN,1,0,,,,,,1
0021501186,18,3,10,1,9:13 PM,9:55,Mudiay Free Throw 1 of 1 (3 PTS),,,2 - 5,3,4.0,1626144,Emmanuel Mudiay,1610612743.0,Denver,Nuggets,DEN,0,0,,,,,,0,0,,,,,,0
0021501186,20,2,1,1,9:14 PM,9:42,,,MISS West 20' Jump Shot,,,5.0,2561,David West,1610612759.0,San Antonio,Spurs,SAS,0,0,,,,,,0,0,,,,,,1
0021501186,21,4,0,1,9:14 PM,9:41,Sampson REBOUND (Off:0 Def:1),,,,,4.0,203960,JaKarr Sampson,1610612743.0,Denver,Nuggets,DEN,0,0,,,,,,0,0,,,,,,1
0021501186,22,1,1,1,9:14 PM,9:23,Mudiay 19' Jump Shot (5 PTS) (Jokic 1 AST),,,2 - 7,5,4.0,1626144,Emmanuel Mudiay,1610612743.0,Denver,Nuggets,DEN,4,203999,Nikola Jokic,1610612743.0,Denver,Nuggets,DEN,0,0,,,,,,1
0021501186,25,2,42,1,9:15 PM,8:57,Nurkic BLOCK (1 BLK),,MISS Duncan 3' Driving Layup,,,5.0,1495,Tim Duncan,1610612759.0,San Antonio,Spurs,SAS,0,0,,,,,,4,203994,Jusuf Nurkic,1610612743.0,Denver,Nuggets,DEN,1
0021501186,26,4,0,1,9:15 PM,8:55,Jokic REBOUND (Off:1 Def:2),,,,,4.0,203999,Nikola Jokic,1610612743.0,Denver,Nuggets,DEN,0,0,,,,,,0,0,,,,,,1
0021501186,27,2,1,1,9:15 PM,8:41,MISS Mudiay 26' 3PT Jump Shot,,,,,4.0,1626144,Emmanuel Mudiay,1610612743.0,Denver,Nuggets,DEN,0,0,,,,,,0,0,,,,,,1
0021501186,28,4,0,1,9:15 PM,8:40,,,Simmons REBOUND (Off:0 Def:1),,,5.0,203613,Jonathon Simmons,1610612759.0,San Antonio,Spurs,SAS,0,0,,,,,,0,0,,,,,,1
0021501186,29,6,2,1,9:16 PM,8:32,Jokic S.FOUL (P1.T1) (E.Dalen),,,,,4.0,203999,Nikola Jokic,1610612743.0,Denver,Nuggets,DEN,5,2561,David West,1610612759.0,San Antonio,Spurs,SAS,1,0,,,,,,1
0021501186,30,3,11,1,9:16 PM,8:32,,,West Free Throw 1 of 2 (3 PTS),3 - 7,4,5.0,2561,David West,1610612759.0,San Antonio,Spurs,SAS,0,0,,,,,,0,0,,,,,,0
0021501186,32,3,12,1,9:16 PM,8:32,,,West Free Throw 2 of 2 (4 PTS),4 - 7,3,5.0,2561,David West,1610612759.0,San Antonio,Spurs,SAS,0,0,,,,,,0,0,,,,,,0
0021501186,34,1,58,1,9:17 PM,8:15,Nurkic 6' Turnaround Hook Shot (4 PTS),,,4 - 9,5,4.0,203994,Jusuf Nurkic,1610612743.0,Denver,Nuggets,DEN,0,0,,,,,,0,0,,,,,,1
0021501186,35,1,5,1,9:17 PM,8:04,,,West 2' Layup (6 PTS) (Anderson 2 AST),6 - 9,3,5.0,2561,David West,1610612759.0,San Antonio,Spurs,SAS,5,203937,Kyle Anderson,1610612759.0,San Antonio,Spurs,SAS,0,0,,,,,,1
0021501186,37,2,1,1,9:17 PM,7:41,MISS Harris 26' 3PT Jump Shot,,,,,4.0,203914,Gary Harris,1610612743.0,Denver,Nuggets,DEN,0,0,,,,,,0,0,,,,,,1
0021501186,38,4,0,1,9:17 PM,7:40,Jokic REBOUND (Off:2 Def:2),,,,,4.0,203999,Nikola Jokic,1610612743.0,Denver,Nuggets,DEN,0,0,,,,,,0,0,,,,,,1
0021501186,39,1,78,1,9:18 PM,7:33,Sampson 5' Floating Jump Shot (2 PTS),,,6 - 11,5,4.0,203960,JaKarr Sampson,1610612743.0,Denver,Nuggets,DEN,0,0,,,,,,0,0,,,,,,1
0021501186,40,2,1,1,9:18 PM,7:15,,,MISS West 21' Jump Shot,,,5.0,2561,David West,1610612759.0,San Antonio,Spurs,SAS,0,0,,,,,,0,0,,,,,,1
0021501186,41,4,0,1,9:18 PM,7:15,Harris REBOUND (Off:0 Def:1),,,,,4.0,203914,Gary Harris,1610612743.0,Denver,Nuggets,DEN,0,0,,,,,,0,0,,,,,,1
0021501186,42,2,1,1,9:18 PM,7:07,MISS Nurkic 21' Jump Shot,,,,,4.0,203994,Jusuf Nurkic,1610612743.0,Denver,Nuggets,DEN,0,0,,,,,,0,0,,,,,,1
0021501186,43,4,0,1,9:18 PM,7:06,,,A. Miller REBOUND (Off:0 Def:1),,,5.0,1889,Andre Miller,1610612759.0,San Antonio,Spurs,SAS,0,0,,,,,,0,0,,,,,,1
0021501186,44,2,42,1,9:18 PM,6:48,,,MISS West 3' Driving Layup,,,5.0,2561,David West,1610612759.0,San Antonio,Spurs,SAS,0,0,,,,,,0,0,,,,,,1
0021501186,45,4,0,1,9:18 PM,6:47,Nurkic REBOUND (Off:0 Def:1),,,,,4.0,203994,Jusuf Nurkic,1610612743.0,Denver,Nuggets,DEN,0,0,,,,,,0,0,,,,,,1
0021501186,46,5,2,1,9:18 PM,6:42,Mudiay Lost Ball Turnover (P1.T1),,A. Miller STEAL (1 STL),,,4.0,1626144,Emmanuel Mudiay,1610612743.0,Denver,Nuggets,DEN,5,1889,Andre Miller,1610612759.0,San Antonio,Spurs,SAS,0,0,,,,,,1
0021501186,48,2,78,1,9:19 PM,6:36,,,MISS Anderson 8' Floating Jump Shot,,,5.0,203937,Kyle Anderson,1610612759.0,San Antonio,Spurs,SAS,0,0,,,,,,0,0,,,,,,1
0021501186,49,4,0,1,9:19 PM,6:35,,,Anderson REBOUND (Off:1 Def:1),,,5.0,203937,Kyle Anderson,1610612759.0,San Antonio,Spurs,SAS,0,0,,,,,,0,0,,,,,,1
0021501186,50,2,78,1,9:19 PM,6:30,,,MISS Anderson 7' Floating Jump Shot,,,5.0,203937,Kyle Anderson,1610612759.0,San Antonio,Spurs,SAS,0,0,,,,,,0,0,,,,,,1
0021501186,51,4,0,1,9:19 PM,6:30,Jokic REBOUND (Off:2 Def:3),,,,,4.0,203999,Nikola Jokic,1610612743.0,Denver,Nuggets,DEN,0,0,,,,,,0,0,,,,,,1
0021501186,52,2,5,1,9:19 PM,6:22,MISS Nurkic 2' Layup,,Duncan BLOCK (1 BLK),,,4.0,203994,Jusuf Nurkic,1610612743.0,Denver,Nuggets,DEN,0,0,,,,,,5,1495,Tim Duncan,1610612759.0,San Antonio,Spurs,SAS,1
0021501186,53,4,0,1,9:19 PM,6:21,,,West REBOUND (Off:0 Def:2),,,5.0,2561,David West,1610612759.0,San Antonio,Spurs,SAS,0,0,,,,,,0,0,,,,,,1
0021501186,54,2,5,1,9:19 PM,6:12,,,MISS Duncan 2' Layup,,,5.0,1495,Tim Duncan,1610612759.0,San Antonio,Spurs,SAS,0,0,,,,,,0,0,,,,,,1
0021501186,56,4,0,1,9:19 PM,6:11,,,Duncan REBOUND (Off:1 Def:1),,,5.0,1495,Tim Duncan,1610612759.0,San Antonio,Spurs,SAS,0,0,,,,,,0,0,,,,,,1
0021501186,57,1,3,1,9:19 PM,6:11,,,Duncan 2' Hook Shot (2 PTS),8 - 11,3,5.0,1495,Tim Duncan,1610612759.0,San Antonio,Spurs,SAS,0,0,,,,,,0,0,,,,,,1
0021501186,58,9,1,1,9:20 PM,6:11,NUGGETS Timeout: Regular (Full 1 Short 0),,,,,2.0,1610612743,,,,,,0,0,,,,,,0,0,,,,,,0
0021501186,60,8,0,1,9:21 PM,6:11,,,SUB: Marjanovic FOR Duncan,,,5.0,1495,Tim Duncan,1610612759.0,San Antonio,Spurs,SAS,5,1626246,Boban Marjanovic,1610612759.0,San Antonio,Spurs,SAS,0,0,,,,,,0
0021501186,61,1,42,1,9:22 PM,5:50,Mudiay 1' Driving Layup (7 PTS) (Jokic 2 AST),,,8 - 13,5,4.0,1626144,Emmanuel Mudiay,1610612743.0,Denver,Nuggets,DEN,4,203999,Nikola Jokic,1610612743.0,Denver,Nuggets,DEN,0,0,,,,,,1
0021501186,62,2,1,1,9:22 PM,5:28,,,MISS A. Miller 15' Jump Shot,,,5.0,1889,Andre Miller,1610612759.0,San Antonio,Spurs,SAS,0,0,,,,,,0,0,,,,,,1
0021501186,63,4,0,1,9:23 PM,5:27,Nurkic REBOUND (Off:0 Def:2),,,,,4.0,203994,Jusuf Nurkic,1610612743.0,Denver,Nuggets,DEN,0,0,,,,,,0,0,,,,,,1
0021501186,64,6,1,1,9:23 PM,5:20,,,West P.FOUL (P1.T2) (E.Dalen),,,5.0,2561,David West,1610612759.0,San Antonio,Spurs,SAS,4,203999,Nikola Jokic,1610612743.0,Denver,Nuggets,DEN,1,0,,,,,,1
0021501186,65,8,0,1,9:23 PM,5:20,,,SUB: Mills FOR Simmons,,,5.0,203613,Jonathon Simmons,1610612759.0,San Antonio,Spurs,SAS,5,201988,Patty Mills,1610612759.0,San Antonio,Spurs,SAS,0,0,,,,,,0
0021501186,66,8,0,1,9:23 PM,5:20,,,SUB: Martin FOR A. Miller,,,5.0,1889,Andre Miller,1610612759.0,San Antonio,Spurs,SAS,5,2755,Kevin Martin,1610612759.0,San Antonio,Spurs,SAS,0,0,,,,,,0
0021501186,67,2,47,1,9:23 PM,5:06,MISS Mudiay 11' Turnaround Jump Shot,,,,,4.0,1626144,Emmanuel Mudiay,1610612743.0,Denver,Nuggets,DEN,0,0,,,,,,0,0,,,,,,1
0021501186,68,4,0,1,9:23 PM,5:05,,,Marjanovic REBOUND (Off:0 Def:1),,,5.0,1626246,Boban Marjanovic,1610612759.0,San Antonio,Spurs,SAS,0,0,,,,,,0,0,,,,,,1
0021501186,69,2,1,1,9:23 PM,4:53,,,MISS Martin 16' Jump Shot,,,5.0,2755,Kevin Martin,1610612759.0,San Antonio,Spurs,SAS,0,0,,,,,,0,0,,,,,,1
0021501186,70,4,0,1,9:23 PM,4:52,Harris REBOUND (Off:0 Def:2),,,,,4.0,203914,Gary Harris,1610612743.0,Denver,Nuggets,DEN,0,0,,,,,,0,0,,,,,,1
0021501186,71,1,42,1,9:24 PM,4:47,Harris 2' Driving Layup (2 PTS),,,8 - 15,7,4.0,203914,Gary Harris,1610612743.0,Denver,Nuggets,DEN,0,0,,,,,,0,0,,,,,,1
0021501186,72,2,1,1,9:24 PM,4:30,,,MISS Mills 15' Jump Shot,,,5.0,201988,Patty Mills,1610612759.0,San Antonio,Spurs,SAS,0,0,,,,,,0,0,,,,,,1
0021501186,73,4,0,1,9:24 PM,4:29,Mudiay REBOUND (Off:0 Def:1),,,,,4.0,1626144,Emmanuel Mudiay,1610612743.0,Denver,Nuggets,DEN,0,0,,,,,,0,0,,,,,,1
0021501186,74,5,1,1,9:24 PM,4:24,Mudiay Bad Pass Turnover (P2.T2),,Mills STEAL (1 STL),,,4.0,1626144,Emmanuel Mudiay,1610612743.0,Denver,Nuggets,DEN,5,201988,Patty Mills,1610612759.0,San Antonio,Spurs,SAS,0,0,,,,,,1
0021501186,75,2,1,1,9:24 PM,4:17,,,MISS Martin 25' 3PT Jump Shot,,,5.0,2755,Kevin Martin,1610612759.0,San Antonio,Spurs,SAS,0,0,,,,,,0,0,,,,,,1
0021501186,76,4,0,1,9:24 PM,4:16,Mudiay REBOUND (Off:0 Def:2),,,,,4.0,1626144,Emmanuel Mudiay,1610612743.0,Denver,Nuggets,DEN,0,0,,,,,,0,0,,,,,,1
0021501186,77,2,5,1,9:24 PM,4:11,MISS Jokic 2' Layup,,,,,4.0,203999,Nikola Jokic,1610612743.0,Denver,Nuggets,DEN,0,0,,,,,,0,0,,,,,,1
0021501186,78,4,0,1,9:24 PM,4:09,,,West REBOUND (Off:0 Def:3),,,5.0,2561,David West,1610612759.0,San Antonio,Spurs,SAS,0,0,,,,,,0,0,,,,,,1
0021501186,79,5,1,1,9:24 PM,4:02,Sampson STEAL (1 STL),,Anderson Bad Pass Turnover (P1.T3),,,5.0,203937,Kyle Anderson,1610612759.0,San Antonio,Spurs,SAS,4,203960,JaKarr Sampson,1610612743.0,Denver,Nuggets,DEN,0,0,,,,,,1
0021501186,80,6,4,1,9:24 PM,3:56,Harris OFF.Foul (P1) (K.Mauer),,,,,4.0,203914,Gary Harris,1610612743.0,Denver,Nuggets,DEN,5,2755,Kevin Martin,1610612759.0,San Antonio,Spurs,SAS,1,0,,,,,,1
0021501186,81,5,5,1,9:24 PM,3:56,Harris Foul Turnover (P1.T3),,,,,4.0,203914,Gary Harris,1610612743.0,Denver,Nuggets,DEN,0,0,,,,,,1,0,,,,,,1
0021501186,82,8,0,1,9:25 PM,3:56,SUB: Lauvergne FOR Sampson,,,,,4.0,203960,JaKarr Sampson,1610612743.0,Denver,Nuggets,DEN,4,203530,Joffrey Lauvergne,1610612743.0,Denver,Nuggets,DEN,0,0,,,,,,0
0021501186,83,8,0,1,9:25 PM,3:56,SUB: Barton FOR Nurkic,,,,,4.0,203994,Jusuf Nurkic,1610612743.0,Denver,Nuggets,DEN,4,203115,Will Barton,1610612743.0,Denver,Nuggets,DEN,0,0,,,,,,0
0021501186,84,8,0,1,9:25 PM,3:56,,,SUB: Bonner FOR West,,,5.0,2561,David West,1610612759.0,San Antonio,Spurs,SAS,5,2588,Matt Bonner,1610612759.0,San Antonio,Spurs,SAS,0,0,,,,,,0
0021501186,85,2,5,1,9:25 PM,3:43,Lauvergne BLOCK (1 BLK),,MISS Mills 1' Layup,,,5.0,201988,Patty Mills,1610612759.0,San Antonio,Spurs,SAS,0,0,,,,,,4,203530,Joffrey Lauvergne,1610612743.0,Denver,Nuggets,DEN,1
0021501186,86,4,0,1,9:25 PM,3:38,Jokic REBOUND (Off:2 Def:4),,,,,4.0,203999,Nikola Jokic,1610612743.0,Denver,Nuggets,DEN,0,0,,,,,,0,0,,,,,,1
0021501186,87,1,1,1,9:25 PM,3:33,Lauvergne 19' Jump Shot (2 PTS),,,8 - 17,9,4.0,203530,Joffrey Lauvergne,1610612743.0,Denver,Nuggets,DEN,0,0,,,,,,0,0,,,,,,1
0021501186,88,1,1,1,9:25 PM,3:15,,,Marjanovic 16' Jump Shot (2 PTS) (Mills 1 AST),10 - 17,7,5.0,1626246,Boban Marjanovic,1610612759.0,San Antonio,Spurs,SAS,5,201988,Patty Mills,1610612759.0,San Antonio,Spurs,SAS,0,0,,,,,,1
0021501186,89,1,1,1,9:26 PM,3:02,Mudiay 18' Jump Shot (9 PTS),,,10 - 19,9,4.0,1626144,Emmanuel Mudiay,1610612743.0,Denver,Nuggets,DEN,0,0,,,,,,0,0,,,,,,1
0021501186,90,2,1,1,9:26 PM,2:43,,,MISS Bonner 25' 3PT Jump Shot,,,5.0,2588,Matt Bonner,1610612759.0,San Antonio,Spurs,SAS,0,0,,,,,,0,0,,,,,,1
0021501186,91,4,0,1,9:26 PM,2:42,Lauvergne REBOUND (Off:0 Def:1),,,,,4.0,203530,Joffrey Lauvergne,1610612743.0,Denver,Nuggets,DEN,0,0,,,,,,0,0,,,,,,1
0021501186,92,5,1,1,9:26 PM,2:40,Lauvergne Bad Pass Turnover (P1.T4),,Martin STEAL (1 STL),,,4.0,203530,Joffrey Lauvergne,1610612743.0,Denver,Nuggets,DEN,5,2755,Kevin Martin,1610612759.0,San Antonio,Spurs,SAS,0,0,,,,,,1
0021501186,93,1,1,1,9:26 PM,2:34,,,Martin 19' Jump Shot (2 PTS),12 - 19,7,5.0,2755,Kevin Martin,1610612759.0,San Antonio,Spurs,SAS,0,0,,,,,,0,0,,,,,,1
0021501186,95,1,1,1,9:26 PM,2:20,Mudiay 25' 3PT Jump Shot (12 PTS),,,12 - 22,10,4.0,1626144,Emmanuel Mudiay,1610612743.0,Denver,Nuggets,DEN,0,0,,,,,,0,0,,,,,,1
0021501186,96,2,85,1,9:27 PM,1:58,,,MISS Marjanovic 12' Turnaround Bank Shot,,,5.0,1626246,Boban Marjanovic,1610612759.0,San Antonio,Spurs,SAS,0,0,,,,,,0,0,,,,,,1
0021501186,97,4,0,1,9:27 PM,1:57,Jokic REBOUND (Off:2 Def:5),,,,,4.0,203999,Nikola Jokic,1610612743.0,Denver,Nuggets,DEN,0,0,,,,,,0,0,,,,,,1
0021501186,98,5,8,1,9:27 PM,1:49,Lauvergne 3 Second Violation Turnover (P2.T5),,,,,4.0,203530,Joffrey Lauvergne,1610612743.0,Denver,Nuggets,DEN,0,0,,,,,,1,0,,,,,,1
0021501186,99,9,1,1,9:27 PM,1:49,,,Spurs Timeout: Regular (Reg.1 Short 0),,,3.0,1610612759,,,,,,0,0,,,,,,0,0,,,,,,0
0021501186,102,8,0,1,9:29 PM,1:49,SUB: Toupane FOR Mudiay,,,,,4.0,1626144,Emmanuel Mudiay,1610612743.0,Denver,Nuggets,DEN,4,1626253,Axel Toupane,1610612743.0,Denver,Nuggets,DEN,0,0,,,,,,0
0021501186,101,8,0,1,9:29 PM,1:49,SUB: Augustin FOR Jokic,,,,,4.0,203999,Nikola Jokic,1610612743.0,Denver,Nuggets,DEN,4,201571,D.J. Augustin,1610612743.0,Denver,Nuggets,DEN,0,0,,,,,,0
0021501186,103,8,0,1,9:29 PM,1:49,,,SUB: Simmons FOR Anderson,,,5.0,203937,Kyle Anderson,1610612759.0,San Antonio,Spurs,SAS,5,203613,Jonathon Simmons,1610612759.0,San Antonio,Spurs,SAS,0,0,,,,,,0
0021501186,104,1,1,1,9:30 PM,1:38,,,Marjanovic 12' Jump Shot (4 PTS) (Mills 2 AST),14 - 22,8,5.0,1626246,Boban Marjanovic,1610612759.0,San Antonio,Spurs,SAS,5,201988,Patty Mills,1610612759.0,San Antonio,Spurs,SAS,0,0,,,,,,1
0021501186,105,2,1,1,9:30 PM,1:14,MISS Lauvergne 19' Jump Shot,,,,,4.0,203530,Joffrey Lauvergne,1610612743.0,Denver,Nuggets,DEN,0,0,,,,,,0,0,,,,,,1
0021501186,106,4,0,1,9:30 PM,1:13,,,Martin REBOUND (Off:0 Def:1),,,5.0,2755,Kevin Martin,1610612759.0,San Antonio,Spurs,SAS,0,0,,,,,,0,0,,,,,,1
0021501186,107,6,1,1,9:30 PM,1:09,Harris P.FOUL (P2.T2) (K.Mauer),,,,,4.0,203914,Gary Harris,1610612743.0,Denver,Nuggets,DEN,5,2755,Kevin Martin,1610612759.0,San Antonio,Spurs,SAS,1,0,,,,,,1
0021501186,108,1,42,1,9:31 PM,1:00,,,Simmons 3' Driving Layup (2 PTS),16 - 22,6,5.0,203613,Jonathon Simmons,1610612759.0,San Antonio,Spurs,SAS,0,0,,,,,,0,0,,,,,,1
0021501186,109,2,1,1,9:31 PM,0:39,MISS Barton 5' Jump Shot,,Marjanovic BLOCK (1 BLK),,,4.0,203115,Will Barton,1610612743.0,Denver,Nuggets,DEN,0,0,,,,,,5,1626246,Boban Marjanovic,1610612759.0,San Antonio,Spurs,SAS,1
0021501186,110,4,0,1,9:31 PM,0:38,,,Mills REBOUND (Off:0 Def:1),,,5.0,201988,Patty Mills,1610612759.0,San Antonio,Spurs,SAS,0,0,,,,,,0,0,,,,,,1
0021501186,111,1,42,1,9:31 PM,0:36,,,Mills 3' Driving Layup (2 PTS),18 - 22,4,5.0,201988,Patty Mills,1610612759.0,San Antonio,Spurs,SAS,0,0,,,,,,0,0,,,,,,1
0021501186,112,9,1,1,9:31 PM,0:36,NUGGETS Timeout: Regular (Full 2 Short 0),,,,,2.0,1610612743,,,,,,0,0,,,,,,0,0,,,,,,0
0021501186,114,8,0,1,9:33 PM,0:36,SUB: Miller FOR Harris,,,,,4.0,203914,Gary Harris,1610612743.0,Denver,Nuggets,DEN,4,2034,Mike Miller,1610612743.0,Denver,Nuggets,DEN,0,0,,,,,,0
0021501186,116,1,42,1,9:33 PM,0:22,Augustin 2' Driving Layup (2 PTS) (Miller 1 AST),,,18 - 24,6,4.0,201571,D.J. Augustin,1610612743.0,Denver,Nuggets,DEN,4,2034,Mike Miller,1610612743.0,Denver,Nuggets,DEN,0,0,,,,,,1
0021501186,117,2,42,1,9:34 PM,0:01,,,MISS Martin 3' Driving Layup,,,5.0,2755,Kevin Martin,1610612759.0,San Antonio,Spurs,SAS,0,0,,,,,,0,0,,,,,,1
0021501186,118,4,0,1,9:34 PM,0:00,Miller REBOUND (Off:0 Def:1),,,,,4.0,2034,Mike Miller,1610612743.0,Denver,Nuggets,DEN,0,0,,,,,,0,0,,,,,,1
0021501186,119,13,0,1,9:34 PM,0:00,,,,18 - 24,6,0.0,0,,,,,,0,0,,,,,,0,0,,,,,,0
0021501186,121,12,0,2,9:37 PM,12:00,,,,18 - 24,6,0.0,0,,,,,,0,0,,,,,,0,0,,,,,,0
0021501186,122,2,47,2,9:37 PM,11:42,,,MISS Marjanovic 14' Turnaround Jump Shot,,,5.0,1626246,Boban Marjanovic,1610612759.0,San Antonio,Spurs,SAS,0,0,,,,,,0,0,,,,,,1
0021501186,123,4,0,2,9:37 PM,11:41,Miller REBOUND (Off:0 Def:2),,,,,4.0,2034,Mike Miller,1610612743.0,Denver,Nuggets,DEN,0,0,,,,,,0,0,,,,,,1
0021501186,124,2,1,2,9:37 PM,11:23,MISS Miller 27' 3PT Jump Shot,,,,,4.0,2034,Mike Miller,1610612743.0,Denver,Nuggets,DEN,0,0,,,,,,0,0,,,,,,1
0021501186,125,4,0,2,9:37 PM,11:22,,,Marjanovic REBOUND (Off:0 Def:2),,,5.0,1626246,Boban Marjanovic,1610612759.0,San Antonio,Spurs,SAS,0,0,,,,,,0,0,,,,,,1
0021501186,126,1,1,2,9:37 PM,11:16,,,Martin 24' 3PT Jump Shot (5 PTS) (Mills 3 AST),21 - 24,3,5.0,2755,Kevin Martin,1610612759.0,San Antonio,Spurs,SAS,5,201988,Patty Mills,1610612759.0,San Antonio,Spurs,SAS,0,0,,,,,,1
0021501186,127,1,5,2,9:38 PM,11:00,Barton 3' Layup (2 PTS),,,21 - 26,5,4.0,203115,Will Barton,1610612743.0,Denver,Nuggets,DEN,0,0,,,,,,0,0,,,,,,1
0021501186,128,6,1,2,9:38 PM,10:40,Lauvergne P.FOUL (P1.T1) (K.Mauer),,,,,4.0,203530,Joffrey Lauvergne,1610612743.0,Denver,Nuggets,DEN,5,1626246,Boban Marjanovic,1610612759.0,San Antonio,Spurs,SAS,1,0,,,,,,1
0021501186,129,5,2,2,9:39 PM,10:31,Barton STEAL (1 STL),,Martin Lost Ball Turnover (P1.T4),,,5.0,2755,Kevin Martin,1610612759.0,San Antonio,Spurs,SAS,4,203115,Will Barton,1610612743.0,Denver,Nuggets,DEN,0,0,,,,,,1
0021501186,130,6,2,2,9:39 PM,10:26,,,Simmons S.FOUL (P1.T1) (K.Mauer),,,5.0,203613,Jonathon Simmons,1610612759.0,San Antonio,Spurs,SAS,4,203530,Joffrey Lauvergne,1610612743.0,Denver,Nuggets,DEN,1,0,,,,,,1
0021501186,131,3,11,2,9:39 PM,10:26,Lauvergne Free Throw 1 of 2 (3 PTS),,,21 - 27,6,4.0,203530,Joffrey Lauvergne,1610612743.0,Denver,Nuggets,DEN,0,0,,,,,,0,0,,,,,,0
0021501186,133,3,12,2,9:39 PM,10:26,Lauvergne Free Throw 2 of 2 (4 PTS),,,21 - 28,7,4.0,203530,Joffrey Lauvergne,1610612743.0,Denver,Nuggets,DEN,0,0,,,,,,0,0,,,,,,0
0021501186,135,6,2,2,9:40 PM,10:16,Toupane S.FOUL (P1.T2) (K.Mauer),,,,,4.0,1626253,Axel Toupane,1610612743.0,Denver,Nuggets,DEN,5,2755,Kevin Martin,1610612759.0,San Antonio,Spurs,SAS,1,0,,,,,,1
0021501186,136,3,11,2,9:40 PM,10:16,,,Martin Free Throw 1 of 2 (6 PTS),22 - 28,6,5.0,2755,Kevin Martin,1610612759.0,San Antonio,Spurs,SAS,0,0,,,,,,0,0,,,,,,0
0021501186,138,3,12,2,9:40 PM,10:16,,,Martin Free Throw 2 of 2 (7 PTS),23 - 28,5,5.0,2755,Kevin Martin,1610612759.0,San Antonio,Spurs,SAS,0,0,,,,,,0,0,,,,,,0
0021501186,140,1,5,2,9:40 PM,10:03,Barton 2' Layup (4 PTS) (Lauvergne 1 AST),,,23 - 30,7,4.0,203115,Will Barton,1610612743.0,Denver,Nuggets,DEN,4,203530,Joffrey Lauvergne,1610612743.0,Denver,Nuggets,DEN,0,0,,,,,,1
0021501186,141,2,1,2,9:41 PM,9:44,,,MISS Mills 16' Jump Shot,,,5.0,201988,Patty Mills,1610612759.0,San Antonio,Spurs,SAS,0,0,,,,,,0,0,,,,,,1
0021501186,142,4,0,2,9:41 PM,9:44,,,Marjanovic REBOUND (Off:1 Def:2),,,5.0,1626246,Boban Marjanovic,1610612759.0,San Antonio,Spurs,SAS,0,0,,,,,,0,0,,,,,,1
0021501186,143,1,5,2,9:41 PM,9:41,,,Marjanovic 2' Layup (6 PTS),25 - 30,5,5.0,1626246,Boban Marjanovic,1610612759.0,San Antonio,Spurs,SAS,0,0,,,,,,0,0,,,,,,1
0021501186,144,6,4,2,9:41 PM,9:32,Lauvergne OFF.Foul (P2) (G.Zielinski),,,,,4.0,203530,Joffrey Lauvergne,1610612743.0,Denver,Nuggets,DEN,5,201988,Patty Mills,1610612759.0,San Antonio,Spurs,SAS,1,0,,,,,,1
0021501186,145,5,5,2,9:41 PM,9:32,Lauvergne Foul Turnover (P3.T6),,,,,4.0,203530,Joffrey Lauvergne,1610612743.0,Denver,Nuggets,DEN,0,0,,,,,,1,0,,,,,,1
0021501186,146,8,0,2,9:41 PM,9:32,,,SUB: Duncan FOR Marjanovic,,,5.0,1626246,Boban Marjanovic,1610612759.0,San Antonio,Spurs,SAS,5,1495,Tim Duncan,1610612759.0,San Antonio,Spurs,SAS,0,0,,,,,,0
0021501186,147,8,0,2,9:42 PM,9:29,,,SUB: Anderson FOR Simmons,,,5.0,203613,Jonathon Simmons,1610612759.0,San Antonio,Spurs,SAS,5,203937,Kyle Anderson,1610612759.0,San Antonio,Spurs,SAS,0,0,,,,,,0
0021501186,152,8,0,2,9:42 PM,9:29,SUB: Nurkic FOR Lauvergne,,,,,4.0,203530,Joffrey Lauvergne,1610612743.0,Denver,Nuggets,DEN,4,203994,Jusuf Nurkic,1610612743.0,Denver,Nuggets,DEN,0,0,,,,,,0
0021501186,148,2,1,2,9:42 PM,9:10,,,MISS Mills 19' Jump Shot,,,5.0,201988,Patty Mills,1610612759.0,San Antonio,Spurs,SAS,0,0,,,,,,0,0,,,,,,1
0021501186,149,4,0,2,9:42 PM,9:10,Nurkic REBOUND (Off:0 Def:3),,,,,4.0,203994,Jusuf Nurkic,1610612743.0,Denver,Nuggets,DEN,0,0,,,,,,0,0,,,,,,1
0021501186,150,2,1,2,9:42 PM,9:02,MISS Augustin 11' Jump Shot,,,,,4.0,201571,D.J. Augustin,1610612743.0,Denver,Nuggets,DEN,0,0,,,,,,0,0,,,,,,1
0021501186,151,4,0,2,9:42 PM,9:01,,,Martin REBOUND (Off:0 Def:2),,,5.0,2755,Kevin Martin,1610612759.0,San Antonio,Spurs,SAS,0,0,,,,,,0,0,,,,,,1
0021501186,153,2,1,2,9:42 PM,8:48,,,MISS Bonner 24' 3PT Jump Shot,,,5.0,2588,Matt Bonner,1610612759.0,San Antonio,Spurs,SAS,0,0,,,,,,0,0,,,,,,1
0021501186,154,4,0,2,9:42 PM,8:47,Barton REBOUND (Off:0 Def:1),,,,,4.0,203115,Will Barton,1610612743.0,Denver,Nuggets,DEN,0,0,,,,,,0,0,,,,,,1
0021501186,155,6,2,2,9:42 PM,8:39,,,Anderson S.FOUL (P1.T2) (E.Dalen),,,5.0,203937,Kyle Anderson,1610612759.0,San Antonio,Spurs,SAS,4,1626253,Axel Toupane,1610612743.0,Denver,Nuggets,DEN,1,0,,,,,,1
0021501186,156,9,4,2,9:43 PM,8:39,,,,,,1.0,0,,,,,,0,0,,,,,,0,0,,,,,,0
0021501186,158,8,0,2,9:44 PM,8:39,,,SUB: A. Miller FOR Mills,,,5.0,201988,Patty Mills,1610612759.0,San Antonio,Spurs,SAS,5,1889,Andre Miller,1610612759.0,San Antonio,Spurs,SAS,0,0,,,,,,0
0021501186,160,3,11,2,9:45 PM,8:39,Toupane Free Throw 1 of 2 (1 PTS),,,25 - 31,6,4.0,1626253,Axel Toupane,1610612743.0,Denver,Nuggets,DEN,0,0,,,,,,0,0,,,,,,0
0021501186,162,3,12,2,9:45 PM,8:39,Toupane Free Throw 2 of 2 (2 PTS),,,25 - 32,7,4.0,1626253,Axel Toupane,1610612743.0,Denver,Nuggets,DEN,0,0,,,,,,0,0,,,,,,0
0021501186,164,1,47,2,9:45 PM,8:21,,,A. Miller 11' Turnaround Jump Shot (2 PTS),27 - 32,5,5.0,1889,Andre Miller,1610612759.0,San Antonio,Spurs,SAS,0,0,,,,,,0,0,,,,,,1
0021501186,165,5,2,2,9:46 PM,8:03,Nurkic Lost Ball Turnover (P1.T7),,A. Miller STEAL (2 STL),,,4.0,203994,Jusuf Nurkic,1610612743.0,Denver,Nuggets,DEN,5,1889,Andre Miller,1610612759.0,San Antonio,Spurs,SAS,0,0,,,,,,1
0021501186,166,2,5,2,9:46 PM,7:49,Toupane BLOCK (1 BLK),,MISS A. Miller 3' Layup,,,5.0,1889,Andre Miller,1610612759.0,San Antonio,Spurs,SAS,0,0,,,,,,4,1626253,Axel Toupane,1610612743.0,Denver,Nuggets,DEN,1
0021501186,167,4,0,2,9:46 PM,7:48,Toupane REBOUND (Off:0 Def:1),,,,,4.0,1626253,Axel Toupane,1610612743.0,Denver,Nuggets,DEN,0,0,,,,,,0,0,,,,,,1
0021501186,168,2,1,2,9:46 PM,7:40,MISS Barton 13' Jump Shot,,,,,4.0,203115,Will Barton,1610612743.0,Denver,Nuggets,DEN,0,0,,,,,,0,0,,,,,,1
0021501186,169,4,0,2,9:46 PM,7:39,,,Bonner REBOUND (Off:0 Def:1),,,5.0,2588,Matt Bonner,1610612759.0,San Antonio,Spurs,SAS,0,0,,,,,,0,0,,,,,,1
0021501186,170,1,1,2,9:46 PM,7:32,,,Martin 25' 3PT Jump Shot (10 PTS),30 - 32,2,5.0,2755,Kevin Martin,1610612759.0,San Antonio,Spurs,SAS,0,0,,,,,,0,0,,,,,,1
0021501186,171,2,1,2,9:47 PM,7:16,MISS Miller 25' 3PT Jump Shot,,,,,4.0,2034,Mike Miller,1610612743.0,Denver,Nuggets,DEN,0,0,,,,,,0,0,,,,,,1
0021501186,172,4,0,2,9:47 PM,7:15,,,Bonner REBOUND (Off:0 Def:2),,,5.0,2588,Matt Bonner,1610612759.0,San Antonio,Spurs,SAS,0,0,,,,,,0,0,,,,,,1
0021501186,173,1,58,2,9:47 PM,6:59,,,Anderson  Turnaround Hook Shot (2 PTS),32 - 32,TIE,5.0,203937,Kyle Anderson,1610612759.0,San Antonio,Spurs,SAS,0,0,,,,,,0,0,,,,,,1
0021501186,174,2,1,2,9:47 PM,6:43,MISS Toupane 19' Jump Shot,,,,,4.0,1626253,Axel Toupane,1610612743.0,Denver,Nuggets,DEN,0,0,,,,,,0,0,,,,,,1
0021501186,175,4,0,2,9:47 PM,6:43,,,Bonner REBOUND (Off:0 Def:3),,,5.0,2588,Matt Bonner,1610612759.0,San Antonio,Spurs,SAS,0,0,,,,,,0,0,,,,,,1
0021501186,176,1,1,2,9:47 PM,6:33,,,A. Miller 14' Jump Shot (4 PTS),34 - 32,-2,5.0,1889,Andre Miller,1610612759.0,San Antonio,Spurs,SAS,0,0,,,,,,0,0,,,,,,1
0021501186,177,9,1,2,9:47 PM,6:33,NUGGETS Timeout: Regular (Full 3 Short 0),,,,,2.0,1610612743,,,,,,0,0,,,,,,0,0,,,,,,0
0021501186,179,8,0,2,9:50 PM,6:33,SUB: Mudiay FOR Toupane,,,,,4.0,1626253,Axel Toupane,1610612743.0,Denver,Nuggets,DEN,4,1626144,Emmanuel Mudiay,1610612743.0,Denver,Nuggets,DEN,0,0,,,,,,0
0021501186,180,8,0,2,9:50 PM,6:33,SUB: Harris FOR Miller,,,,,4.0,2034,Mike Miller,1610612743.0,Denver,Nuggets,DEN,4,203914,Gary Harris,1610612743.0,Denver,Nuggets,DEN,0,0,,,,,,0
0021501186,181,8,0,2,9:50 PM,6:33,,,SUB: Mills FOR Martin,,,5.0,2755,Kevin Martin,1610612759.0,San Antonio,Spurs,SAS,5,201988,Patty Mills,1610612759.0,San Antonio,Spurs,SAS,0,0,,,,,,0
0021501186,182,8,0,2,9:50 PM,6:33,,,SUB: Simmons FOR Bonner,,,5.0,2588,Matt Bonner,1610612759.0,San Antonio,Spurs,SAS,5,203613,Jonathon Simmons,1610612759.0,San Antonio,Spurs,SAS,0,0,,,,,,0
0021501186,183,5,1,2,9:50 PM,6:20,Nurkic Bad Pass Turnover (P2.T8),,A. Miller STEAL (3 STL),,,4.0,203994,Jusuf Nurkic,1610612743.0,Denver,Nuggets,DEN,5,1889,Andre Miller,1610612759.0,San Antonio,Spurs,SAS,0,0,,,,,,1
0021501186,184,2,5,2,9:50 PM,6:13,,,MISS Duncan 3' Layup,,,5.0,1495,Tim Duncan,1610612759.0,San Antonio,Spurs,SAS,0,0,,,,,,0,0,,,,,,1
0021501186,186,4,0,2,9:50 PM,6:12,,,Duncan REBOUND (Off:2 Def:1),,,5.0,1495,Tim Duncan,1610612759.0,San Antonio,Spurs,SAS,0,0,,,,,,0,0,,,,,,1
0021501186,185,1,5,2,9:50 PM,6:11,,,Duncan 3' Layup (4 PTS),36 - 32,-4,5.0,1495,Tim Duncan,1610612759.0,San Antonio,Spurs,SAS,0,0,,,,,,0,0,,,,,,1
0021501186,187,5,45,2,9:50 PM,6:02,Augustin Out of Bounds - Bad Pass Turnover Turnover (P1.T9),,,,,4.0,201571,D.J. Augustin,1610612743.0,Denver,Nuggets,DEN,0,0,,,,,,1,0,,,,,,1
0021501186,188,1,47,2,9:51 PM,5:46,,,A. Miller 8' Turnaround Jump Shot (6 PTS),38 - 32,-6,5.0,1889,Andre Miller,1610612759.0,San Antonio,Spurs,SAS,0,0,,,,,,0,0,,,,,,1
0021501186,189,1,1,2,9:51 PM,5:35,Augustin 7' Jump Shot (4 PTS),,,38 - 34,-4,4.0,201571,D.J. Augustin,1610612743.0,Denver,Nuggets,DEN,0,0,,,,,,0,0,,,,,,1
0021501186,190,2,47,2,9:51 PM,5:14,,,MISS Anderson 12' Turnaround Jump Shot,,,5.0,203937,Kyle Anderson,1610612759.0,San Antonio,Spurs,SAS,0,0,,,,,,0,0,,,,,,1
0021501186,191,4,0,2,9:51 PM,5:14,Nurkic REBOUND (Off:0 Def:4),,,,,4.0,203994,Jusuf Nurkic,1610612743.0,Denver,Nuggets,DEN,0,0,,,,,,0,0,,,,,,1
0021501186,192,1,42,2,9:52 PM,4:59,Barton 3' Driving Layup (6 PTS) (Mudiay 2 AST),,,38 - 36,-2,4.0,203115,Will Barton,1610612743.0,Denver,Nuggets,DEN,4,1626144,Emmanuel Mudiay,1610612743.0,Denver,Nuggets,DEN,0,0,,,,,,1
0021501186,193,6,2,2,9:52 PM,4:44,Barton S.FOUL (P1.T3) (E.Dalen),,,,,4.0,203115,Will Barton,1610612743.0,Denver,Nuggets,DEN,5,203613,Jonathon Simmons,1610612759.0,San Antonio,Spurs,SAS,1,0,,,,,,1
0021501186,194,3,11,2,9:52 PM,4:44,,,Simmons Free Throw 1 of 2 (3 PTS),39 - 36,-3,5.0,203613,Jonathon Simmons,1610612759.0,San Antonio,Spurs,SAS,0,0,,,,,,0,0,,,,,,0
0021501186,196,8,0,2,9:52 PM,4:44,SUB: Sampson FOR Augustin,,,,,4.0,201571,D.J. Augustin,1610612743.0,Denver,Nuggets,DEN,4,203960,JaKarr Sampson,1610612743.0,Denver,Nuggets,DEN,0,0,,,,,,0
0021501186,197,3,12,2,9:53 PM,4:44,,,Simmons Free Throw 2 of 2 (4 PTS),40 - 36,-4,5.0,203613,Jonathon Simmons,1610612759.0,San Antonio,Spurs,SAS,0,0,,,,,,0,0,,,,,,0
0021501186,199,1,80,2,9:53 PM,4:29,Mudiay 16' Step Back Jump Shot (14 PTS),,,40 - 38,-2,4.0,1626144,Emmanuel Mudiay,1610612743.0,Denver,Nuggets,DEN,0,0,,,,,,0,0,,,,,,1
0021501186,200,2,1,2,9:53 PM,4:11,Mudiay BLOCK (1 BLK),,MISS Mills 17' Jump Shot,,,5.0,201988,Patty Mills,1610612759.0,San Antonio,Spurs,SAS,0,0,,,,,,4,1626144,Emmanuel Mudiay,1610612743.0,Denver,Nuggets,DEN,1
0021501186,201,4,0,2,9:53 PM,4:10,,,Simmons REBOUND (Off:1 Def:1),,,5.0,203613,Jonathon Simmons,1610612759.0,San Antonio,Spurs,SAS,0,0,,,,,,0,0,,,,,,1
0021501186,202,5,2,2,9:53 PM,4:08,Barton STEAL (2 STL),,Simmons Lost Ball Turnover (P1.T5),,,5.0,203613,Jonathon Simmons,1610612759.0,San Antonio,Spurs,SAS,4,203115,Will Barton,1610612743.0,Denver,Nuggets,DEN,0,0,,,,,,1
0021501186,203,1,49,2,9:53 PM,4:05,Barton  Driving Dunk (8 PTS) (Mudiay 3 AST),,,40 - 40,TIE,4.0,203115,Will Barton,1610612743.0,Denver,Nuggets,DEN,4,1626144,Emmanuel Mudiay,1610612743.0,Denver,Nuggets,DEN,0,0,,,,,,1
0021501186,204,9,1,2,9:53 PM,4:05,,,Spurs Timeout: Regular (Reg.2 Short 0),,,3.0,1610612759,,,,,,0,0,,,,,,0,0,,,,,,0
0021501186,208,2,42,2,9:56 PM,3:59,Sampson BLOCK (1 BLK),,MISS A. Miller 2' Driving Layup,,,5.0,1889,Andre Miller,1610612759.0,San Antonio,Spurs,SAS,0,0,,,,,,4,203960,JaKarr Sampson,1610612743.0,Denver,Nuggets,DEN,1
0021501186,209,4,0,2,9:56 PM,3:58,,,Spurs Rebound,,,3.0,1610612759,,,,,,0,0,,,,,,0,0,,,,,,0
0021501186,211,8,0,2,9:56 PM,3:58,,,SUB: West FOR A. Miller,,,5.0,1889,Andre Miller,1610612759.0,San Antonio,Spurs,SAS,5,2561,David West,1610612759.0,San Antonio,Spurs,SAS,0,0,,,,,,0
0021501186,212,1,5,2,9:57 PM,3:47,,,Duncan 3' Layup (6 PTS),42 - 40,-2,5.0,1495,Tim Duncan,1610612759.0,San Antonio,Spurs,SAS,0,0,,,,,,0,0,,,,,,1
0021501186,213,6,2,2,9:57 PM,3:33,,,Duncan S.FOUL (P1.T3) (E.Dalen),,,5.0,1495,Tim Duncan,1610612759.0,San Antonio,Spurs,SAS,4,203994,Jusuf Nurkic,1610612743.0,Denver,Nuggets,DEN,1,0,,,,,,1
0021501186,214,3,11,2,9:57 PM,3:33,Nurkic Free Throw 1 of 2 (5 PTS),,,42 - 41,-1,4.0,203994,Jusuf Nurkic,1610612743.0,Denver,Nuggets,DEN,0,0,,,,,,0,0,,,,,,0
0021501186,216,8,0,2,9:57 PM,3:33,SUB: Jokic FOR Harris,,,,,4.0,203914,Gary Harris,1610612743.0,Denver,Nuggets,DEN,4,203999,Nikola Jokic,1610612743.0,Denver,Nuggets,DEN,0,0,,,,,,0
0021501186,217,3,12,2,9:57 PM,3:33,MISS Nurkic Free Throw 2 of 2,,,,,4.0,203994,Jusuf Nurkic,1610612743.0,Denver,Nuggets,DEN,0,0,,,,,,0,0,,,,,,0
0021501186,219,4,0,2,9:58 PM,3:32,,,West REBOUND (Off:0 Def:4),,,5.0,2561,David West,1610612759.0,San Antonio,Spurs,SAS,0,0,,,,,,0,0,,,,,,1
0021501186,220,1,1,2,9:58 PM,3:11,,,Duncan 6' Jump Shot (8 PTS),44 - 41,-3,5.0,1495,Tim Duncan,1610612759.0,San Antonio,Spurs,SAS,0,0,,,,,,0,0,,,,,,1
0021501186,221,2,1,2,9:58 PM,3:02,MISS Barton 26' 3PT Jump Shot,,,,,4.0,203115,Will Barton,1610612743.0,Denver,Nuggets,DEN,0,0,,,,,,0,0,,,,,,1
0021501186,222,4,0,2,9:58 PM,3:02,,,Mills REBOUND (Off:0 Def:2),,,5.0,201988,Patty Mills,1610612759.0,San Antonio,Spurs,SAS,0,0,,,,,,0,0,,,,,,1
0021501186,223,1,1,2,9:58 PM,2:36,,,Duncan 3' Jump Shot (10 PTS) (Mills 4 AST),46 - 41,-5,5.0,1495,Tim Duncan,1610612759.0,San Antonio,Spurs,SAS,5,201988,Patty Mills,1610612759.0,San Antonio,Spurs,SAS,0,0,,,,,,1
0021501186,224,1,5,2,9:59 PM,2:15,Jokic 2' Layup (2 PTS) (Barton 1 AST),,,46 - 43,-3,4.0,203999,Nikola Jokic,1610612743.0,Denver,Nuggets,DEN,4,203115,Will Barton,1610612743.0,Denver,Nuggets,DEN,0,0,,,,,,1
0021501186,225,1,1,2,9:59 PM,1:57,,,Duncan 20' Jump Shot (12 PTS) (Mills 5 AST),48 - 43,-5,5.0,1495,Tim Duncan,1610612759.0,San Antonio,Spurs,SAS,5,201988,Patty Mills,1610612759.0,San Antonio,Spurs,SAS,0,0,,,,,,1
0021501186,226,1,1,2,9:59 PM,1:43,Nurkic 20' Jump Shot (7 PTS) (Barton 2 AST),,,48 - 45,-3,4.0,203994,Jusuf Nurkic,1610612743.0,Denver,Nuggets,DEN,4,203115,Will Barton,1610612743.0,Denver,Nuggets,DEN,0,0,,,,,,1
0021501186,227,6,2,2,10:00 PM,1:27,Nurkic S.FOUL (P1.T4) (E.Dalen),,,,,4.0,203994,Jusuf Nurkic,1610612743.0,Denver,Nuggets,DEN,5,1495,Tim Duncan,1610612759.0,San Antonio,Spurs,SAS,1,0,,,,,,1
0021501186,228,3,11,2,10:00 PM,1:27,,,MISS Duncan Free Throw 1 of 2,,,5.0,1495,Tim Duncan,1610612759.0,San Antonio,Spurs,SAS,0,0,,,,,,0,0,,,,,,0
0021501186,229,4,1,2,10:00 PM,1:27,,,Spurs Rebound,,,3.0,1610612759,,,,,,0,0,,,,,,0,0,,,,,,0
0021501186,230,3,12,2,10:00 PM,1:27,,,Duncan Free Throw 2 of 2 (13 PTS),49 - 45,-4,5.0,1495,Tim Duncan,1610612759.0,San Antonio,Spurs,SAS,0,0,,,,,,0,0,,,,,,0
0021501186,232,2,58,2,10:01 PM,1:05,MISS Jokic 5' Turnaround Hook Shot,,,,,4.0,203999,Nikola Jokic,1610612743.0,Denver,Nuggets,DEN,0,0,,,,,,0,0,,,,,,1
0021501186,234,4,0,2,10:01 PM,1:02,Nurkic REBOUND (Off:1 Def:4),,,,,4.0,203994,Jusuf Nurkic,1610612743.0,Denver,Nuggets,DEN,0,0,,,,,,0,0,,,,,,1
0021501186,233,1,97,2,10:01 PM,1:02,Nurkic 3' Tip Layup Shot (9 PTS),,,49 - 47,-2,4.0,203994,Jusuf Nurkic,1610612743.0,Denver,Nuggets,DEN,0,0,,,,,,0,0,,,,,,1
0021501186,235,6,1,2,10:01 PM,1:01,Barton P.FOUL (P2.PN) (E.Dalen),,,,,4.0,203115,Will Barton,1610612743.0,Denver,Nuggets,DEN,5,201988,Patty Mills,1610612759.0,San Antonio,Spurs,SAS,1,0,,,,,,1
0021501186,236,3,11,2,10:01 PM,1:01,,,Mills Free Throw 1 of 2 (3 PTS),50 - 47,-3,5.0,201988,Patty Mills,1610612759.0,San Antonio,Spurs,SAS,0,0,,,,,,0,0,,,,,,0
0021501186,238,3,12,2,10:02 PM,1:01,,,Mills Free Throw 2 of 2 (4 PTS),51 - 47,-4,5.0,201988,Patty Mills,1610612759.0,San Antonio,Spurs,SAS,0,0,,,,,,0,0,,,,,,0
0021501186,240,2,1,2,10:02 PM,0:46,MISS Mudiay 3' Jump Shot,,Mills BLOCK (1 BLK),,,4.0,1626144,Emmanuel Mudiay,1610612743.0,Denver,Nuggets,DEN,0,0,,,,,,5,201988,Patty Mills,1610612759.0,San Antonio,Spurs,SAS,1
0021501186,241,4,0,2,10:02 PM,0:45,,,Anderson REBOUND (Off:1 Def:2),,,5.0,203937,Kyle Anderson,1610612759.0,San Antonio,Spurs,SAS,0,0,,,,,,0,0,,,,,,1
0021501186,242,2,1,2,10:02 PM,0:40,,,MISS Mills 24' 3PT Jump Shot,,,5.0,201988,Patty Mills,1610612759.0,San Antonio,Spurs,SAS,0,0,,,,,,0,0,,,,,,1
0021501186,243,4,0,2,10:02 PM,0:40,Jokic REBOUND (Off:2 Def:6),,,,,4.0,203999,Nikola Jokic,1610612743.0,Denver,Nuggets,DEN,0,0,,,,,,0,0,,,,,,1
0021501186,244,1,58,2,10:02 PM,0:29,Nurkic 5' Turnaround Hook Shot (11 PTS) (Jokic 3 AST),,,51 - 49,-2,4.0,203994,Jusuf Nurkic,1610612743.0,Denver,Nuggets,DEN,4,203999,Nikola Jokic,1610612743.0,Denver,Nuggets,DEN,0,0,,,,,,1
0021501186,245,1,85,2,10:03 PM,0:07,,,West 8' Turnaround Bank Shot (8 PTS) (Mills 6 AST),53 - 49,-4,5.0,2561,David West,1610612759.0,San Antonio,Spurs,SAS,5,201988,Patty Mills,1610612759.0,San Antonio,Spurs,SAS,0,0,,,,,,1
0021501186,246,1,5,2,10:03 PM,0:01,Barton 3' Layup (10 PTS),,,53 - 51,-2,4.0,203115,Will Barton,1610612743.0,Denver,Nuggets,DEN,0,0,,,,,,0,0,,,,,,1
0021501186,247,2,1,2,10:03 PM,0:01,,,MISS Mills 40' 3PT Jump Shot,,,5.0,201988,Patty Mills,1610612759.0,San Antonio,Spurs,SAS,0,0,,,,,,0,0,,,,,,1
0021501186,248,4,0,2,10:03 PM,0:00,,,Spurs Rebound,,,3.0,1610612759,,,,,,0,0,,,,,,0,0,,,,,,0
0021501186,249,13,0,2,10:03 PM,0:00,,,,53 - 51,-2,0.0,0,,,,,,0,0,,,,,,0,0,,,,,,0
0021501186,251,12,0,3,10:19 PM,12:00,,,,53 - 51,-2,0.0,0,,,,,,0,0,,,,,,0,0,,,,,,0
0021501186,252,5,2,3,10:19 PM,11:46,Nurkic STEAL (2 STL),,Simmons Lost Ball Turnover (P2.T6),,,5.0,203613,Jonathon Simmons,1610612759.0,San Antonio,Spurs,SAS,4,203994,Jusuf Nurkic,1610612743.0,Denver,Nuggets,DEN,0,0,,,,,,1
0021501186,253,6,2,3,10:20 PM,11:43,,,Simmons S.FOUL (P2.T1) (E.Dalen),,,5.0,203613,Jonathon Simmons,1610612759.0,San Antonio,Spurs,SAS,4,203960,JaKarr Sampson,1610612743.0,Denver,Nuggets,DEN,1,0,,,,,,1
0021501186,254,3,11,3,10:20 PM,11:43,MISS Sampson Free Throw 1 of 2,,,,,4.0,203960,JaKarr Sampson,1610612743.0,Denver,Nuggets,DEN,0,0,,,,,,0,0,,,,,,0
0021501186,255,4,1,3,10:20 PM,11:43,NUGGETS Rebound,,,,,2.0,1610612743,,,,,,0,0,,,,,,0,0,,,,,,0
0021501186,256,3,12,3,10:20 PM,11:43,Sampson Free Throw 2 of 2 (3 PTS),,,53 - 52,-1,4.0,203960,JaKarr Sampson,1610612743.0,Denver,Nuggets,DEN,0,0,,,,,,0,0,,,,,,0
0021501186,258,1,1,3,10:20 PM,11:27,,,Duncan 20' Jump Shot (15 PTS) (A. Miller 1 AST),55 - 52,-3,5.0,1495,Tim Duncan,1610612759.0,San Antonio,Spurs,SAS,5,1889,Andre Miller,1610612759.0,San Antonio,Spurs,SAS,0,0,,,,,,1
0021501186,259,1,3,3,10:21 PM,10:58,Sampson 4' Hook Shot (5 PTS),,,55 - 54,-1,4.0,203960,JaKarr Sampson,1610612743.0,Denver,Nuggets,DEN,0,0,,,,,,0,0,,,,,,1
0021501186,260,2,1,3,10:21 PM,10:38,,,MISS Duncan 21' Jump Shot,,,5.0,1495,Tim Duncan,1610612759.0,San Antonio,Spurs,SAS,0,0,,,,,,0,0,,,,,,1
0021501186,261,4,0,3,10:21 PM,10:37,Sampson REBOUND (Off:0 Def:2),,,,,4.0,203960,JaKarr Sampson,1610612743.0,Denver,Nuggets,DEN,0,0,,,,,,0,0,,,,,,1
0021501186,262,2,1,3,10:21 PM,10:31,MISS Harris 25' 3PT Jump Shot,,,,,4.0,203914,Gary Harris,1610612743.0,Denver,Nuggets,DEN,0,0,,,,,,0,0,,,,,,1
0021501186,263,4,0,3,10:21 PM,10:30,,,West REBOUND (Off:0 Def:5),,,5.0,2561,David West,1610612759.0,San Antonio,Spurs,SAS,0,0,,,,,,0,0,,,,,,1
0021501186,264,2,5,3,10:22 PM,10:07,Jokic BLOCK (1 BLK),,MISS Simmons 2' Layup,,,5.0,203613,Jonathon Simmons,1610612759.0,San Antonio,Spurs,SAS,0,0,,,,,,4,203999,Nikola Jokic,1610612743.0,Denver,Nuggets,DEN,1
0021501186,265,4,0,3,10:22 PM,10:06,Sampson REBOUND (Off:0 Def:3),,,,,4.0,203960,JaKarr Sampson,1610612743.0,Denver,Nuggets,DEN,0,0,,,,,,0,0,,,,,,1
0021501186,266,2,5,3,10:22 PM,9:55,MISS Nurkic 3' Layup,,,,,4.0,203994,Jusuf Nurkic,1610612743.0,Denver,Nuggets,DEN,0,0,,,,,,0,0,,,,,,1
0021501186,267,4,0,3,10:22 PM,9:54,,,Anderson REBOUND (Off:1 Def:3),,,5.0,203937,Kyle Anderson,1610612759.0,San Antonio,Spurs,SAS,0,0,,,,,,0,0,,,,,,1
0021501186,268,1,44,3,10:22 PM,9:48,,,Duncan 3' Reverse Layup (17 PTS) (West 1 AST),57 - 54,-3,5.0,1495,Tim Duncan,1610612759.0,San Antonio,Spurs,SAS,5,2561,David West,1610612759.0,San Antonio,Spurs,SAS,0,0,,,,,,1
0021501186,269,1,1,3,10:22 PM,9:28,Jokic 18' Jump Shot (4 PTS) (Nurkic 1 AST),,,57 - 56,-1,4.0,203999,Nikola Jokic,1610612743.0,Denver,Nuggets,DEN,4,203994,Jusuf Nurkic,1610612743.0,Denver,Nuggets,DEN,0,0,,,,,,1
0021501186,270,2,1,3,10:23 PM,9:03,,,MISS Anderson 16' Jump Shot,,,5.0,203937,Kyle Anderson,1610612759.0,San Antonio,Spurs,SAS,0,0,,,,,,0,0,,,,,,1
0021501186,271,4,0,3,10:23 PM,9:02,Harris REBOUND (Off:0 Def:3),,,,,4.0,203914,Gary Harris,1610612743.0,Denver,Nuggets,DEN,0,0,,,,,,0,0,,,,,,1
0021501186,272,1,78,3,10:23 PM,8:46,Sampson 10' Floating Jump Shot (7 PTS),,,57 - 58,1,4.0,203960,JaKarr Sampson,1610612743.0,Denver,Nuggets,DEN,0,0,,,,,,0,0,,,,,,1
0021501186,273,6,1,3,10:23 PM,8:33,Nurkic P.FOUL (P2.T1) (E.Dalen),,,,,4.0,203994,Jusuf Nurkic,1610612743.0,Denver,Nuggets,DEN,5,1495,Tim Duncan,1610612759.0,San Antonio,Spurs,SAS,1,0,,,,,,1
0021501186,274,8,0,3,10:24 PM,8:33,,,SUB: Martin FOR Simmons,,,5.0,203613,Jonathon Simmons,1610612759.0,San Antonio,Spurs,SAS,5,2755,Kevin Martin,1610612759.0,San Antonio,Spurs,SAS,0,0,,,,,,0
0021501186,275,2,58,3,10:24 PM,8:18,,,MISS Anderson 10' Turnaround Hook Shot,,,5.0,203937,Kyle Anderson,1610612759.0,San Antonio,Spurs,SAS,0,0,,,,,,0,0,,,,,,1
0021501186,276,4,0,3,10:24 PM,8:18,Jokic REBOUND (Off:2 Def:7),,,,,4.0,203999,Nikola Jokic,1610612743.0,Denver,Nuggets,DEN,0,0,,,,,,0,0,,,,,,1
0021501186,277,1,1,3,10:24 PM,8:01,Sampson 24' 3PT Jump Shot (10 PTS) (Jokic 4 AST),,,57 - 61,4,4.0,203960,JaKarr Sampson,1610612743.0,Denver,Nuggets,DEN,4,203999,Nikola Jokic,1610612743.0,Denver,Nuggets,DEN,0,0,,,,,,1
0021501186,278,2,57,3,10:25 PM,7:43,,,MISS Duncan 8' Driving Hook Shot,,,5.0,1495,Tim Duncan,1610612759.0,San Antonio,Spurs,SAS,0,0,,,,,,0,0,,,,,,1
0021501186,279,4,0,3,10:25 PM,7:42,Jokic REBOUND (Off:2 Def:8),,,,,4.0,203999,Nikola Jokic,1610612743.0,Denver,Nuggets,DEN,0,0,,,,,,0,0,,,,,,1
0021501186,280,1,1,3,10:25 PM,7:21,Jokic 6' Jump Shot (6 PTS),,,57 - 63,6,4.0,203999,Nikola Jokic,1610612743.0,Denver,Nuggets,DEN,0,0,,,,,,0,0,,,,,,1
0021501186,281,9,1,3,10:25 PM,7:20,,,Spurs Timeout: Regular (Reg.3 Short 0),,,3.0,1610612759,,,,,,0,0,,,,,,0,0,,,,,,0
0021501186,285,6,1,3,10:28 PM,7:11,Sampson P.FOUL (P1.T2) (K.Mauer),,,,,4.0,203960,JaKarr Sampson,1610612743.0,Denver,Nuggets,DEN,5,203937,Kyle Anderson,1610612759.0,San Antonio,Spurs,SAS,1,0,,,,,,1
0021501186,286,2,1,3,10:28 PM,6:58,,,MISS West 7' Jump Shot,,,5.0,2561,David West,1610612759.0,San Antonio,Spurs,SAS,0,0,,,,,,0,0,,,,,,1
0021501186,287,4,0,3,10:28 PM,6:57,Jokic REBOUND (Off:2 Def:9),,,,,4.0,203999,Nikola Jokic,1610612743.0,Denver,Nuggets,DEN,0,0,,,,,,0,0,,,,,,1
0021501186,288,2,3,3,10:28 PM,6:48,MISS Nurkic 4' Hook Shot,,,,,4.0,203994,Jusuf Nurkic,1610612743.0,Denver,Nuggets,DEN,0,0,,,,,,0,0,,,,,,1
0021501186,289,4,0,3,10:28 PM,6:48,,,Anderson REBOUND (Off:1 Def:4),,,5.0,203937,Kyle Anderson,1610612759.0,San Antonio,Spurs,SAS,0,0,,,,,,0,0,,,,,,1
0021501186,290,1,98,3,10:28 PM,6:35,,,A. Miller 2' Cutting Layup Shot (8 PTS) (Duncan 1 AST),59 - 63,4,5.0,1889,Andre Miller,1610612759.0,San Antonio,Spurs,SAS,5,1495,Tim Duncan,1610612759.0,San Antonio,Spurs,SAS,0,0,,,,,,1
0021501186,291,2,1,3,10:29 PM,6:12,MISS Jokic 25' 3PT Jump Shot,,,,,4.0,203999,Nikola Jokic,1610612743.0,Denver,Nuggets,DEN,0,0,,,,,,0,0,,,,,,1
0021501186,292,4,0,3,10:29 PM,6:11,,,Spurs Rebound,,,3.0,1610612759,,,,,,0,0,,,,,,0,0,,,,,,0
0021501186,294,2,1,3,10:29 PM,5:45,,,MISS Anderson 17' Jump Shot,,,5.0,203937,Kyle Anderson,1610612759.0,San Antonio,Spurs,SAS,0,0,,,,,,0,0,,,,,,1
0021501186,295,4,0,3,10:29 PM,5:44,Nurkic REBOUND (Off:1 Def:5),,,,,4.0,203994,Jusuf Nurkic,1610612743.0,Denver,Nuggets,DEN,0,0,,,,,,0,0,,,,,,1
0021501186,296,2,1,3,10:30 PM,5:27,MISS Mudiay 26' 3PT Jump Shot,,,,,4.0,1626144,Emmanuel Mudiay,1610612743.0,Denver,Nuggets,DEN,0,0,,,,,,0,0,,,,,,1
0021501186,297,4,0,3,10:30 PM,5:27,,,A. Miller REBOUND (Off:0 Def:2),,,5.0,1889,Andre Miller,1610612759.0,San Antonio,Spurs,SAS,0,0,,,,,,0,0,,,,,,1
0021501186,298,2,1,3,10:30 PM,5:22,,,MISS Anderson 18' Jump Shot,,,5.0,203937,Kyle Anderson,1610612759.0,San Antonio,Spurs,SAS,0,0,,,,,,0,0,,,,,,1
0021501186,299,4,0,3,10:30 PM,5:21,Mudiay REBOUND (Off:0 Def:3),,,,,4.0,1626144,Emmanuel Mudiay,1610612743.0,Denver,Nuggets,DEN,0,0,,,,,,0,0,,,,,,1
0021501186,300,2,1,3,10:30 PM,5:13,MISS Harris 25' 3PT Jump Shot,,,,,4.0,203914,Gary Harris,1610612743.0,Denver,Nuggets,DEN,0,0,,,,,,0,0,,,,,,1
0021501186,301,4,0,3,10:30 PM,5:12,,,A. Miller REBOUND (Off:0 Def:3),,,5.0,1889,Andre Miller,1610612759.0,San Antonio,Spurs,SAS,0,0,,,,,,0,0,,,,,,1
0021501186,302,5,1,3,10:30 PM,4:59,Sampson STEAL (2 STL),,A. Miller Bad Pass Turnover (P2.T7),,,5.0,1889,Andre Miller,1610612759.0,San Antonio,Spurs,SAS,4,203960,JaKarr Sampson,1610612743.0,Denver,Nuggets,DEN,0,0,,,,,,1
0021501186,303,1,49,3,10:30 PM,4:55,Sampson  Driving Dunk (12 PTS),,,59 - 65,6,4.0,203960,JaKarr Sampson,1610612743.0,Denver,Nuggets,DEN,0,0,,,,,,0,0,,,,,,1
0021501186,304,9,1,3,10:30 PM,4:55,,,Spurs Timeout: Regular (Reg.4 Short 0),,,3.0,1610612759,,,,,,0,0,,,,,,0,0,,,,,,0
0021501186,306,8,0,3,10:33 PM,4:55,SUB: Lauvergne FOR Nurkic,,,,,4.0,203994,Jusuf Nurkic,1610612743.0,Denver,Nuggets,DEN,4,203530,Joffrey Lauvergne,1610612743.0,Denver,Nuggets,DEN,0,0,,,,,,0
0021501186,307,8,0,3,10:33 PM,4:55,SUB: Barton FOR Harris,,,,,4.0,203914,Gary Harris,1610612743.0,Denver,Nuggets,DEN,4,203115,Will Barton,1610612743.0,Denver,Nuggets,DEN,0,0,,,,,,0
0021501186,308,2,1,3,10:33 PM,4:31,,,MISS West 25' 3PT Jump Shot,,,5.0,2561,David West,1610612759.0,San Antonio,Spurs,SAS,0,0,,,,,,0,0,,,,,,1
0021501186,309,4,0,3,10:33 PM,4:31,Lauvergne REBOUND (Off:0 Def:2),,,,,4.0,203530,Joffrey Lauvergne,1610612743.0,Denver,Nuggets,DEN,0,0,,,,,,0,0,,,,,,1
0021501186,310,2,1,3,10:34 PM,4:12,MISS Barton 26' 3PT Jump Shot,,,,,4.0,203115,Will Barton,1610612743.0,Denver,Nuggets,DEN,0,0,,,,,,0,0,,,,,,1
0021501186,311,4,0,3,10:34 PM,4:10,,,Duncan REBOUND (Off:2 Def:2),,,5.0,1495,Tim Duncan,1610612759.0,San Antonio,Spurs,SAS,0,0,,,,,,0,0,,,,,,1
0021501186,312,2,42,3,10:34 PM,3:58,,,MISS A. Miller 2' Driving Layup,,,5.0,1889,Andre Miller,1610612759.0,San Antonio,Spurs,SAS,0,0,,,,,,0,0,,,,,,1
0021501186,313,4,0,3,10:34 PM,3:57,,,A. Miller REBOUND (Off:1 Def:3),,,5.0,1889,Andre Miller,1610612759.0,San Antonio,Spurs,SAS,0,0,,,,,,0,0,,,,,,1
0021501186,314,1,5,3,10:34 PM,3:54,,,West 2' Layup (10 PTS) (A. Miller 2 AST),61 - 65,4,5.0,2561,David West,1610612759.0,San Antonio,Spurs,SAS,5,1889,Andre Miller,1610612759.0,San Antonio,Spurs,SAS,0,0,,,,,,1
0021501186,315,1,1,3,10:34 PM,3:37,Mudiay 24' 3PT Jump Shot (17 PTS) (Lauvergne 2 AST),,,61 - 68,7,4.0,1626144,Emmanuel Mudiay,1610612743.0,Denver,Nuggets,DEN,4,203530,Joffrey Lauvergne,1610612743.0,Denver,Nuggets,DEN,0,0,,,,,,1
0021501186,316,6,2,3,10:34 PM,3:22,Lauvergne S.FOUL (P3.T3) (G.Zielinski),,,,,4.0,203530,Joffrey Lauvergne,1610612743.0,Denver,Nuggets,DEN,5,2561,David West,1610612759.0,San Antonio,Spurs,SAS,1,0,,,,,,1
0021501186,317,3,11,3,10:35 PM,3:22,,,MISS West Free Throw 1 of 2,,,5.0,2561,David West,1610612759.0,San Antonio,Spurs,SAS,0,0,,,,,,0,0,,,,,,0
0021501186,318,4,1,3,10:35 PM,3:22,,,Spurs Rebound,,,3.0,1610612759,,,,,,0,0,,,,,,0,0,,,,,,0
0021501186,319,8,0,3,10:35 PM,3:22,,,SUB: Marjanovic FOR Duncan,,,5.0,1495,Tim Duncan,1610612759.0,San Antonio,Spurs,SAS,5,1626246,Boban Marjanovic,1610612759.0,San Antonio,Spurs,SAS,0,0,,,,,,0
0021501186,320,8,0,3,10:35 PM,3:22,,,SUB: Simmons FOR A. Miller,,,5.0,1889,Andre Miller,1610612759.0,San Antonio,Spurs,SAS,5,203613,Jonathon Simmons,1610612759.0,San Antonio,Spurs,SAS,0,0,,,,,,0
0021501186,321,8,0,3,10:35 PM,3:22,,,SUB: Mills FOR Anderson,,,5.0,203937,Kyle Anderson,1610612759.0,San Antonio,Spurs,SAS,5,201988,Patty Mills,1610612759.0,San Antonio,Spurs,SAS,0,0,,,,,,0
0021501186,322,3,12,3,10:35 PM,3:22,,,West Free Throw 2 of 2 (11 PTS),62 - 68,6,5.0,2561,David West,1610612759.0,San Antonio,Spurs,SAS,0,0,,,,,,0,0,,,,,,0
0021501186,334,2,44,3,10:36 PM,2:58,MISS Lauvergne 2' Reverse Layup,,West BLOCK (1 BLK),,,4.0,203530,Joffrey Lauvergne,1610612743.0,Denver,Nuggets,DEN,0,0,,,,,,5,2561,David West,1610612759.0,San Antonio,Spurs,SAS,1
0021501186,325,4,0,3,10:36 PM,2:58,Sampson REBOUND (Off:1 Def:3),,,,,4.0,203960,JaKarr Sampson,1610612743.0,Denver,Nuggets,DEN,0,0,,,,,,0,0,,,,,,1
0021501186,326,2,1,3,10:36 PM,2:54,MISS Sampson 24' 3PT Jump Shot,,,,,4.0,203960,JaKarr Sampson,1610612743.0,Denver,Nuggets,DEN,0,0,,,,,,0,0,,,,,,1
0021501186,327,4,0,3,10:36 PM,2:53,Jokic REBOUND (Off:3 Def:9),,,,,4.0,203999,Nikola Jokic,1610612743.0,Denver,Nuggets,DEN,0,0,,,,,,0,0,,,,,,1
0021501186,328,2,5,3,10:36 PM,2:36,MISS Lauvergne 2' Layup,,West BLOCK (2 BLK),,,4.0,203530,Joffrey Lauvergne,1610612743.0,Denver,Nuggets,DEN,0,0,,,,,,5,2561,David West,1610612759.0,San Antonio,Spurs,SAS,1
0021501186,329,4,0,3,10:36 PM,2:35,Lauvergne REBOUND (Off:1 Def:2),,,,,4.0,203530,Joffrey Lauvergne,1610612743.0,Denver,Nuggets,DEN,0,0,,,,,,0,0,,,,,,1
0021501186,330,1,3,3,10:36 PM,2:26,Lauvergne 2' Hook Shot (6 PTS),,,62 - 70,8,4.0,203530,Joffrey Lauvergne,1610612743.0,Denver,Nuggets,DEN,0,0,,,,,,0,0,,,,,,1
0021501186,331,5,2,3,10:36 PM,2:22,Jokic STEAL (1 STL),,Mills Lost Ball Turnover (P1.T8),,,5.0,201988,Patty Mills,1610612759.0,San Antonio,Spurs,SAS,4,203999,Nikola Jokic,1610612743.0,Denver,Nuggets,DEN,0,0,,,,,,1
0021501186,332,1,49,3,10:36 PM,2:16,Sampson  Driving Dunk (14 PTS) (Mudiay 4 AST),,,62 - 72,10,4.0,203960,JaKarr Sampson,1610612743.0,Denver,Nuggets,DEN,4,1626144,Emmanuel Mudiay,1610612743.0,Denver,Nuggets,DEN,0,0,,,,,,1
0021501186,333,9,2,3,10:37 PM,2:16,,,Spurs Timeout: Short (Reg.4 Short 1),,,3.0,1610612759,,,,,,0,0,,,,,,0,0,,,,,,0
0021501186,335,8,0,3,10:38 PM,2:16,SUB: Miller FOR Jokic,,,,,4.0,203999,Nikola Jokic,1610612743.0,Denver,Nuggets,DEN,4,2034,Mike Miller,1610612743.0,Denver,Nuggets,DEN,0,0,,,,,,0
0021501186,336,8,0,3,10:38 PM,2:16,,,SUB: Bonner FOR West,,,5.0,2561,David West,1610612759.0,San Antonio,Spurs,SAS,5,2588,Matt Bonner,1610612759.0,San Antonio,Spurs,SAS,0,0,,,,,,0
0021501186,337,2,1,3,10:38 PM,1:57,,,MISS Mills 23' Jump Shot,,,5.0,201988,Patty Mills,1610612759.0,San Antonio,Spurs,SAS,0,0,,,,,,0,0,,,,,,1
0021501186,338,4,0,3,10:38 PM,1:57,Mudiay REBOUND (Off:0 Def:4),,,,,4.0,1626144,Emmanuel Mudiay,1610612743.0,Denver,Nuggets,DEN,0,0,,,,,,0,0,,,,,,1
0021501186,339,6,1,3,10:38 PM,1:53,,,Simmons P.FOUL (P3.T2) (K.Mauer),,,5.0,203613,Jonathon Simmons,1610612759.0,San Antonio,Spurs,SAS,4,203530,Joffrey Lauvergne,1610612743.0,Denver,Nuggets,DEN,1,0,,,,,,1
0021501186,340,6,4,3,10:38 PM,1:49,Lauvergne OFF.Foul (P4) (K.Mauer),,,,,4.0,203530,Joffrey Lauvergne,1610612743.0,Denver,Nuggets,DEN,5,203613,Jonathon Simmons,1610612759.0,San Antonio,Spurs,SAS,1,0,,,,,,1
0021501186,341,5,5,3,10:38 PM,1:49,Lauvergne Foul Turnover (P4.T10),,,,,4.0,203530,Joffrey Lauvergne,1610612743.0,Denver,Nuggets,DEN,0,0,,,,,,1,0,,,,,,1
0021501186,342,1,5,3,10:39 PM,1:38,,,Martin 2' Layup (12 PTS) (Mills 7 AST),64 - 72,8,5.0,2755,Kevin Martin,1610612759.0,San Antonio,Spurs,SAS,5,201988,Patty Mills,1610612759.0,San Antonio,Spurs,SAS,0,0,,,,,,1
0021501186,343,2,3,3,10:39 PM,1:25,MISS Lauvergne 3' Hook Shot,,,,,4.0,203530,Joffrey Lauvergne,1610612743.0,Denver,Nuggets,DEN,0,0,,,,,,0,0,,,,,,1
0021501186,344,4,0,3,10:39 PM,1:24,,,Marjanovic REBOUND (Off:1 Def:3),,,5.0,1626246,Boban Marjanovic,1610612759.0,San Antonio,Spurs,SAS,0,0,,,,,,0,0,,,,,,1
0021501186,345,1,1,3,10:39 PM,1:21,,,Martin 9' Jump Shot (14 PTS),66 - 72,6,5.0,2755,Kevin Martin,1610612759.0,San Antonio,Spurs,SAS,0,0,,,,,,0,0,,,,,,1
0021501186,346,6,2,3,10:39 PM,1:21,Barton S.FOUL (P3.T4) (K.Mauer),,,,,4.0,203115,Will Barton,1610612743.0,Denver,Nuggets,DEN,5,2755,Kevin Martin,1610612759.0,San Antonio,Spurs,SAS,1,0,,,,,,1
0021501186,347,3,10,3,10:39 PM,1:21,,,Martin Free Throw 1 of 1 (15 PTS),67 - 72,5,5.0,2755,Kevin Martin,1610612759.0,San Antonio,Spurs,SAS,0,0,,,,,,0,0,,,,,,0
0021501186,349,6,2,3,10:40 PM,1:06,,,Marjanovic S.FOUL (P1.PN) (G.Zielinski),,,5.0,1626246,Boban Marjanovic,1610612759.0,San Antonio,Spurs,SAS,4,203960,JaKarr Sampson,1610612743.0,Denver,Nuggets,DEN,1,0,,,,,,1
0021501186,350,3,11,3,10:40 PM,1:06,Sampson Free Throw 1 of 2 (15 PTS),,,67 - 73,6,4.0,203960,JaKarr Sampson,1610612743.0,Denver,Nuggets,DEN,0,0,,,,,,0,0,,,,,,0
0021501186,352,3,12,3,10:40 PM,1:06,Sampson Free Throw 2 of 2 (16 PTS),,,67 - 74,7,4.0,203960,JaKarr Sampson,1610612743.0,Denver,Nuggets,DEN,0,0,,,,,,0,0,,,,,,0
0021501186,354,1,44,3,10:41 PM,0:48,,,Bonner 1' Reverse Layup (2 PTS) (Marjanovic 1 AST),69 - 74,5,5.0,2588,Matt Bonner,1610612759.0,San Antonio,Spurs,SAS,5,1626246,Boban Marjanovic,1610612759.0,San Antonio,Spurs,SAS,0,0,,,,,,1
0021501186,355,2,1,3,10:41 PM,0:32,MISS Mudiay 18' Jump Shot,,,,,4.0,1626144,Emmanuel Mudiay,1610612743.0,Denver,Nuggets,DEN,0,0,,,,,,0,0,,,,,,1
0021501186,356,4,0,3,10:41 PM,0:32,,,Mills REBOUND (Off:0 Def:3),,,5.0,201988,Patty Mills,1610612759.0,San Antonio,Spurs,SAS,0,0,,,,,,0,0,,,,,,1
0021501186,357,6,1,3,10:41 PM,0:28,Mudiay P.FOUL (P1.PN) (G.Zielinski),,,,,4.0,1626144,Emmanuel Mudiay,1610612743.0,Denver,Nuggets,DEN,5,1626246,Boban Marjanovic,1610612759.0,San Antonio,Spurs,SAS,1,0,,,,,,1
0021501186,358,3,11,3,10:42 PM,0:28,,,Marjanovic Free Throw 1 of 2 (7 PTS),70 - 74,4,5.0,1626246,Boban Marjanovic,1610612759.0,San Antonio,Spurs,SAS,0,0,,,,,,0,0,,,,,,0
0021501186,360,8,0,3,10:42 PM,0:28,SUB: Augustin FOR Sampson,,,,,4.0,203960,JaKarr Sampson,1610612743.0,Denver,Nuggets,DEN,4,201571,D.J. Augustin,1610612743.0,Denver,Nuggets,DEN,0,0,,,,,,0
0021501186,361,3,12,3,10:42 PM,0:28,,,Marjanovic Free Throw 2 of 2 (8 PTS),71 - 74,3,5.0,1626246,Boban Marjanovic,1610612759.0,San Antonio,Spurs,SAS,0,0,,,,,,0,0,,,,,,0
0021501186,363,1,1,3,10:42 PM,0:09,Miller 26' 3PT Jump Shot (3 PTS) (Lauvergne 3 AST),,,71 - 77,6,4.0,2034,Mike Miller,1610612743.0,Denver,Nuggets,DEN,4,203530,Joffrey Lauvergne,1610612743.0,Denver,Nuggets,DEN,0,0,,,,,,1
0021501186,364,6,2,3,10:43 PM,0:00,Augustin S.FOUL (P1.PN) (G.Zielinski),,,,,4.0,201571,D.J. Augustin,1610612743.0,Denver,Nuggets,DEN,5,1626246,Boban Marjanovic,1610612759.0,San Antonio,Spurs,SAS,1,0,,,,,,1
0021501186,365,3,11,3,10:43 PM,0:00,,,Marjanovic Free Throw 1 of 2 (9 PTS),72 - 77,5,5.0,1626246,Boban Marjanovic,1610612759.0,San Antonio,Spurs,SAS,0,0,,,,,,0,0,,,,,,0
0021501186,367,8,0,3,10:43 PM,0:00,SUB: Jokic FOR Miller,,,,,4.0,2034,Mike Miller,1610612743.0,Denver,Nuggets,DEN,4,203999,Nikola Jokic,1610612743.0,Denver,Nuggets,DEN,0,0,,,,,,0
0021501186,368,3,12,3,10:43 PM,0:00,,,MISS Marjanovic Free Throw 2 of 2,,,5.0,1626246,Boban Marjanovic,1610612759.0,San Antonio,Spurs,SAS,0,0,,,,,,0,0,,,,,,0
0021501186,370,4,0,3,10:43 PM,0:00,Lauvergne REBOUND (Off:1 Def:3),,,,,4.0,203530,Joffrey Lauvergne,1610612743.0,Denver,Nuggets,DEN,0,0,,,,,,0,0,,,,,,1
0021501186,371,13,0,3,10:43 PM,0:00,,,,72 - 77,5,0.0,0,,,,,,0,0,,,,,,0,0,,,,,,0
0021501186,373,12,0,4,10:46 PM,12:00,,,,72 - 77,5,0.0,0,,,,,,0,0,,,,,,0,0,,,,,,0
0021501186,375,6,2,4,10:47 PM,11:36,,,Bonner S.FOUL (P1.T1) (E.Dalen),,,5.0,2588,Matt Bonner,1610612759.0,San Antonio,Spurs,SAS,4,203530,Joffrey Lauvergne,1610612743.0,Denver,Nuggets,DEN,1,0,,,,,,1
0021501186,376,3,11,4,10:47 PM,11:36,Lauvergne Free Throw 1 of 2 (7 PTS),,,72 - 78,6,4.0,203530,Joffrey Lauvergne,1610612743.0,Denver,Nuggets,DEN,0,0,,,,,,0,0,,,,,,0
0021501186,378,3,12,4,10:48 PM,11:36,Lauvergne Free Throw 2 of 2 (8 PTS),,,72 - 79,7,4.0,203530,Joffrey Lauvergne,1610612743.0,Denver,Nuggets,DEN,0,0,,,,,,0,0,,,,,,0
0021501186,380,6,1,4,10:48 PM,11:23,Barton P.FOUL (P4.T1) (E.Dalen),,,,,4.0,203115,Will Barton,1610612743.0,Denver,Nuggets,DEN,5,1626246,Boban Marjanovic,1610612759.0,San Antonio,Spurs,SAS,1,0,,,,,,1
0021501186,381,1,1,4,10:48 PM,11:15,,,Mills 25' 3PT Jump Shot (7 PTS) (Marjanovic 2 AST),75 - 79,4,5.0,201988,Patty Mills,1610612759.0,San Antonio,Spurs,SAS,5,1626246,Boban Marjanovic,1610612759.0,San Antonio,Spurs,SAS,0,0,,,,,,1
0021501186,382,1,1,4,10:49 PM,10:55,Toupane  3PT Jump Shot (5 PTS) (Augustin 1 AST),,,75 - 82,7,4.0,1626253,Axel Toupane,1610612743.0,Denver,Nuggets,DEN,4,201571,D.J. Augustin,1610612743.0,Denver,Nuggets,DEN,0,0,,,,,,1
0021501186,384,7,1,4,10:49 PM,10:54,NUGGETS Violation: Delay of game Violation,,,,,2.0,1610612743,,,,,,0,0,,,,,,1,0,,,,,,0
0021501186,385,2,1,4,10:49 PM,10:41,,,MISS Mills 25' 3PT Jump Shot,,,5.0,201988,Patty Mills,1610612759.0,San Antonio,Spurs,SAS,0,0,,,,,,0,0,,,,,,1
0021501186,386,4,0,4,10:49 PM,10:40,Lauvergne REBOUND (Off:1 Def:4),,,,,4.0,203530,Joffrey Lauvergne,1610612743.0,Denver,Nuggets,DEN,0,0,,,,,,0,0,,,,,,1
0021501186,387,2,43,4,10:49 PM,10:34,MISS Toupane 1' Alley Oop Layup,,,,,4.0,1626253,Axel Toupane,1610612743.0,Denver,Nuggets,DEN,0,0,,,,,,0,0,,,,,,1
0021501186,388,4,0,4,10:49 PM,10:32,,,Simmons REBOUND (Off:1 Def:2),,,5.0,203613,Jonathon Simmons,1610612759.0,San Antonio,Spurs,SAS,0,0,,,,,,0,0,,,,,,1
0021501186,389,6,2,4,10:49 PM,10:28,Miller S.FOUL (P1.T2) (K.Mauer),,,,,4.0,2034,Mike Miller,1610612743.0,Denver,Nuggets,DEN,5,203613,Jonathon Simmons,1610612759.0,San Antonio,Spurs,SAS,1,0,,,,,,1
0021501186,390,3,11,4,10:50 PM,10:28,,,Simmons Free Throw 1 of 2 (5 PTS),76 - 82,6,5.0,203613,Jonathon Simmons,1610612759.0,San Antonio,Spurs,SAS,0,0,,,,,,0,0,,,,,,0
0021501186,392,8,0,4,10:50 PM,10:28,,,SUB: Duncan FOR Marjanovic,,,5.0,1626246,Boban Marjanovic,1610612759.0,San Antonio,Spurs,SAS,5,1495,Tim Duncan,1610612759.0,San Antonio,Spurs,SAS,0,0,,,,,,0
0021501186,393,8,0,4,10:50 PM,10:28,,,SUB: Anderson FOR Martin,,,5.0,2755,Kevin Martin,1610612759.0,San Antonio,Spurs,SAS,5,203937,Kyle Anderson,1610612759.0,San Antonio,Spurs,SAS,0,0,,,,,,0
0021501186,394,8,0,4,10:50 PM,10:28,,,SUB: West FOR Bonner,,,5.0,2588,Matt Bonner,1610612759.0,San Antonio,Spurs,SAS,5,2561,David West,1610612759.0,San Antonio,Spurs,SAS,0,0,,,,,,0
0021501186,395,3,12,4,10:50 PM,10:28,,,Simmons Free Throw 2 of 2 (6 PTS),77 - 82,5,5.0,203613,Jonathon Simmons,1610612759.0,San Antonio,Spurs,SAS,0,0,,,,,,0,0,,,,,,0
0021501186,397,2,3,4,10:50 PM,10:13,MISS Toupane 4' Hook Shot,,West BLOCK (3 BLK),,,4.0,1626253,Axel Toupane,1610612743.0,Denver,Nuggets,DEN,0,0,,,,,,5,2561,David West,1610612759.0,San Antonio,Spurs,SAS,1
0021501186,398,4,0,4,10:50 PM,10:11,,,Simmons REBOUND (Off:1 Def:3),,,5.0,203613,Jonathon Simmons,1610612759.0,San Antonio,Spurs,SAS,0,0,,,,,,0,0,,,,,,1
0021501186,399,1,5,4,10:51 PM,10:04,,,West 1' Layup (13 PTS) (Duncan 2 AST),79 - 82,3,5.0,2561,David West,1610612759.0,San Antonio,Spurs,SAS,5,1495,Tim Duncan,1610612759.0,San Antonio,Spurs,SAS,0,0,,,,,,1
0021501186,400,9,1,4,10:51 PM,10:03,NUGGETS Timeout: Regular (Full 4 Short 0),,,,,2.0,1610612743,,,,,,0,0,,,,,,0,0,,,,,,0
0021501186,402,8,0,4,10:53 PM,10:03,SUB: Nurkic FOR Toupane,,,,,4.0,1626253,Axel Toupane,1610612743.0,Denver,Nuggets,DEN,4,203994,Jusuf Nurkic,1610612743.0,Denver,Nuggets,DEN,0,0,,,,,,0
0021501186,404,1,3,4,10:53 PM,9:48,Nurkic 3' Hook Shot (13 PTS) (Augustin 2 AST),,,79 - 84,5,4.0,203994,Jusuf Nurkic,1610612743.0,Denver,Nuggets,DEN,4,201571,D.J. Augustin,1610612743.0,Denver,Nuggets,DEN,0,0,,,,,,1
0021501186,405,6,2,4,10:54 PM,9:27,Miller S.FOUL (P2.T3) (G.Zielinski),,,,,4.0,2034,Mike Miller,1610612743.0,Denver,Nuggets,DEN,5,1495,Tim Duncan,1610612759.0,San Antonio,Spurs,SAS,1,0,,,,,,1
0021501186,406,3,11,4,10:54 PM,9:27,,,MISS Duncan Free Throw 1 of 2,,,5.0,1495,Tim Duncan,1610612759.0,San Antonio,Spurs,SAS,0,0,,,,,,0,0,,,,,,0
0021501186,407,4,1,4,10:54 PM,9:27,,,Spurs Rebound,,,3.0,1610612759,,,,,,0,0,,,,,,0,0,,,,,,0
0021501186,408,3,12,4,10:54 PM,9:27,,,Duncan Free Throw 2 of 2 (18 PTS),80 - 84,4,5.0,1495,Tim Duncan,1610612759.0,San Antonio,Spurs,SAS,0,0,,,,,,0,0,,,,,,0
0021501186,410,2,1,4,10:55 PM,9:07,MISS Augustin 18' Jump Shot,,,,,4.0,201571,D.J. Augustin,1610612743.0,Denver,Nuggets,DEN,0,0,,,,,,0,0,,,,,,1
0021501186,411,4,0,4,10:55 PM,9:07,,,Duncan REBOUND (Off:2 Def:3),,,5.0,1495,Tim Duncan,1610612759.0,San Antonio,Spurs,SAS,0,0,,,,,,0,0,,,,,,1
0021501186,449,2,45,4,10:55 PM,8:48,,,MISS Simmons 25' 3PT Jump Shot,,,5.0,203613,Jonathon Simmons,1610612759.0,San Antonio,Spurs,SAS,0,0,,,,,,0,0,,,,,,1
0021501186,412,4,0,4,10:55 PM,8:48,,,West REBOUND (Off:1 Def:5),,,5.0,2561,David West,1610612759.0,San Antonio,Spurs,SAS,0,0,,,,,,0,0,,,,,,1
0021501186,413,1,108,4,10:55 PM,8:45,,,Simmons  Cutting Dunk Shot (8 PTS) (West 2 AST),82 - 84,2,5.0,203613,Jonathon Simmons,1610612759.0,San Antonio,Spurs,SAS,5,2561,David West,1610612759.0,San Antonio,Spurs,SAS,0,0,,,,,,1
0021501186,414,6,2,4,10:55 PM,8:45,Nurkic S.FOUL (P3.T4) (E.Dalen),,,,,4.0,203994,Jusuf Nurkic,1610612743.0,Denver,Nuggets,DEN,5,203613,Jonathon Simmons,1610612759.0,San Antonio,Spurs,SAS,1,0,,,,,,1
0021501186,415,8,0,4,10:56 PM,8:45,SUB: Jokic FOR Lauvergne,,,,,4.0,203530,Joffrey Lauvergne,1610612743.0,Denver,Nuggets,DEN,4,203999,Nikola Jokic,1610612743.0,Denver,Nuggets,DEN,0,0,,,,,,0
0021501186,416,8,0,4,10:56 PM,8:45,,,SUB: A. Miller FOR Mills,,,5.0,201988,Patty Mills,1610612759.0,San Antonio,Spurs,SAS,5,1889,Andre Miller,1610612759.0,San Antonio,Spurs,SAS,0,0,,,,,,0
0021501186,417,3,10,4,10:56 PM,8:45,,,Simmons Free Throw 1 of 1 (9 PTS),83 - 84,1,5.0,203613,Jonathon Simmons,1610612759.0,San Antonio,Spurs,SAS,0,0,,,,,,0,0,,,,,,0
0021501186,419,2,1,4,10:56 PM,8:29,MISS Jokic 25' 3PT Jump Shot,,,,,4.0,203999,Nikola Jokic,1610612743.0,Denver,Nuggets,DEN,0,0,,,,,,0,0,,,,,,1
0021501186,420,4,0,4,10:56 PM,8:29,,,Anderson REBOUND (Off:1 Def:5),,,5.0,203937,Kyle Anderson,1610612759.0,San Antonio,Spurs,SAS,0,0,,,,,,0,0,,,,,,1
0021501186,421,1,1,4,10:56 PM,8:11,,,West 16' Jump Shot (15 PTS) (A. Miller 3 AST),85 - 84,-1,5.0,2561,David West,1610612759.0,San Antonio,Spurs,SAS,5,1889,Andre Miller,1610612759.0,San Antonio,Spurs,SAS,0,0,,,,,,1
0021501186,422,2,1,4,10:57 PM,7:55,MISS Augustin 25' 3PT Jump Shot,,,,,4.0,201571,D.J. Augustin,1610612743.0,Denver,Nuggets,DEN,0,0,,,,,,0,0,,,,,,1
0021501186,423,4,0,4,10:57 PM,7:54,,,Simmons REBOUND (Off:1 Def:4),,,5.0,203613,Jonathon Simmons,1610612759.0,San Antonio,Spurs,SAS,0,0,,,,,,0,0,,,,,,1
0021501186,424,1,42,4,10:57 PM,7:49,,,Simmons 3' Driving Layup (11 PTS),87 - 84,-3,5.0,203613,Jonathon Simmons,1610612759.0,San Antonio,Spurs,SAS,0,0,,,,,,0,0,,,,,,1
0021501186,425,6,2,4,10:57 PM,7:35,,,West S.FOUL (P2.T2) (K.Mauer),,,5.0,2561,David West,1610612759.0,San Antonio,Spurs,SAS,4,203115,Will Barton,1610612743.0,Denver,Nuggets,DEN,1,0,,,,,,1
0021501186,426,3,11,4,10:57 PM,7:35,MISS Barton Free Throw 1 of 2,,,,,4.0,203115,Will Barton,1610612743.0,Denver,Nuggets,DEN,0,0,,,,,,0,0,,,,,,0
0021501186,427,4,1,4,10:57 PM,7:35,NUGGETS Rebound,,,,,2.0,1610612743,,,,,,0,0,,,,,,0,0,,,,,,0
0021501186,428,8,0,4,10:58 PM,7:35,SUB: Mudiay FOR Miller,,,,,4.0,2034,Mike Miller,1610612743.0,Denver,Nuggets,DEN,4,1626144,Emmanuel Mudiay,1610612743.0,Denver,Nuggets,DEN,0,0,,,,,,0
0021501186,429,8,0,4,10:58 PM,7:35,SUB: Harris FOR Augustin,,,,,4.0,201571,D.J. Augustin,1610612743.0,Denver,Nuggets,DEN,4,203914,Gary Harris,1610612743.0,Denver,Nuggets,DEN,0,0,,,,,,0
0021501186,430,3,12,4,10:58 PM,7:35,Barton Free Throw 2 of 2 (11 PTS),,,87 - 85,-2,4.0,203115,Will Barton,1610612743.0,Denver,Nuggets,DEN,0,0,,,,,,0,0,,,,,,0
0021501186,432,2,71,4,10:58 PM,7:10,,,MISS A. Miller 2' Finger Roll Layup,,,5.0,1889,Andre Miller,1610612759.0,San Antonio,Spurs,SAS,0,0,,,,,,0,0,,,,,,1
0021501186,433,4,0,4,10:58 PM,7:10,Mudiay REBOUND (Off:0 Def:5),,,,,4.0,1626144,Emmanuel Mudiay,1610612743.0,Denver,Nuggets,DEN,0,0,,,,,,0,0,,,,,,1
0021501186,434,2,5,4,10:59 PM,7:00,MISS Nurkic 2' Layup,,,,,4.0,203994,Jusuf Nurkic,1610612743.0,Denver,Nuggets,DEN,0,0,,,,,,0,0,,,,,,1
0021501186,435,4,0,4,10:59 PM,6:59,,,Duncan REBOUND (Off:2 Def:4),,,5.0,1495,Tim Duncan,1610612759.0,San Antonio,Spurs,SAS,0,0,,,,,,0,0,,,,,,1
0021501186,436,2,1,4,10:59 PM,6:52,,,MISS Anderson 24' 3PT Jump Shot,,,5.0,203937,Kyle Anderson,1610612759.0,San Antonio,Spurs,SAS,0,0,,,,,,0,0,,,,,,1
0021501186,437,4,0,4,10:59 PM,6:50,NUGGETS Rebound,,,,,2.0,1610612743,,,,,,0,0,,,,,,0,0,,,,,,0
0021501186,439,1,58,4,10:59 PM,6:36,Nurkic 5' Turnaround Hook Shot (15 PTS) (Harris 1 AST),,,87 - 87,TIE,4.0,203994,Jusuf Nurkic,1610612743.0,Denver,Nuggets,DEN,4,203914,Gary Harris,1610612743.0,Denver,Nuggets,DEN,0,0,,,,,,1
0021501186,440,2,5,4,11:00 PM,6:17,Nurkic BLOCK (2 BLK),,MISS A. Miller 2' Layup,,,5.0,1889,Andre Miller,1610612759.0,San Antonio,Spurs,SAS,0,0,,,,,,4,203994,Jusuf Nurkic,1610612743.0,Denver,Nuggets,DEN,1
0021501186,441,4,0,4,11:00 PM,6:16,Nurkic REBOUND (Off:1 Def:6),,,,,4.0,203994,Jusuf Nurkic,1610612743.0,Denver,Nuggets,DEN,0,0,,,,,,0,0,,,,,,1
0021501186,442,2,1,4,11:00 PM,6:06,MISS Barton 11' Jump Shot,,,,,4.0,203115,Will Barton,1610612743.0,Denver,Nuggets,DEN,0,0,,,,,,0,0,,,,,,1
0021501186,443,4,0,4,11:00 PM,6:06,,,Duncan REBOUND (Off:2 Def:5),,,5.0,1495,Tim Duncan,1610612759.0,San Antonio,Spurs,SAS,0,0,,,,,,0,0,,,,,,1
0021501186,444,1,42,4,11:00 PM,6:00,,,Simmons 1' Driving Layup (13 PTS) (A. Miller 4 AST),89 - 87,-2,5.0,203613,Jonathon Simmons,1610612759.0,San Antonio,Spurs,SAS,5,1889,Andre Miller,1610612759.0,San Antonio,Spurs,SAS,0,0,,,,,,1
0021501186,445,1,1,4,11:00 PM,5:47,Nurkic 20' Jump Shot (17 PTS) (Harris 2 AST),,,89 - 89,TIE,4.0,203994,Jusuf Nurkic,1610612743.0,Denver,Nuggets,DEN,4,203914,Gary Harris,1610612743.0,Denver,Nuggets,DEN,0,0,,,,,,1
0021501186,446,6,2,4,11:01 PM,5:24,Jokic S.FOUL (P2.PN) (G.Zielinski),,,,,4.0,203999,Nikola Jokic,1610612743.0,Denver,Nuggets,DEN,5,2561,David West,1610612759.0,San Antonio,Spurs,SAS,1,0,,,,,,1
0021501186,447,9,4,4,11:01 PM,5:24,,,,,,1.0,0,,,,,,0,0,,,,,,0,0,,,,,,0
0021501186,451,8,0,4,11:03 PM,5:24,,,SUB: Martin FOR Anderson,,,5.0,203937,Kyle Anderson,1610612759.0,San Antonio,Spurs,SAS,5,2755,Kevin Martin,1610612759.0,San Antonio,Spurs,SAS,0,0,,,,,,0
0021501186,452,3,11,4,11:03 PM,5:24,,,West Free Throw 1 of 2 (16 PTS),90 - 89,-1,5.0,2561,David West,1610612759.0,San Antonio,Spurs,SAS,0,0,,,,,,0,0,,,,,,0
0021501186,454,3,12,4,11:04 PM,5:24,,,West Free Throw 2 of 2 (17 PTS),91 - 89,-2,5.0,2561,David West,1610612759.0,San Antonio,Spurs,SAS,0,0,,,,,,0,0,,,,,,0
0021501186,456,2,5,4,11:04 PM,5:05,MISS Harris 3' Layup,,,,,4.0,203914,Gary Harris,1610612743.0,Denver,Nuggets,DEN,0,0,,,,,,0,0,,,,,,1
0021501186,457,4,0,4,11:04 PM,5:04,Nurkic REBOUND (Off:2 Def:6),,,,,4.0,203994,Jusuf Nurkic,1610612743.0,Denver,Nuggets,DEN,0,0,,,,,,0,0,,,,,,1
0021501186,458,1,1,4,11:04 PM,4:57,Mudiay 25' 3PT Jump Shot (20 PTS) (Harris 3 AST),,,91 - 92,1,4.0,1626144,Emmanuel Mudiay,1610612743.0,Denver,Nuggets,DEN,4,203914,Gary Harris,1610612743.0,Denver,Nuggets,DEN,0,0,,,,,,1
0021501186,459,6,2,4,11:05 PM,4:33,Nurkic S.FOUL (P4.PN) (K.Mauer),,,,,4.0,203994,Jusuf Nurkic,1610612743.0,Denver,Nuggets,DEN,5,1495,Tim Duncan,1610612759.0,San Antonio,Spurs,SAS,1,0,,,,,,1
0021501186,460,3,11,4,11:05 PM,4:33,,,MISS Duncan Free Throw 1 of 2,,,5.0,1495,Tim Duncan,1610612759.0,San Antonio,Spurs,SAS,0,0,,,,,,0,0,,,,,,0
0021501186,461,4,1,4,11:05 PM,4:33,,,Spurs Rebound,,,3.0,1610612759,,,,,,0,0,,,,,,0,0,,,,,,0
0021501186,462,3,12,4,11:05 PM,4:33,,,Duncan Free Throw 2 of 2 (19 PTS),92 - 92,TIE,5.0,1495,Tim Duncan,1610612759.0,San Antonio,Spurs,SAS,0,0,,,,,,0,0,,,,,,0
0021501186,464,5,1,4,11:06 PM,4:22,Mudiay Bad Pass Turnover (P3.T11),,West STEAL (1 STL),,,4.0,1626144,Emmanuel Mudiay,1610612743.0,Denver,Nuggets,DEN,5,2561,David West,1610612759.0,San Antonio,Spurs,SAS,0,0,,,,,,1
0021501186,465,1,5,4,11:06 PM,4:14,,,Simmons 2' Layup (15 PTS) (A. Miller 5 AST),94 - 92,-2,5.0,203613,Jonathon Simmons,1610612759.0,San Antonio,Spurs,SAS,5,1889,Andre Miller,1610612759.0,San Antonio,Spurs,SAS,0,0,,,,,,1
0021501186,466,2,1,4,11:06 PM,4:06,MISS Barton 24' 3PT Jump Shot,,,,,4.0,203115,Will Barton,1610612743.0,Denver,Nuggets,DEN,0,0,,,,,,0,0,,,,,,1
0021501186,467,4,0,4,11:06 PM,4:05,,,Martin REBOUND (Off:0 Def:3),,,5.0,2755,Kevin Martin,1610612759.0,San Antonio,Spurs,SAS,0,0,,,,,,0,0,,,,,,1
0021501186,468,1,1,4,11:06 PM,3:41,,,Duncan 22' Jump Shot (21 PTS),96 - 92,-4,5.0,1495,Tim Duncan,1610612759.0,San Antonio,Spurs,SAS,0,0,,,,,,0,0,,,,,,1
0021501186,469,9,1,4,11:07 PM,3:40,NUGGETS Timeout: Regular (Full 5 Short 0),,,,,2.0,1610612743,,,,,,0,0,,,,,,0,0,,,,,,0
0021501186,474,2,3,4,11:09 PM,3:22,MISS Nurkic 4' Hook Shot,,,,,4.0,203994,Jusuf Nurkic,1610612743.0,Denver,Nuggets,DEN,0,0,,,,,,0,0,,,,,,1
0021501186,475,4,0,4,11:09 PM,3:21,,,West REBOUND (Off:1 Def:6),,,5.0,2561,David West,1610612759.0,San Antonio,Spurs,SAS,0,0,,,,,,0,0,,,,,,1
0021501186,476,2,1,4,11:10 PM,3:02,,,MISS Martin 25' 3PT Jump Shot,,,5.0,2755,Kevin Martin,1610612759.0,San Antonio,Spurs,SAS,0,0,,,,,,0,0,,,,,,1
0021501186,477,4,0,4,11:10 PM,3:01,Jokic REBOUND (Off:3 Def:10),,,,,4.0,203999,Nikola Jokic,1610612743.0,Denver,Nuggets,DEN,0,0,,,,,,0,0,,,,,,1
0021501186,478,2,1,4,11:10 PM,2:48,MISS Mudiay 26' 3PT Jump Shot,,,,,4.0,1626144,Emmanuel Mudiay,1610612743.0,Denver,Nuggets,DEN,0,0,,,,,,0,0,,,,,,1
0021501186,479,4,0,4,11:10 PM,2:47,,,Martin REBOUND (Off:0 Def:4),,,5.0,2755,Kevin Martin,1610612759.0,San Antonio,Spurs,SAS,0,0,,,,,,0,0,,,,,,1
0021501186,480,2,78,4,11:10 PM,2:31,,,MISS Martin 7' Floating Jump Shot,,,5.0,2755,Kevin Martin,1610612759.0,San Antonio,Spurs,SAS,0,0,,,,,,0,0,,,,,,1
0021501186,482,4,0,4,11:10 PM,2:30,,,Martin REBOUND (Off:1 Def:4),,,5.0,2755,Kevin Martin,1610612759.0,San Antonio,Spurs,SAS,0,0,,,,,,0,0,,,,,,1
0021501186,481,2,97,4,11:10 PM,2:30,,,MISS Martin 1' Tip Layup Shot,,,5.0,2755,Kevin Martin,1610612759.0,San Antonio,Spurs,SAS,0,0,,,,,,0,0,,,,,,1
0021501186,483,4,0,4,11:10 PM,2:27,Jokic REBOUND (Off:3 Def:11),,,,,4.0,203999,Nikola Jokic,1610612743.0,Denver,Nuggets,DEN,0,0,,,,,,0,0,,,,,,1
0021501186,484,2,1,4,11:10 PM,2:22,MISS Barton 24' 3PT Jump Shot,,,,,4.0,203115,Will Barton,1610612743.0,Denver,Nuggets,DEN,0,0,,,,,,0,0,,,,,,1
0021501186,485,4,0,4,11:10 PM,2:21,,,Martin REBOUND (Off:1 Def:5),,,5.0,2755,Kevin Martin,1610612759.0,San Antonio,Spurs,SAS,0,0,,,,,,0,0,,,,,,1
0021501186,486,2,80,4,11:11 PM,2:04,,,MISS West 17' Step Back Jump Shot,,,5.0,2561,David West,1610612759.0,San Antonio,Spurs,SAS,0,0,,,,,,0,0,,,,,,1
0021501186,487,4,0,4,11:11 PM,2:02,Mudiay REBOUND (Off:0 Def:6),,,,,4.0,1626144,Emmanuel Mudiay,1610612743.0,Denver,Nuggets,DEN,0,0,,,,,,0,0,,,,,,1
0021501186,488,2,42,4,11:11 PM,1:54,MISS Mudiay 2' Driving Layup,,West BLOCK (4 BLK),,,4.0,1626144,Emmanuel Mudiay,1610612743.0,Denver,Nuggets,DEN,0,0,,,,,,5,2561,David West,1610612759.0,San Antonio,Spurs,SAS,1
0021501186,489,4,0,4,11:11 PM,1:53,NUGGETS Rebound,,,,,2.0,1610612743,,,,,,0,0,,,,,,0,0,,,,,,0
0021501186,491,1,44,4,11:11 PM,1:45,Nurkic 2' Reverse Layup (19 PTS) (Mudiay 5 AST),,,96 - 94,-2,4.0,203994,Jusuf Nurkic,1610612743.0,Denver,Nuggets,DEN,4,1626144,Emmanuel Mudiay,1610612743.0,Denver,Nuggets,DEN,0,0,,,,,,1
0021501186,492,2,1,4,11:12 PM,1:25,,,MISS A. Miller 17' Jump Shot,,,5.0,1889,Andre Miller,1610612759.0,San Antonio,Spurs,SAS,0,0,,,,,,0,0,,,,,,1
0021501186,493,4,0,4,11:12 PM,1:24,Jokic REBOUND (Off:3 Def:12),,,,,4.0,203999,Nikola Jokic,1610612743.0,Denver,Nuggets,DEN,0,0,,,,,,0,0,,,,,,1
0021501186,494,6,2,4,11:12 PM,1:14,,,West S.FOUL (P3.T3) (G.Zielinski),,,5.0,2561,David West,1610612759.0,San Antonio,Spurs,SAS,4,203999,Nikola Jokic,1610612743.0,Denver,Nuggets,DEN,1,0,,,,,,1
0021501186,495,3,11,4,11:12 PM,1:14,Jokic Free Throw 1 of 2 (7 PTS),,,96 - 95,-1,4.0,203999,Nikola Jokic,1610612743.0,Denver,Nuggets,DEN,0,0,,,,,,0,0,,,,,,0
0021501186,497,8,0,4,11:12 PM,1:14,,,SUB: Anderson FOR Simmons,,,5.0,203613,Jonathon Simmons,1610612759.0,San Antonio,Spurs,SAS,5,203937,Kyle Anderson,1610612759.0,San Antonio,Spurs,SAS,0,0,,,,,,0
0021501186,498,8,0,4,11:12 PM,1:14,,,SUB: Mills FOR A. Miller,,,5.0,1889,Andre Miller,1610612759.0,San Antonio,Spurs,SAS,5,201988,Patty Mills,1610612759.0,San Antonio,Spurs,SAS,0,0,,,,,,0
0021501186,499,3,12,4,11:12 PM,1:14,Jokic Free Throw 2 of 2 (8 PTS),,,96 - 96,TIE,4.0,203999,Nikola Jokic,1610612743.0,Denver,Nuggets,DEN,0,0,,,,,,0,0,,,,,,0
0021501186,501,6,27,4,11:13 PM,1:01,Harris Personal Block Foul (P3.PN) (E.Dalen),,,,,4.0,203914,Gary Harris,1610612743.0,Denver,Nuggets,DEN,5,2755,Kevin Martin,1610612759.0,San Antonio,Spurs,SAS,1,0,,,,,,1
0021501186,502,3,11,4,11:13 PM,1:01,,,Martin Free Throw 1 of 2 (16 PTS),97 - 96,-1,5.0,2755,Kevin Martin,1610612759.0,San Antonio,Spurs,SAS,0,0,,,,,,0,0,,,,,,0
0021501186,504,3,12,4,11:14 PM,1:01,,,Martin Free Throw 2 of 2 (17 PTS),98 - 96,-2,5.0,2755,Kevin Martin,1610612759.0,San Antonio,Spurs,SAS,0,0,,,,,,0,0,,,,,,0
0021501186,506,2,1,4,11:14 PM,0:45,MISS Nurkic 3' Jump Shot,,West BLOCK (5 BLK),,,4.0,203994,Jusuf Nurkic,1610612743.0,Denver,Nuggets,DEN,0,0,,,,,,5,2561,David West,1610612759.0,San Antonio,Spurs,SAS,1
0021501186,507,4,0,4,11:14 PM,0:44,Nurkic REBOUND (Off:3 Def:6),,,,,4.0,203994,Jusuf Nurkic,1610612743.0,Denver,Nuggets,DEN,0,0,,,,,,0,0,,,,,,1
0021501186,509,7,2,4,11:14 PM,0:43,,,West Violation:Defensive Goaltending (E.Dalen),,,5.0,2561,David West,1610612759.0,San Antonio,Spurs,SAS,0,0,,,,,,1,0,,,,,,0
0021501186,508,1,5,4,11:14 PM,0:43,Nurkic 3' Layup (21 PTS),,,98 - 98,TIE,4.0,203994,Jusuf Nurkic,1610612743.0,Denver,Nuggets,DEN,0,0,,,,,,0,0,,,,,,1
0021501186,510,18,0,4,11:14 PM,0:43,,,,,,,508,,,,,,0,0,,,,,,1,0,,,,,,0
0021501186,513,6,3,4,11:16 PM,0:30,,,Martin L.B.FOUL (P1.PN) (G.Zielinski),,,5.0,2755,Kevin Martin,1610612759.0,San Antonio,Spurs,SAS,4,203914,Gary Harris,1610612743.0,Denver,Nuggets,DEN,1,0,,,,,,1
0021501186,514,5,5,4,11:16 PM,0:30,,,Martin Foul Turnover (P2.T9),,,5.0,2755,Kevin Martin,1610612759.0,San Antonio,Spurs,SAS,0,0,,,,,,1,0,,,,,,1
0021501186,515,3,11,4,11:17 PM,0:30,Harris Free Throw 1 of 2 (3 PTS),,,98 - 99,1,4.0,203914,Gary Harris,1610612743.0,Denver,Nuggets,DEN,0,0,,,,,,0,0,,,,,,1
0021501186,517,3,12,4,11:17 PM,0:30,Harris Free Throw 2 of 2 (4 PTS),,,98 - 100,2,4.0,203914,Gary Harris,1610612743.0,Denver,Nuggets,DEN,0,0,,,,,,0,0,,,,,,1
0021501186,520,9,1,4,11:18 PM,0:17,,,Spurs Timeout: Regular (Reg.5 Short 1),,,3.0,1610612759,,,,,,0,0,,,,,,0,0,,,,,,0
0021501186,522,8,0,4,11:19 PM,0:17,SUB: Sampson FOR Barton,,,,,4.0,203115,Will Barton,1610612743.0,Denver,Nuggets,DEN,4,203960,JaKarr Sampson,1610612743.0,Denver,Nuggets,DEN,0,0,,,,,,0
0021501186,524,5,1,4,11:20 PM,0:12,Harris STEAL (1 STL),,Duncan Bad Pass Turnover (P2.T10),,,5.0,1495,Tim Duncan,1610612759.0,San Antonio,Spurs,SAS,4,203914,Gary Harris,1610612743.0,Denver,Nuggets,DEN,0,0,,,,,,1
0021501186,525,1,49,4,11:20 PM,0:10,Harris  Driving Dunk (6 PTS),,,98 - 102,4,4.0,203914,Gary Harris,1610612743.0,Denver,Nuggets,DEN,0,0,,,,,,0,0,,,,,,1
0021501186,526,2,1,4,11:20 PM,0:04,,,MISS Mills 27' 3PT Jump Shot,,,5.0,201988,Patty Mills,1610612759.0,San Antonio,Spurs,SAS,0,0,,,,,,0,0,,,,,,1
0021501186,527,4,0,4,11:20 PM,0:04,Nurkic REBOUND (Off:3 Def:7),,,,,4.0,203994,Jusuf Nurkic,1610612743.0,Denver,Nuggets,DEN,0,0,,,,,,0,0,,,,,,1
0021501186,528,13,0,4,11:20 PM,0:00,,,,98 - 102,4,0.0,0,,,,,,0,0,,,,,,0,0,,,,,,0
