GAME_ID,EVENTNUM,EVENTMSGTYPE,EVENTMSGACTIONTYPE,PERIOD,WCTIMESTRING,PCTIMESTRING,HOMEDESCRIPTION,NEUTRALDESCRIPTION,VISITORDESCRIPTION,SCORE,SCOREMARGIN
0020400406,0,12,0,1,10:14 PM,12:00,,,,,
0020400406,1,10,0,1,10:16 PM,12:00,Jump Ball James vs. Dalembert: Tip to Ridnour,,,,
0020400406,2,1,8,1,10:16 PM,11:51,James  Slam Dunk (2 PTS) (Allen 1 AST),,,0 - 2,2
0020400406,3,1,1,1,10:16 PM,11:36,,,Thomas 20' Jump Shot (2 PTS) (Iverson 1 AST),2 - 2,TIE
0020400406,5,2,1,1,10:17 PM,11:13,MISS Allen 25' 3PT Jump Shot,,,,
0020400406,6,4,0,1,10:17 PM,11:11,,,Iverson REBOUND (Off:0 Def:1),,
0020400406,7,2,1,1,10:17 PM,11:07,,,MISS Iverson 19' Jump Shot,,
0020400406,8,4,0,1,10:17 PM,11:05,Evans REBOUND (Off:0 Def:1),,,,
0020400406,9,1,46,1,10:17 PM,10:48,Lewis 17' Running Jump Shot (2 PTS) (Allen 2 AST),,,2 - 4,2
0020400406,10,2,1,1,10:18 PM,10:28,,,MISS Dalembert 7' Jump Shot,,
0020400406,11,4,0,1,10:18 PM,10:26,,,Iverson REBOUND (Off:1 Def:1),,
0020400406,12,1,1,1,10:18 PM,10:24,,,Iverson 11' Jump Shot (2 PTS),4 - 4,TIE
0020400406,13,1,42,1,10:18 PM,10:05,Ridnour  Driving Layup (2 PTS),,,4 - 6,2
0020400406,14,6,2,1,10:18 PM,9:51,Allen S.FOUL (P1.T1),,,,
0020400406,15,3,11,1,10:18 PM,9:51,,,Green Free Throw 1 of 2 (1 PTS),5 - 6,1
0020400406,16,3,12,1,10:19 PM,9:51,,,Green Free Throw 2 of 2 (2 PTS),6 - 6,TIE
0020400406,17,2,1,1,10:19 PM,9:27,MISS Evans 15' Jump Shot,,Dalembert BLOCK (1 BLK),,
0020400406,18,4,0,1,10:19 PM,9:23,,,Dalembert REBOUND (Off:0 Def:1),,
0020400406,19,1,1,1,10:19 PM,9:17,,,Thomas 16' Jump Shot (4 PTS) (Iverson 2 AST),8 - 6,-2
0020400406,20,1,1,1,10:20 PM,8:54,Allen 25' 3PT Jump Shot (3 PTS),,,8 - 9,1
0020400406,21,2,1,1,10:20 PM,8:37,,,MISS Iguodala  3PT Jump Shot,,
0020400406,22,4,0,1,10:20 PM,8:34,Ridnour REBOUND (Off:0 Def:1),,,,
0020400406,23,2,5,1,10:20 PM,8:28,MISS Allen  Layup,,,,
0020400406,24,4,0,1,10:20 PM,8:26,,,Thomas REBOUND (Off:0 Def:1),,
0020400406,25,2,1,1,10:20 PM,8:21,,,MISS Iverson 25' 3PT Jump Shot,,
0020400406,26,4,0,1,10:20 PM,8:18,James REBOUND (Off:0 Def:1),,,,
0020400406,27,1,47,1,10:21 PM,8:04,Lewis 14' Turnaround Jump Shot (4 PTS) (Ridnour 1 AST),,,8 - 11,3
0020400406,28,6,2,1,10:21 PM,7:48,Evans S.FOUL (P1.T2),,,,
0020400406,29,3,11,1,10:22 PM,7:48,,,Thomas Free Throw 1 of 2 (5 PTS),9 - 11,2
0020400406,30,3,12,1,10:22 PM,7:48,,,MISS Thomas Free Throw 2 of 2,,
0020400406,31,4,0,1,10:22 PM,7:46,,,76ers Rebound,,
0020400406,32,2,1,1,10:23 PM,7:37,,,MISS Iverson 14' Jump Shot,,
0020400406,33,4,0,1,10:23 PM,7:34,Lewis REBOUND (Off:0 Def:1),,,,
0020400406,34,2,1,1,10:23 PM,7:24,MISS Evans 15' Jump Shot,,,,
0020400406,35,4,0,1,10:23 PM,7:23,,,76ers Rebound,,
0020400406,36,1,1,1,10:23 PM,7:11,,,Thomas 19' Jump Shot (7 PTS) (Iguodala 1 AST),11 - 11,TIE
0020400406,37,5,4,1,10:23 PM,6:57,James Traveling Turnover (P1.T1),,,,
0020400406,38,1,1,1,10:24 PM,6:44,,,Green 25' 3PT Jump Shot (5 PTS) (Iverson 3 AST),14 - 11,-3
0020400406,39,2,1,1,10:24 PM,6:24,MISS Allen 17' Jump Shot,,,,
0020400406,40,4,0,1,10:24 PM,6:22,Evans REBOUND (Off:1 Def:1),,,,
0020400406,41,1,5,1,10:24 PM,6:22,Evans  Layup (2 PTS),,,14 - 13,-1
0020400406,42,6,2,1,10:24 PM,6:22,,,Dalembert S.FOUL (P1.T1),,
0020400406,43,3,10,1,10:24 PM,6:22,Evans Free Throw 1 of 1 (3 PTS),,,14 - 14,TIE
0020400406,44,5,39,1,10:25 PM,6:13,,,Green Step Out of Bounds Turnover (P1.T1),,
0020400406,45,1,42,1,10:25 PM,5:58,Ridnour  Driving Layup (4 PTS),,,14 - 16,2
0020400406,46,2,1,1,10:25 PM,5:48,,,MISS Iverson 26' 3PT Jump Shot,,
0020400406,47,4,0,1,10:25 PM,5:47,,,Dalembert REBOUND (Off:1 Def:1),,
0020400406,48,1,51,1,10:25 PM,5:47,,,Dalembert  Reverse Dunk (2 PTS),16 - 16,TIE
0020400406,49,6,2,1,10:25 PM,5:47,James S.FOUL (P1.T3),,,,
0020400406,50,9,1,1,10:26 PM,5:47,SUPERSONICS Timeout: Regular (Full 1 Short 0),,,,
0020400406,52,3,10,1,10:28 PM,5:47,,,Dalembert Free Throw 1 of 1 (3 PTS),17 - 16,-1
0020400406,53,2,1,1,10:28 PM,5:25,MISS Lewis 25' 3PT Jump Shot,,,,
0020400406,54,4,0,1,10:29 PM,5:19,,,Iverson REBOUND (Off:1 Def:2),,
0020400406,55,2,1,1,10:29 PM,5:14,,,MISS Iverson 13' Jump Shot,,
0020400406,56,4,0,1,10:29 PM,5:12,,,Dalembert REBOUND (Off:2 Def:1),,
0020400406,57,7,5,1,10:29 PM,5:11,Lewis Violation:Kicked Ball,,,,
0020400406,58,8,0,1,10:29 PM,5:11,SUB: Radmanovic FOR James,,,,
0020400406,59,2,1,1,10:29 PM,5:04,,,MISS Green 15' Jump Shot,,
0020400406,60,4,0,1,10:29 PM,5:02,SUPERSONICS Rebound,,,,
0020400406,62,5,1,1,10:29 PM,4:49,Ridnour Bad Pass Turnover (P1.T2),,Thomas STEAL (1 STL),,
0020400406,63,1,42,1,10:29 PM,4:46,,,Thomas  Driving Layup (9 PTS),19 - 16,-3
0020400406,66,8,0,1,10:30 PM,4:46,,,SUB: Jackson FOR Dalembert,,
0020400406,68,6,2,1,10:30 PM,4:46,Ridnour S.FOUL (P1.T4),,,,
0020400406,67,8,0,1,10:30 PM,4:46,,,SUB: Korver FOR Iguodala,,
0020400406,69,3,10,1,10:30 PM,4:46,,,Thomas Free Throw 1 of 1 (10 PTS),20 - 16,-4
0020400406,71,1,1,1,10:31 PM,4:27,Ridnour  3PT Jump Shot (7 PTS) (Allen 3 AST),,,20 - 19,-1
0020400406,73,2,5,1,10:31 PM,4:13,,,MISS Iverson  Layup,,
0020400406,74,4,0,1,10:31 PM,4:11,Evans REBOUND (Off:1 Def:2),,,,
0020400406,76,2,1,1,10:31 PM,4:01,MISS Radmanovic 26' 3PT Jump Shot,,,,
0020400406,77,4,0,1,10:31 PM,3:59,,,Iverson REBOUND (Off:1 Def:3),,
0020400406,78,6,2,1,10:31 PM,3:55,Ridnour S.FOUL (P2.PN),,,,
0020400406,79,3,11,1,10:31 PM,3:55,,,MISS Iverson Free Throw 1 of 2,,
0020400406,80,4,1,1,10:31 PM,3:55,,,76ers Rebound,,
0020400406,81,8,0,1,10:32 PM,3:55,SUB: Daniels FOR Ridnour,,,,
0020400406,82,8,0,1,10:32 PM,3:55,SUB: Fortson FOR Evans,,,,
0020400406,83,3,12,1,10:32 PM,3:55,,,Iverson Free Throw 2 of 2 (3 PTS),21 - 19,-2
0020400406,85,2,5,1,10:32 PM,3:35,MISS Fortson  Layup,,,,
0020400406,86,4,0,1,10:32 PM,3:34,,,76ers Rebound,,
0020400406,87,6,3,1,10:32 PM,3:34,Fortson L.B.FOUL (P1.PN),,,,
0020400406,88,3,11,1,10:33 PM,3:34,,,MISS Thomas Free Throw 1 of 2,,
0020400406,89,4,1,1,10:33 PM,3:34,,,76ers Rebound,,
0020400406,90,3,12,1,10:33 PM,3:34,,,Thomas Free Throw 2 of 2 (11 PTS),22 - 19,-3
0020400406,91,6,4,1,10:33 PM,3:23,Radmanovic OFF.Foul (P1),,,,
0020400406,92,5,36,1,10:33 PM,3:23,Radmanovic Illegal Screen Turnover (P1.T3),,,,
0020400406,93,2,1,1,10:34 PM,3:10,,,MISS Iverson 18' Jump Shot,,
0020400406,94,4,0,1,10:34 PM,3:07,,,Thomas REBOUND (Off:1 Def:1),,
0020400406,95,6,2,1,10:34 PM,3:07,Radmanovic S.FOUL (P2.PN),,,,
0020400406,96,3,11,1,10:34 PM,3:07,,,Thomas Free Throw 1 of 2 (12 PTS),23 - 19,-4
0020400406,97,8,0,1,10:34 PM,3:07,SUB: Murray FOR Radmanovic,,,,
0020400406,98,3,12,1,10:35 PM,3:07,,,Thomas Free Throw 2 of 2 (13 PTS),24 - 19,-5
0020400406,99,2,1,1,10:35 PM,2:53,MISS Allen 18' Jump Shot,,,,
0020400406,100,4,0,1,10:35 PM,2:51,Fortson REBOUND (Off:1 Def:0),,,,
0020400406,101,2,5,1,10:35 PM,2:49,MISS Fortson  Layup,,Thomas BLOCK (1 BLK),,
0020400406,102,4,0,1,10:35 PM,2:47,Fortson REBOUND (Off:2 Def:0),,,,
0020400406,103,6,2,1,10:35 PM,2:47,,,Jackson S.FOUL (P1.T2),,
0020400406,104,9,1,1,10:35 PM,2:47,,,76ers Timeout: Regular (Reg.1 Short 0),,
0020400406,106,8,0,1,10:37 PM,2:47,,,SUB: Williamson FOR Thomas,,
0020400406,107,8,0,1,10:38 PM,2:47,,,SUB: Iguodala FOR Green,,
0020400406,108,3,11,1,10:38 PM,2:47,Fortson Free Throw 1 of 2 (1 PTS),,,24 - 20,-4
0020400406,109,3,12,1,10:38 PM,2:47,Fortson Free Throw 2 of 2 (2 PTS),,,24 - 21,-3
0020400406,111,1,5,1,10:38 PM,2:35,,,Korver  Layup (2 PTS) (Jackson 1 AST),26 - 21,-5
0020400406,112,8,0,1,10:39 PM,2:19,SUB: Collison FOR Allen,,,,
0020400406,113,2,46,1,10:39 PM,2:10,MISS Daniels 4' Running Jump Shot,,,,
0020400406,114,4,0,1,10:39 PM,2:06,Fortson REBOUND (Off:3 Def:0),,,,
0020400406,115,2,5,1,10:39 PM,2:04,MISS Fortson  Layup,,,,
0020400406,116,4,0,1,10:39 PM,2:04,SUPERSONICS Rebound,,,,
0020400406,117,6,11,1,10:39 PM,2:04,,,,,
0020400406,118,3,16,1,10:40 PM,2:04,,,Korver Free Throw Technical (3 PTS),27 - 21,-6
0020400406,119,2,1,1,10:40 PM,1:56,MISS Lewis 25' 3PT Jump Shot,,,,
0020400406,120,4,0,1,10:40 PM,1:54,,,Iguodala REBOUND (Off:0 Def:1),,
0020400406,121,5,2,1,10:40 PM,1:49,Murray STEAL (1 STL),,Iverson Lost Ball Turnover (P1.T2),,
0020400406,122,2,1,1,10:40 PM,1:41,MISS Murray 15' Jump Shot,,,,
0020400406,123,4,0,1,10:40 PM,1:39,,,Iguodala REBOUND (Off:0 Def:2),,
0020400406,124,2,1,1,10:40 PM,1:31,,,MISS Williamson 13' Jump Shot,,
0020400406,125,4,0,1,10:40 PM,1:29,Murray REBOUND (Off:0 Def:1),,,,
0020400406,126,2,5,1,10:41 PM,1:12,MISS Fortson  Layup,,,,
0020400406,127,4,0,1,10:41 PM,1:09,Fortson REBOUND (Off:4 Def:0),,,,
0020400406,128,2,5,1,10:41 PM,1:07,MISS Fortson  Layup,,Williamson BLOCK (1 BLK),,
0020400406,129,4,0,1,10:41 PM,1:04,,,Iguodala REBOUND (Off:0 Def:3),,
0020400406,130,2,1,1,10:41 PM,1:02,,,MISS Korver  3PT Jump Shot,,
0020400406,131,4,0,1,10:41 PM,0:59,Lewis REBOUND (Off:0 Def:2),,,,
0020400406,132,5,2,1,10:41 PM,0:55,Murray Lost Ball Turnover (P1.T4),,Iguodala STEAL (1 STL),,
0020400406,133,1,42,1,10:41 PM,0:49,,,Iguodala  Driving Layup (2 PTS) (Korver 1 AST),29 - 21,-8
0020400406,134,6,2,1,10:41 PM,0:49,Lewis S.FOUL (P1.PN),,,,
0020400406,135,8,0,1,10:42 PM,0:49,,,SUB: Ollie FOR Iverson,,
0020400406,136,3,10,1,10:42 PM,0:49,,,MISS Iguodala Free Throw 1 of 1,,
0020400406,137,4,0,1,10:42 PM,0:47,Collison REBOUND (Off:0 Def:1),,,,
0020400406,138,1,42,1,10:42 PM,0:38,Fortson  Driving Layup (4 PTS) (Daniels 1 AST),,,29 - 23,-6
0020400406,139,6,2,1,10:42 PM,0:38,,,Iguodala S.FOUL (P1.T3),,
0020400406,140,3,10,1,10:42 PM,0:38,Fortson Free Throw 1 of 1 (5 PTS),,,29 - 24,-5
0020400406,141,2,5,1,10:43 PM,0:22,Fortson BLOCK (1 BLK),,MISS Jackson  Layup,,
0020400406,142,4,0,1,10:43 PM,0:19,Collison REBOUND (Off:0 Def:2),,,,
0020400406,143,2,1,1,10:43 PM,0:02,MISS Daniels 26' 3PT Jump Shot,,,,
0020400406,145,4,0,1,10:43 PM,0:01,Collison REBOUND (Off:1 Def:2),,,,
0020400406,144,1,4,1,10:43 PM,0:01,Collison  Tip Shot (2 PTS),,,29 - 26,-3
0020400406,146,13,0,1,10:43 PM,0:00,,,,29 - 26,-3
0020400406,148,12,0,2,10:46 PM,12:00,,,,29 - 26,-3
0020400406,149,1,41,2,10:46 PM,11:49,,,Williamson 4' Running Layup (2 PTS),31 - 26,-5
0020400406,150,1,3,2,10:47 PM,11:26,Fortson 3' Hook Shot (7 PTS) (Collison 1 AST),,,31 - 28,-3
0020400406,151,1,1,2,10:47 PM,10:59,,,Williamson 8' Jump Shot (4 PTS),33 - 28,-5
0020400406,152,2,1,2,10:48 PM,10:34,MISS Collison 21' Jump Shot,,,,
0020400406,153,4,0,2,10:48 PM,10:31,,,Williamson REBOUND (Off:0 Def:1),,
0020400406,154,5,2,2,10:48 PM,10:21,Daniels STEAL (1 STL),,Jackson Lost Ball Turnover (P1.T3),,
0020400406,155,5,2,2,10:48 PM,10:12,Fortson Lost Ball Turnover (P1.T5),,Ollie STEAL (1 STL),,
0020400406,156,2,1,2,10:48 PM,10:05,,,MISS Korver  3PT Jump Shot,,
0020400406,157,4,0,2,10:48 PM,10:05,SUPERSONICS Rebound,,,,
0020400406,158,6,3,2,10:48 PM,10:05,,,Williamson L.B.FOUL (P1.T1),,
0020400406,159,8,0,2,10:48 PM,10:05,SUB: Allen FOR Lewis,,,,
0020400406,161,8,0,2,10:49 PM,10:05,,,SUB: Green FOR Korver,,
0020400406,162,1,5,2,10:49 PM,9:50,Fortson  Layup (9 PTS) (Daniels 2 AST),,,33 - 30,-3
0020400406,163,1,5,2,10:49 PM,9:30,,,Williamson  Layup (6 PTS) (Iguodala 2 AST),35 - 30,-5
0020400406,164,5,1,2,10:50 PM,9:15,Daniels Bad Pass Turnover (P1.T6),,Iguodala STEAL (2 STL),,
0020400406,165,1,5,2,10:50 PM,9:10,,,Green  Layup (7 PTS) (Ollie 1 AST),37 - 30,-7
0020400406,166,1,5,2,10:50 PM,8:57,Fortson  Layup (11 PTS) (Allen 4 AST),,,37 - 32,-5
0020400406,167,6,1,2,10:50 PM,8:42,Collison P.FOUL (P1.T1),,,,
0020400406,168,9,4,2,10:50 PM,8:42,,,,,
0020400406,170,8,0,2,10:52 PM,8:42,SUB: Radmanovic FOR Murray,,,,
0020400406,171,2,1,2,10:53 PM,8:31,,,MISS Iguodala  3PT Jump Shot,,
0020400406,172,4,0,2,10:53 PM,8:27,Radmanovic REBOUND (Off:0 Def:1),,,,
0020400406,173,2,1,2,10:53 PM,8:14,MISS Allen 17' Jump Shot,,,,
0020400406,174,4,0,2,10:53 PM,8:12,,,76ers Rebound,,
0020400406,175,1,3,2,10:54 PM,7:59,,,Jackson 6' Hook Shot (2 PTS) (Williamson 1 AST),39 - 32,-7
0020400406,176,6,2,2,10:54 PM,7:59,Fortson S.FOUL (P2.T2),,,,
0020400406,177,8,0,2,10:54 PM,7:59,SUB: Ridnour FOR Daniels,,,,
0020400406,178,3,10,2,10:54 PM,7:59,,,Jackson Free Throw 1 of 1 (3 PTS),40 - 32,-8
0020400406,179,2,5,2,10:54 PM,7:42,MISS Fortson  Layup,,,,
0020400406,181,4,0,2,10:55 PM,7:39,Collison REBOUND (Off:2 Def:2),,,,
0020400406,180,1,4,2,10:55 PM,7:39,Collison  Tip Shot (4 PTS),,,40 - 34,-6
0020400406,182,1,1,2,10:55 PM,7:23,,,Green 24' 3PT Jump Shot (10 PTS) (Ollie 2 AST),43 - 34,-9
0020400406,183,6,2,2,10:55 PM,7:09,,,Green S.FOUL (P1.T2),,
0020400406,184,3,11,2,10:55 PM,7:09,Allen Free Throw 1 of 2 (4 PTS),,,43 - 35,-8
0020400406,185,8,0,2,10:56 PM,7:09,,,SUB: Iverson FOR Green,,
0020400406,186,3,12,2,10:56 PM,7:09,MISS Allen Free Throw 2 of 2,,,,
0020400406,187,4,0,2,10:56 PM,7:07,,,Williamson REBOUND (Off:0 Def:2),,
0020400406,188,2,1,2,10:56 PM,6:56,,,MISS Iverson 15' Jump Shot,,
0020400406,189,4,0,2,10:56 PM,6:53,Fortson REBOUND (Off:4 Def:1),,,,
0020400406,190,1,46,2,10:56 PM,6:43,Ridnour 6' Running Jump Shot (9 PTS),,,43 - 37,-6
0020400406,191,6,1,2,10:57 PM,6:27,Fortson P.FOUL (P3.T3),,,,
0020400406,192,8,0,2,10:57 PM,6:27,SUB: Lewis FOR Fortson,,,,
0020400406,193,1,1,2,10:57 PM,6:16,,,Jackson 17' Jump Shot (5 PTS),45 - 37,-8
0020400406,194,2,1,2,10:57 PM,5:58,MISS Lewis 21' Jump Shot,,,,
0020400406,195,4,0,2,10:57 PM,5:55,,,Jackson REBOUND (Off:0 Def:1),,
0020400406,196,5,1,2,10:58 PM,5:50,Lewis STEAL (1 STL),,Iguodala Bad Pass Turnover (P1.T4),,
0020400406,197,5,1,2,10:58 PM,5:45,Allen Bad Pass Turnover (P1.T7),,Iverson STEAL (1 STL),,
0020400406,198,6,2,2,10:58 PM,5:39,Allen S.FOUL (P2.T4),,,,
0020400406,199,9,1,2,10:58 PM,5:39,SUPERSONICS Timeout: Regular (Full 2 Short 0),,,,
0020400406,201,8,0,2,11:00 PM,5:39,,,SUB: Dalembert FOR Jackson,,
0020400406,202,8,0,2,11:00 PM,5:39,,,SUB: Thomas FOR Williamson,,
0020400406,203,8,0,2,11:00 PM,5:39,,,SUB: Korver FOR Ollie,,
0020400406,204,8,0,2,11:00 PM,5:39,SUB: Potapenko FOR Collison,,,,
0020400406,205,3,11,2,11:00 PM,5:39,,,Iverson Free Throw 1 of 2 (4 PTS),46 - 37,-9
0020400406,206,3,12,2,11:01 PM,5:39,,,Iverson Free Throw 2 of 2 (5 PTS),47 - 37,-10
0020400406,207,2,1,2,11:01 PM,5:23,MISS Radmanovic  3PT Jump Shot,,,,
0020400406,208,4,0,2,11:01 PM,5:20,,,Iguodala REBOUND (Off:0 Def:4),,
0020400406,210,5,2,2,11:01 PM,5:15,Radmanovic STEAL (1 STL),,Thomas Lost Ball Turnover (P1.T5),,
0020400406,211,1,1,2,11:01 PM,5:06,Radmanovic 25' 3PT Jump Shot (3 PTS) (Ridnour 2 AST),,,47 - 40,-7
0020400406,212,2,1,2,11:02 PM,4:45,,,MISS Iverson 25' 3PT Jump Shot,,
0020400406,213,4,0,2,11:02 PM,4:42,Potapenko REBOUND (Off:0 Def:1),,,,
0020400406,214,2,1,2,11:02 PM,4:35,MISS Radmanovic 25' 3PT Jump Shot,,,,
0020400406,215,4,0,2,11:02 PM,4:34,SUPERSONICS Rebound,,,,
0020400406,216,2,1,2,11:02 PM,4:19,MISS Ridnour  3PT Jump Shot,,,,
0020400406,217,4,0,2,11:02 PM,4:16,,,Iverson REBOUND (Off:1 Def:4),,
0020400406,218,1,3,2,11:03 PM,3:59,,,Dalembert 4' Hook Shot (5 PTS) (Iguodala 3 AST),49 - 40,-9
0020400406,219,6,4,2,11:03 PM,3:51,Potapenko OFF.Foul (P1),,,,
0020400406,220,5,5,2,11:03 PM,3:51,Potapenko Foul Turnover (P1.T8),,,,
0020400406,221,1,1,2,11:03 PM,3:37,,,Iverson 24' 3PT Jump Shot (8 PTS) (Thomas 1 AST),52 - 40,-12
0020400406,222,6,1,2,11:04 PM,3:26,,,Iguodala P.FOUL (P2.T3),,
0020400406,223,1,1,2,11:04 PM,3:17,Allen 17' Jump Shot (6 PTS) (Ridnour 3 AST),,,52 - 42,-10
0020400406,224,6,2,2,11:04 PM,3:04,Allen S.FOUL (P3.PN),,,,
0020400406,225,8,0,2,11:05 PM,3:04,SUB: Murray FOR Allen,,,,
0020400406,226,8,0,2,11:05 PM,3:04,,,SUB: Green FOR Iguodala,,
0020400406,227,3,11,2,11:05 PM,3:04,,,Iverson Free Throw 1 of 2 (9 PTS),53 - 42,-11
0020400406,228,3,12,2,11:05 PM,3:04,,,Iverson Free Throw 2 of 2 (10 PTS),54 - 42,-12
0020400406,229,1,3,2,11:05 PM,2:49,Potapenko 4' Hook Shot (2 PTS),,,54 - 44,-10
0020400406,230,2,1,2,11:05 PM,2:39,,,MISS Korver 25' 3PT Jump Shot,,
0020400406,231,4,0,2,11:06 PM,2:36,Ridnour REBOUND (Off:0 Def:2),,,,
0020400406,232,2,1,2,11:06 PM,2:28,MISS Radmanovic 24' 3PT Jump Shot,,,,
0020400406,233,4,0,2,11:06 PM,2:25,,,Dalembert REBOUND (Off:2 Def:2),,
0020400406,234,6,1,2,11:06 PM,2:19,Potapenko P.FOUL (P2.PN),,,,
0020400406,235,9,1,2,11:06 PM,2:19,,,76ers Timeout: Regular (Reg.2 Short 0),,
0020400406,237,8,0,2,11:08 PM,2:19,SUB: Collison FOR Ridnour,,,,
0020400406,238,8,0,2,11:08 PM,2:19,SUB: Daniels FOR Radmanovic,,,,
0020400406,239,3,11,2,11:08 PM,2:19,,,MISS Iverson Free Throw 1 of 2,,
0020400406,240,4,1,2,11:08 PM,2:19,,,76ers Rebound,,
0020400406,241,3,12,2,11:09 PM,2:19,,,Iverson Free Throw 2 of 2 (11 PTS),55 - 44,-11
0020400406,242,2,5,2,11:09 PM,2:05,MISS Lewis  Layup,,,,
0020400406,243,4,0,2,11:09 PM,2:03,,,Dalembert REBOUND (Off:2 Def:3),,
0020400406,244,2,1,2,11:10 PM,1:56,,,MISS Green 24' 3PT Jump Shot,,
0020400406,245,4,0,2,11:10 PM,1:53,,,Thomas REBOUND (Off:2 Def:1),,
0020400406,246,1,1,2,11:10 PM,1:43,,,Green 5' Jump Shot (12 PTS),57 - 44,-13
0020400406,247,2,5,2,11:10 PM,1:25,MISS Lewis  Layup,,,,
0020400406,248,4,0,2,11:10 PM,1:23,,,Green REBOUND (Off:0 Def:1),,
0020400406,249,1,44,2,11:10 PM,1:20,,,Iverson  Reverse Layup (13 PTS) (Green 1 AST),59 - 44,-15
0020400406,250,1,1,2,11:11 PM,0:56,Lewis 26' 3PT Jump Shot (7 PTS) (Murray 1 AST),,,59 - 47,-12
0020400406,251,2,1,2,11:11 PM,0:42,,,MISS Iverson 19' Jump Shot,,
0020400406,252,4,0,2,11:11 PM,0:39,Murray REBOUND (Off:0 Def:2),,,,
0020400406,253,6,2,2,11:11 PM,0:25,,,Dalembert S.FOUL (P2.T4),,
0020400406,254,3,11,2,11:11 PM,0:25,Collison Free Throw 1 of 2 (5 PTS),,,59 - 48,-11
0020400406,255,8,0,2,11:12 PM,0:25,,,SUB: Jackson FOR Dalembert,,
0020400406,256,3,12,2,11:12 PM,0:25,MISS Collison Free Throw 2 of 2,,,,
0020400406,257,4,0,2,11:12 PM,0:22,,,Thomas REBOUND (Off:2 Def:2),,
0020400406,258,2,1,2,11:12 PM,0:02,,,MISS Jackson 19' Jump Shot,,
0020400406,259,4,0,2,11:12 PM,0:00,Potapenko REBOUND (Off:0 Def:2),,,,
0020400406,260,2,1,2,11:12 PM,0:00,MISS Murray 57' 3PT Jump Shot,,,,
0020400406,261,4,0,2,11:12 PM,0:00,SUPERSONICS Rebound,,,,
0020400406,263,13,0,2,11:13 PM,0:00,,,,59 - 48,-11
0020400406,265,12,0,3,11:28 PM,12:00,,,,59 - 48,-11
0020400406,266,5,41,3,11:30 PM,11:47,,,Iverson Poss Lost Ball Turnover (P2.T6),,
0020400406,267,6,1,3,11:31 PM,11:33,,,Dalembert P.FOUL (P3.T1),,
0020400406,268,1,42,3,11:31 PM,11:22,Allen  Driving Layup (8 PTS),,,59 - 50,-9
0020400406,269,2,1,3,11:31 PM,11:05,,,MISS Green 24' 3PT Jump Shot,,
0020400406,270,4,0,3,11:31 PM,11:03,,,76ers Rebound,,
0020400406,271,5,1,3,11:32 PM,11:03,,,Green Bad Pass Turnover (P2.T7),,
0020400406,272,2,1,3,11:32 PM,10:49,MISS Allen 20' Jump Shot,,,,
0020400406,273,4,0,3,11:32 PM,10:49,SUPERSONICS Rebound,,,,
0020400406,274,6,3,3,11:32 PM,10:49,,,Thomas L.B.FOUL (P1.T2),,
0020400406,275,5,2,3,11:33 PM,10:34,Lewis Lost Ball Turnover (P1.T9),,Iguodala STEAL (3 STL),,
0020400406,276,1,42,3,11:33 PM,10:30,,,Iverson  Driving Layup (15 PTS),61 - 50,-11
0020400406,277,2,1,3,11:33 PM,10:08,MISS Lewis 26' 3PT Jump Shot,,,,
0020400406,278,4,0,3,11:33 PM,10:06,,,Dalembert REBOUND (Off:2 Def:4),,
0020400406,279,1,46,3,11:33 PM,9:59,,,Iverson 9' Running Jump Shot (17 PTS),63 - 50,-13
0020400406,280,1,5,3,11:33 PM,9:46,Evans  Layup (5 PTS) (Allen 5 AST),,,63 - 52,-11
0020400406,281,2,1,3,11:34 PM,9:28,,,MISS Thomas 17' Jump Shot,,
0020400406,282,4,0,3,11:34 PM,9:26,Lewis REBOUND (Off:0 Def:3),,,,
0020400406,283,1,1,3,11:34 PM,9:19,Allen 26' 3PT Jump Shot (11 PTS) (Ridnour 4 AST),,,63 - 55,-8
0020400406,284,1,46,3,11:34 PM,9:05,,,Green 6' Running Jump Shot (14 PTS),65 - 55,-10
0020400406,285,6,2,3,11:35 PM,8:38,,,Green S.FOUL (P2.T3),,
0020400406,286,3,11,3,11:35 PM,8:38,James Free Throw 1 of 2 (3 PTS),,,65 - 56,-9
0020400406,287,3,12,3,11:35 PM,8:38,James Free Throw 2 of 2 (4 PTS),,,65 - 57,-8
0020400406,288,2,5,3,11:36 PM,8:32,,,MISS Green  Layup,,
0020400406,289,4,0,3,11:36 PM,8:29,,,Dalembert REBOUND (Off:3 Def:4),,
0020400406,290,6,2,3,11:36 PM,8:29,James S.FOUL (P2.T1),,,,
0020400406,291,3,11,3,11:36 PM,8:29,,,Dalembert Free Throw 1 of 2 (6 PTS),66 - 57,-9
0020400406,292,3,12,3,11:36 PM,8:29,,,MISS Dalembert Free Throw 2 of 2,,
0020400406,293,4,0,3,11:36 PM,8:27,Lewis REBOUND (Off:0 Def:4),,,,
0020400406,294,2,1,3,11:37 PM,8:16,MISS Allen 25' 3PT Jump Shot,,,,
0020400406,295,4,0,3,11:37 PM,8:14,,,Dalembert REBOUND (Off:3 Def:5),,
0020400406,297,2,1,3,11:37 PM,8:09,,,MISS Iverson 25' 3PT Jump Shot,,
0020400406,298,4,0,3,11:37 PM,8:06,,,76ers Rebound,,
0020400406,299,5,1,3,11:37 PM,8:04,Evans STEAL (1 STL),,Iguodala Bad Pass Turnover (P2.T8),,
0020400406,300,1,42,3,11:37 PM,8:02,Evans  Driving Layup (7 PTS) (Ridnour 5 AST),,,66 - 59,-7
0020400406,301,6,2,3,11:38 PM,8:02,,,Iverson S.FOUL (P1.T4),,
0020400406,302,3,10,3,11:38 PM,8:02,Evans Free Throw 1 of 1 (8 PTS),,,66 - 60,-6
0020400406,304,5,1,3,11:38 PM,7:49,Lewis STEAL (2 STL),,Dalembert Bad Pass Turnover (P1.T9),,
0020400406,305,5,41,3,11:38 PM,7:44,Ridnour Poss Lost Ball Turnover (P2.T10),,,,
0020400406,306,1,1,3,11:39 PM,7:39,,,Thomas 17' Jump Shot (15 PTS) (Green 2 AST),68 - 60,-8
0020400406,307,1,1,3,11:39 PM,7:15,Ridnour 24' 3PT Jump Shot (12 PTS) (Lewis 1 AST),,,68 - 63,-5
0020400406,308,2,1,3,11:39 PM,7:04,,,MISS Iverson 17' Jump Shot,,
0020400406,309,4,0,3,11:39 PM,7:03,SUPERSONICS Rebound,,,,
0020400406,311,1,5,3,11:40 PM,6:49,Evans  Layup (10 PTS) (Allen 6 AST),,,68 - 65,-3
0020400406,312,9,1,3,11:40 PM,6:46,,,76ers Timeout: Regular (Reg.3 Short 0),,
0020400406,314,8,0,3,11:42 PM,6:46,,,SUB: Jackson FOR Dalembert,,
0020400406,315,6,14,3,11:42 PM,6:35,James FLAGRANT.FOUL.TYPE1 (P3.T2),,,,
0020400406,316,3,18,3,11:43 PM,6:35,,,Jackson Free Throw Flagrant 1 of 2 (6 PTS),69 - 65,-4
0020400406,317,3,19,3,11:43 PM,6:35,,,Jackson Free Throw Flagrant 2 of 2 (7 PTS),70 - 65,-5
0020400406,318,2,5,3,11:43 PM,6:30,James BLOCK (1 BLK),,MISS Iverson  Layup,,
0020400406,319,4,0,3,11:44 PM,6:30,,,76ers Rebound,,
0020400406,320,1,1,3,11:44 PM,6:25,,,Iverson 15' Jump Shot (19 PTS),72 - 65,-7
0020400406,321,5,1,3,11:44 PM,6:10,Allen Bad Pass Turnover (P2.T11),,Iguodala STEAL (4 STL),,
0020400406,322,2,1,3,11:44 PM,6:04,,,MISS Iverson 14' Jump Shot,,
0020400406,323,4,0,3,11:44 PM,6:02,Allen REBOUND (Off:0 Def:1),,,,
0020400406,324,1,49,3,11:44 PM,5:57,Evans  Driving Dunk (12 PTS) (Allen 7 AST),,,72 - 67,-5
0020400406,325,2,1,3,11:45 PM,5:38,Evans BLOCK (1 BLK),,MISS Jackson 19' Jump Shot,,
0020400406,326,4,0,3,11:45 PM,5:36,Ridnour REBOUND (Off:0 Def:3),,,,
0020400406,327,1,42,3,11:45 PM,5:33,Evans  Driving Layup (14 PTS) (Ridnour 6 AST),,,72 - 69,-3
0020400406,328,6,2,3,11:45 PM,5:12,Evans S.FOUL (P2.T3),,,,
0020400406,329,3,11,3,11:46 PM,5:12,,,Green Free Throw 1 of 2 (15 PTS),73 - 69,-4
0020400406,330,8,0,3,11:46 PM,5:12,,,SUB: Korver FOR Iguodala,,
0020400406,331,8,0,3,11:46 PM,5:12,,,SUB: Williamson FOR Thomas,,
0020400406,332,3,12,3,11:46 PM,5:12,,,Green Free Throw 2 of 2 (16 PTS),74 - 69,-5
0020400406,333,2,1,3,11:46 PM,4:58,MISS Allen 25' 3PT Jump Shot,,,,
0020400406,334,4,0,3,11:46 PM,4:56,Evans REBOUND (Off:2 Def:2),,,,
0020400406,336,2,1,3,11:47 PM,4:48,MISS Ridnour 17' Jump Shot,,,,
0020400406,337,4,0,3,11:47 PM,4:46,,,Green REBOUND (Off:0 Def:2),,
0020400406,338,1,49,3,11:47 PM,4:42,,,Green  Driving Dunk (18 PTS),76 - 69,-7
0020400406,339,5,4,3,11:47 PM,4:29,Evans Traveling Turnover (P1.T12),,,,
0020400406,340,2,1,3,11:47 PM,4:13,James BLOCK (2 BLK),,MISS Green 6' Jump Shot,,
0020400406,341,4,0,3,11:48 PM,4:11,Ridnour REBOUND (Off:0 Def:4),,,,
0020400406,342,6,1,3,11:48 PM,4:11,,,Iverson P.FOUL (P2.PN),,
0020400406,343,8,0,3,11:48 PM,4:11,SUB: Radmanovic FOR Evans,,,,
0020400406,345,3,11,3,11:48 PM,4:11,Ridnour Free Throw 1 of 2 (13 PTS),,,76 - 70,-6
0020400406,346,3,12,3,11:48 PM,4:11,Ridnour Free Throw 2 of 2 (14 PTS),,,76 - 71,-5
0020400406,348,5,2,3,11:49 PM,3:59,Allen STEAL (1 STL),,Iverson Lost Ball Turnover (P3.T10),,
0020400406,349,6,2,3,11:49 PM,3:49,,,Green S.FOUL (P3.PN),,
0020400406,350,3,11,3,11:49 PM,3:49,Allen Free Throw 1 of 2 (12 PTS),,,76 - 72,-4
0020400406,351,8,0,3,11:50 PM,3:49,,,SUB: Iguodala FOR Green,,
0020400406,352,3,12,3,11:50 PM,3:49,Allen Free Throw 2 of 2 (13 PTS),,,76 - 73,-3
0020400406,353,1,1,3,11:50 PM,3:39,,,Korver 24' 3PT Jump Shot (6 PTS) (Iverson 4 AST),79 - 73,-6
0020400406,354,2,1,3,11:50 PM,3:28,MISS Radmanovic 22' Jump Shot,,,,
0020400406,355,4,0,3,11:50 PM,3:26,,,Iguodala REBOUND (Off:0 Def:5),,
0020400406,356,6,2,3,11:50 PM,3:21,James S.FOUL (P4.T4),,,,
0020400406,357,8,0,3,11:50 PM,3:21,SUB: Daniels FOR Ridnour,,,,
0020400406,358,3,11,3,11:50 PM,3:21,,,Jackson Free Throw 1 of 2 (8 PTS),80 - 73,-7
0020400406,359,8,0,3,11:51 PM,3:21,SUB: Fortson FOR James,,,,
0020400406,360,8,0,3,11:51 PM,3:21,,,SUB: Ollie FOR Iverson,,
0020400406,361,3,12,3,11:51 PM,3:21,,,Jackson Free Throw 2 of 2 (9 PTS),81 - 73,-8
0020400406,363,6,4,3,11:52 PM,3:10,Radmanovic OFF.Foul (P3),,,,
0020400406,364,5,5,3,11:52 PM,3:10,Radmanovic Foul Turnover (P2.T13),,,,
0020400406,365,2,1,3,11:52 PM,2:51,Radmanovic BLOCK (1 BLK),,MISS Williamson 12' Jump Shot,,
0020400406,366,4,0,3,11:52 PM,2:51,,,76ers Rebound,,
0020400406,367,9,1,3,11:52 PM,2:51,SUPERSONICS Timeout: Regular (Full 3 Short 0),,,,
0020400406,369,8,0,3,11:55 PM,2:51,SUB: Murray FOR Allen,,,,
0020400406,370,2,1,3,11:55 PM,2:46,,,MISS Williamson 17' Jump Shot,,
0020400406,371,4,0,3,11:55 PM,2:43,Murray REBOUND (Off:0 Def:3),,,,
0020400406,372,2,3,3,11:55 PM,2:29,MISS Lewis 5' Hook Shot,,,,
0020400406,373,4,0,3,11:55 PM,2:26,,,Williamson REBOUND (Off:0 Def:3),,
0020400406,374,6,1,3,11:55 PM,2:12,Fortson P.FOUL (P4.PN),,,,
0020400406,375,8,0,3,11:55 PM,2:12,,,SUB: Iverson FOR Ollie,,
0020400406,376,3,11,3,11:56 PM,2:12,,,MISS Jackson Free Throw 1 of 2,,
0020400406,377,4,1,3,11:56 PM,2:12,,,76ers Rebound,,
0020400406,378,3,12,3,11:56 PM,2:12,,,MISS Jackson Free Throw 2 of 2,,
0020400406,379,4,0,3,11:56 PM,2:10,Fortson REBOUND (Off:4 Def:2),,,,
0020400406,380,2,1,3,11:57 PM,1:53,MISS Lewis 25' 3PT Jump Shot,,,,
0020400406,381,4,0,3,11:57 PM,1:50,,,Korver REBOUND (Off:0 Def:1),,
0020400406,382,2,1,3,11:57 PM,1:42,,,MISS Korver 27' 3PT Jump Shot,,
0020400406,383,4,0,3,11:57 PM,1:42,,,76ers Rebound,,
0020400406,384,6,3,3,11:57 PM,1:42,Fortson L.B.FOUL (P5.PN),,,,
0020400406,385,6,16,3,11:58 PM,1:42,,,,,
0020400406,386,3,11,3,11:58 PM,1:42,,,Jackson Free Throw 1 of 2 (10 PTS),82 - 73,-9
0020400406,387,8,0,3,11:58 PM,1:42,SUB: Evans FOR Fortson,,,,
0020400406,388,3,12,3,11:58 PM,1:42,,,Jackson Free Throw 2 of 2 (11 PTS),83 - 73,-10
0020400406,389,6,1,3,11:59 PM,1:33,,,Williamson P.FOUL (P2.PN),,
0020400406,390,3,11,3,11:59 PM,1:33,Daniels Free Throw 1 of 2 (1 PTS),,,83 - 74,-9
0020400406,391,3,12,3,11:59 PM,1:33,Daniels Free Throw 2 of 2 (2 PTS),,,83 - 75,-8
0020400406,392,2,1,3,11:59 PM,1:21,Lewis BLOCK (1 BLK),,MISS Williamson 7' Jump Shot,,
0020400406,393,4,0,3,11:59 PM,1:18,Radmanovic REBOUND (Off:0 Def:2),,,,
0020400406,394,2,1,3,12:00 PM,1:00,MISS Evans 5' Jump Shot,,,,
0020400406,395,4,0,3,12:00 PM,0:58,,,Iverson REBOUND (Off:1 Def:5),,
0020400406,397,1,56,3,12:00 PM,0:48,,,Iverson 5' Running Hook Shot (21 PTS),85 - 75,-10
0020400406,398,5,1,3,12:00 PM,0:38,Murray Bad Pass Turnover (P2.T14),,Korver STEAL (1 STL),,
0020400406,399,5,1,3,12:01 PM,0:30,Murray STEAL (2 STL),,Iverson Bad Pass Turnover (P4.T11),,
0020400406,400,6,1,3,12:01 PM,0:30,,,Iverson P.FOUL (P3.PN),,
0020400406,401,3,11,3,12:01 PM,0:30,Murray Free Throw 1 of 2 (1 PTS),,,85 - 76,-9
0020400406,402,3,12,3,12:01 PM,0:30,Murray Free Throw 2 of 2 (2 PTS),,,85 - 77,-8
0020400406,404,6,1,3,12:02 PM,0:20,Radmanovic P.FOUL (P4.PN),,,,
0020400406,405,3,11,3,12:02 PM,0:20,,,Williamson Free Throw 1 of 2 (7 PTS),86 - 77,-9
0020400406,406,8,0,3,12:02 PM,0:20,,,SUB: Ollie FOR Iverson,,
0020400406,407,8,0,3,12:02 PM,0:20,SUB: Allen FOR Evans,,,,
0020400406,408,8,0,3,12:02 PM,0:20,,,SUB: Thomas FOR Jackson,,
0020400406,409,3,12,3,12:02 PM,0:20,,,Williamson Free Throw 2 of 2 (8 PTS),87 - 77,-10
0020400406,410,6,2,3,12:03 PM,0:07,,,Ollie S.FOUL (P1.PN),,
0020400406,411,3,11,3,12:03 PM,0:07,Daniels Free Throw 1 of 2 (3 PTS),,,87 - 78,-9
0020400406,412,8,0,3,12:03 PM,0:07,,,SUB: Iverson FOR Ollie,,
0020400406,413,8,0,3,12:03 PM,0:07,SUB: Evans FOR Radmanovic,,,,
0020400406,414,3,12,3,12:03 PM,0:07,Daniels Free Throw 2 of 2 (4 PTS),,,87 - 79,-8
0020400406,416,2,1,3,12:04 PM,0:00,,,MISS Thomas 21' Jump Shot,,
0020400406,417,4,0,3,12:04 PM,0:00,,,76ers Rebound,,
0020400406,418,13,0,3,12:04 PM,0:00,,,,87 - 79,-8
0020400406,420,12,0,4,12:06 PM,12:00,,,,87 - 79,-8
0020400406,421,1,5,4,12:07 PM,11:41,Allen  Layup (15 PTS) (Daniels 3 AST),,,87 - 81,-6
0020400406,422,2,1,4,12:07 PM,11:27,,,MISS Korver 26' 3PT Jump Shot,,
0020400406,423,4,0,4,12:07 PM,11:24,Murray REBOUND (Off:0 Def:4),,,,
0020400406,424,2,1,4,12:08 PM,11:06,MISS Allen 25' 3PT Jump Shot,,,,
0020400406,425,4,0,4,12:08 PM,11:03,,,Thomas REBOUND (Off:2 Def:3),,
0020400406,426,1,1,4,12:08 PM,10:59,,,Korver 25' 3PT Jump Shot (9 PTS) (Iverson 5 AST),90 - 81,-9
0020400406,427,5,1,4,12:08 PM,10:36,Murray Bad Pass Turnover (P3.T15),,Thomas STEAL (2 STL),,
0020400406,428,1,5,4,12:08 PM,10:22,,,Williamson  Layup (10 PTS) (Iverson 6 AST),92 - 81,-11
0020400406,429,6,2,4,12:08 PM,10:22,Allen S.FOUL (P4.T1),,,,
0020400406,430,3,10,4,12:09 PM,10:22,,,Williamson Free Throw 1 of 1 (11 PTS),93 - 81,-12
0020400406,431,2,1,4,12:09 PM,10:04,MISS Radmanovic 24' 3PT Jump Shot,,,,
0020400406,432,4,0,4,12:09 PM,10:02,,,Iguodala REBOUND (Off:0 Def:6),,
0020400406,433,1,1,4,12:09 PM,9:47,,,Iverson 25' 3PT Jump Shot (24 PTS),96 - 81,-15
0020400406,434,9,1,4,12:10 PM,9:38,SUPERSONICS Timeout: Regular (Full 4 Short 0),,,,
0020400406,436,8,0,4,12:12 PM,9:38,SUB: Ridnour FOR Murray,,,,
0020400406,437,8,0,4,12:12 PM,9:38,,,SUB: Green FOR Korver,,
0020400406,438,2,1,4,12:12 PM,9:26,MISS Daniels 25' 3PT Jump Shot,,,,
0020400406,439,4,0,4,12:12 PM,9:24,,,Iverson REBOUND (Off:1 Def:6),,
0020400406,440,2,1,4,12:13 PM,9:16,,,MISS Iverson 26' 3PT Jump Shot,,
0020400406,441,4,0,4,12:13 PM,9:13,Collison REBOUND (Off:2 Def:3),,,,
0020400406,442,8,0,4,12:13 PM,9:03,SUB: Lewis FOR Daniels,,,,
0020400406,443,1,42,4,12:13 PM,8:56,Allen  Driving Layup (17 PTS),,,96 - 83,-13
0020400406,444,6,2,4,12:13 PM,8:56,,,Green S.FOUL (P4.T1),,
0020400406,445,3,10,4,12:14 PM,8:56,Allen Free Throw 1 of 1 (18 PTS),,,96 - 84,-12
0020400406,447,5,4,4,12:14 PM,8:45,,,Iguodala Traveling Turnover (P3.T12),,
0020400406,448,6,4,4,12:15 PM,8:27,Radmanovic OFF.Foul (P5),,,,
0020400406,449,5,36,4,12:15 PM,8:27,Radmanovic Illegal Screen Turnover (P3.T16),,,,
0020400406,450,2,1,4,12:15 PM,8:03,Radmanovic BLOCK (2 BLK),,MISS Thomas 19' Jump Shot,,
0020400406,451,4,0,4,12:15 PM,8:03,,,76ers Rebound,,
0020400406,452,6,3,4,12:15 PM,8:03,Collison L.B.FOUL (P2.T2),,,,
0020400406,453,2,5,4,12:16 PM,7:53,,,MISS Thomas  Layup,,
0020400406,454,4,0,4,12:16 PM,7:48,Collison REBOUND (Off:2 Def:4),,,,
0020400406,455,1,49,4,12:16 PM,7:39,Allen  Driving Dunk (20 PTS) (Collison 2 AST),,,96 - 86,-10
0020400406,456,1,66,4,12:16 PM,7:18,,,Williamson 14' Jump Bank Shot (13 PTS) (Iguodala 4 AST),98 - 86,-12
0020400406,457,1,1,4,12:17 PM,6:56,Allen 17' Jump Shot (22 PTS),,,98 - 88,-10
0020400406,459,2,5,4,12:17 PM,6:39,,,MISS Williamson  Layup,,
0020400406,460,4,0,4,12:17 PM,6:37,Allen REBOUND (Off:0 Def:2),,,,
0020400406,461,2,1,4,12:17 PM,6:31,MISS Radmanovic 25' 3PT Jump Shot,,,,
0020400406,462,4,0,4,12:17 PM,6:29,Ridnour REBOUND (Off:1 Def:4),,,,
0020400406,463,1,1,4,12:17 PM,6:26,Allen 25' 3PT Jump Shot (25 PTS) (Ridnour 7 AST),,,98 - 91,-7
0020400406,464,9,1,4,12:17 PM,6:22,,,76ers Timeout: Regular (Reg.4 Short 0),,
0020400406,466,8,0,4,12:19 PM,6:22,,,SUB: Korver FOR Green,,
0020400406,467,6,1,4,12:20 PM,6:07,Radmanovic P.FOUL (P6.T3),,,,
0020400406,468,8,0,4,12:20 PM,6:07,SUB: Fortson FOR Radmanovic,,,,
0020400406,469,8,0,4,12:21 PM,6:07,,,SUB: Jackson FOR Williamson,,
0020400406,470,1,42,4,12:21 PM,6:01,,,Iverson  Driving Layup (26 PTS),100 - 91,-9
0020400406,471,2,1,4,12:22 PM,5:36,MISS Allen 24' 3PT Jump Shot,,,,
0020400406,472,4,0,4,12:22 PM,5:34,,,Iverson REBOUND (Off:1 Def:7),,
0020400406,473,5,41,4,12:22 PM,5:21,,,Iverson Poss Lost Ball Turnover (P5.T13),,
0020400406,474,2,1,4,12:22 PM,5:12,MISS Lewis 25' 3PT Jump Shot,,,,
0020400406,475,4,0,4,12:22 PM,5:09,,,Iguodala REBOUND (Off:0 Def:7),,
0020400406,476,1,1,4,12:22 PM,4:55,,,Jackson 4' Jump Shot (13 PTS) (Iverson 7 AST),102 - 91,-11
0020400406,477,2,1,4,12:23 PM,4:38,MISS Lewis 25' 3PT Jump Shot,,,,
0020400406,478,4,0,4,12:23 PM,4:35,,,Iverson REBOUND (Off:1 Def:8),,
0020400406,479,1,46,4,12:23 PM,4:25,,,Iverson 6' Running Jump Shot (28 PTS),104 - 91,-13
0020400406,481,9,1,4,12:23 PM,4:22,SUPERSONICS Timeout: Regular (Full 5 Short 0),,,,
0020400406,483,8,0,4,12:25 PM,4:22,SUB: Daniels FOR Collison,,,,
0020400406,484,1,44,4,12:25 PM,4:07,Fortson  Reverse Layup (13 PTS) (Ridnour 8 AST),,,104 - 93,-11
0020400406,485,1,44,4,12:26 PM,3:52,,,Iverson  Reverse Layup (30 PTS),106 - 93,-13
0020400406,486,1,49,4,12:26 PM,3:44,Allen  Driving Dunk (27 PTS),,,106 - 95,-11
0020400406,487,6,1,4,12:26 PM,3:30,Ridnour P.FOUL (P3.T4),,,,
0020400406,488,6,1,4,12:27 PM,3:18,Lewis P.FOUL (P2.PN),,,,
0020400406,489,3,11,4,12:27 PM,3:18,,,Iguodala Free Throw 1 of 2 (3 PTS),107 - 95,-12
0020400406,490,3,12,4,12:27 PM,3:18,,,Iguodala Free Throw 2 of 2 (4 PTS),108 - 95,-13
0020400406,491,1,46,4,12:28 PM,3:06,Ridnour 5' Running Jump Shot (16 PTS),,,108 - 97,-11
0020400406,493,2,1,4,12:28 PM,2:52,,,MISS Iverson 21' Jump Shot,,
0020400406,494,4,0,4,12:28 PM,2:50,Lewis REBOUND (Off:0 Def:5),,,,
0020400406,495,2,1,4,12:28 PM,2:41,MISS Lewis 25' 3PT Jump Shot,,,,
0020400406,496,4,0,4,12:28 PM,2:41,SUPERSONICS Rebound,,,,
0020400406,497,6,3,4,12:28 PM,2:41,,,Jackson L.B.FOUL (P2.T2),,
0020400406,498,8,0,4,12:29 PM,2:41,,,SUB: Green FOR Korver,,
0020400406,499,2,1,4,12:29 PM,2:36,MISS Allen 24' 3PT Jump Shot,,,,
0020400406,500,4,0,4,12:29 PM,2:35,SUPERSONICS Rebound,,,,
0020400406,501,1,1,4,12:29 PM,2:30,Allen 3' Jump Shot (29 PTS),,,108 - 99,-9
0020400406,502,6,2,4,12:29 PM,2:30,,,Thomas S.FOUL (P2.T3),,
0020400406,503,3,10,4,12:30 PM,2:30,Allen Free Throw 1 of 1 (30 PTS),,,108 - 100,-8
0020400406,504,1,46,4,12:30 PM,2:05,,,Iverson 15' Running Jump Shot (32 PTS) (Green 3 AST),110 - 100,-10
0020400406,505,2,1,4,12:30 PM,1:47,MISS Ridnour  3PT Jump Shot,,,,
0020400406,506,4,0,4,12:30 PM,1:45,,,Green REBOUND (Off:0 Def:3),,
0020400406,507,5,2,4,12:31 PM,1:38,Ridnour STEAL (1 STL),,Iguodala Lost Ball Turnover (P4.T14),,
0020400406,508,6,4,4,12:31 PM,1:32,Ridnour OFF.Foul (P4),,,,
0020400406,509,5,5,4,12:31 PM,1:32,Ridnour Foul Turnover (P3.T17),,,,
0020400406,511,1,1,4,12:31 PM,1:11,,,Iverson 10' Jump Shot (34 PTS),112 - 100,-12
0020400406,512,1,1,4,12:32 PM,0:56,Allen 5' Jump Shot (32 PTS),,,112 - 102,-10
0020400406,513,6,1,4,12:32 PM,0:54,Allen P.FOUL (P5.PN),,,,
0020400406,514,3,11,4,12:32 PM,0:54,,,Green Free Throw 1 of 2 (19 PTS),113 - 102,-11
0020400406,515,3,12,4,12:32 PM,0:54,,,Green Free Throw 2 of 2 (20 PTS),114 - 102,-12
0020400406,516,9,1,4,12:33 PM,0:54,SUPERSONICS Timeout: Regular (Full 6 Short 0),,,,
0020400406,518,6,1,4,12:35 PM,0:49,,,Iverson P.FOUL (P4.T4),,
0020400406,519,2,1,4,12:35 PM,0:42,MISS Allen 25' 3PT Jump Shot,,Iguodala BLOCK (1 BLK),,
0020400406,520,4,0,4,12:35 PM,0:38,Allen REBOUND (Off:1 Def:2),,,,
0020400406,521,1,5,4,12:35 PM,0:38,Daniels  Layup (6 PTS) (Allen 8 AST),,,114 - 104,-10
0020400406,522,2,1,4,12:36 PM,0:15,,,MISS Iverson 17' Jump Shot,,
0020400406,523,4,0,4,12:36 PM,0:13,Lewis REBOUND (Off:0 Def:6),,,,
0020400406,524,1,1,4,12:36 PM,0:01,Lewis 25' 3PT Jump Shot (10 PTS) (Ridnour 9 AST),,,114 - 107,-7
0020400406,525,13,0,4,12:36 PM,0:00,,,,114 - 107,-7
