GAME_ID,EVENTNUM,EVENTMSGTYPE,EVENTMSGACTIONTYPE,PERIOD,WCTIMESTRING,PCTIMESTRING,HOMEDESCRIPTION,NEUTRALDESCRIPTION,VISITORDESCRIPTION,SCORE,SCOREMARGIN,PERSON1TYPE,PLAYER1_ID,PLAYER1_NAME,PLAYER1_TEAM_ID,PLAYER1_TEAM_CITY,PLAYER1_TEAM_NICKNAME,PLAYER1_TEAM_ABBREVIATION,PERSON2TYPE,PLAYER2_ID,PLAYER2_NAME,PLAYER2_TEAM_ID,PLAYER2_TEAM_CITY,PLAYER2_TEAM_NICKNAME,PLAYER2_TEAM_ABBREVIATION,PERSON3TYPE,PLAYER3_ID,PLAYER3_NAME,PLAYER3_TEAM_ID,PLAYER3_TEAM_CITY,PLAYER3_TEAM_NICKNAME,PLAYER3_TEAM_ABBREVIATION,VIDEO_AVAILABLE_FLAG
0021200745,0,12,0,1,8:10 PM,12:00,,,,,,0.0,0,,,,,,0,0,,,,,,0,0,,,,,,0
0021200745,1,10,0,1,8:11 PM,12:00,Jump Ball Pekovic vs. Chandler: Tip to Anthony,,,,,4.0,201593,Nikola Pekovic,1610612750.0,Minnesota,Timberwolves,MIN,5,2199,Tyson Chandler,1610612752.0,New York,Knicks,NYK,5,2546,Carmelo Anthony,1610612752.0,New York,Knicks,NYK,0
0021200745,2,1,1,1,8:11 PM,11:41,,,Anthony 17' Jump Shot (2 PTS) (Kidd 1 AST),2 - 0,-2,5.0,2546,Carmelo Anthony,1610612752.0,New York,Knicks,NYK,5,467,Jason Kidd,1610612752.0,New York,Knicks,NYK,0,0,,,,,,0
0021200745,3,6,1,1,8:11 PM,11:25,,,Shumpert P.FOUL (P1.T1),,,5.0,202697,Iman Shumpert,1610612752.0,New York,Knicks,NYK,4,2557,Luke Ridnour,1610612750.0,Minnesota,Timberwolves,MIN,1,0,,,,,,0
0021200745,4,2,1,1,8:11 PM,11:21,MISS Williams  3PT Jump Shot,,,,,4.0,202682,Derrick Williams,1610612750.0,Minnesota,Timberwolves,MIN,0,0,,,,,,0,0,,,,,,0
0021200745,5,4,0,1,8:12 PM,11:20,,,Anthony REBOUND (Off:0 Def:1),,,5.0,2546,Carmelo Anthony,1610612752.0,New York,Knicks,NYK,0,0,,,,,,0,0,,,,,,0
0021200745,6,2,1,1,8:12 PM,11:07,,,MISS Felton 19' Jump Shot,,,5.0,101109,Raymond Felton,1610612752.0,New York,Knicks,NYK,0,0,,,,,,0,0,,,,,,0
0021200745,7,4,0,1,8:12 PM,11:06,Williams REBOUND (Off:0 Def:1),,,,,4.0,202682,Derrick Williams,1610612750.0,Minnesota,Timberwolves,MIN,0,0,,,,,,0,0,,,,,,0
0021200745,8,6,2,1,8:12 PM,10:59,,,Chandler S.FOUL (P1.T2),,,5.0,2199,Tyson Chandler,1610612752.0,New York,Knicks,NYK,4,201593,Nikola Pekovic,1610612750.0,Minnesota,Timberwolves,MIN,1,0,,,,,,0
0021200745,9,3,11,1,8:12 PM,10:59,MISS Pekovic Free Throw 1 of 2,,,,,4.0,201593,Nikola Pekovic,1610612750.0,Minnesota,Timberwolves,MIN,0,0,,,,,,0,0,,,,,,0
0021200745,10,4,1,1,8:12 PM,10:59,TIMBERWOLVES Rebound,,,,,2.0,1610612750,,,,,,0,0,,,,,,0,0,,,,,,0
0021200745,11,3,12,1,8:12 PM,10:59,Pekovic Free Throw 2 of 2 (1 PTS),,,2 - 1,-1,4.0,201593,Nikola Pekovic,1610612750.0,Minnesota,Timberwolves,MIN,0,0,,,,,,0,0,,,,,,0
0021200745,13,1,63,1,8:13 PM,10:42,,,Kidd 8' Fadeaway Jumper (2 PTS),4 - 1,-3,5.0,467,Jason Kidd,1610612752.0,New York,Knicks,NYK,0,0,,,,,,0,0,,,,,,0
0021200745,14,1,5,1,8:13 PM,10:17,Pekovic 3' Layup (3 PTS) (Gelabale 1 AST),,,4 - 3,-1,4.0,201593,Nikola Pekovic,1610612750.0,Minnesota,Timberwolves,MIN,4,101153,Mickael Gelabale,1610612750.0,Minnesota,Timberwolves,MIN,0,0,,,,,,0
0021200745,15,2,1,1,8:14 PM,9:57,,,MISS Kidd 24' 3PT Jump Shot,,,5.0,467,Jason Kidd,1610612752.0,New York,Knicks,NYK,0,0,,,,,,0,0,,,,,,0
0021200745,16,4,0,1,8:14 PM,9:56,Williams REBOUND (Off:0 Def:2),,,,,4.0,202682,Derrick Williams,1610612750.0,Minnesota,Timberwolves,MIN,0,0,,,,,,0,0,,,,,,0
0021200745,18,5,40,1,8:14 PM,9:33,Pekovic Out of Bounds Lost Ball Turnover (P1.T1),,,,,4.0,201593,Nikola Pekovic,1610612750.0,Minnesota,Timberwolves,MIN,0,0,,,,,,0,0,,,,,,0
0021200745,19,2,1,1,8:15 PM,9:09,,,MISS Felton 25' 3PT Jump Shot,,,5.0,101109,Raymond Felton,1610612752.0,New York,Knicks,NYK,0,0,,,,,,0,0,,,,,,0
0021200745,20,4,0,1,8:15 PM,9:07,Rubio REBOUND (Off:0 Def:1),,,,,4.0,201937,Ricky Rubio,1610612750.0,Minnesota,Timberwolves,MIN,0,0,,,,,,0,0,,,,,,0
0021200745,21,1,5,1,8:15 PM,8:51,Pekovic 1' Layup (5 PTS) (Rubio 1 AST),,,4 - 5,1,4.0,201593,Nikola Pekovic,1610612750.0,Minnesota,Timberwolves,MIN,4,201937,Ricky Rubio,1610612750.0,Minnesota,Timberwolves,MIN,0,0,,,,,,0
0021200745,22,2,1,1,8:15 PM,8:33,,,MISS Anthony 24' 3PT Jump Shot,,,5.0,2546,Carmelo Anthony,1610612752.0,New York,Knicks,NYK,0,0,,,,,,0,0,,,,,,0
0021200745,23,4,0,1,8:15 PM,8:32,Pekovic REBOUND (Off:0 Def:1),,,,,4.0,201593,Nikola Pekovic,1610612750.0,Minnesota,Timberwolves,MIN,0,0,,,,,,0,0,,,,,,0
0021200745,24,2,1,1,8:16 PM,8:26,MISS Rubio 12' Jump Shot,,,,,4.0,201937,Ricky Rubio,1610612750.0,Minnesota,Timberwolves,MIN,0,0,,,,,,0,0,,,,,,0
0021200745,25,4,0,1,8:16 PM,8:24,,,Shumpert REBOUND (Off:0 Def:1),,,5.0,202697,Iman Shumpert,1610612752.0,New York,Knicks,NYK,0,0,,,,,,0,0,,,,,,0
0021200745,26,1,1,1,8:16 PM,8:08,,,Kidd  3PT Jump Shot (5 PTS) (Shumpert 1 AST),7 - 5,-2,5.0,467,Jason Kidd,1610612752.0,New York,Knicks,NYK,5,202697,Iman Shumpert,1610612752.0,New York,Knicks,NYK,0,0,,,,,,0
0021200745,28,2,1,1,8:17 PM,7:41,MISS Williams 25' 3PT Jump Shot,,,,,4.0,202682,Derrick Williams,1610612750.0,Minnesota,Timberwolves,MIN,0,0,,,,,,0,0,,,,,,0
0021200745,29,4,0,1,8:17 PM,7:39,Pekovic REBOUND (Off:1 Def:1),,,,,4.0,201593,Nikola Pekovic,1610612750.0,Minnesota,Timberwolves,MIN,0,0,,,,,,0,0,,,,,,0
0021200745,30,5,13,1,8:17 PM,7:36,Pekovic Backcourt Turnover (P2.T2),,,,,4.0,201593,Nikola Pekovic,1610612750.0,Minnesota,Timberwolves,MIN,0,0,,,,,,1,0,,,,,,0
0021200745,32,1,1,1,8:17 PM,7:25,,,Anthony 18' Jump Shot (4 PTS) (Shumpert 2 AST),9 - 5,-4,5.0,2546,Carmelo Anthony,1610612752.0,New York,Knicks,NYK,5,202697,Iman Shumpert,1610612752.0,New York,Knicks,NYK,0,0,,,,,,0
0021200745,33,1,1,1,8:18 PM,7:09,Ridnour 20' Jump Shot (2 PTS) (Williams 1 AST),,,9 - 7,-2,4.0,2557,Luke Ridnour,1610612750.0,Minnesota,Timberwolves,MIN,4,202682,Derrick Williams,1610612750.0,Minnesota,Timberwolves,MIN,0,0,,,,,,0
0021200745,34,2,43,1,8:18 PM,7:00,,,MISS Chandler 2' Alley Oop Layup,,,5.0,2199,Tyson Chandler,1610612752.0,New York,Knicks,NYK,0,0,,,,,,0,0,,,,,,0
0021200745,35,4,0,1,8:18 PM,6:58,TIMBERWOLVES Rebound,,,,,2.0,1610612750,,,,,,0,0,,,,,,0,0,,,,,,0
0021200745,36,5,2,1,8:18 PM,6:48,Pekovic Lost Ball Turnover (P3.T3),,Felton STEAL (1 STL),,,4.0,201593,Nikola Pekovic,1610612750.0,Minnesota,Timberwolves,MIN,5,101109,Raymond Felton,1610612752.0,New York,Knicks,NYK,0,0,,,,,,0
0021200745,37,6,2,1,8:18 PM,6:31,Williams S.FOUL (P1.T1),,,,,4.0,202682,Derrick Williams,1610612750.0,Minnesota,Timberwolves,MIN,5,2546,Carmelo Anthony,1610612752.0,New York,Knicks,NYK,1,0,,,,,,0
0021200745,38,3,11,1,8:19 PM,6:31,,,MISS Anthony Free Throw 1 of 2,,,5.0,2546,Carmelo Anthony,1610612752.0,New York,Knicks,NYK,0,0,,,,,,0,0,,,,,,0
0021200745,39,4,1,1,8:19 PM,6:31,,,Knicks Rebound,,,3.0,1610612752,,,,,,0,0,,,,,,0,0,,,,,,0
0021200745,40,3,12,1,8:19 PM,6:31,,,Anthony Free Throw 2 of 2 (5 PTS),10 - 7,-3,5.0,2546,Carmelo Anthony,1610612752.0,New York,Knicks,NYK,0,0,,,,,,0,0,,,,,,0
0021200745,42,2,63,1,8:20 PM,6:16,MISS Rubio 15' Fadeaway Jumper,,,,,4.0,201937,Ricky Rubio,1610612750.0,Minnesota,Timberwolves,MIN,0,0,,,,,,0,0,,,,,,0
0021200745,43,4,0,1,8:20 PM,6:15,,,Felton REBOUND (Off:0 Def:1),,,5.0,101109,Raymond Felton,1610612752.0,New York,Knicks,NYK,0,0,,,,,,0,0,,,,,,0
0021200745,44,2,1,1,8:20 PM,6:07,,,MISS Anthony 25' 3PT Jump Shot,,,5.0,2546,Carmelo Anthony,1610612752.0,New York,Knicks,NYK,0,0,,,,,,0,0,,,,,,0
0021200745,45,4,0,1,8:20 PM,6:06,Gelabale REBOUND (Off:0 Def:1),,,,,4.0,101153,Mickael Gelabale,1610612750.0,Minnesota,Timberwolves,MIN,0,0,,,,,,0,0,,,,,,0
0021200745,46,2,1,1,8:20 PM,6:00,MISS Rubio 18' Jump Shot,,,,,4.0,201937,Ricky Rubio,1610612750.0,Minnesota,Timberwolves,MIN,0,0,,,,,,0,0,,,,,,0
0021200745,47,4,0,1,8:20 PM,5:58,Pekovic REBOUND (Off:2 Def:1),,,,,4.0,201593,Nikola Pekovic,1610612750.0,Minnesota,Timberwolves,MIN,0,0,,,,,,0,0,,,,,,0
0021200745,48,1,5,1,8:20 PM,5:51,Williams 1' Layup (2 PTS) (Rubio 2 AST),,,10 - 9,-1,4.0,202682,Derrick Williams,1610612750.0,Minnesota,Timberwolves,MIN,4,201937,Ricky Rubio,1610612750.0,Minnesota,Timberwolves,MIN,0,0,,,,,,0
0021200745,51,5,4,1,8:21 PM,5:26,,,Anthony Traveling Turnover (P1.T1),,,5.0,2546,Carmelo Anthony,1610612752.0,New York,Knicks,NYK,0,0,,,,,,1,0,,,,,,0
0021200745,52,9,1,1,8:21 PM,5:26,TIMBERWOLVES Timeout: Regular (Full 1 Short 0),,,,,2.0,1610612750,,,,,,0,0,,,,,,0,0,,,,,,0
0021200745,54,8,0,1,8:23 PM,5:26,,,SUB: Smith FOR Kidd,,,5.0,467,Jason Kidd,1610612752.0,New York,Knicks,NYK,5,2747,JR Smith,1610612752.0,New York,Knicks,NYK,0,0,,,,,,0
0021200745,55,1,63,1,8:23 PM,5:07,Ridnour 17' Fadeaway Jumper (4 PTS),,,10 - 11,1,4.0,2557,Luke Ridnour,1610612750.0,Minnesota,Timberwolves,MIN,0,0,,,,,,0,0,,,,,,0
0021200745,56,5,2,1,8:24 PM,4:43,Gelabale STEAL (1 STL),,Felton Lost Ball Turnover (P1.T2),,,5.0,101109,Raymond Felton,1610612752.0,New York,Knicks,NYK,4,101153,Mickael Gelabale,1610612750.0,Minnesota,Timberwolves,MIN,0,0,,,,,,0
0021200745,57,2,79,1,8:24 PM,4:37,MISS Gelabale 15' Pullup Jump Shot,,,,,4.0,101153,Mickael Gelabale,1610612750.0,Minnesota,Timberwolves,MIN,0,0,,,,,,0,0,,,,,,0
0021200745,58,4,0,1,8:24 PM,4:36,,,Anthony REBOUND (Off:0 Def:2),,,5.0,2546,Carmelo Anthony,1610612752.0,New York,Knicks,NYK,0,0,,,,,,0,0,,,,,,0
0021200745,59,1,1,1,8:24 PM,4:27,,,Felton 25' 3PT Jump Shot (3 PTS) (Anthony 1 AST),13 - 11,-2,5.0,101109,Raymond Felton,1610612752.0,New York,Knicks,NYK,5,2546,Carmelo Anthony,1610612752.0,New York,Knicks,NYK,0,0,,,,,,0
0021200745,60,2,46,1,8:24 PM,4:10,MISS Ridnour 7' Running Jump Shot,,,,,4.0,2557,Luke Ridnour,1610612750.0,Minnesota,Timberwolves,MIN,0,0,,,,,,0,0,,,,,,0
0021200745,61,4,0,1,8:24 PM,4:09,,,Anthony REBOUND (Off:0 Def:3),,,5.0,2546,Carmelo Anthony,1610612752.0,New York,Knicks,NYK,0,0,,,,,,0,0,,,,,,0
0021200745,62,2,1,1,8:24 PM,4:03,Williams BLOCK (1 BLK),,MISS Shumpert 11' Jump Shot,,,5.0,202697,Iman Shumpert,1610612752.0,New York,Knicks,NYK,0,0,,,,,,4,202682,Derrick Williams,1610612750.0,Minnesota,Timberwolves,MIN,0
0021200745,63,4,0,1,8:24 PM,4:02,TIMBERWOLVES Rebound,,,,,2.0,1610612750,,,,,,0,0,,,,,,0,0,,,,,,0
0021200745,64,6,3,1,8:25 PM,4:02,,,Shumpert L.B.FOUL (P2.T3),,,5.0,202697,Iman Shumpert,1610612752.0,New York,Knicks,NYK,4,202682,Derrick Williams,1610612750.0,Minnesota,Timberwolves,MIN,1,0,,,,,,0
0021200745,65,8,0,1,8:25 PM,4:02,,,SUB: Stoudemire FOR Shumpert,,,5.0,202697,Iman Shumpert,1610612752.0,New York,Knicks,NYK,5,2405,Amar'e Stoudemire,1610612752.0,New York,Knicks,NYK,0,0,,,,,,0
0021200745,66,6,2,1,8:25 PM,3:44,,,Stoudemire S.FOUL (P1.T4),,,5.0,2405,Amar'e Stoudemire,1610612752.0,New York,Knicks,NYK,4,202682,Derrick Williams,1610612750.0,Minnesota,Timberwolves,MIN,1,0,,,,,,0
0021200745,67,3,11,1,8:25 PM,3:44,Williams Free Throw 1 of 2 (3 PTS),,,13 - 12,-1,4.0,202682,Derrick Williams,1610612750.0,Minnesota,Timberwolves,MIN,0,0,,,,,,0,0,,,,,,0
0021200745,69,3,12,1,8:25 PM,3:44,Williams Free Throw 2 of 2 (4 PTS),,,13 - 13,TIE,4.0,202682,Derrick Williams,1610612750.0,Minnesota,Timberwolves,MIN,0,0,,,,,,0,0,,,,,,0
0021200745,71,2,1,1,8:26 PM,3:27,,,MISS Smith 13' Jump Shot,,,5.0,2747,JR Smith,1610612752.0,New York,Knicks,NYK,0,0,,,,,,0,0,,,,,,0
0021200745,72,4,0,1,8:26 PM,3:25,,,Smith REBOUND (Off:1 Def:0),,,5.0,2747,JR Smith,1610612752.0,New York,Knicks,NYK,0,0,,,,,,0,0,,,,,,0
0021200745,73,1,1,1,8:26 PM,3:23,,,Smith 24' 3PT Jump Shot (3 PTS),16 - 13,-3,5.0,2747,JR Smith,1610612752.0,New York,Knicks,NYK,0,0,,,,,,0,0,,,,,,0
0021200745,74,1,5,1,8:26 PM,3:10,Williams 3' Layup (6 PTS) (Ridnour 1 AST),,,16 - 15,-1,4.0,202682,Derrick Williams,1610612750.0,Minnesota,Timberwolves,MIN,4,2557,Luke Ridnour,1610612750.0,Minnesota,Timberwolves,MIN,0,0,,,,,,0
0021200745,75,1,79,1,8:26 PM,2:58,,,Anthony 20' Pullup Jump Shot (7 PTS),18 - 15,-3,5.0,2546,Carmelo Anthony,1610612752.0,New York,Knicks,NYK,0,0,,,,,,0,0,,,,,,0
0021200745,76,1,42,1,8:26 PM,2:49,Rubio 2' Driving Layup (2 PTS),,,18 - 17,-1,4.0,201937,Ricky Rubio,1610612750.0,Minnesota,Timberwolves,MIN,0,0,,,,,,0,0,,,,,,0
0021200745,77,1,42,1,8:27 PM,2:29,,,Anthony  Driving Layup (9 PTS),20 - 17,-3,5.0,2546,Carmelo Anthony,1610612752.0,New York,Knicks,NYK,0,0,,,,,,0,0,,,,,,0
0021200745,78,6,1,1,8:27 PM,2:14,,,Chandler P.FOUL (P2.PN),,,5.0,2199,Tyson Chandler,1610612752.0,New York,Knicks,NYK,4,201593,Nikola Pekovic,1610612750.0,Minnesota,Timberwolves,MIN,1,0,,,,,,0
0021200745,79,9,1,1,8:27 PM,2:14,,,Knicks Timeout: Regular (Reg.1 Short 0),,,3.0,1610612752,,,,,,0,0,,,,,,0,0,,,,,,0
0021200745,81,8,0,1,8:29 PM,2:14,SUB: Cunningham FOR Gelabale,,,,,4.0,101153,Mickael Gelabale,1610612750.0,Minnesota,Timberwolves,MIN,4,201967,Dante Cunningham,1610612750.0,Minnesota,Timberwolves,MIN,0,0,,,,,,0
0021200745,82,8,0,1,8:29 PM,2:14,SUB: Shved FOR Ridnour,,,,,4.0,2557,Luke Ridnour,1610612750.0,Minnesota,Timberwolves,MIN,4,203144,Alexey Shved,1610612750.0,Minnesota,Timberwolves,MIN,0,0,,,,,,0
0021200745,83,8,0,1,8:29 PM,2:14,SUB: Barea FOR Rubio,,,,,4.0,201937,Ricky Rubio,1610612750.0,Minnesota,Timberwolves,MIN,4,200826,J.J. Barea,1610612750.0,Minnesota,Timberwolves,MIN,0,0,,,,,,0
0021200745,84,8,0,1,8:30 PM,2:14,,,SUB: Novak FOR Chandler,,,5.0,2199,Tyson Chandler,1610612752.0,New York,Knicks,NYK,5,200779,Steve Novak,1610612752.0,New York,Knicks,NYK,0,0,,,,,,0
0021200745,85,3,11,1,8:30 PM,2:14,Pekovic Free Throw 1 of 2 (6 PTS),,,20 - 18,-2,4.0,201593,Nikola Pekovic,1610612750.0,Minnesota,Timberwolves,MIN,0,0,,,,,,0,0,,,,,,0
0021200745,87,3,12,1,8:30 PM,2:14,Pekovic Free Throw 2 of 2 (7 PTS),,,20 - 19,-1,4.0,201593,Nikola Pekovic,1610612750.0,Minnesota,Timberwolves,MIN,0,0,,,,,,0,0,,,,,,0
0021200745,89,2,1,1,8:30 PM,1:59,,,MISS Anthony 22' Jump Shot,,,5.0,2546,Carmelo Anthony,1610612752.0,New York,Knicks,NYK,0,0,,,,,,0,0,,,,,,0
0021200745,90,4,0,1,8:31 PM,1:57,,,Stoudemire REBOUND (Off:1 Def:0),,,5.0,2405,Amar'e Stoudemire,1610612752.0,New York,Knicks,NYK,0,0,,,,,,0,0,,,,,,0
0021200745,91,2,1,1,8:31 PM,1:53,,,MISS Novak 21' Jump Shot,,,5.0,200779,Steve Novak,1610612752.0,New York,Knicks,NYK,0,0,,,,,,0,0,,,,,,0
0021200745,92,4,0,1,8:31 PM,1:52,Cunningham REBOUND (Off:0 Def:1),,,,,4.0,201967,Dante Cunningham,1610612750.0,Minnesota,Timberwolves,MIN,0,0,,,,,,0,0,,,,,,0
0021200745,93,2,5,1,8:31 PM,1:30,MISS Pekovic 2' Layup,,Anthony BLOCK (1 BLK),,,4.0,201593,Nikola Pekovic,1610612750.0,Minnesota,Timberwolves,MIN,0,0,,,,,,5,2546,Carmelo Anthony,1610612752.0,New York,Knicks,NYK,0
0021200745,94,4,0,1,8:31 PM,1:29,TIMBERWOLVES Rebound,,,,,2.0,1610612750,,,,,,0,0,,,,,,0,0,,,,,,0
0021200745,95,5,11,1,8:31 PM,1:29,TIMBERWOLVES Turnover: Shot Clock (T#4),,,,,2.0,1610612750,,,,,,0,0,,,,,,1,0,,,,,,0
0021200745,96,7,5,1,8:31 PM,1:18,Pekovic Violation:Kicked Ball,,,,,4.0,201593,Nikola Pekovic,1610612750.0,Minnesota,Timberwolves,MIN,0,0,,,,,,1,0,,,,,,0
0021200745,97,1,1,1,8:32 PM,1:11,,,Novak 25' 3PT Jump Shot (3 PTS) (Anthony 2 AST),23 - 19,-4,5.0,200779,Steve Novak,1610612752.0,New York,Knicks,NYK,5,2546,Carmelo Anthony,1610612752.0,New York,Knicks,NYK,0,0,,,,,,0
0021200745,98,1,1,1,8:32 PM,0:56,Cunningham 20' Jump Shot (2 PTS) (Barea 1 AST),,,23 - 21,-2,4.0,201967,Dante Cunningham,1610612750.0,Minnesota,Timberwolves,MIN,4,200826,J.J. Barea,1610612750.0,Minnesota,Timberwolves,MIN,0,0,,,,,,0
0021200745,99,6,1,1,8:32 PM,0:46,Cunningham P.FOUL (P1.T2),,,,,4.0,201967,Dante Cunningham,1610612750.0,Minnesota,Timberwolves,MIN,5,101109,Raymond Felton,1610612752.0,New York,Knicks,NYK,1,0,,,,,,0
0021200745,100,1,79,1,8:33 PM,0:37,,,Anthony 18' Pullup Jump Shot (11 PTS),25 - 21,-4,5.0,2546,Carmelo Anthony,1610612752.0,New York,Knicks,NYK,0,0,,,,,,0,0,,,,,,0
0021200745,101,2,41,1,8:33 PM,0:29,MISS Barea 2' Running Layup,,,,,4.0,200826,J.J. Barea,1610612750.0,Minnesota,Timberwolves,MIN,0,0,,,,,,0,0,,,,,,0
0021200745,102,4,0,1,8:33 PM,0:28,Pekovic REBOUND (Off:3 Def:1),,,,,4.0,201593,Nikola Pekovic,1610612750.0,Minnesota,Timberwolves,MIN,0,0,,,,,,0,0,,,,,,0
0021200745,103,2,1,1,8:33 PM,0:13,MISS Shved 4' Jump Shot,,Felton BLOCK (1 BLK),,,4.0,203144,Alexey Shved,1610612750.0,Minnesota,Timberwolves,MIN,0,0,,,,,,5,101109,Raymond Felton,1610612752.0,New York,Knicks,NYK,0
0021200745,104,4,0,1,8:33 PM,0:12,TIMBERWOLVES Rebound,,,,,2.0,1610612750,,,,,,0,0,,,,,,0,0,,,,,,0
0021200745,106,7,2,1,8:34 PM,0:07,,,Stoudemire Violation:Defensive Goaltending,,,5.0,2405,Amar'e Stoudemire,1610612752.0,New York,Knicks,NYK,0,0,,,,,,1,0,,,,,,0
0021200745,105,1,42,1,8:34 PM,0:07,Shved 2' Driving Layup (2 PTS),,,25 - 23,-2,4.0,203144,Alexey Shved,1610612750.0,Minnesota,Timberwolves,MIN,0,0,,,,,,0,0,,,,,,0
0021200745,107,2,1,1,8:34 PM,0:00,,,MISS Anthony 27' 3PT Jump Shot,,,5.0,2546,Carmelo Anthony,1610612752.0,New York,Knicks,NYK,0,0,,,,,,0,0,,,,,,0
0021200745,108,4,0,1,8:34 PM,0:00,,,Knicks Rebound,,,3.0,1610612752,,,,,,0,0,,,,,,0,0,,,,,,0
0021200745,109,13,0,1,8:34 PM,0:00,,,,25 - 23,-2,0.0,0,,,,,,0,0,,,,,,0,0,,,,,,0
0021200745,111,12,0,2,8:37 PM,12:00,,,,25 - 23,-2,0.0,0,,,,,,0,0,,,,,,0,0,,,,,,0
0021200745,112,5,2,2,8:37 PM,11:42,Stiemsma Lost Ball Turnover (P1.T5),,Smith STEAL (1 STL),,,4.0,201880,Greg Stiemsma,1610612750.0,Minnesota,Timberwolves,MIN,5,2747,JR Smith,1610612752.0,New York,Knicks,NYK,0,0,,,,,,0
0021200745,113,1,88,2,8:38 PM,11:24,,,Stoudemire 1' Driving Slam Dunk (2 PTS) (Smith 1 AST),27 - 23,-4,5.0,2405,Amar'e Stoudemire,1610612752.0,New York,Knicks,NYK,5,2747,JR Smith,1610612752.0,New York,Knicks,NYK,0,0,,,,,,0
0021200745,114,6,2,2,8:38 PM,11:24,Stiemsma S.FOUL (P1.T1),,,,,4.0,201880,Greg Stiemsma,1610612750.0,Minnesota,Timberwolves,MIN,5,2405,Amar'e Stoudemire,1610612752.0,New York,Knicks,NYK,1,0,,,,,,0
0021200745,115,3,10,2,8:38 PM,11:24,,,Stoudemire Free Throw 1 of 1 (3 PTS),28 - 23,-5,5.0,2405,Amar'e Stoudemire,1610612752.0,New York,Knicks,NYK,0,0,,,,,,0,0,,,,,,0
0021200745,117,2,79,2,8:38 PM,11:06,MISS Shved 19' Pullup Jump Shot,,,,,4.0,203144,Alexey Shved,1610612750.0,Minnesota,Timberwolves,MIN,0,0,,,,,,0,0,,,,,,0
0021200745,118,4,0,2,8:38 PM,11:05,Stiemsma REBOUND (Off:1 Def:0),,,,,4.0,201880,Greg Stiemsma,1610612750.0,Minnesota,Timberwolves,MIN,0,0,,,,,,0,0,,,,,,0
0021200745,119,2,1,2,8:38 PM,11:02,MISS Shved 25' 3PT Jump Shot,,,,,4.0,203144,Alexey Shved,1610612750.0,Minnesota,Timberwolves,MIN,0,0,,,,,,0,0,,,,,,0
0021200745,120,4,0,2,8:38 PM,11:01,,,Smith REBOUND (Off:1 Def:1),,,5.0,2747,JR Smith,1610612752.0,New York,Knicks,NYK,0,0,,,,,,0,0,,,,,,0
0021200745,121,1,1,2,8:39 PM,10:46,,,Novak 26' 3PT Jump Shot (6 PTS) (Prigioni 1 AST),31 - 23,-8,5.0,200779,Steve Novak,1610612752.0,New York,Knicks,NYK,5,203143,Pablo Prigioni,1610612752.0,New York,Knicks,NYK,0,0,,,,,,0
0021200745,122,5,2,2,8:39 PM,10:29,Barea Lost Ball Turnover (P1.T6),,Prigioni STEAL (1 STL),,,4.0,200826,J.J. Barea,1610612750.0,Minnesota,Timberwolves,MIN,5,203143,Pablo Prigioni,1610612752.0,New York,Knicks,NYK,0,0,,,,,,0
0021200745,123,2,1,2,8:39 PM,10:23,,,MISS Smith 25' 3PT Jump Shot,,,5.0,2747,JR Smith,1610612752.0,New York,Knicks,NYK,0,0,,,,,,0,0,,,,,,0
0021200745,124,4,0,2,8:39 PM,10:22,Cunningham REBOUND (Off:0 Def:2),,,,,4.0,201967,Dante Cunningham,1610612750.0,Minnesota,Timberwolves,MIN,0,0,,,,,,0,0,,,,,,0
0021200745,125,1,46,2,8:39 PM,10:13,Shved 7' Running Jump Shot (4 PTS),,,31 - 25,-6,4.0,203144,Alexey Shved,1610612750.0,Minnesota,Timberwolves,MIN,0,0,,,,,,0,0,,,,,,0
0021200745,126,6,2,2,8:39 PM,10:13,,,Smith S.FOUL (P1.T1),,,5.0,2747,JR Smith,1610612752.0,New York,Knicks,NYK,4,203144,Alexey Shved,1610612750.0,Minnesota,Timberwolves,MIN,1,0,,,,,,0
0021200745,127,3,10,2,8:39 PM,10:13,Shved Free Throw 1 of 1 (5 PTS),,,31 - 26,-5,4.0,203144,Alexey Shved,1610612750.0,Minnesota,Timberwolves,MIN,0,0,,,,,,0,0,,,,,,0
0021200745,129,2,5,2,8:40 PM,9:54,Stiemsma BLOCK (1 BLK),,MISS Stoudemire 2' Layup,,,5.0,2405,Amar'e Stoudemire,1610612752.0,New York,Knicks,NYK,0,0,,,,,,4,201880,Greg Stiemsma,1610612750.0,Minnesota,Timberwolves,MIN,0
0021200745,130,4,0,2,8:40 PM,9:53,Cunningham REBOUND (Off:0 Def:3),,,,,4.0,201967,Dante Cunningham,1610612750.0,Minnesota,Timberwolves,MIN,0,0,,,,,,0,0,,,,,,0
0021200745,131,2,1,2,8:40 PM,9:43,MISS Cunningham 19' Jump Shot,,,,,4.0,201967,Dante Cunningham,1610612750.0,Minnesota,Timberwolves,MIN,0,0,,,,,,0,0,,,,,,0
0021200745,132,4,0,2,8:40 PM,9:43,,,Smith REBOUND (Off:1 Def:2),,,5.0,2747,JR Smith,1610612752.0,New York,Knicks,NYK,0,0,,,,,,0,0,,,,,,0
0021200745,133,2,1,2,8:41 PM,9:34,,,MISS Thomas 19' Jump Shot,,,5.0,703,Kurt Thomas,1610612752.0,New York,Knicks,NYK,0,0,,,,,,0,0,,,,,,0
0021200745,134,4,0,2,8:41 PM,9:32,,,Stoudemire REBOUND (Off:2 Def:0),,,5.0,2405,Amar'e Stoudemire,1610612752.0,New York,Knicks,NYK,0,0,,,,,,0,0,,,,,,0
0021200745,135,1,1,2,8:41 PM,9:29,,,Thomas 18' Jump Shot (2 PTS) (Stoudemire 1 AST),33 - 26,-7,5.0,703,Kurt Thomas,1610612752.0,New York,Knicks,NYK,5,2405,Amar'e Stoudemire,1610612752.0,New York,Knicks,NYK,0,0,,,,,,0
0021200745,137,1,1,2,8:41 PM,9:07,Cunningham 16' Jump Shot (4 PTS) (Gelabale 2 AST),,,33 - 28,-5,4.0,201967,Dante Cunningham,1610612750.0,Minnesota,Timberwolves,MIN,4,101153,Mickael Gelabale,1610612750.0,Minnesota,Timberwolves,MIN,0,0,,,,,,0
0021200745,138,6,2,2,8:41 PM,9:07,,,Stoudemire S.FOUL (P2.T2),,,5.0,2405,Amar'e Stoudemire,1610612752.0,New York,Knicks,NYK,4,201967,Dante Cunningham,1610612750.0,Minnesota,Timberwolves,MIN,1,0,,,,,,0
0021200745,139,3,10,2,8:41 PM,9:07,MISS Cunningham Free Throw 1 of 1,,,,,4.0,201967,Dante Cunningham,1610612750.0,Minnesota,Timberwolves,MIN,0,0,,,,,,0,0,,,,,,0
0021200745,141,4,0,2,8:42 PM,9:06,,,Smith REBOUND (Off:1 Def:3),,,5.0,2747,JR Smith,1610612752.0,New York,Knicks,NYK,0,0,,,,,,0,0,,,,,,0
0021200745,142,6,1,2,8:42 PM,8:52,Barea P.FOUL (P1.T2),,,,,4.0,200826,J.J. Barea,1610612750.0,Minnesota,Timberwolves,MIN,5,203143,Pablo Prigioni,1610612752.0,New York,Knicks,NYK,1,0,,,,,,0
0021200745,143,9,1,2,8:42 PM,8:52,,,,,,1.0,0,,,,,,0,0,,,,,,0,0,,,,,,0
0021200745,144,6,11,2,8:42 PM,8:52,,,,,,6.0,1248,,,,,,0,0,,,,,,1,0,,,,,,0
0021200745,146,8,0,2,8:45 PM,8:52,SUB: Rubio FOR Gelabale,,,,,4.0,101153,Mickael Gelabale,1610612750.0,Minnesota,Timberwolves,MIN,4,201937,Ricky Rubio,1610612750.0,Minnesota,Timberwolves,MIN,0,0,,,,,,0
0021200745,147,3,16,2,8:45 PM,8:52,,,Novak Free Throw Technical (7 PTS),34 - 28,-6,5.0,200779,Steve Novak,1610612752.0,New York,Knicks,NYK,0,0,,,,,,0,0,,,,,,0
0021200745,149,1,1,2,8:45 PM,8:44,,,Thomas 17' Jump Shot (4 PTS) (Smith 2 AST),36 - 28,-8,5.0,703,Kurt Thomas,1610612752.0,New York,Knicks,NYK,5,2747,JR Smith,1610612752.0,New York,Knicks,NYK,0,0,,,,,,0
0021200745,151,1,78,2,8:46 PM,8:18,Shved 12' Floating Jump Shot (7 PTS) (Rubio 3 AST),,,36 - 30,-6,4.0,203144,Alexey Shved,1610612750.0,Minnesota,Timberwolves,MIN,4,201937,Ricky Rubio,1610612750.0,Minnesota,Timberwolves,MIN,0,0,,,,,,0
0021200745,152,2,77,2,8:46 PM,8:02,,,MISS Smith 4' Driving Jump Shot,,,5.0,2747,JR Smith,1610612752.0,New York,Knicks,NYK,0,0,,,,,,0,0,,,,,,0
0021200745,153,4,0,2,8:46 PM,8:01,Cunningham REBOUND (Off:0 Def:4),,,,,4.0,201967,Dante Cunningham,1610612750.0,Minnesota,Timberwolves,MIN,0,0,,,,,,0,0,,,,,,0
0021200745,154,2,1,2,8:46 PM,7:51,MISS Cunningham 19' Jump Shot,,,,,4.0,201967,Dante Cunningham,1610612750.0,Minnesota,Timberwolves,MIN,0,0,,,,,,0,0,,,,,,0
0021200745,155,4,0,2,8:46 PM,7:50,,,Knicks Rebound,,,3.0,1610612752,,,,,,0,0,,,,,,0,0,,,,,,0
0021200745,156,1,1,2,8:47 PM,7:38,,,Novak 19' Jump Shot (9 PTS) (Prigioni 2 AST),38 - 30,-8,5.0,200779,Steve Novak,1610612752.0,New York,Knicks,NYK,5,203143,Pablo Prigioni,1610612752.0,New York,Knicks,NYK,0,0,,,,,,0
0021200745,158,6,1,2,8:47 PM,7:32,,,Prigioni P.FOUL (P1.T3),,,5.0,203143,Pablo Prigioni,1610612752.0,New York,Knicks,NYK,4,200826,J.J. Barea,1610612750.0,Minnesota,Timberwolves,MIN,1,0,,,,,,0
0021200745,159,8,0,2,8:47 PM,7:32,,,SUB: Anthony FOR Stoudemire,,,5.0,2405,Amar'e Stoudemire,1610612752.0,New York,Knicks,NYK,5,2546,Carmelo Anthony,1610612752.0,New York,Knicks,NYK,0,0,,,,,,0
0021200745,160,6,2,2,8:47 PM,7:25,,,Thomas S.FOUL (P1.T4),,,5.0,703,Kurt Thomas,1610612752.0,New York,Knicks,NYK,4,203144,Alexey Shved,1610612750.0,Minnesota,Timberwolves,MIN,1,0,,,,,,0
0021200745,161,3,11,2,8:47 PM,7:25,Shved Free Throw 1 of 2 (8 PTS),,,38 - 31,-7,4.0,203144,Alexey Shved,1610612750.0,Minnesota,Timberwolves,MIN,0,0,,,,,,0,0,,,,,,0
0021200745,163,3,12,2,8:48 PM,7:25,MISS Shved Free Throw 2 of 2,,,,,4.0,203144,Alexey Shved,1610612750.0,Minnesota,Timberwolves,MIN,0,0,,,,,,0,0,,,,,,0
0021200745,165,4,0,2,8:48 PM,7:24,Stiemsma REBOUND (Off:2 Def:0),,,,,4.0,201880,Greg Stiemsma,1610612750.0,Minnesota,Timberwolves,MIN,0,0,,,,,,0,0,,,,,,0
0021200745,166,1,83,2,8:48 PM,7:13,Barea 7' Fadeaway Bank Shot (2 PTS),,,38 - 33,-5,4.0,200826,J.J. Barea,1610612750.0,Minnesota,Timberwolves,MIN,0,0,,,,,,0,0,,,,,,0
0021200745,167,2,79,2,8:48 PM,6:55,,,MISS Anthony 19' Pullup Jump Shot,,,5.0,2546,Carmelo Anthony,1610612752.0,New York,Knicks,NYK,0,0,,,,,,0,0,,,,,,0
0021200745,168,4,0,2,8:48 PM,6:51,Cunningham REBOUND (Off:0 Def:5),,,,,4.0,201967,Dante Cunningham,1610612750.0,Minnesota,Timberwolves,MIN,0,0,,,,,,0,0,,,,,,0
0021200745,169,1,42,2,8:49 PM,6:46,Rubio 1' Driving Layup (4 PTS),,,38 - 35,-3,4.0,201937,Ricky Rubio,1610612750.0,Minnesota,Timberwolves,MIN,0,0,,,,,,0,0,,,,,,0
0021200745,170,6,2,2,8:49 PM,6:46,,,Anthony S.FOUL (P1.PN),,,5.0,2546,Carmelo Anthony,1610612752.0,New York,Knicks,NYK,4,201937,Ricky Rubio,1610612750.0,Minnesota,Timberwolves,MIN,1,0,,,,,,0
0021200745,171,8,0,2,8:49 PM,6:46,,,SUB: Kidd FOR Smith,,,5.0,2747,JR Smith,1610612752.0,New York,Knicks,NYK,5,467,Jason Kidd,1610612752.0,New York,Knicks,NYK,0,0,,,,,,0
0021200745,172,8,0,2,8:49 PM,6:46,,,SUB: Felton FOR Prigioni,,,5.0,203143,Pablo Prigioni,1610612752.0,New York,Knicks,NYK,5,101109,Raymond Felton,1610612752.0,New York,Knicks,NYK,0,0,,,,,,0
0021200745,173,8,0,2,8:49 PM,6:46,,,SUB: Chandler FOR Thomas,,,5.0,703,Kurt Thomas,1610612752.0,New York,Knicks,NYK,5,2199,Tyson Chandler,1610612752.0,New York,Knicks,NYK,0,0,,,,,,0
0021200745,174,3,10,2,8:49 PM,6:46,Rubio Free Throw 1 of 1 (5 PTS),,,38 - 36,-2,4.0,201937,Ricky Rubio,1610612750.0,Minnesota,Timberwolves,MIN,0,0,,,,,,0,0,,,,,,0
0021200745,177,2,1,2,8:50 PM,6:27,,,MISS Novak 27' 3PT Jump Shot,,,5.0,200779,Steve Novak,1610612752.0,New York,Knicks,NYK,0,0,,,,,,0,0,,,,,,0
0021200745,178,4,0,2,8:50 PM,6:26,Barea REBOUND (Off:0 Def:1),,,,,4.0,200826,J.J. Barea,1610612750.0,Minnesota,Timberwolves,MIN,0,0,,,,,,0,0,,,,,,0
0021200745,179,2,1,2,8:50 PM,6:19,MISS Barea 24' 3PT Jump Shot,,,,,4.0,200826,J.J. Barea,1610612750.0,Minnesota,Timberwolves,MIN,0,0,,,,,,0,0,,,,,,0
0021200745,180,4,0,2,8:50 PM,6:18,Shved REBOUND (Off:1 Def:0),,,,,4.0,203144,Alexey Shved,1610612750.0,Minnesota,Timberwolves,MIN,0,0,,,,,,0,0,,,,,,0
0021200745,182,1,5,2,8:50 PM,6:07,Barea 1' Layup (4 PTS) (Rubio 4 AST),,,38 - 38,TIE,4.0,200826,J.J. Barea,1610612750.0,Minnesota,Timberwolves,MIN,4,201937,Ricky Rubio,1610612750.0,Minnesota,Timberwolves,MIN,0,0,,,,,,0
0021200745,183,5,40,2,8:51 PM,5:55,,,Felton Out of Bounds Lost Ball Turnover (P2.T3),,,5.0,101109,Raymond Felton,1610612752.0,New York,Knicks,NYK,0,0,,,,,,0,0,,,,,,0
0021200745,184,9,1,2,8:51 PM,5:55,TIMBERWOLVES Timeout: Regular (Full 2 Short 0),,,,,2.0,1610612750,,,,,,0,0,,,,,,0,0,,,,,,0
0021200745,186,6,26,2,8:53 PM,5:38,Barea Offensive Charge Foul (P2.T3),,,,,4.0,200826,J.J. Barea,1610612750.0,Minnesota,Timberwolves,MIN,5,101109,Raymond Felton,1610612752.0,New York,Knicks,NYK,1,0,,,,,,0
0021200745,187,5,5,2,8:53 PM,5:38,Barea Foul Turnover (P2.T7),,,,,4.0,200826,J.J. Barea,1610612750.0,Minnesota,Timberwolves,MIN,0,0,,,,,,1,0,,,,,,0
0021200745,188,8,0,2,8:54 PM,5:38,SUB: Ridnour FOR Barea,,,,,4.0,200826,J.J. Barea,1610612750.0,Minnesota,Timberwolves,MIN,4,2557,Luke Ridnour,1610612750.0,Minnesota,Timberwolves,MIN,0,0,,,,,,0
0021200745,189,2,1,2,8:54 PM,5:26,,,MISS Novak 26' 3PT Jump Shot,,,5.0,200779,Steve Novak,1610612752.0,New York,Knicks,NYK,0,0,,,,,,0,0,,,,,,0
0021200745,190,4,0,2,8:54 PM,5:25,,,Chandler REBOUND (Off:1 Def:0),,,5.0,2199,Tyson Chandler,1610612752.0,New York,Knicks,NYK,0,0,,,,,,0,0,,,,,,0
0021200745,191,2,1,2,8:55 PM,5:14,,,MISS Felton 24' 3PT Jump Shot,,,5.0,101109,Raymond Felton,1610612752.0,New York,Knicks,NYK,0,0,,,,,,0,0,,,,,,0
0021200745,192,4,0,2,8:55 PM,5:12,Rubio REBOUND (Off:0 Def:2),,,,,4.0,201937,Ricky Rubio,1610612750.0,Minnesota,Timberwolves,MIN,0,0,,,,,,0,0,,,,,,0
0021200745,193,2,1,2,8:55 PM,4:55,MISS Shved 22' Jump Shot,,,,,4.0,203144,Alexey Shved,1610612750.0,Minnesota,Timberwolves,MIN,0,0,,,,,,0,0,,,,,,0
0021200745,194,4,0,2,8:55 PM,4:53,,,Chandler REBOUND (Off:1 Def:1),,,5.0,2199,Tyson Chandler,1610612752.0,New York,Knicks,NYK,0,0,,,,,,0,0,,,,,,0
0021200745,196,8,0,2,8:55 PM,4:37,SUB: Pekovic FOR Stiemsma,,,,,4.0,201880,Greg Stiemsma,1610612750.0,Minnesota,Timberwolves,MIN,4,201593,Nikola Pekovic,1610612750.0,Minnesota,Timberwolves,MIN,0,0,,,,,,0
0021200745,197,8,0,2,8:55 PM,4:37,,,SUB: Smith FOR Novak,,,5.0,200779,Steve Novak,1610612752.0,New York,Knicks,NYK,5,2747,JR Smith,1610612752.0,New York,Knicks,NYK,0,0,,,,,,0
0021200745,198,2,79,2,8:56 PM,4:28,,,MISS Anthony 16' Pullup Jump Shot,,,5.0,2546,Carmelo Anthony,1610612752.0,New York,Knicks,NYK,0,0,,,,,,0,0,,,,,,0
0021200745,199,4,0,2,8:56 PM,4:27,,,Chandler REBOUND (Off:2 Def:1),,,5.0,2199,Tyson Chandler,1610612752.0,New York,Knicks,NYK,0,0,,,,,,0,0,,,,,,0
0021200745,200,2,1,2,8:56 PM,4:18,,,MISS Kidd 10' Jump Shot,,,5.0,467,Jason Kidd,1610612752.0,New York,Knicks,NYK,0,0,,,,,,0,0,,,,,,0
0021200745,201,4,0,2,8:56 PM,4:17,,,Chandler REBOUND (Off:3 Def:1),,,5.0,2199,Tyson Chandler,1610612752.0,New York,Knicks,NYK,0,0,,,,,,0,0,,,,,,0
0021200745,202,6,2,2,8:56 PM,4:16,Cunningham S.FOUL (P2.T4),,,,,4.0,201967,Dante Cunningham,1610612750.0,Minnesota,Timberwolves,MIN,5,2199,Tyson Chandler,1610612752.0,New York,Knicks,NYK,1,0,,,,,,0
0021200745,203,3,11,2,8:56 PM,4:16,,,Chandler Free Throw 1 of 2 (1 PTS),39 - 38,-1,5.0,2199,Tyson Chandler,1610612752.0,New York,Knicks,NYK,0,0,,,,,,0,0,,,,,,0
0021200745,205,3,12,2,8:56 PM,4:16,,,MISS Chandler Free Throw 2 of 2,,,5.0,2199,Tyson Chandler,1610612752.0,New York,Knicks,NYK,0,0,,,,,,0,0,,,,,,0
0021200745,207,4,0,2,8:57 PM,4:16,Pekovic REBOUND (Off:3 Def:2),,,,,4.0,201593,Nikola Pekovic,1610612750.0,Minnesota,Timberwolves,MIN,0,0,,,,,,0,0,,,,,,0
0021200745,209,1,1,2,8:57 PM,4:05,Ridnour 15' Jump Shot (6 PTS) (Rubio 5 AST),,,39 - 40,1,4.0,2557,Luke Ridnour,1610612750.0,Minnesota,Timberwolves,MIN,4,201937,Ricky Rubio,1610612750.0,Minnesota,Timberwolves,MIN,0,0,,,,,,0
0021200745,210,2,1,2,8:57 PM,3:49,,,MISS Anthony 20' Jump Shot,,,5.0,2546,Carmelo Anthony,1610612752.0,New York,Knicks,NYK,0,0,,,,,,0,0,,,,,,0
0021200745,211,4,0,2,8:57 PM,3:48,,,Chandler REBOUND (Off:4 Def:1),,,5.0,2199,Tyson Chandler,1610612752.0,New York,Knicks,NYK,0,0,,,,,,0,0,,,,,,0
0021200745,212,1,66,2,8:58 PM,3:40,,,Smith 10' Jump Bank Shot (5 PTS),41 - 40,-1,5.0,2747,JR Smith,1610612752.0,New York,Knicks,NYK,0,0,,,,,,0,0,,,,,,0
0021200745,213,2,5,2,8:58 PM,3:22,MISS Cunningham 1' Layup,,Smith BLOCK (1 BLK),,,4.0,201967,Dante Cunningham,1610612750.0,Minnesota,Timberwolves,MIN,0,0,,,,,,5,2747,JR Smith,1610612752.0,New York,Knicks,NYK,0
0021200745,214,4,0,2,8:58 PM,3:21,Pekovic REBOUND (Off:4 Def:2),,,,,4.0,201593,Nikola Pekovic,1610612750.0,Minnesota,Timberwolves,MIN,0,0,,,,,,0,0,,,,,,0
0021200745,215,2,1,2,8:58 PM,3:16,MISS Ridnour  3PT Jump Shot,,,,,4.0,2557,Luke Ridnour,1610612750.0,Minnesota,Timberwolves,MIN,0,0,,,,,,0,0,,,,,,0
0021200745,216,4,0,2,8:58 PM,3:15,Cunningham REBOUND (Off:1 Def:5),,,,,4.0,201967,Dante Cunningham,1610612750.0,Minnesota,Timberwolves,MIN,0,0,,,,,,0,0,,,,,,0
0021200745,217,1,42,2,8:58 PM,3:08,Rubio 1' Driving Layup (7 PTS),,,41 - 42,1,4.0,201937,Ricky Rubio,1610612750.0,Minnesota,Timberwolves,MIN,0,0,,,,,,0,0,,,,,,0
0021200745,218,1,1,2,8:58 PM,2:46,,,Anthony 25' 3PT Jump Shot (14 PTS) (Kidd 2 AST),44 - 42,-2,5.0,2546,Carmelo Anthony,1610612752.0,New York,Knicks,NYK,5,467,Jason Kidd,1610612752.0,New York,Knicks,NYK,0,0,,,,,,0
0021200745,219,2,5,2,8:59 PM,2:24,MISS Pekovic  Layup,,,,,4.0,201593,Nikola Pekovic,1610612750.0,Minnesota,Timberwolves,MIN,0,0,,,,,,0,0,,,,,,0
0021200745,220,4,0,2,8:59 PM,2:23,,,Anthony REBOUND (Off:0 Def:4),,,5.0,2546,Carmelo Anthony,1610612752.0,New York,Knicks,NYK,0,0,,,,,,0,0,,,,,,0
0021200745,221,1,5,2,8:59 PM,2:06,,,Chandler 2' Layup (3 PTS) (Smith 3 AST),46 - 42,-4,5.0,2199,Tyson Chandler,1610612752.0,New York,Knicks,NYK,5,2747,JR Smith,1610612752.0,New York,Knicks,NYK,0,0,,,,,,0
0021200745,222,1,46,2,8:59 PM,1:45,Ridnour 6' Running Jump Shot (8 PTS),,,46 - 44,-2,4.0,2557,Luke Ridnour,1610612750.0,Minnesota,Timberwolves,MIN,0,0,,,,,,0,0,,,,,,0
0021200745,223,1,42,2,9:00 PM,1:27,,,Anthony 1' Driving Layup (16 PTS),48 - 44,-4,5.0,2546,Carmelo Anthony,1610612752.0,New York,Knicks,NYK,0,0,,,,,,0,0,,,,,,0
0021200745,224,6,2,2,9:00 PM,1:21,,,Smith S.FOUL (P2.PN),,,5.0,2747,JR Smith,1610612752.0,New York,Knicks,NYK,4,201937,Ricky Rubio,1610612750.0,Minnesota,Timberwolves,MIN,1,0,,,,,,0
0021200745,225,9,1,2,9:00 PM,1:21,,,Knicks Timeout: Regular (Reg.2 Short 0),,,3.0,1610612752,,,,,,0,0,,,,,,0,0,,,,,,0
0021200745,227,3,11,2,9:02 PM,1:21,Rubio Free Throw 1 of 2 (8 PTS),,,48 - 45,-3,4.0,201937,Ricky Rubio,1610612750.0,Minnesota,Timberwolves,MIN,0,0,,,,,,0,0,,,,,,0
0021200745,229,3,12,2,9:03 PM,1:21,MISS Rubio Free Throw 2 of 2,,,,,4.0,201937,Ricky Rubio,1610612750.0,Minnesota,Timberwolves,MIN,0,0,,,,,,0,0,,,,,,0
0021200745,231,4,0,2,9:03 PM,1:21,,,Smith REBOUND (Off:1 Def:4),,,5.0,2747,JR Smith,1610612752.0,New York,Knicks,NYK,0,0,,,,,,0,0,,,,,,0
0021200745,232,6,2,2,9:03 PM,1:07,Ridnour S.FOUL (P1.PN),,,,,4.0,2557,Luke Ridnour,1610612750.0,Minnesota,Timberwolves,MIN,5,2199,Tyson Chandler,1610612752.0,New York,Knicks,NYK,1,0,,,,,,0
0021200745,233,3,11,2,9:03 PM,1:07,,,MISS Chandler Free Throw 1 of 2,,,5.0,2199,Tyson Chandler,1610612752.0,New York,Knicks,NYK,0,0,,,,,,0,0,,,,,,0
0021200745,234,4,1,2,9:03 PM,1:07,,,Knicks Rebound,,,3.0,1610612752,,,,,,0,0,,,,,,0,0,,,,,,0
0021200745,235,3,12,2,9:03 PM,1:07,,,MISS Chandler Free Throw 2 of 2,,,5.0,2199,Tyson Chandler,1610612752.0,New York,Knicks,NYK,0,0,,,,,,0,0,,,,,,0
0021200745,237,4,0,2,9:04 PM,1:07,Cunningham REBOUND (Off:1 Def:6),,,,,4.0,201967,Dante Cunningham,1610612750.0,Minnesota,Timberwolves,MIN,0,0,,,,,,0,0,,,,,,0
0021200745,238,2,1,2,9:04 PM,0:51,MISS Ridnour 16' Jump Shot,,,,,4.0,2557,Luke Ridnour,1610612750.0,Minnesota,Timberwolves,MIN,0,0,,,,,,0,0,,,,,,0
0021200745,239,4,0,2,9:04 PM,0:50,,,Kidd REBOUND (Off:0 Def:1),,,5.0,467,Jason Kidd,1610612752.0,New York,Knicks,NYK,0,0,,,,,,0,0,,,,,,0
0021200745,240,1,80,2,9:04 PM,0:40,,,Smith 17' Step Back Jump Shot (7 PTS),50 - 45,-5,5.0,2747,JR Smith,1610612752.0,New York,Knicks,NYK,0,0,,,,,,0,0,,,,,,0
0021200745,241,2,5,2,9:04 PM,0:26,MISS Pekovic 1' Layup,,,,,4.0,201593,Nikola Pekovic,1610612750.0,Minnesota,Timberwolves,MIN,0,0,,,,,,0,0,,,,,,0
0021200745,242,4,0,2,9:05 PM,0:26,,,Kidd REBOUND (Off:0 Def:2),,,5.0,467,Jason Kidd,1610612752.0,New York,Knicks,NYK,0,0,,,,,,0,0,,,,,,0
0021200745,243,6,1,2,9:05 PM,0:26,Cunningham P.FOUL (P3.PN),,,,,4.0,201967,Dante Cunningham,1610612750.0,Minnesota,Timberwolves,MIN,5,467,Jason Kidd,1610612752.0,New York,Knicks,NYK,1,0,,,,,,0
0021200745,244,3,11,2,9:05 PM,0:26,,,Kidd Free Throw 1 of 2 (6 PTS),51 - 45,-6,5.0,467,Jason Kidd,1610612752.0,New York,Knicks,NYK,0,0,,,,,,0,0,,,,,,0
0021200745,246,8,0,2,9:05 PM,0:26,SUB: Williams FOR Cunningham,,,,,4.0,201967,Dante Cunningham,1610612750.0,Minnesota,Timberwolves,MIN,4,202682,Derrick Williams,1610612750.0,Minnesota,Timberwolves,MIN,0,0,,,,,,0
0021200745,247,8,0,2,9:05 PM,0:26,,,SUB: Thomas FOR Chandler,,,5.0,2199,Tyson Chandler,1610612752.0,New York,Knicks,NYK,5,703,Kurt Thomas,1610612752.0,New York,Knicks,NYK,0,0,,,,,,0
0021200745,248,8,0,2,9:05 PM,0:26,,,SUB: Shumpert FOR Smith,,,5.0,2747,JR Smith,1610612752.0,New York,Knicks,NYK,5,202697,Iman Shumpert,1610612752.0,New York,Knicks,NYK,0,0,,,,,,0
0021200745,249,3,12,2,9:05 PM,0:26,,,Kidd Free Throw 2 of 2 (7 PTS),52 - 45,-7,5.0,467,Jason Kidd,1610612752.0,New York,Knicks,NYK,0,0,,,,,,0,0,,,,,,0
0021200745,251,2,1,2,9:06 PM,0:07,MISS Shved 24' 3PT Jump Shot,,,,,4.0,203144,Alexey Shved,1610612750.0,Minnesota,Timberwolves,MIN,0,0,,,,,,0,0,,,,,,0
0021200745,252,4,0,2,9:06 PM,0:06,,,Shumpert REBOUND (Off:0 Def:2),,,5.0,202697,Iman Shumpert,1610612752.0,New York,Knicks,NYK,0,0,,,,,,0,0,,,,,,0
0021200745,253,2,1,2,9:06 PM,0:02,,,MISS Kidd 23' Jump Shot,,,5.0,467,Jason Kidd,1610612752.0,New York,Knicks,NYK,0,0,,,,,,0,0,,,,,,0
0021200745,254,4,0,2,9:06 PM,0:01,Shved REBOUND (Off:1 Def:1),,,,,4.0,203144,Alexey Shved,1610612750.0,Minnesota,Timberwolves,MIN,0,0,,,,,,0,0,,,,,,0
0021200745,255,13,0,2,9:06 PM,0:00,,,,52 - 45,-7,0.0,0,,,,,,0,0,,,,,,0,0,,,,,,0
0021200745,257,12,0,3,9:22 PM,12:00,,,,52 - 45,-7,0.0,0,,,,,,0,0,,,,,,0,0,,,,,,0
0021200745,258,10,0,3,9:22 PM,11:45,Jump Ball Shved vs. Kidd: Tip to Williams,,,,,4.0,203144,Alexey Shved,1610612750.0,Minnesota,Timberwolves,MIN,5,467,Jason Kidd,1610612752.0,New York,Knicks,NYK,4,202682,Derrick Williams,1610612750.0,Minnesota,Timberwolves,MIN,0
0021200745,259,2,41,3,9:23 PM,11:39,MISS Rubio 3' Running Layup,,,,,4.0,201937,Ricky Rubio,1610612750.0,Minnesota,Timberwolves,MIN,0,0,,,,,,0,0,,,,,,0
0021200745,260,4,0,3,9:23 PM,11:38,,,Anthony REBOUND (Off:0 Def:5),,,5.0,2546,Carmelo Anthony,1610612752.0,New York,Knicks,NYK,0,0,,,,,,0,0,,,,,,0
0021200745,261,2,1,3,9:23 PM,11:17,,,MISS Anthony 24' 3PT Jump Shot,,,5.0,2546,Carmelo Anthony,1610612752.0,New York,Knicks,NYK,0,0,,,,,,0,0,,,,,,0
0021200745,262,4,0,3,9:23 PM,11:16,Pekovic REBOUND (Off:4 Def:3),,,,,4.0,201593,Nikola Pekovic,1610612750.0,Minnesota,Timberwolves,MIN,0,0,,,,,,0,0,,,,,,0
0021200745,263,2,1,3,9:23 PM,10:58,MISS Rubio 21' Jump Shot,,,,,4.0,201937,Ricky Rubio,1610612750.0,Minnesota,Timberwolves,MIN,0,0,,,,,,0,0,,,,,,0
0021200745,264,4,0,3,9:23 PM,10:57,,,Shumpert REBOUND (Off:0 Def:3),,,5.0,202697,Iman Shumpert,1610612752.0,New York,Knicks,NYK,0,0,,,,,,0,0,,,,,,0
0021200745,265,1,42,3,9:23 PM,10:42,,,Felton  Driving Layup (5 PTS) (Chandler 1 AST),54 - 45,-9,5.0,101109,Raymond Felton,1610612752.0,New York,Knicks,NYK,5,2199,Tyson Chandler,1610612752.0,New York,Knicks,NYK,0,0,,,,,,0
0021200745,266,1,5,3,9:24 PM,10:15,Pekovic 3' Layup (9 PTS) (Ridnour 2 AST),,,54 - 47,-7,4.0,201593,Nikola Pekovic,1610612750.0,Minnesota,Timberwolves,MIN,4,2557,Luke Ridnour,1610612750.0,Minnesota,Timberwolves,MIN,0,0,,,,,,0
0021200745,267,6,2,3,9:24 PM,10:15,,,Anthony S.FOUL (P2.T1),,,5.0,2546,Carmelo Anthony,1610612752.0,New York,Knicks,NYK,4,201593,Nikola Pekovic,1610612750.0,Minnesota,Timberwolves,MIN,1,0,,,,,,0
0021200745,268,3,10,3,9:24 PM,10:15,Pekovic Free Throw 1 of 1 (10 PTS),,,54 - 48,-6,4.0,201593,Nikola Pekovic,1610612750.0,Minnesota,Timberwolves,MIN,0,0,,,,,,0,0,,,,,,0
0021200745,271,5,1,3,9:25 PM,10:05,Shved STEAL (1 STL),,Shumpert Bad Pass Turnover (P1.T4),,,5.0,202697,Iman Shumpert,1610612752.0,New York,Knicks,NYK,4,203144,Alexey Shved,1610612750.0,Minnesota,Timberwolves,MIN,0,0,,,,,,0
0021200745,272,2,42,3,9:25 PM,9:59,MISS Shved 1' Driving Layup,,,,,4.0,203144,Alexey Shved,1610612750.0,Minnesota,Timberwolves,MIN,0,0,,,,,,0,0,,,,,,0
0021200745,274,4,0,3,9:25 PM,9:58,Pekovic REBOUND (Off:5 Def:3),,,,,4.0,201593,Nikola Pekovic,1610612750.0,Minnesota,Timberwolves,MIN,0,0,,,,,,0,0,,,,,,0
0021200745,273,1,4,3,9:25 PM,9:58,Pekovic 1' Tip Shot (12 PTS),,,54 - 50,-4,4.0,201593,Nikola Pekovic,1610612750.0,Minnesota,Timberwolves,MIN,0,0,,,,,,0,0,,,,,,0
0021200745,275,2,1,3,9:25 PM,9:41,,,MISS Felton 23' Jump Shot,,,5.0,101109,Raymond Felton,1610612752.0,New York,Knicks,NYK,0,0,,,,,,0,0,,,,,,0
0021200745,276,4,0,3,9:25 PM,9:40,Shved REBOUND (Off:1 Def:2),,,,,4.0,203144,Alexey Shved,1610612750.0,Minnesota,Timberwolves,MIN,0,0,,,,,,0,0,,,,,,0
0021200745,277,2,1,3,9:26 PM,9:19,MISS Shved 23' Jump Shot,,,,,4.0,203144,Alexey Shved,1610612750.0,Minnesota,Timberwolves,MIN,0,0,,,,,,0,0,,,,,,0
0021200745,278,4,0,3,9:26 PM,9:18,Ridnour REBOUND (Off:1 Def:0),,,,,4.0,2557,Luke Ridnour,1610612750.0,Minnesota,Timberwolves,MIN,0,0,,,,,,0,0,,,,,,0
0021200745,279,1,5,3,9:26 PM,9:15,Ridnour 1' Layup (10 PTS),,,54 - 52,-2,4.0,2557,Luke Ridnour,1610612750.0,Minnesota,Timberwolves,MIN,0,0,,,,,,0,0,,,,,,0
0021200745,280,2,1,3,9:26 PM,8:56,,,MISS Shumpert 20' Jump Shot,,,5.0,202697,Iman Shumpert,1610612752.0,New York,Knicks,NYK,0,0,,,,,,0,0,,,,,,0
0021200745,281,4,0,3,9:26 PM,8:55,,,Felton REBOUND (Off:1 Def:1),,,5.0,101109,Raymond Felton,1610612752.0,New York,Knicks,NYK,0,0,,,,,,0,0,,,,,,0
0021200745,282,2,5,3,9:26 PM,8:53,,,MISS Felton 1' Layup,,,5.0,101109,Raymond Felton,1610612752.0,New York,Knicks,NYK,0,0,,,,,,0,0,,,,,,0
0021200745,283,4,0,3,9:26 PM,8:52,Pekovic REBOUND (Off:5 Def:4),,,,,4.0,201593,Nikola Pekovic,1610612750.0,Minnesota,Timberwolves,MIN,0,0,,,,,,0,0,,,,,,0
0021200745,284,1,5,3,9:26 PM,8:40,Pekovic 1' Layup (14 PTS) (Rubio 6 AST),,,54 - 54,TIE,4.0,201593,Nikola Pekovic,1610612750.0,Minnesota,Timberwolves,MIN,4,201937,Ricky Rubio,1610612750.0,Minnesota,Timberwolves,MIN,0,0,,,,,,0
0021200745,285,2,80,3,9:27 PM,8:21,,,MISS Anthony 20' Step Back Jump Shot,,,5.0,2546,Carmelo Anthony,1610612752.0,New York,Knicks,NYK,0,0,,,,,,0,0,,,,,,0
0021200745,286,4,0,3,9:27 PM,8:20,Shved REBOUND (Off:1 Def:3),,,,,4.0,203144,Alexey Shved,1610612750.0,Minnesota,Timberwolves,MIN,0,0,,,,,,0,0,,,,,,0
0021200745,288,8,0,3,9:27 PM,8:14,,,SUB: Smith FOR Shumpert,,,5.0,202697,Iman Shumpert,1610612752.0,New York,Knicks,NYK,5,2747,JR Smith,1610612752.0,New York,Knicks,NYK,0,0,,,,,,0
0021200745,289,1,47,3,9:27 PM,8:09,Williams 11' Turnaround Jump Shot (8 PTS),,,54 - 56,2,4.0,202682,Derrick Williams,1610612750.0,Minnesota,Timberwolves,MIN,0,0,,,,,,0,0,,,,,,0
0021200745,290,6,2,3,9:28 PM,7:54,Williams S.FOUL (P2.T1),,,,,4.0,202682,Derrick Williams,1610612750.0,Minnesota,Timberwolves,MIN,5,2546,Carmelo Anthony,1610612752.0,New York,Knicks,NYK,1,0,,,,,,0
0021200745,291,3,11,3,9:28 PM,7:54,,,Anthony Free Throw 1 of 2 (17 PTS),55 - 56,1,5.0,2546,Carmelo Anthony,1610612752.0,New York,Knicks,NYK,0,0,,,,,,0,0,,,,,,0
0021200745,293,3,12,3,9:28 PM,7:54,,,Anthony Free Throw 2 of 2 (18 PTS),56 - 56,TIE,5.0,2546,Carmelo Anthony,1610612752.0,New York,Knicks,NYK,0,0,,,,,,0,0,,,,,,0
0021200745,295,2,42,3,9:29 PM,7:35,MISS Williams 2' Driving Layup,,,,,4.0,202682,Derrick Williams,1610612750.0,Minnesota,Timberwolves,MIN,0,0,,,,,,0,0,,,,,,0
0021200745,297,4,0,3,9:29 PM,7:33,Pekovic REBOUND (Off:6 Def:4),,,,,4.0,201593,Nikola Pekovic,1610612750.0,Minnesota,Timberwolves,MIN,0,0,,,,,,0,0,,,,,,0
0021200745,296,1,4,3,9:29 PM,7:33,Pekovic 1' Tip Shot (16 PTS),,,56 - 58,2,4.0,201593,Nikola Pekovic,1610612750.0,Minnesota,Timberwolves,MIN,0,0,,,,,,0,0,,,,,,0
0021200745,298,1,1,3,9:29 PM,7:13,,,Anthony  3PT Jump Shot (21 PTS) (Felton 1 AST),59 - 58,-1,5.0,2546,Carmelo Anthony,1610612752.0,New York,Knicks,NYK,5,101109,Raymond Felton,1610612752.0,New York,Knicks,NYK,0,0,,,,,,0
0021200745,299,6,2,3,9:29 PM,7:07,,,Felton S.FOUL (P1.T2),,,5.0,101109,Raymond Felton,1610612752.0,New York,Knicks,NYK,4,201937,Ricky Rubio,1610612750.0,Minnesota,Timberwolves,MIN,1,0,,,,,,0
0021200745,300,3,11,3,9:29 PM,7:07,Rubio Free Throw 1 of 2 (9 PTS),,,59 - 59,TIE,4.0,201937,Ricky Rubio,1610612750.0,Minnesota,Timberwolves,MIN,0,0,,,,,,0,0,,,,,,0
0021200745,302,8,0,3,9:30 PM,7:07,,,SUB: Stoudemire FOR Kidd,,,5.0,467,Jason Kidd,1610612752.0,New York,Knicks,NYK,5,2405,Amar'e Stoudemire,1610612752.0,New York,Knicks,NYK,0,0,,,,,,0
0021200745,303,3,12,3,9:30 PM,7:07,MISS Rubio Free Throw 2 of 2,,,,,4.0,201937,Ricky Rubio,1610612750.0,Minnesota,Timberwolves,MIN,0,0,,,,,,0,0,,,,,,0
0021200745,305,4,0,3,9:30 PM,7:06,,,Anthony REBOUND (Off:0 Def:6),,,5.0,2546,Carmelo Anthony,1610612752.0,New York,Knicks,NYK,0,0,,,,,,0,0,,,,,,0
0021200745,306,1,5,3,9:30 PM,6:51,,,Felton 3' Layup (7 PTS),61 - 59,-2,5.0,101109,Raymond Felton,1610612752.0,New York,Knicks,NYK,0,0,,,,,,0,0,,,,,,0
0021200745,307,5,1,3,9:30 PM,6:35,Rubio Bad Pass Turnover (P1.T8),,Chandler STEAL (1 STL),,,4.0,201937,Ricky Rubio,1610612750.0,Minnesota,Timberwolves,MIN,5,2199,Tyson Chandler,1610612752.0,New York,Knicks,NYK,0,0,,,,,,0
0021200745,308,1,65,3,9:31 PM,6:19,,,Stoudemire 6' Jump Hook Shot (5 PTS),63 - 59,-4,5.0,2405,Amar'e Stoudemire,1610612752.0,New York,Knicks,NYK,0,0,,,,,,0,0,,,,,,0
0021200745,309,9,1,3,9:31 PM,6:16,TIMBERWOLVES Timeout: Regular (Full 3 Short 0),,,,,2.0,1610612750,,,,,,0,0,,,,,,0,0,,,,,,0
0021200745,311,8,0,3,9:33 PM,6:16,SUB: Cunningham FOR Shved,,,,,4.0,203144,Alexey Shved,1610612750.0,Minnesota,Timberwolves,MIN,4,201967,Dante Cunningham,1610612750.0,Minnesota,Timberwolves,MIN,0,0,,,,,,0
0021200745,312,1,1,3,9:34 PM,5:54,Rubio  3PT Jump Shot (12 PTS) (Ridnour 3 AST),,,63 - 62,-1,4.0,201937,Ricky Rubio,1610612750.0,Minnesota,Timberwolves,MIN,4,2557,Luke Ridnour,1610612750.0,Minnesota,Timberwolves,MIN,0,0,,,,,,0
0021200745,313,2,63,3,9:34 PM,5:26,,,MISS Smith 19' Fadeaway Jumper,,,5.0,2747,JR Smith,1610612752.0,New York,Knicks,NYK,0,0,,,,,,0,0,,,,,,0
0021200745,314,4,0,3,9:34 PM,5:25,Cunningham REBOUND (Off:1 Def:7),,,,,4.0,201967,Dante Cunningham,1610612750.0,Minnesota,Timberwolves,MIN,0,0,,,,,,0,0,,,,,,0
0021200745,315,6,2,3,9:35 PM,5:17,,,Stoudemire S.FOUL (P3.T3),,,5.0,2405,Amar'e Stoudemire,1610612752.0,New York,Knicks,NYK,4,201967,Dante Cunningham,1610612750.0,Minnesota,Timberwolves,MIN,1,0,,,,,,0
0021200745,316,3,11,3,9:35 PM,5:17,Cunningham Free Throw 1 of 2 (5 PTS),,,63 - 63,TIE,4.0,201967,Dante Cunningham,1610612750.0,Minnesota,Timberwolves,MIN,0,0,,,,,,0,0,,,,,,0
0021200745,318,3,12,3,9:35 PM,5:17,Cunningham Free Throw 2 of 2 (6 PTS),,,63 - 64,1,4.0,201967,Dante Cunningham,1610612750.0,Minnesota,Timberwolves,MIN,0,0,,,,,,0,0,,,,,,0
0021200745,320,2,1,3,9:36 PM,4:56,,,MISS Smith 19' Jump Shot,,,5.0,2747,JR Smith,1610612752.0,New York,Knicks,NYK,0,0,,,,,,0,0,,,,,,0
0021200745,321,4,0,3,9:36 PM,4:55,,,Knicks Rebound,,,3.0,1610612752,,,,,,0,0,,,,,,0,0,,,,,,0
0021200745,322,6,3,3,9:36 PM,4:55,Pekovic L.B.FOUL (P1.T2),,,,,4.0,201593,Nikola Pekovic,1610612750.0,Minnesota,Timberwolves,MIN,5,2199,Tyson Chandler,1610612752.0,New York,Knicks,NYK,1,0,,,,,,0
0021200745,323,1,42,3,9:36 PM,4:46,,,Anthony 1' Driving Layup (23 PTS),65 - 64,-1,5.0,2546,Carmelo Anthony,1610612752.0,New York,Knicks,NYK,0,0,,,,,,0,0,,,,,,0
0021200745,324,1,80,3,9:36 PM,4:18,Ridnour 16' Step Back Jump Shot (12 PTS),,,65 - 66,1,4.0,2557,Luke Ridnour,1610612750.0,Minnesota,Timberwolves,MIN,0,0,,,,,,0,0,,,,,,0
0021200745,325,6,1,3,9:37 PM,3:59,Cunningham P.FOUL (P4.T3),,,,,4.0,201967,Dante Cunningham,1610612750.0,Minnesota,Timberwolves,MIN,5,2405,Amar'e Stoudemire,1610612752.0,New York,Knicks,NYK,1,0,,,,,,0
0021200745,326,8,0,3,9:37 PM,3:59,SUB: Johnson FOR Cunningham,,,,,4.0,201967,Dante Cunningham,1610612750.0,Minnesota,Timberwolves,MIN,4,202419,Chris Johnson,1610612750.0,Minnesota,Timberwolves,MIN,0,0,,,,,,0
0021200745,327,6,11,3,9:37 PM,3:59,Cunningham T.FOUL (P4.T3),,,,,4.0,201967,Dante Cunningham,1610612750.0,Minnesota,Timberwolves,MIN,0,0,,,,,,1,0,,,,,,0
0021200745,328,3,16,3,9:37 PM,3:59,,,Anthony Free Throw Technical (24 PTS),66 - 66,TIE,5.0,2546,Carmelo Anthony,1610612752.0,New York,Knicks,NYK,0,0,,,,,,0,0,,,,,,0
0021200745,330,1,49,3,9:38 PM,3:52,,,Stoudemire 1' Driving Dunk (7 PTS),68 - 66,-2,5.0,2405,Amar'e Stoudemire,1610612752.0,New York,Knicks,NYK,0,0,,,,,,0,0,,,,,,0
0021200745,331,2,1,3,9:38 PM,3:37,MISS Williams  3PT Jump Shot,,,,,4.0,202682,Derrick Williams,1610612750.0,Minnesota,Timberwolves,MIN,0,0,,,,,,0,0,,,,,,0
0021200745,332,4,0,3,9:38 PM,3:36,TIMBERWOLVES Rebound,,,,,2.0,1610612750,,,,,,0,0,,,,,,0,0,,,,,,0
0021200745,333,6,3,3,9:38 PM,3:36,,,Chandler L.B.FOUL (P3.T4),,,5.0,2199,Tyson Chandler,1610612752.0,New York,Knicks,NYK,4,201593,Nikola Pekovic,1610612750.0,Minnesota,Timberwolves,MIN,1,0,,,,,,0
0021200745,334,1,80,3,9:38 PM,3:30,Ridnour 15' Step Back Jump Shot (14 PTS),,,68 - 68,TIE,4.0,2557,Luke Ridnour,1610612750.0,Minnesota,Timberwolves,MIN,0,0,,,,,,0,0,,,,,,0
0021200745,335,1,78,3,9:39 PM,3:11,,,Felton 9' Floating Jump Shot (9 PTS),70 - 68,-2,5.0,101109,Raymond Felton,1610612752.0,New York,Knicks,NYK,0,0,,,,,,0,0,,,,,,0
0021200745,336,2,7,3,9:39 PM,3:05,MISS Pekovic  Dunk,,,,,4.0,201593,Nikola Pekovic,1610612750.0,Minnesota,Timberwolves,MIN,0,0,,,,,,0,0,,,,,,0
0021200745,337,4,0,3,9:39 PM,3:04,,,Chandler REBOUND (Off:4 Def:2),,,5.0,2199,Tyson Chandler,1610612752.0,New York,Knicks,NYK,0,0,,,,,,0,0,,,,,,0
0021200745,338,5,1,3,9:39 PM,2:57,Rubio STEAL (1 STL),,Felton Bad Pass Turnover (P3.T5),,,5.0,101109,Raymond Felton,1610612752.0,New York,Knicks,NYK,4,201937,Ricky Rubio,1610612750.0,Minnesota,Timberwolves,MIN,0,0,,,,,,0
0021200745,340,9,1,3,9:39 PM,2:52,,,Knicks Timeout: Regular (Reg.3 Short 0),,,3.0,1610612752,,,,,,0,0,,,,,,0,0,,,,,,0
0021200745,342,1,46,3,9:42 PM,2:36,Ridnour 10' Running Jump Shot (16 PTS) (Rubio 7 AST),,,70 - 70,TIE,4.0,2557,Luke Ridnour,1610612750.0,Minnesota,Timberwolves,MIN,4,201937,Ricky Rubio,1610612750.0,Minnesota,Timberwolves,MIN,0,0,,,,,,0
0021200745,343,2,1,3,9:43 PM,2:19,,,MISS Felton 18' Jump Shot,,,5.0,101109,Raymond Felton,1610612752.0,New York,Knicks,NYK,0,0,,,,,,0,0,,,,,,0
0021200745,344,4,0,3,9:43 PM,2:18,Williams REBOUND (Off:0 Def:3),,,,,4.0,202682,Derrick Williams,1610612750.0,Minnesota,Timberwolves,MIN,0,0,,,,,,0,0,,,,,,0
0021200745,345,1,1,3,9:43 PM,1:59,Ridnour 22' Jump Shot (18 PTS) (Rubio 8 AST),,,70 - 72,2,4.0,2557,Luke Ridnour,1610612750.0,Minnesota,Timberwolves,MIN,4,201937,Ricky Rubio,1610612750.0,Minnesota,Timberwolves,MIN,0,0,,,,,,0
0021200745,346,2,1,3,9:43 PM,1:35,,,MISS Smith 26' 3PT Jump Shot,,,5.0,2747,JR Smith,1610612752.0,New York,Knicks,NYK,0,0,,,,,,0,0,,,,,,0
0021200745,347,4,0,3,9:43 PM,1:34,Williams REBOUND (Off:0 Def:4),,,,,4.0,202682,Derrick Williams,1610612750.0,Minnesota,Timberwolves,MIN,0,0,,,,,,0,0,,,,,,0
0021200745,348,1,84,3,9:43 PM,1:22,Rubio 9' Running Bank Shot (14 PTS),,,70 - 74,4,4.0,201937,Ricky Rubio,1610612750.0,Minnesota,Timberwolves,MIN,0,0,,,,,,0,0,,,,,,0
0021200745,349,6,1,3,9:44 PM,1:10,Williams P.FOUL (P3.T4),,,,,4.0,202682,Derrick Williams,1610612750.0,Minnesota,Timberwolves,MIN,5,2546,Carmelo Anthony,1610612752.0,New York,Knicks,NYK,1,0,,,,,,0
0021200745,350,8,0,3,9:44 PM,1:10,SUB: Barea FOR Rubio,,,,,4.0,201937,Ricky Rubio,1610612750.0,Minnesota,Timberwolves,MIN,4,200826,J.J. Barea,1610612750.0,Minnesota,Timberwolves,MIN,0,0,,,,,,0
0021200745,351,8,0,3,9:44 PM,1:10,,,SUB: Prigioni FOR Felton,,,5.0,101109,Raymond Felton,1610612752.0,New York,Knicks,NYK,5,203143,Pablo Prigioni,1610612752.0,New York,Knicks,NYK,0,0,,,,,,0
0021200745,352,8,0,3,9:44 PM,1:10,,,SUB: Novak FOR Chandler,,,5.0,2199,Tyson Chandler,1610612752.0,New York,Knicks,NYK,5,200779,Steve Novak,1610612752.0,New York,Knicks,NYK,0,0,,,,,,0
0021200745,353,2,86,3,9:45 PM,1:00,,,MISS Anthony 13' Turnaround Fadeaway Shot,,,5.0,2546,Carmelo Anthony,1610612752.0,New York,Knicks,NYK,0,0,,,,,,0,0,,,,,,0
0021200745,354,4,0,3,9:45 PM,0:58,,,Stoudemire REBOUND (Off:3 Def:0),,,5.0,2405,Amar'e Stoudemire,1610612752.0,New York,Knicks,NYK,0,0,,,,,,0,0,,,,,,0
0021200745,355,5,2,3,9:45 PM,0:47,Pekovic STEAL (1 STL),,Stoudemire Lost Ball Turnover (P1.T6),,,5.0,2405,Amar'e Stoudemire,1610612752.0,New York,Knicks,NYK,4,201593,Nikola Pekovic,1610612750.0,Minnesota,Timberwolves,MIN,0,0,,,,,,0
0021200745,356,6,2,3,9:45 PM,0:33,,,Prigioni S.FOUL (P2.PN),,,5.0,203143,Pablo Prigioni,1610612752.0,New York,Knicks,NYK,4,2557,Luke Ridnour,1610612750.0,Minnesota,Timberwolves,MIN,1,0,,,,,,0
0021200745,357,3,11,3,9:45 PM,0:33,Ridnour Free Throw 1 of 2 (19 PTS),,,70 - 75,5,4.0,2557,Luke Ridnour,1610612750.0,Minnesota,Timberwolves,MIN,0,0,,,,,,0,0,,,,,,0
0021200745,359,8,0,3,9:46 PM,0:33,SUB: Stiemsma FOR Pekovic,,,,,4.0,201593,Nikola Pekovic,1610612750.0,Minnesota,Timberwolves,MIN,4,201880,Greg Stiemsma,1610612750.0,Minnesota,Timberwolves,MIN,0,0,,,,,,0
0021200745,360,8,0,3,9:46 PM,0:33,SUB: Shved FOR Johnson,,,,,4.0,202419,Chris Johnson,1610612750.0,Minnesota,Timberwolves,MIN,4,203144,Alexey Shved,1610612750.0,Minnesota,Timberwolves,MIN,0,0,,,,,,0
0021200745,361,3,12,3,9:46 PM,0:33,Ridnour Free Throw 2 of 2 (20 PTS),,,70 - 76,6,4.0,2557,Luke Ridnour,1610612750.0,Minnesota,Timberwolves,MIN,0,0,,,,,,0,0,,,,,,0
0021200745,363,2,1,3,9:46 PM,0:23,,,MISS Anthony 25' 3PT Jump Shot,,,5.0,2546,Carmelo Anthony,1610612752.0,New York,Knicks,NYK,0,0,,,,,,0,0,,,,,,0
0021200745,364,4,0,3,9:46 PM,0:22,Barea REBOUND (Off:0 Def:2),,,,,4.0,200826,J.J. Barea,1610612750.0,Minnesota,Timberwolves,MIN,0,0,,,,,,0,0,,,,,,0
0021200745,365,2,52,3,9:46 PM,0:07,MISS Williams 1' Alley Oop Dunk,,,,,4.0,202682,Derrick Williams,1610612750.0,Minnesota,Timberwolves,MIN,0,0,,,,,,0,0,,,,,,0
0021200745,366,4,0,3,9:46 PM,0:06,,,Prigioni REBOUND (Off:0 Def:1),,,5.0,203143,Pablo Prigioni,1610612752.0,New York,Knicks,NYK,0,0,,,,,,0,0,,,,,,0
0021200745,367,2,1,3,9:46 PM,0:00,,,MISS Novak 25' 3PT Jump Shot,,,5.0,200779,Steve Novak,1610612752.0,New York,Knicks,NYK,0,0,,,,,,0,0,,,,,,0
0021200745,368,4,0,3,9:46 PM,0:00,,,Stoudemire REBOUND (Off:4 Def:0),,,5.0,2405,Amar'e Stoudemire,1610612752.0,New York,Knicks,NYK,0,0,,,,,,0,0,,,,,,0
0021200745,369,2,4,3,9:47 PM,0:00,,,MISS Stoudemire 1' Tip Shot,,,5.0,2405,Amar'e Stoudemire,1610612752.0,New York,Knicks,NYK,0,0,,,,,,0,0,,,,,,0
0021200745,370,4,0,3,9:47 PM,0:00,,,Knicks Rebound,,,3.0,1610612752,,,,,,0,0,,,,,,0,0,,,,,,0
0021200745,371,13,0,3,9:47 PM,0:00,,,,70 - 76,6,0.0,0,,,,,,0,0,,,,,,0,0,,,,,,0
0021200745,373,12,0,4,9:49 PM,12:00,,,,70 - 76,6,0.0,0,,,,,,0,0,,,,,,0,0,,,,,,0
0021200745,374,5,1,4,9:49 PM,11:48,Williams STEAL (1 STL),,Prigioni Bad Pass Turnover (P1.T7),,,5.0,203143,Pablo Prigioni,1610612752.0,New York,Knicks,NYK,4,202682,Derrick Williams,1610612750.0,Minnesota,Timberwolves,MIN,0,0,,,,,,0
0021200745,375,1,8,4,9:49 PM,11:45,Williams  Slam Dunk (10 PTS),,,70 - 78,8,4.0,202682,Derrick Williams,1610612750.0,Minnesota,Timberwolves,MIN,0,0,,,,,,0,0,,,,,,0
0021200745,376,1,1,4,9:50 PM,11:29,,,Novak 19' Jump Shot (11 PTS) (Prigioni 3 AST),72 - 78,6,5.0,200779,Steve Novak,1610612752.0,New York,Knicks,NYK,5,203143,Pablo Prigioni,1610612752.0,New York,Knicks,NYK,0,0,,,,,,0
0021200745,377,5,1,4,9:50 PM,11:24,Barea Bad Pass Turnover (P3.T9),,Kidd STEAL (1 STL),,,4.0,200826,J.J. Barea,1610612750.0,Minnesota,Timberwolves,MIN,5,467,Jason Kidd,1610612752.0,New York,Knicks,NYK,0,0,,,,,,0
0021200745,378,2,46,4,9:50 PM,11:17,,,MISS Smith 7' Running Jump Shot,,,5.0,2747,JR Smith,1610612752.0,New York,Knicks,NYK,0,0,,,,,,0,0,,,,,,0
0021200745,379,4,0,4,9:50 PM,11:15,Stiemsma REBOUND (Off:2 Def:1),,,,,4.0,201880,Greg Stiemsma,1610612750.0,Minnesota,Timberwolves,MIN,0,0,,,,,,0,0,,,,,,0
0021200745,380,2,1,4,9:50 PM,10:58,MISS Williams 26' 3PT Jump Shot,,,,,4.0,202682,Derrick Williams,1610612750.0,Minnesota,Timberwolves,MIN,0,0,,,,,,0,0,,,,,,0
0021200745,381,4,0,4,9:50 PM,10:57,,,Smith REBOUND (Off:1 Def:5),,,5.0,2747,JR Smith,1610612752.0,New York,Knicks,NYK,0,0,,,,,,0,0,,,,,,0
0021200745,382,5,2,4,9:50 PM,10:48,Ridnour STEAL (1 STL),,Stoudemire Lost Ball Turnover (P2.T8),,,5.0,2405,Amar'e Stoudemire,1610612752.0,New York,Knicks,NYK,4,2557,Luke Ridnour,1610612750.0,Minnesota,Timberwolves,MIN,0,0,,,,,,0
0021200745,383,5,1,4,9:50 PM,10:42,Ridnour Bad Pass Turnover (P1.T10),,,,,4.0,2557,Luke Ridnour,1610612750.0,Minnesota,Timberwolves,MIN,0,0,,,,,,1,0,,,,,,0
0021200745,384,2,1,4,9:51 PM,10:24,,,MISS Novak 24' 3PT Jump Shot,,,5.0,200779,Steve Novak,1610612752.0,New York,Knicks,NYK,0,0,,,,,,0,0,,,,,,0
0021200745,385,4,0,4,9:51 PM,10:22,Stiemsma REBOUND (Off:2 Def:2),,,,,4.0,201880,Greg Stiemsma,1610612750.0,Minnesota,Timberwolves,MIN,0,0,,,,,,0,0,,,,,,0
0021200745,386,2,1,4,9:51 PM,10:04,MISS Ridnour 24' 3PT Jump Shot,,,,,4.0,2557,Luke Ridnour,1610612750.0,Minnesota,Timberwolves,MIN,0,0,,,,,,0,0,,,,,,0
0021200745,387,4,0,4,9:51 PM,10:03,,,Smith REBOUND (Off:1 Def:6),,,5.0,2747,JR Smith,1610612752.0,New York,Knicks,NYK,0,0,,,,,,0,0,,,,,,0
0021200745,388,2,5,4,9:51 PM,9:54,,,MISS Prigioni 1' Layup,,,5.0,203143,Pablo Prigioni,1610612752.0,New York,Knicks,NYK,0,0,,,,,,0,0,,,,,,0
0021200745,389,4,0,4,9:51 PM,9:53,Barea REBOUND (Off:0 Def:3),,,,,4.0,200826,J.J. Barea,1610612750.0,Minnesota,Timberwolves,MIN,0,0,,,,,,0,0,,,,,,0
0021200745,390,2,1,4,9:52 PM,9:44,MISS Barea 25' 3PT Jump Shot,,,,,4.0,200826,J.J. Barea,1610612750.0,Minnesota,Timberwolves,MIN,0,0,,,,,,0,0,,,,,,0
0021200745,391,4,0,4,9:52 PM,9:42,,,Novak REBOUND (Off:0 Def:1),,,5.0,200779,Steve Novak,1610612752.0,New York,Knicks,NYK,0,0,,,,,,0,0,,,,,,0
0021200745,393,8,0,4,9:52 PM,9:31,SUB: Rubio FOR Ridnour,,,,,4.0,2557,Luke Ridnour,1610612750.0,Minnesota,Timberwolves,MIN,4,201937,Ricky Rubio,1610612750.0,Minnesota,Timberwolves,MIN,0,0,,,,,,0
0021200745,394,1,42,4,9:52 PM,9:20,,,Stoudemire 2' Driving Layup (9 PTS),74 - 78,4,5.0,2405,Amar'e Stoudemire,1610612752.0,New York,Knicks,NYK,0,0,,,,,,0,0,,,,,,0
0021200745,395,6,11,4,9:52 PM,9:19,,,Stoudemire T.FOUL (P3.T0),,,5.0,2405,Amar'e Stoudemire,1610612752.0,New York,Knicks,NYK,0,0,,,,,,1,0,,,,,,0
0021200745,396,3,16,4,9:52 PM,9:19,Barea Free Throw Technical (5 PTS),,,74 - 79,5,4.0,200826,J.J. Barea,1610612750.0,Minnesota,Timberwolves,MIN,0,0,,,,,,0,0,,,,,,0
0021200745,398,1,52,4,9:53 PM,9:11,Williams  Alley Oop Dunk (12 PTS) (Rubio 9 AST),,,74 - 81,7,4.0,202682,Derrick Williams,1610612750.0,Minnesota,Timberwolves,MIN,4,201937,Ricky Rubio,1610612750.0,Minnesota,Timberwolves,MIN,0,0,,,,,,0
0021200745,399,6,1,4,9:53 PM,8:56,Stiemsma P.FOUL (P2.T1),,,,,4.0,201880,Greg Stiemsma,1610612750.0,Minnesota,Timberwolves,MIN,5,2405,Amar'e Stoudemire,1610612752.0,New York,Knicks,NYK,1,0,,,,,,0
0021200745,400,9,1,4,9:53 PM,8:56,,,,,,1.0,0,,,,,,0,0,,,,,,0,0,,,,,,0
0021200745,402,8,0,4,9:55 PM,8:56,,,SUB: Anthony FOR Novak,,,5.0,200779,Steve Novak,1610612752.0,New York,Knicks,NYK,5,2546,Carmelo Anthony,1610612752.0,New York,Knicks,NYK,0,0,,,,,,0
0021200745,403,5,11,4,9:56 PM,8:43,,,Knicks Turnover: Shot Clock (T#9),,,3.0,1610612752,,,,,,0,0,,,,,,1,0,,,,,,0
0021200745,404,1,5,4,9:56 PM,8:31,Williams 2' Layup (14 PTS) (Rubio 10 AST),,,74 - 83,9,4.0,202682,Derrick Williams,1610612750.0,Minnesota,Timberwolves,MIN,4,201937,Ricky Rubio,1610612750.0,Minnesota,Timberwolves,MIN,0,0,,,,,,0
0021200745,405,1,5,4,9:57 PM,8:18,,,Stoudemire 2' Layup (11 PTS) (Prigioni 4 AST),76 - 83,7,5.0,2405,Amar'e Stoudemire,1610612752.0,New York,Knicks,NYK,5,203143,Pablo Prigioni,1610612752.0,New York,Knicks,NYK,0,0,,,,,,0
0021200745,406,6,2,4,9:57 PM,8:01,,,Anthony S.FOUL (P3.T1),,,5.0,2546,Carmelo Anthony,1610612752.0,New York,Knicks,NYK,4,201937,Ricky Rubio,1610612750.0,Minnesota,Timberwolves,MIN,1,0,,,,,,0
0021200745,407,9,1,4,9:57 PM,8:01,,,Knicks Timeout: Regular (Reg.4 Short 0),,,3.0,1610612752,,,,,,0,0,,,,,,0,0,,,,,,0
0021200745,409,18,0,4,9:58 PM,8:01,,,,,,,403,,,,,,0,0,,,,,,1,0,,,,,,0
0021200745,411,8,0,4,10:00 PM,8:01,SUB: Pekovic FOR Stiemsma,,,,,4.0,201880,Greg Stiemsma,1610612750.0,Minnesota,Timberwolves,MIN,4,201593,Nikola Pekovic,1610612750.0,Minnesota,Timberwolves,MIN,0,0,,,,,,0
0021200745,412,8,0,4,10:00 PM,8:01,,,SUB: Felton FOR Prigioni,,,5.0,203143,Pablo Prigioni,1610612752.0,New York,Knicks,NYK,5,101109,Raymond Felton,1610612752.0,New York,Knicks,NYK,0,0,,,,,,0
0021200745,413,3,11,4,10:00 PM,8:01,Rubio Free Throw 1 of 2 (15 PTS),,,76 - 84,8,4.0,201937,Ricky Rubio,1610612750.0,Minnesota,Timberwolves,MIN,0,0,,,,,,0,0,,,,,,0
0021200745,415,3,12,4,10:00 PM,8:01,Rubio Free Throw 2 of 2 (16 PTS),,,76 - 85,9,4.0,201937,Ricky Rubio,1610612750.0,Minnesota,Timberwolves,MIN,0,0,,,,,,0,0,,,,,,0
0021200745,417,2,1,4,10:01 PM,7:36,,,MISS Felton 30' 3PT Jump Shot,,,5.0,101109,Raymond Felton,1610612752.0,New York,Knicks,NYK,0,0,,,,,,0,0,,,,,,0
0021200745,418,4,0,4,10:01 PM,7:34,Williams REBOUND (Off:0 Def:5),,,,,4.0,202682,Derrick Williams,1610612750.0,Minnesota,Timberwolves,MIN,0,0,,,,,,0,0,,,,,,0
0021200745,419,1,1,4,10:01 PM,7:16,Williams 17' Jump Shot (16 PTS) (Rubio 11 AST),,,76 - 87,11,4.0,202682,Derrick Williams,1610612750.0,Minnesota,Timberwolves,MIN,4,201937,Ricky Rubio,1610612750.0,Minnesota,Timberwolves,MIN,0,0,,,,,,0
0021200745,420,1,1,4,10:01 PM,6:55,,,Smith 25' 3PT Jump Shot (10 PTS) (Kidd 3 AST),79 - 87,8,5.0,2747,JR Smith,1610612752.0,New York,Knicks,NYK,5,467,Jason Kidd,1610612752.0,New York,Knicks,NYK,0,0,,,,,,0
0021200745,421,2,1,4,10:02 PM,6:31,MISS Rubio 18' Jump Shot,,Kidd BLOCK (1 BLK),,,4.0,201937,Ricky Rubio,1610612750.0,Minnesota,Timberwolves,MIN,0,0,,,,,,5,467,Jason Kidd,1610612752.0,New York,Knicks,NYK,0
0021200745,422,4,0,4,10:02 PM,6:29,,,Stoudemire REBOUND (Off:4 Def:1),,,5.0,2405,Amar'e Stoudemire,1610612752.0,New York,Knicks,NYK,0,0,,,,,,0,0,,,,,,0
0021200745,423,6,29,4,10:02 PM,6:26,Williams Shooting Block Foul (P4.T2),,,,,4.0,202682,Derrick Williams,1610612750.0,Minnesota,Timberwolves,MIN,5,2546,Carmelo Anthony,1610612752.0,New York,Knicks,NYK,1,0,,,,,,0
0021200745,424,3,11,4,10:02 PM,6:26,,,Anthony Free Throw 1 of 2 (25 PTS),80 - 87,7,5.0,2546,Carmelo Anthony,1610612752.0,New York,Knicks,NYK,0,0,,,,,,0,0,,,,,,0
0021200745,426,8,0,4,10:02 PM,6:26,,,SUB: Chandler FOR Stoudemire,,,5.0,2405,Amar'e Stoudemire,1610612752.0,New York,Knicks,NYK,5,2199,Tyson Chandler,1610612752.0,New York,Knicks,NYK,0,0,,,,,,0
0021200745,427,8,0,4,10:02 PM,6:26,SUB: Ridnour FOR Shved,,,,,4.0,203144,Alexey Shved,1610612750.0,Minnesota,Timberwolves,MIN,4,2557,Luke Ridnour,1610612750.0,Minnesota,Timberwolves,MIN,0,0,,,,,,0
0021200745,428,3,12,4,10:03 PM,6:26,,,Anthony Free Throw 2 of 2 (26 PTS),81 - 87,6,5.0,2546,Carmelo Anthony,1610612752.0,New York,Knicks,NYK,0,0,,,,,,0,0,,,,,,0
0021200745,430,6,2,4,10:03 PM,6:08,,,Felton S.FOUL (P2.T2),,,5.0,101109,Raymond Felton,1610612752.0,New York,Knicks,NYK,4,201937,Ricky Rubio,1610612750.0,Minnesota,Timberwolves,MIN,1,0,,,,,,0
0021200745,431,3,11,4,10:03 PM,6:08,MISS Rubio Free Throw 1 of 2,,,,,4.0,201937,Ricky Rubio,1610612750.0,Minnesota,Timberwolves,MIN,0,0,,,,,,0,0,,,,,,0
0021200745,432,4,1,4,10:03 PM,6:08,TIMBERWOLVES Rebound,,,,,2.0,1610612750,,,,,,0,0,,,,,,0,0,,,,,,0
0021200745,433,3,12,4,10:04 PM,6:08,MISS Rubio Free Throw 2 of 2,,,,,4.0,201937,Ricky Rubio,1610612750.0,Minnesota,Timberwolves,MIN,0,0,,,,,,0,0,,,,,,0
0021200745,435,4,0,4,10:04 PM,6:07,,,Smith REBOUND (Off:1 Def:7),,,5.0,2747,JR Smith,1610612752.0,New York,Knicks,NYK,0,0,,,,,,0,0,,,,,,0
0021200745,436,1,78,4,10:04 PM,5:50,,,Anthony 9' Floating Jump Shot (28 PTS),83 - 87,4,5.0,2546,Carmelo Anthony,1610612752.0,New York,Knicks,NYK,0,0,,,,,,0,0,,,,,,0
0021200745,437,1,42,4,10:04 PM,5:25,Williams 1' Driving Layup (18 PTS),,,83 - 89,6,4.0,202682,Derrick Williams,1610612750.0,Minnesota,Timberwolves,MIN,0,0,,,,,,0,0,,,,,,0
0021200745,438,2,1,4,10:05 PM,5:15,,,MISS Anthony 25' 3PT Jump Shot,,,5.0,2546,Carmelo Anthony,1610612752.0,New York,Knicks,NYK,0,0,,,,,,0,0,,,,,,0
0021200745,439,4,0,4,10:05 PM,5:14,Ridnour REBOUND (Off:1 Def:1),,,,,4.0,2557,Luke Ridnour,1610612750.0,Minnesota,Timberwolves,MIN,0,0,,,,,,0,0,,,,,,0
0021200745,440,2,1,4,10:05 PM,4:52,MISS Williams 26' 3PT Jump Shot,,,,,4.0,202682,Derrick Williams,1610612750.0,Minnesota,Timberwolves,MIN,0,0,,,,,,0,0,,,,,,0
0021200745,441,4,0,4,10:05 PM,4:50,,,Chandler REBOUND (Off:4 Def:3),,,5.0,2199,Tyson Chandler,1610612752.0,New York,Knicks,NYK,0,0,,,,,,0,0,,,,,,0
0021200745,442,1,5,4,10:05 PM,4:35,,,Anthony 1' Layup (30 PTS),85 - 89,4,5.0,2546,Carmelo Anthony,1610612752.0,New York,Knicks,NYK,0,0,,,,,,0,0,,,,,,0
0021200745,443,2,1,4,10:06 PM,4:15,MISS Ridnour 21' Jump Shot,,,,,4.0,2557,Luke Ridnour,1610612750.0,Minnesota,Timberwolves,MIN,0,0,,,,,,0,0,,,,,,0
0021200745,444,4,0,4,10:06 PM,4:14,Williams REBOUND (Off:1 Def:5),,,,,4.0,202682,Derrick Williams,1610612750.0,Minnesota,Timberwolves,MIN,0,0,,,,,,0,0,,,,,,0
0021200745,445,6,2,4,10:06 PM,4:14,,,Smith S.FOUL (P3.T3),,,5.0,2747,JR Smith,1610612752.0,New York,Knicks,NYK,4,202682,Derrick Williams,1610612750.0,Minnesota,Timberwolves,MIN,1,0,,,,,,0
0021200745,446,3,11,4,10:06 PM,4:14,MISS Williams Free Throw 1 of 2,,,,,4.0,202682,Derrick Williams,1610612750.0,Minnesota,Timberwolves,MIN,0,0,,,,,,0,0,,,,,,0
0021200745,447,4,1,4,10:06 PM,4:14,TIMBERWOLVES Rebound,,,,,2.0,1610612750,,,,,,0,0,,,,,,0,0,,,,,,0
0021200745,448,3,12,4,10:06 PM,4:14,Williams Free Throw 2 of 2 (19 PTS),,,85 - 90,5,4.0,202682,Derrick Williams,1610612750.0,Minnesota,Timberwolves,MIN,0,0,,,,,,0,0,,,,,,0
0021200745,450,1,42,4,10:07 PM,3:57,,,Smith 1' Driving Layup (12 PTS),87 - 90,3,5.0,2747,JR Smith,1610612752.0,New York,Knicks,NYK,0,0,,,,,,0,0,,,,,,0
0021200745,451,2,80,4,10:07 PM,3:39,MISS Williams 16' Step Back Jump Shot,,,,,4.0,202682,Derrick Williams,1610612750.0,Minnesota,Timberwolves,MIN,0,0,,,,,,0,0,,,,,,0
0021200745,452,4,0,4,10:07 PM,3:38,,,Anthony REBOUND (Off:0 Def:7),,,5.0,2546,Carmelo Anthony,1610612752.0,New York,Knicks,NYK,0,0,,,,,,0,0,,,,,,0
0021200745,453,6,2,4,10:07 PM,3:24,Williams S.FOUL (P5.T3),,,,,4.0,202682,Derrick Williams,1610612750.0,Minnesota,Timberwolves,MIN,5,2546,Carmelo Anthony,1610612752.0,New York,Knicks,NYK,1,0,,,,,,0
0021200745,455,3,11,4,10:08 PM,3:24,,,Anthony Free Throw 1 of 2 (31 PTS),88 - 90,2,5.0,2546,Carmelo Anthony,1610612752.0,New York,Knicks,NYK,0,0,,,,,,0,0,,,,,,0
0021200745,457,3,12,4,10:08 PM,3:24,,,Anthony Free Throw 2 of 2 (32 PTS),89 - 90,1,5.0,2546,Carmelo Anthony,1610612752.0,New York,Knicks,NYK,0,0,,,,,,0,0,,,,,,0
0021200745,459,9,1,4,10:08 PM,3:24,TIMBERWOLVES Timeout: Regular (Full 4 Short 0),,,,,2.0,1610612750,,,,,,0,0,,,,,,0,0,,,,,,0
0021200745,461,8,0,4,10:10 PM,3:24,SUB: Cunningham FOR Williams,,,,,4.0,202682,Derrick Williams,1610612750.0,Minnesota,Timberwolves,MIN,4,201967,Dante Cunningham,1610612750.0,Minnesota,Timberwolves,MIN,0,0,,,,,,0
0021200745,462,2,1,4,10:11 PM,3:01,MISS Rubio 3' Jump Shot,,,,,4.0,201937,Ricky Rubio,1610612750.0,Minnesota,Timberwolves,MIN,0,0,,,,,,0,0,,,,,,0
0021200745,463,4,0,4,10:11 PM,3:00,,,Anthony REBOUND (Off:0 Def:8),,,5.0,2546,Carmelo Anthony,1610612752.0,New York,Knicks,NYK,0,0,,,,,,0,0,,,,,,0
0021200745,464,1,56,4,10:11 PM,2:37,,,Anthony 7' Running Hook Shot (34 PTS),91 - 90,-1,5.0,2546,Carmelo Anthony,1610612752.0,New York,Knicks,NYK,0,0,,,,,,0,0,,,,,,0
0021200745,465,1,1,4,10:12 PM,2:22,Cunningham 17' Jump Shot (8 PTS) (Pekovic 1 AST),,,91 - 92,1,4.0,201967,Dante Cunningham,1610612750.0,Minnesota,Timberwolves,MIN,4,201593,Nikola Pekovic,1610612750.0,Minnesota,Timberwolves,MIN,0,0,,,,,,0
0021200745,466,2,1,4,10:12 PM,2:04,,,MISS Smith 25' 3PT Jump Shot,,,5.0,2747,JR Smith,1610612752.0,New York,Knicks,NYK,0,0,,,,,,0,0,,,,,,0
0021200745,467,4,0,4,10:12 PM,2:03,Pekovic REBOUND (Off:6 Def:5),,,,,4.0,201593,Nikola Pekovic,1610612750.0,Minnesota,Timberwolves,MIN,0,0,,,,,,0,0,,,,,,0
0021200745,468,2,42,4,10:12 PM,1:52,MISS Barea 2' Driving Layup,,,,,4.0,200826,J.J. Barea,1610612750.0,Minnesota,Timberwolves,MIN,0,0,,,,,,0,0,,,,,,0
0021200745,469,4,0,4,10:12 PM,1:50,,,Felton REBOUND (Off:1 Def:2),,,5.0,101109,Raymond Felton,1610612752.0,New York,Knicks,NYK,0,0,,,,,,0,0,,,,,,0
0021200745,470,1,43,4,10:12 PM,1:42,,,Chandler 1' Alley Oop Layup (5 PTS) (Smith 4 AST),93 - 92,-1,5.0,2199,Tyson Chandler,1610612752.0,New York,Knicks,NYK,5,2747,JR Smith,1610612752.0,New York,Knicks,NYK,0,0,,,,,,0
0021200745,471,2,1,4,10:13 PM,1:26,MISS Cunningham 18' Jump Shot,,,,,4.0,201967,Dante Cunningham,1610612750.0,Minnesota,Timberwolves,MIN,0,0,,,,,,0,0,,,,,,0
0021200745,472,4,0,4,10:13 PM,1:25,,,Anthony REBOUND (Off:0 Def:9),,,5.0,2546,Carmelo Anthony,1610612752.0,New York,Knicks,NYK,0,0,,,,,,0,0,,,,,,0
0021200745,473,1,79,4,10:13 PM,1:10,,,Anthony 19' Pullup Jump Shot (36 PTS),95 - 92,-3,5.0,2546,Carmelo Anthony,1610612752.0,New York,Knicks,NYK,0,0,,,,,,0,0,,,,,,0
0021200745,474,9,1,4,10:13 PM,1:10,TIMBERWOLVES Timeout: Regular (Full 5 Short 0),,,,,2.0,1610612750,,,,,,0,0,,,,,,0,0,,,,,,0
0021200745,476,1,79,4,10:15 PM,0:58,Rubio 20' Pullup Jump Shot (18 PTS),,,95 - 94,-1,4.0,201937,Ricky Rubio,1610612750.0,Minnesota,Timberwolves,MIN,0,0,,,,,,0,0,,,,,,0
0021200745,477,6,1,4,10:15 PM,0:47,Barea P.FOUL (P3.T4),,,,,4.0,200826,J.J. Barea,1610612750.0,Minnesota,Timberwolves,MIN,5,101109,Raymond Felton,1610612752.0,New York,Knicks,NYK,1,0,,,,,,0
0021200745,478,2,1,4,10:16 PM,0:33,,,MISS Anthony 34' 3PT Jump Shot,,,5.0,2546,Carmelo Anthony,1610612752.0,New York,Knicks,NYK,0,0,,,,,,0,0,,,,,,0
0021200745,479,4,0,4,10:16 PM,0:33,,,Knicks Rebound,,,3.0,1610612752,,,,,,0,0,,,,,,0,0,,,,,,0
0021200745,480,5,11,4,10:16 PM,0:33,,,Knicks Turnover: Shot Clock (T#10),,,3.0,1610612752,,,,,,0,0,,,,,,1,0,,,,,,0
0021200745,481,9,2,4,10:16 PM,0:33,TIMBERWOLVES Timeout: Short (Full 5 Short 1),,,,,2.0,1610612750,,,,,,0,0,,,,,,0,0,,,,,,0
0021200745,483,2,1,4,10:18 PM,0:23,MISS Ridnour 9' Jump Shot,,Kidd BLOCK (2 BLK),,,4.0,2557,Luke Ridnour,1610612750.0,Minnesota,Timberwolves,MIN,0,0,,,,,,5,467,Jason Kidd,1610612752.0,New York,Knicks,NYK,0
0021200745,484,4,0,4,10:18 PM,0:21,,,Kidd REBOUND (Off:0 Def:3),,,5.0,467,Jason Kidd,1610612752.0,New York,Knicks,NYK,0,0,,,,,,0,0,,,,,,0
0021200745,485,1,42,4,10:18 PM,0:19,,,Smith 1' Driving Layup (14 PTS) (Kidd 4 AST),97 - 94,-3,5.0,2747,JR Smith,1610612752.0,New York,Knicks,NYK,5,467,Jason Kidd,1610612752.0,New York,Knicks,NYK,0,0,,,,,,0
0021200745,486,6,2,4,10:18 PM,0:19,Cunningham S.FOUL (P5.PN),,,,,4.0,201967,Dante Cunningham,1610612750.0,Minnesota,Timberwolves,MIN,5,2747,JR Smith,1610612752.0,New York,Knicks,NYK,1,0,,,,,,0
0021200745,487,3,10,4,10:18 PM,0:19,,,Smith Free Throw 1 of 1 (15 PTS),98 - 94,-4,5.0,2747,JR Smith,1610612752.0,New York,Knicks,NYK,0,0,,,,,,0,0,,,,,,0
0021200745,489,9,2,4,10:19 PM,0:19,TIMBERWOLVES Timeout: Short (Full 5 Short 2),,,,,2.0,1610612750,,,,,,0,0,,,,,,0,0,,,,,,0
0021200745,491,8,0,4,10:19 PM,0:19,SUB: Williams FOR Cunningham,,,,,4.0,201967,Dante Cunningham,1610612750.0,Minnesota,Timberwolves,MIN,4,202682,Derrick Williams,1610612750.0,Minnesota,Timberwolves,MIN,0,0,,,,,,0
0021200745,492,2,5,4,10:20 PM,0:15,MISS Rubio 3' Layup,,Chandler BLOCK (1 BLK),,,4.0,201937,Ricky Rubio,1610612750.0,Minnesota,Timberwolves,MIN,0,0,,,,,,5,2199,Tyson Chandler,1610612752.0,New York,Knicks,NYK,0
0021200745,493,4,0,4,10:20 PM,0:15,,,Felton REBOUND (Off:1 Def:3),,,5.0,101109,Raymond Felton,1610612752.0,New York,Knicks,NYK,0,0,,,,,,0,0,,,,,,0
0021200745,494,6,28,4,10:20 PM,0:14,Ridnour Personal Take Foul (P2.PN),,,,,4.0,2557,Luke Ridnour,1610612750.0,Minnesota,Timberwolves,MIN,5,101109,Raymond Felton,1610612752.0,New York,Knicks,NYK,1,0,,,,,,0
0021200745,495,3,11,4,10:20 PM,0:14,,,Felton Free Throw 1 of 2 (10 PTS),99 - 94,-5,5.0,101109,Raymond Felton,1610612752.0,New York,Knicks,NYK,0,0,,,,,,0,0,,,,,,0
0021200745,497,3,12,4,10:20 PM,0:14,,,Felton Free Throw 2 of 2 (11 PTS),100 - 94,-6,5.0,101109,Raymond Felton,1610612752.0,New York,Knicks,NYK,0,0,,,,,,0,0,,,,,,0
0021200745,499,2,1,4,10:21 PM,0:06,MISS Williams 27' 3PT Jump Shot,,,,,4.0,202682,Derrick Williams,1610612750.0,Minnesota,Timberwolves,MIN,0,0,,,,,,0,0,,,,,,0
0021200745,500,4,0,4,10:21 PM,0:05,,,Kidd REBOUND (Off:0 Def:4),,,5.0,467,Jason Kidd,1610612752.0,New York,Knicks,NYK,0,0,,,,,,0,0,,,,,,0
0021200745,501,13,0,4,10:21 PM,0:00,,,,100 - 94,-6,0.0,0,,,,,,0,0,,,,,,0,0,,,,,,0
