GAME_ID,EVENTNUM,EVENTMSGTYPE,EVENTMSGACTIONTYPE,PERIOD,WCTIMESTRING,PCTIMESTRING,HOMEDESCRIPTION,NEUTRALDESCRIPTION,VISITORDESCRIPTION,SCORE,SCOREMARGIN
0020200442,0,12,0,1,2:10 PM,12:00,,,,,
0020200442,1,10,0,1,2:10 PM,12:00,Jump Ball Baker vs. Gasol: Tip to Williams,,,,
0020200442,2,2,5,1,2:10 PM,11:43,MISS Walker 2' Layup,,,,
0020200442,3,4,0,1,2:10 PM,11:41,,,Wright REBOUND (Off:0 Def:1),,
0020200442,4,1,1,1,2:11 PM,11:28,,,Battier  3PT Jump Shot (3 PTS) (Giricek 1 AST),3 - 0,-3
0020200442,5,1,5,1,2:11 PM,11:11,Baker 2' Layup (2 PTS) (Pierce 1 AST),,,3 - 2,-1
0020200442,6,2,1,1,2:11 PM,10:55,,,MISS Battier 24' 3PT Jump Shot,,
0020200442,7,4,0,1,2:11 PM,10:53,Pierce REBOUND (Off:0 Def:1),,,,
0020200442,8,2,42,1,2:11 PM,10:46,MISS Pierce 3' Driving Layup,,,,
0020200442,9,4,0,1,2:11 PM,10:44,,,Battier REBOUND (Off:0 Def:1),,
0020200442,10,1,1,1,2:11 PM,10:40,,,Williams 19' Jump Shot (2 PTS),5 - 2,-3
0020200442,11,1,1,1,2:12 PM,10:22,Walker 24' 3PT Jump Shot (3 PTS) (Williams 1 AST),,,5 - 5,TIE
0020200442,12,2,1,1,2:12 PM,9:58,,,MISS Gasol 17' Jump Shot,,
0020200442,13,4,0,1,2:12 PM,9:56,Pierce REBOUND (Off:0 Def:2),,,,
0020200442,14,2,1,1,2:12 PM,9:46,MISS Delk 5' Jump Shot,,,,
0020200442,15,4,0,1,2:12 PM,9:45,Baker REBOUND (Off:1 Def:0),,,,
0020200442,16,6,1,1,2:12 PM,9:44,,,Wright P.FOUL (P1.T1),,
0020200442,17,2,1,1,2:13 PM,9:39,MISS Pierce 18' Jump Shot,,,,
0020200442,18,4,0,1,2:13 PM,9:37,,,Wright REBOUND (Off:0 Def:2),,
0020200442,19,1,1,1,2:13 PM,9:29,,,Williams 25' 3PT Jump Shot (5 PTS),8 - 5,-3
0020200442,20,2,1,1,2:13 PM,9:08,MISS Delk 24' 3PT Jump Shot,,,,
0020200442,21,4,0,1,2:13 PM,9:06,,,Gasol REBOUND (Off:0 Def:1),,
0020200442,22,2,1,1,2:13 PM,9:01,,,MISS Giricek 25' 3PT Jump Shot,,
0020200442,23,4,0,1,2:13 PM,8:58,,,Williams REBOUND (Off:1 Def:0),,
0020200442,24,1,1,1,2:14 PM,8:54,,,Wright 17' Jump Shot (2 PTS) (Battier 1 AST),10 - 5,-5
0020200442,25,5,1,1,2:14 PM,8:32,Baker Bad Pass Turnover (P1.T1),,Williams STEAL (1 STL),,
0020200442,26,1,7,1,2:14 PM,8:28,,,Gasol 1' Dunk (2 PTS) (Williams 1 AST),12 - 5,-7
0020200442,27,6,1,1,2:14 PM,8:17,,,Giricek P.FOUL (P1.T2),,
0020200442,28,2,42,1,2:14 PM,8:12,MISS Pierce 2' Driving Layup,,,,
0020200442,29,4,0,1,2:15 PM,8:10,,,Wright REBOUND (Off:0 Def:3),,
0020200442,30,2,1,1,2:15 PM,7:57,,,MISS Williams 25' 3PT Jump Shot,,
0020200442,31,4,0,1,2:15 PM,7:56,CELTICS Rebound,,,,
0020200442,32,2,1,1,2:15 PM,7:37,MISS Delk 24' 3PT Jump Shot,,,,
0020200442,33,4,0,1,2:15 PM,7:36,,,Williams REBOUND (Off:1 Def:1),,
0020200442,34,5,1,1,2:15 PM,7:32,,,Williams Bad Pass Turnover (P1.T1),,
0020200442,35,2,1,1,2:16 PM,7:18,MISS Walker 18' Jump Shot,,,,
0020200442,36,4,0,1,2:16 PM,7:16,Pierce REBOUND (Off:1 Def:2),,,,
0020200442,37,1,5,1,2:16 PM,7:15,Pierce 1' Layup (2 PTS),,,12 - 7,-5
0020200442,38,1,44,1,2:16 PM,6:57,,,Giricek 2' Reverse Layup (2 PTS),14 - 7,-7
0020200442,39,1,5,1,2:16 PM,6:45,Pierce 1' Layup (4 PTS) (Walker 1 AST),,,14 - 9,-5
0020200442,40,1,5,1,2:17 PM,6:28,,,Gasol 2' Layup (4 PTS) (Battier 2 AST),16 - 9,-7
0020200442,41,6,2,1,2:17 PM,6:28,Walker S.FOUL (P1.T1),,,,
0020200442,42,3,10,1,2:17 PM,6:28,,,Gasol Free Throw 1 of 1 (5 PTS),17 - 9,-8
0020200442,43,1,1,1,2:17 PM,6:11,Walker 6' Jump Shot (5 PTS),,,17 - 11,-6
0020200442,44,1,1,1,2:18 PM,5:53,,,Giricek 19' Jump Shot (4 PTS),19 - 11,-8
0020200442,45,2,1,1,2:18 PM,5:30,MISS Baker 5' Jump Shot,,,,
0020200442,46,4,0,1,2:18 PM,5:29,,,Wright REBOUND (Off:0 Def:4),,
0020200442,47,6,2,1,2:18 PM,5:24,Delk S.FOUL (P1.T2),,,,
0020200442,49,9,1,1,2:18 PM,5:24,CELTICS Timeout: Regular (Full 1 Short 0),,,,
0020200442,50,3,11,1,2:21 PM,5:24,,,Gasol Free Throw 1 of 2 (6 PTS),20 - 11,-9
0020200442,51,3,12,1,2:21 PM,5:24,,,Gasol Free Throw 2 of 2 (7 PTS),21 - 11,-10
0020200442,52,1,5,1,2:21 PM,5:13,Williams 2' Layup (2 PTS) (Walker 2 AST),,,21 - 13,-8
0020200442,53,2,1,1,2:21 PM,4:56,,,MISS Battier 24' 3PT Jump Shot,,
0020200442,54,4,0,1,2:21 PM,4:55,,,Grizzlies Rebound,,
0020200442,55,6,3,1,2:22 PM,4:55,Pierce L.B.FOUL (P1.T3),,,,
0020200442,56,6,2,1,2:22 PM,4:45,Walker S.FOUL (P2.T4),,,,
0020200442,57,3,11,1,2:22 PM,4:45,,,MISS Gasol Free Throw 1 of 2,,
0020200442,58,4,1,1,2:22 PM,4:45,,,Grizzlies Rebound,,
0020200442,60,8,0,1,2:23 PM,4:45,SUB: McCarty FOR Baker,,,,
0020200442,61,8,0,1,2:23 PM,4:45,SUB: Williams FOR Delk,,,,
0020200442,62,3,12,1,2:23 PM,4:45,,,Gasol Free Throw 2 of 2 (8 PTS),22 - 13,-9
0020200442,63,2,5,1,2:23 PM,4:30,MISS Pierce 2' Layup,,,,
0020200442,64,4,0,1,2:23 PM,4:29,CELTICS Rebound,,,,
0020200442,65,2,5,1,2:24 PM,4:27,MISS Walker 2' Layup,,,,
0020200442,66,4,0,1,2:24 PM,4:25,,,Wright REBOUND (Off:0 Def:5),,
0020200442,67,2,1,1,2:24 PM,4:08,,,MISS Giricek 18' Jump Shot,,
0020200442,68,4,0,1,2:24 PM,4:05,Walker REBOUND (Off:0 Def:1),,,,
0020200442,69,1,1,1,2:24 PM,4:00,McCarty 24' 3PT Jump Shot (3 PTS) (Williams 1 AST),,,22 - 16,-6
0020200442,70,1,1,1,2:25 PM,3:39,,,Williams 25' 3PT Jump Shot (8 PTS) (Wright 1 AST),25 - 16,-9
0020200442,71,2,1,1,2:25 PM,3:22,MISS Williams 25' 3PT Jump Shot,,,,
0020200442,72,4,0,1,2:25 PM,3:20,,,Gasol REBOUND (Off:0 Def:2),,
0020200442,73,5,2,1,2:25 PM,3:15,Pierce STEAL (1 STL),,Giricek Lost Ball Turnover (P1.T2),,
0020200442,74,1,59,1,2:25 PM,3:12,Pierce 1' Finger Roll (6 PTS),,,25 - 18,-7
0020200442,75,6,2,1,2:25 PM,3:12,,,Gasol S.FOUL (P1.T3),,
0020200442,76,8,0,1,2:25 PM,3:12,,,SUB: Gooden FOR Battier,,
0020200442,77,8,0,1,2:25 PM,3:12,,,SUB: Swift FOR Wright,,
0020200442,78,8,0,1,2:25 PM,3:12,,,SUB: Watson FOR Giricek,,
0020200442,79,3,10,1,2:26 PM,3:12,Pierce Free Throw 1 of 1 (7 PTS),,,25 - 19,-6
0020200442,80,2,5,1,2:26 PM,2:57,Pierce BLOCK (1 BLK),,MISS Gooden  Layup,,
0020200442,82,4,0,1,2:26 PM,2:56,,,Grizzlies Rebound,,
0020200442,83,9,1,1,2:27 PM,2:56,,,Grizzlies Timeout: Regular (Reg.1 Short 0),,
0020200442,84,8,0,1,2:28 PM,2:56,,,SUB: Knight FOR Williams,,
0020200442,85,8,0,1,2:28 PM,2:56,,,SUB: Batiste FOR Gasol,,
0020200442,86,8,0,1,2:28 PM,2:56,SUB: Delk FOR Williams,,,,
0020200442,87,1,1,1,2:28 PM,2:50,,,Gooden 12' Jump Shot (2 PTS) (Watson 1 AST),27 - 19,-8
0020200442,88,1,5,1,2:29 PM,2:37,Walker 3' Layup (7 PTS) (Williams 2 AST),,,27 - 21,-6
0020200442,89,2,1,1,2:29 PM,2:25,,,MISS Knight 19' Jump Shot,,
0020200442,90,4,0,1,2:29 PM,2:23,Walker REBOUND (Off:0 Def:2),,,,
0020200442,91,6,1,1,2:29 PM,2:16,,,Batiste P.FOUL (P1.T4),,
0020200442,92,1,1,1,2:30 PM,2:06,Walker 4' Jump Shot (9 PTS),,,27 - 23,-4
0020200442,93,2,1,1,2:30 PM,1:46,,,MISS Batiste 26' 3PT Jump Shot,,
0020200442,94,4,0,1,2:30 PM,1:43,,,Knight REBOUND (Off:1 Def:0),,
0020200442,95,2,5,1,2:30 PM,1:41,McCarty BLOCK (1 BLK),,MISS Batiste 2' Layup,,
0020200442,96,4,0,1,2:30 PM,1:36,,,Watson REBOUND (Off:1 Def:0),,
0020200442,97,6,4,1,2:30 PM,1:27,,,Gooden OFF.Foul (P1),,
0020200442,98,5,5,1,2:30 PM,1:27,,,Gooden Foul Turnover (P1.T3),,
0020200442,99,8,0,1,2:30 PM,1:27,SUB: Williams FOR Pierce,,,,
0020200442,100,5,1,1,2:31 PM,1:11,Walker Bad Pass Turnover (P1.T2),,,,
0020200442,101,6,1,1,2:31 PM,1:05,Delk P.FOUL (P2.PN),,,,
0020200442,102,3,11,1,2:32 PM,1:05,,,Gooden Free Throw 1 of 2 (3 PTS),28 - 23,-5
0020200442,103,3,12,1,2:32 PM,1:05,,,MISS Gooden Free Throw 2 of 2,,
0020200442,104,4,0,1,2:32 PM,1:04,Walker REBOUND (Off:0 Def:3),,,,
0020200442,105,6,2,1,2:32 PM,0:46,,,Swift S.FOUL (P1.PN),,
0020200442,106,3,11,1,2:32 PM,0:46,Walker Free Throw 1 of 2 (10 PTS),,,28 - 24,-4
0020200442,108,8,0,1,2:33 PM,0:46,SUB: Bremer FOR Delk,,,,
0020200442,109,3,12,1,2:33 PM,0:46,Walker Free Throw 2 of 2 (11 PTS),,,28 - 25,-3
0020200442,110,2,1,1,2:33 PM,0:34,,,MISS Batiste 23' Jump Shot,,
0020200442,111,4,0,1,2:33 PM,0:31,Williams REBOUND (Off:0 Def:1),,,,
0020200442,112,1,1,1,2:34 PM,0:22,Walker 25' 3PT Jump Shot (14 PTS) (McCarty 1 AST),,,28 - 28,TIE
0020200442,116,13,0,1,2:35 PM,0:00,,,,28 - 28,TIE
0020200442,117,12,0,2,2:37 PM,12:00,,,,28 - 28,TIE
0020200442,118,5,1,2,2:37 PM,11:42,McCarty STEAL (1 STL),,Batiste Bad Pass Turnover (P1.T4),,
0020200442,119,2,1,2,2:37 PM,11:24,MISS Williams 25' 3PT Jump Shot,,,,
0020200442,120,4,0,2,2:37 PM,11:22,,,Gooden REBOUND (Off:0 Def:1),,
0020200442,121,2,1,2,2:38 PM,11:10,,,MISS Gooden 21' Jump Shot,,
0020200442,122,4,0,2,2:38 PM,11:08,Baker REBOUND (Off:1 Def:1),,,,
0020200442,124,7,2,2,2:38 PM,10:58,,,Swift Violation:Defensive Goaltending,,
0020200442,123,1,5,2,2:38 PM,10:58,Williams 2' Layup (4 PTS) (Williams 3 AST),,,28 - 30,2
0020200442,125,6,2,2,2:38 PM,10:41,McCarty S.FOUL (P1.T1),,,,
0020200442,126,3,11,2,2:39 PM,10:41,,,MISS Batiste Free Throw 1 of 2,,
0020200442,127,4,1,2,2:39 PM,10:41,,,Grizzlies Rebound,,
0020200442,128,3,12,2,2:39 PM,10:41,,,MISS Batiste Free Throw 2 of 2,,
0020200442,129,4,0,2,2:39 PM,10:40,McCarty REBOUND (Off:0 Def:1),,,,
0020200442,130,5,1,2,2:39 PM,10:26,Pierce Bad Pass Turnover (P1.T3),,Knight STEAL (1 STL),,
0020200442,131,1,1,2,2:39 PM,10:18,,,Gooden 20' Jump Shot (5 PTS) (Watson 2 AST),30 - 30,TIE
0020200442,132,6,1,2,2:40 PM,10:01,,,Knight P.FOUL (P1.T1),,
0020200442,133,1,1,2,2:40 PM,9:49,McCarty 24' 3PT Jump Shot (6 PTS) (Williams 2 AST),,,30 - 33,3
0020200442,134,5,1,2,2:40 PM,9:29,Baker STEAL (1 STL),,Watson Bad Pass Turnover (P1.T5),,
0020200442,135,1,1,2,2:40 PM,9:22,Williams 9' Jump Shot (6 PTS) (McCarty 2 AST),,,30 - 35,5
0020200442,136,9,1,2,2:41 PM,9:15,,,Grizzlies Timeout: Regular (Reg.2 Short 0),,
0020200442,138,1,63,2,2:43 PM,9:07,,,Gooden 19' Fadeaway Jumper (7 PTS),32 - 35,3
0020200442,139,1,1,2,2:43 PM,8:51,Pierce 19' Jump Shot (9 PTS),,,32 - 37,5
0020200442,140,2,1,2,2:43 PM,8:40,McCarty BLOCK (2 BLK),,MISS Gooden 7' Jump Shot,,
0020200442,141,4,0,2,2:43 PM,8:38,Williams REBOUND (Off:0 Def:2),,,,
0020200442,142,5,2,2,2:44 PM,8:31,Pierce Lost Ball Turnover (P2.T4),,Gooden STEAL (1 STL),,
0020200442,143,1,5,2,2:44 PM,8:28,,,Knight 2' Layup (2 PTS) (Gooden 1 AST),34 - 37,3
0020200442,144,2,1,2,2:44 PM,8:07,MISS Williams 24' 3PT Jump Shot,,,,
0020200442,145,4,0,2,2:44 PM,8:04,,,Swift REBOUND (Off:0 Def:1),,
0020200442,146,1,44,2,2:44 PM,7:58,,,Watson 3' Reverse Layup (2 PTS) (Knight 1 AST),36 - 37,1
0020200442,147,6,2,2,2:45 PM,7:34,,,Swift S.FOUL (P2.T2),,
0020200442,148,8,0,2,2:45 PM,7:34,,,SUB: Gasol FOR Gooden,,
0020200442,149,8,0,2,2:45 PM,7:34,,,SUB: Battier FOR Swift,,
0020200442,150,8,0,2,2:45 PM,7:34,,,SUB: Wright FOR Batiste,,
0020200442,151,3,11,2,2:45 PM,7:34,Baker Free Throw 1 of 2 (3 PTS),,,36 - 38,2
0020200442,152,8,0,2,2:45 PM,7:34,SUB: Walker FOR Williams,,,,
0020200442,154,8,0,2,2:45 PM,7:34,SUB: Delk FOR Williams,,,,
0020200442,155,3,12,2,2:45 PM,7:34,Baker Free Throw 2 of 2 (4 PTS),,,36 - 39,3
0020200442,156,5,1,2,2:46 PM,7:26,McCarty STEAL (2 STL),,Knight Bad Pass Turnover (P1.T6),,
0020200442,157,1,1,2,2:46 PM,7:19,Delk  3PT Jump Shot (3 PTS) (Walker 3 AST),,,36 - 42,6
0020200442,158,9,2,2,2:46 PM,7:13,,,Grizzlies Timeout: Short (Reg.2 Short 1),,
0020200442,159,8,0,2,2:47 PM,7:13,,,SUB: Williams FOR Knight,,
0020200442,160,2,1,2,2:47 PM,6:54,,,MISS Watson 22' Jump Shot,,
0020200442,161,4,0,2,2:47 PM,6:52,McCarty REBOUND (Off:0 Def:2),,,,
0020200442,162,2,1,2,2:48 PM,6:44,MISS Pierce 25' 3PT Jump Shot,,,,
0020200442,163,4,0,2,2:48 PM,6:42,,,Gasol REBOUND (Off:0 Def:3),,
0020200442,164,1,1,2,2:48 PM,6:37,,,Williams 24' 3PT Jump Shot (11 PTS),39 - 42,3
0020200442,165,1,5,2,2:48 PM,6:19,Pierce  Layup (11 PTS) (Walker 4 AST),,,39 - 44,5
0020200442,166,2,1,2,2:48 PM,5:58,,,MISS Watson  3PT Jump Shot,,
0020200442,167,4,0,2,2:48 PM,5:55,,,Wright REBOUND (Off:1 Def:5),,
0020200442,168,1,5,2,2:48 PM,5:54,,,Wright 1' Layup (4 PTS),41 - 44,3
0020200442,169,2,5,2,2:49 PM,5:40,MISS Pierce 2' Layup,,,,
0020200442,170,4,0,2,2:49 PM,5:38,,,Williams REBOUND (Off:1 Def:2),,
0020200442,171,2,1,2,2:49 PM,5:34,,,MISS Williams 25' 3PT Jump Shot,,
0020200442,172,4,0,2,2:49 PM,5:32,Walker REBOUND (Off:0 Def:4),,,,
0020200442,173,1,8,2,2:49 PM,5:29,Pierce 1' Slam Dunk (13 PTS) (Walker 5 AST),,,41 - 46,5
0020200442,174,5,4,2,2:49 PM,5:10,,,Watson Traveling Turnover (P2.T7),,
0020200442,175,9,4,2,2:49 PM,5:10,,,,,
0020200442,178,8,0,2,2:51 PM,5:10,,,SUB: Giricek FOR Watson,,
0020200442,179,2,1,2,2:52 PM,5:01,MISS Pierce 16' Jump Shot,,,,
0020200442,180,4,0,2,2:52 PM,4:58,,,Giricek REBOUND (Off:0 Def:1),,
0020200442,181,1,8,2,2:52 PM,4:51,,,Wright  Slam Dunk (6 PTS) (Giricek 2 AST),43 - 46,3
0020200442,182,1,1,2,2:52 PM,4:38,Delk 24' 3PT Jump Shot (6 PTS),,,43 - 49,6
0020200442,183,2,5,2,2:52 PM,4:17,,,MISS Gasol 2' Layup,,
0020200442,184,4,0,2,2:52 PM,4:15,,,Battier REBOUND (Off:1 Def:1),,
0020200442,185,1,8,2,2:52 PM,4:14,,,Battier 2' Slam Dunk (5 PTS),45 - 49,4
0020200442,186,2,1,2,2:53 PM,3:57,MISS Delk 24' 3PT Jump Shot,,,,
0020200442,187,4,0,2,2:53 PM,3:55,McCarty REBOUND (Off:1 Def:2),,,,
0020200442,189,1,3,2,2:53 PM,3:43,McCarty 8' Hook Shot (8 PTS),,,45 - 51,6
0020200442,190,5,1,2,2:53 PM,3:34,Walker STEAL (1 STL),,Williams Bad Pass Turnover (P2.T8),,
0020200442,191,2,1,2,2:53 PM,3:28,MISS Delk 12' Jump Shot,,,,
0020200442,192,4,0,2,2:53 PM,3:26,,,Battier REBOUND (Off:1 Def:2),,
0020200442,193,2,1,2,2:53 PM,3:19,,,MISS Williams 21' Jump Shot,,
0020200442,194,4,0,2,2:53 PM,3:15,,,Wright REBOUND (Off:2 Def:5),,
0020200442,195,5,1,2,2:53 PM,3:14,Delk STEAL (1 STL),,Wright Bad Pass Turnover (P1.T9),,
0020200442,198,6,1,2,2:54 PM,3:12,,,Williams P.FOUL (P1.T3),,
0020200442,200,2,5,2,2:54 PM,3:06,MISS Pierce 3' Layup,,,,
0020200442,201,4,0,2,2:54 PM,3:04,,,Gasol REBOUND (Off:0 Def:4),,
0020200442,202,2,1,2,2:54 PM,2:50,,,MISS Giricek 24' 3PT Jump Shot,,
0020200442,203,4,0,2,2:54 PM,2:48,CELTICS Rebound,,,,
0020200442,204,6,3,2,2:54 PM,2:48,,,Wright L.B.FOUL (P2.T4),,
0020200442,207,9,1,2,2:55 PM,2:48,CELTICS Timeout: Regular (Full 2 Short 0),,,,
0020200442,211,8,0,2,2:56 PM,2:48,SUB: Williams FOR Baker,,,,
0020200442,212,2,5,2,2:57 PM,2:37,MISS Walker 2' Layup,,,,
0020200442,213,4,0,2,2:57 PM,2:35,Walker REBOUND (Off:1 Def:4),,,,
0020200442,214,2,5,2,2:57 PM,2:34,MISS Walker 2' Layup,,Gasol BLOCK (1 BLK),,
0020200442,215,4,0,2,2:57 PM,2:32,Delk REBOUND (Off:1 Def:0),,,,
0020200442,216,2,1,2,2:57 PM,2:31,MISS Walker  3PT Jump Shot,,,,
0020200442,217,4,0,2,2:57 PM,2:28,,,Giricek REBOUND (Off:0 Def:2),,
0020200442,218,6,4,2,2:57 PM,2:10,,,Battier OFF.Foul (P1),,
0020200442,219,5,5,2,2:57 PM,2:10,,,Battier Foul Turnover (P1.T10),,
0020200442,220,2,5,2,2:58 PM,1:54,MISS Walker 2' Layup,,,,
0020200442,221,4,0,2,2:58 PM,1:53,,,Gasol REBOUND (Off:0 Def:5),,
0020200442,222,2,1,2,2:58 PM,1:47,,,MISS Williams 19' Jump Shot,,
0020200442,223,4,0,2,2:58 PM,1:45,Williams REBOUND (Off:0 Def:3),,,,
0020200442,224,2,5,2,2:58 PM,1:37,MISS Pierce 2' Layup,,,,
0020200442,225,4,0,2,2:58 PM,1:35,McCarty REBOUND (Off:2 Def:2),,,,
0020200442,226,2,5,2,2:58 PM,1:33,MISS McCarty 2' Layup,,,,
0020200442,227,4,0,2,2:58 PM,1:31,,,Williams REBOUND (Off:1 Def:3),,
0020200442,228,5,2,2,2:58 PM,1:29,,,Williams Lost Ball Turnover (P3.T11),,
0020200442,229,7,1,2,2:58 PM,1:29,,,Grizzlies Violation: Delay of game Violation,,
0020200442,230,5,1,2,2:59 PM,1:19,Walker Bad Pass Turnover (P2.T5),,Giricek STEAL (1 STL),,
0020200442,231,2,1,2,2:59 PM,1:14,,,MISS Williams 25' 3PT Jump Shot,,
0020200442,232,4,0,2,2:59 PM,1:11,McCarty REBOUND (Off:2 Def:3),,,,
0020200442,233,5,3,2,2:59 PM,1:03,Delk Out Of Bounds Turnover (P1.T6),,,,
0020200442,234,8,0,2,2:59 PM,1:03,SUB: Williams FOR Walker,,,,
0020200442,235,2,1,2,3:00 PM,0:49,,,MISS Williams 24' 3PT Jump Shot,,
0020200442,236,4,0,2,3:00 PM,0:47,CELTICS Rebound,,,,
0020200442,237,2,5,2,3:00 PM,0:31,MISS Williams 2' Layup,,,,
0020200442,238,4,0,2,3:00 PM,0:29,,,Battier REBOUND (Off:1 Def:3),,
0020200442,239,1,46,2,3:00 PM,0:10,,,Giricek 14' Running Jump Shot (6 PTS),47 - 51,4
0020200442,240,5,1,2,3:01 PM,0:00,Williams Bad Pass Turnover (P1.T7),,Giricek STEAL (2 STL),,
0020200442,241,2,1,2,3:01 PM,0:00,,,MISS Giricek 46' 3PT Jump Shot,,
0020200442,243,4,0,2,3:01 PM,0:00,,,Grizzlies Rebound,,
0020200442,244,13,0,2,3:01 PM,0:00,,,,47 - 51,4
0020200442,247,12,0,3,3:16 PM,12:00,,,,47 - 51,4
0020200442,248,1,5,3,3:17 PM,11:41,,,Gasol 3' Layup (10 PTS),49 - 51,2
0020200442,249,2,1,3,3:17 PM,11:28,MISS Pierce 19' Jump Shot,,,,
0020200442,250,4,0,3,3:17 PM,11:26,,,Williams REBOUND (Off:1 Def:4),,
0020200442,251,1,1,3,3:17 PM,11:17,,,Gasol 21' Jump Shot (12 PTS) (Williams 2 AST),51 - 51,TIE
0020200442,252,1,42,3,3:18 PM,10:51,Walker 2' Driving Layup (16 PTS),,,51 - 53,2
0020200442,253,2,1,3,3:18 PM,10:29,,,MISS Williams 15' Jump Shot,,
0020200442,254,4,0,3,3:18 PM,10:27,Baker REBOUND (Off:1 Def:2),,,,
0020200442,255,7,5,3,3:18 PM,10:22,,,Battier Violation:Kicked Ball,,
0020200442,257,2,3,3,3:19 PM,10:12,MISS Williams 4' Hook Shot,,,,
0020200442,258,4,0,3,3:19 PM,10:10,Baker REBOUND (Off:2 Def:2),,,,
0020200442,259,2,5,3,3:19 PM,10:09,MISS Baker 1' Layup,,,,
0020200442,260,4,0,3,3:19 PM,10:08,,,Wright REBOUND (Off:2 Def:6),,
0020200442,261,2,5,3,3:19 PM,10:02,,,MISS Battier 2' Layup,,
0020200442,262,4,0,3,3:19 PM,10:00,Walker REBOUND (Off:1 Def:5),,,,
0020200442,263,2,5,3,3:19 PM,9:50,MISS Walker 3' Layup,,,,
0020200442,264,4,0,3,3:19 PM,9:48,,,Battier REBOUND (Off:1 Def:4),,
0020200442,265,1,1,3,3:19 PM,9:40,,,Giricek 25' 3PT Jump Shot (9 PTS) (Williams 3 AST),54 - 53,-1
0020200442,266,9,1,3,3:19 PM,9:38,CELTICS Timeout: Regular (Full 3 Short 0),,,,
0020200442,268,1,1,3,3:22 PM,9:20,Williams 15' Jump Shot (8 PTS) (Pierce 2 AST),,,54 - 55,1
0020200442,269,2,1,3,3:22 PM,8:54,,,MISS Williams 26' 3PT Jump Shot,,
0020200442,270,4,0,3,3:22 PM,8:52,,,Grizzlies Rebound,,
0020200442,271,6,3,3,3:22 PM,8:52,Baker L.B.FOUL (P1.T1),,,,
0020200442,272,2,1,3,3:22 PM,8:47,,,MISS Giricek 24' 3PT Jump Shot,,
0020200442,273,4,0,3,3:22 PM,8:45,Baker REBOUND (Off:2 Def:3),,,,
0020200442,274,2,5,3,3:23 PM,8:32,MISS Williams 2' Layup,,,,
0020200442,275,4,0,3,3:23 PM,8:30,,,Gasol REBOUND (Off:0 Def:6),,
0020200442,276,6,4,3,3:23 PM,8:26,,,Gasol OFF.Foul (P2),,
0020200442,277,5,5,3,3:23 PM,8:26,,,Gasol Foul Turnover (P1.T12),,
0020200442,278,2,1,3,3:23 PM,8:04,MISS Williams 5' Jump Shot,,,,
0020200442,279,4,0,3,3:24 PM,8:04,,,Grizzlies Rebound,,
0020200442,280,6,3,3,3:24 PM,8:04,Baker L.B.FOUL (P2.T2),,,,
0020200442,281,1,1,3,3:24 PM,7:50,,,Gasol 15' Jump Shot (14 PTS),56 - 55,-1
0020200442,282,2,5,3,3:24 PM,7:34,MISS Baker 2' Layup,,Wright BLOCK (1 BLK),,
0020200442,283,4,0,3,3:24 PM,7:31,,,Giricek REBOUND (Off:0 Def:3),,
0020200442,284,1,1,3,3:24 PM,7:28,,,Giricek 11' Jump Shot (11 PTS) (Williams 4 AST),58 - 55,-3
0020200442,285,2,1,3,3:25 PM,7:07,MISS Pierce 10' Jump Shot,,,,
0020200442,286,4,0,3,3:25 PM,7:05,Baker REBOUND (Off:3 Def:3),,,,
0020200442,287,1,5,3,3:25 PM,7:04,Baker 1' Layup (6 PTS),,,58 - 57,-1
0020200442,288,2,1,3,3:25 PM,6:46,,,MISS Wright 17' Jump Shot,,
0020200442,289,4,0,3,3:25 PM,6:44,Baker REBOUND (Off:3 Def:4),,,,
0020200442,290,6,2,3,3:25 PM,6:40,,,Giricek S.FOUL (P2.T1),,
0020200442,291,3,11,3,3:25 PM,6:40,Walker Free Throw 1 of 2 (17 PTS),,,58 - 58,TIE
0020200442,293,3,12,3,3:26 PM,6:40,Walker Free Throw 2 of 2 (18 PTS),,,58 - 59,1
0020200442,294,1,1,3,3:26 PM,6:25,,,Battier 4' Jump Shot (7 PTS) (Wright 2 AST),60 - 59,-1
0020200442,295,5,4,3,3:26 PM,6:08,Pierce Traveling Turnover (P3.T8),,,,
0020200442,296,1,1,3,3:27 PM,5:55,,,Giricek 18' Jump Shot (13 PTS),62 - 59,-3
0020200442,297,5,1,3,3:27 PM,5:35,Pierce Bad Pass Turnover (P4.T9),,Battier STEAL (1 STL),,
0020200442,298,1,5,3,3:27 PM,5:30,,,Williams 2' Layup (13 PTS),64 - 59,-5
0020200442,299,9,2,3,3:27 PM,5:30,CELTICS Timeout: Short (Full 3 Short 1),,,,
0020200442,301,8,0,3,3:28 PM,5:30,SUB: McCarty FOR Baker,,,,
0020200442,302,1,5,3,3:28 PM,5:21,Walker 3' Layup (20 PTS) (Delk 1 AST),,,64 - 61,-3
0020200442,303,5,2,3,3:29 PM,4:59,Walker STEAL (2 STL),,Gasol Lost Ball Turnover (P2.T13),,
0020200442,304,1,1,3,3:29 PM,4:48,Delk 24' 3PT Jump Shot (9 PTS),,,64 - 64,TIE
0020200442,305,6,1,3,3:30 PM,4:32,McCarty P.FOUL (P2.T3),,,,
0020200442,306,2,5,3,3:30 PM,4:19,,,MISS Williams 2' Layup,,
0020200442,307,4,0,3,3:30 PM,4:18,,,Wright REBOUND (Off:3 Def:6),,
0020200442,308,1,5,3,3:30 PM,4:18,,,Wright  Layup (8 PTS),66 - 64,-2
0020200442,309,6,2,3,3:30 PM,4:18,Williams S.FOUL (P1.T4),,,,
0020200442,310,3,10,3,3:31 PM,4:18,,,Wright Free Throw 1 of 1 (9 PTS),67 - 64,-3
0020200442,311,6,2,3,3:31 PM,4:04,,,Gasol S.FOUL (P3.T2),,
0020200442,312,3,11,3,3:31 PM,4:04,Walker Free Throw 1 of 2 (21 PTS),,,67 - 65,-2
0020200442,313,8,0,3,3:31 PM,4:04,SUB: Williams FOR Williams,,,,
0020200442,314,3,12,3,3:31 PM,4:04,MISS Walker Free Throw 2 of 2,,,,
0020200442,315,4,0,3,3:32 PM,4:04,,,Grizzlies Rebound,,
0020200442,316,2,1,3,3:32 PM,3:46,,,MISS Giricek 19' Jump Shot,,
0020200442,317,4,0,3,3:32 PM,3:44,Walker REBOUND (Off:1 Def:6),,,,
0020200442,319,6,1,3,3:33 PM,3:28,,,Williams P.FOUL (P2.T3),,
0020200442,320,2,1,3,3:33 PM,3:22,MISS Walker 25' 3PT Jump Shot,,,,
0020200442,321,4,0,3,3:33 PM,3:19,,,Williams REBOUND (Off:1 Def:5),,
0020200442,322,5,1,3,3:33 PM,3:15,Pierce STEAL (2 STL),,Williams Bad Pass Turnover (P4.T14),,
0020200442,323,6,2,3,3:33 PM,3:11,,,Battier S.FOUL (P2.T4),,
0020200442,324,8,0,3,3:33 PM,3:11,,,SUB: Gooden FOR Battier,,
0020200442,325,3,11,3,3:34 PM,3:11,Pierce Free Throw 1 of 2 (14 PTS),,,67 - 66,-1
0020200442,326,3,12,3,3:34 PM,3:11,Pierce Free Throw 2 of 2 (15 PTS),,,67 - 67,TIE
0020200442,327,5,1,3,3:34 PM,3:00,Walker STEAL (3 STL),,Gasol Bad Pass Turnover (P3.T15),,
0020200442,328,1,5,3,3:34 PM,2:55,Walker 1' Layup (23 PTS),,,67 - 69,2
0020200442,329,9,1,3,3:34 PM,2:52,,,Grizzlies Timeout: Regular (Reg.3 Short 1),,
0020200442,331,8,0,3,3:37 PM,2:52,SUB: Williams FOR Delk,,,,
0020200442,332,2,1,3,3:37 PM,2:38,,,MISS Gooden 25' 3PT Jump Shot,,
0020200442,333,4,0,3,3:37 PM,2:38,CELTICS Rebound,,,,
0020200442,334,8,0,3,3:37 PM,2:38,,,SUB: Batiste FOR Williams,,
0020200442,335,8,0,3,3:37 PM,2:32,,,SUB: Swift FOR Gasol,,
0020200442,344,8,0,3,3:37 PM,2:32,,,SUB: Knight FOR Wright,,
0020200442,336,8,0,3,3:37 PM,2:29,,,SUB: Watson FOR Giricek,,
0020200442,337,1,1,3,3:38 PM,2:28,Williams 22' Jump Shot (2 PTS) (Williams 3 AST),,,67 - 71,4
0020200442,338,5,1,3,3:38 PM,2:11,Williams STEAL (1 STL),,Gooden Bad Pass Turnover (P2.T16),,
0020200442,339,1,1,3,3:38 PM,2:05,Walker 25' 3PT Jump Shot (26 PTS) (Williams 4 AST),,,67 - 74,7
0020200442,340,9,2,3,3:38 PM,2:03,,,Grizzlies Timeout: Short (Reg.3 Short 2),,
0020200442,342,8,0,3,3:39 PM,2:03,SUB: Delk FOR Pierce,,,,
0020200442,343,7,5,3,3:39 PM,1:45,Williams Violation:Kicked Ball,,,,
0020200442,345,2,1,3,3:40 PM,1:38,,,MISS Swift 19' Jump Shot,,
0020200442,346,4,0,3,3:40 PM,1:35,,,Batiste REBOUND (Off:1 Def:0),,
0020200442,347,1,5,3,3:40 PM,1:34,,,Batiste 1' Layup (2 PTS),69 - 74,5
0020200442,348,1,1,3,3:40 PM,1:22,Williams  3PT Jump Shot (5 PTS) (Walker 6 AST),,,69 - 77,8
0020200442,349,2,5,3,3:40 PM,1:12,,,MISS Batiste 2' Layup,,
0020200442,350,4,0,3,3:40 PM,1:11,Williams REBOUND (Off:0 Def:4),,,,
0020200442,351,6,4,3,3:40 PM,1:07,Walker OFF.Foul (P3),,,,
0020200442,352,5,5,3,3:40 PM,1:07,Walker Foul Turnover (P3.T10),,,,
0020200442,353,2,1,3,3:40 PM,0:57,,,MISS Batiste 18' Jump Shot,,
0020200442,354,4,0,3,3:41 PM,0:55,McCarty REBOUND (Off:2 Def:4),,,,
0020200442,355,1,5,3,3:41 PM,0:35,Delk 1' Layup (11 PTS) (Williams 5 AST),,,69 - 79,10
0020200442,356,1,8,3,3:41 PM,0:23,,,Gooden 2' Slam Dunk (9 PTS) (Knight 2 AST),71 - 79,8
0020200442,357,1,1,3,3:42 PM,0:00,Walker 30' 3PT Jump Shot (29 PTS) (Williams 6 AST),,,71 - 82,11
0020200442,359,13,0,3,3:42 PM,0:00,,,,71 - 82,11
0020200442,362,12,0,4,3:45 PM,12:00,,,,71 - 82,11
0020200442,363,2,5,4,3:45 PM,11:37,MISS Williams 3' Layup,,,,
0020200442,364,4,0,4,3:45 PM,11:35,,,Williams REBOUND (Off:1 Def:6),,
0020200442,365,2,1,4,3:45 PM,11:27,,,MISS Gasol  3PT Jump Shot,,
0020200442,366,4,0,4,3:45 PM,11:25,,,Wright REBOUND (Off:4 Def:6),,
0020200442,367,2,5,4,3:45 PM,11:04,,,MISS Gasol 3' Layup,,
0020200442,368,4,0,4,3:45 PM,11:02,McCarty REBOUND (Off:2 Def:5),,,,
0020200442,369,1,5,4,3:45 PM,10:49,Walker 1' Layup (31 PTS),,,71 - 84,13
0020200442,370,6,2,4,3:46 PM,10:33,Delk S.FOUL (P3.T1),,,,
0020200442,371,3,11,4,3:46 PM,10:33,,,Wright Free Throw 1 of 2 (10 PTS),72 - 84,12
0020200442,372,3,12,4,3:46 PM,10:33,,,Wright Free Throw 2 of 2 (11 PTS),73 - 84,11
0020200442,374,2,1,4,3:47 PM,10:11,MISS Williams 19' Jump Shot,,,,
0020200442,375,4,0,4,3:47 PM,10:09,,,Giricek REBOUND (Off:0 Def:4),,
0020200442,376,2,5,4,3:47 PM,10:00,Delk BLOCK (1 BLK),,MISS Giricek 2' Layup,,
0020200442,377,4,0,4,3:47 PM,9:58,McCarty REBOUND (Off:2 Def:6),,,,
0020200442,378,2,5,4,3:47 PM,9:46,MISS Walker 2' Layup,,,,
0020200442,379,4,0,4,3:47 PM,9:44,,,Wright REBOUND (Off:4 Def:7),,
0020200442,380,2,1,4,3:47 PM,9:40,,,MISS Williams 25' 3PT Jump Shot,,
0020200442,381,4,0,4,3:47 PM,9:38,Delk REBOUND (Off:1 Def:1),,,,
0020200442,382,5,3,4,3:48 PM,9:28,McCarty Out Of Bounds Turnover (P1.T11),,,,
0020200442,383,8,0,4,3:48 PM,9:28,SUB: Pierce FOR Williams,,,,
0020200442,384,1,1,4,3:48 PM,9:16,,,Battier 14' Jump Shot (9 PTS),75 - 84,9
0020200442,385,2,1,4,3:48 PM,9:01,MISS Delk 19' Jump Shot,,,,
0020200442,386,4,0,4,3:48 PM,8:59,,,Battier REBOUND (Off:1 Def:5),,
0020200442,387,1,8,4,3:49 PM,8:54,,,Wright 1' Slam Dunk (13 PTS) (Williams 5 AST),77 - 84,7
0020200442,388,1,1,4,3:49 PM,8:36,McCarty 5' Jump Shot (10 PTS) (Williams 7 AST),,,77 - 86,9
0020200442,389,2,1,4,3:49 PM,8:09,,,MISS Williams 25' 3PT Jump Shot,,
0020200442,390,4,0,4,3:49 PM,8:07,Delk REBOUND (Off:1 Def:2),,,,
0020200442,391,1,5,4,3:49 PM,7:59,Walker 2' Layup (33 PTS) (Pierce 3 AST),,,77 - 88,11
0020200442,392,9,1,4,3:50 PM,7:53,,,Grizzlies Timeout: Regular (Reg.4 Short 2),,
0020200442,398,8,0,4,3:50 PM,7:53,SUB: Williams FOR Delk,,,,
0020200442,394,6,2,4,3:52 PM,7:32,Walker S.FOUL (P4.T2),,,,
0020200442,395,3,11,4,3:52 PM,7:32,,,Gasol Free Throw 1 of 2 (15 PTS),78 - 88,10
0020200442,396,3,12,4,3:53 PM,7:32,,,Gasol Free Throw 2 of 2 (16 PTS),79 - 88,9
0020200442,397,1,5,4,3:53 PM,7:18,Williams 3' Layup (10 PTS),,,79 - 90,11
0020200442,400,1,3,4,3:53 PM,6:56,,,Gasol 5' Hook Shot (18 PTS),81 - 90,9
0020200442,401,2,1,4,3:54 PM,6:37,MISS Walker 25' 3PT Jump Shot,,,,
0020200442,402,4,0,4,3:54 PM,6:35,,,Giricek REBOUND (Off:0 Def:5),,
0020200442,403,2,1,4,3:54 PM,6:24,,,MISS Williams 24' 3PT Jump Shot,,
0020200442,404,4,0,4,3:54 PM,6:22,CELTICS Rebound,,,,
0020200442,405,1,1,4,3:54 PM,6:07,McCarty 24' 3PT Jump Shot (13 PTS) (Pierce 4 AST),,,81 - 93,12
0020200442,407,9,1,4,3:55 PM,5:58,,,Grizzlies Timeout: Regular (Reg.5 Short 2),,
0020200442,408,5,2,4,3:56 PM,5:56,Williams STEAL (1 STL),,Gasol Lost Ball Turnover (P4.T17),,
0020200442,409,5,8,4,3:57 PM,5:41,Williams 3 Second Violation Turnover (P1.T12),,,,
0020200442,410,6,4,4,3:57 PM,5:28,,,Battier OFF.Foul (P3),,
0020200442,411,5,5,4,3:57 PM,5:28,,,Battier Foul Turnover (P2.T18),,
0020200442,412,2,1,4,3:58 PM,5:08,MISS Williams 6' Jump Shot,,,,
0020200442,413,4,0,4,3:58 PM,5:06,,,Wright REBOUND (Off:4 Def:8),,
0020200442,414,2,1,4,3:58 PM,5:01,,,MISS Giricek  3PT Jump Shot,,
0020200442,415,4,0,4,3:58 PM,5:00,Walker REBOUND (Off:1 Def:7),,,,
0020200442,416,5,10,4,3:58 PM,4:52,CELTICS Turnover: 8 Second Violation (T#13),,,,
0020200442,417,6,1,4,3:58 PM,4:46,McCarty P.FOUL (P3.T3),,,,
0020200442,418,2,5,4,3:59 PM,4:40,McCarty BLOCK (3 BLK),,MISS Gasol 2' Layup,,
0020200442,419,4,0,4,3:59 PM,4:37,Pierce REBOUND (Off:1 Def:3),,,,
0020200442,420,1,1,4,3:59 PM,4:26,McCarty 24' 3PT Jump Shot (16 PTS) (Pierce 5 AST),,,81 - 96,15
0020200442,421,2,5,4,4:00 PM,3:59,,,MISS Giricek 3' Layup,,
0020200442,422,4,0,4,4:00 PM,3:57,,,Battier REBOUND (Off:2 Def:5),,
0020200442,423,2,5,4,4:00 PM,3:56,,,MISS Battier 1' Layup,,
0020200442,424,4,0,4,4:00 PM,3:56,,,Gasol REBOUND (Off:1 Def:6),,
0020200442,425,6,1,4,4:00 PM,3:56,Williams P.FOUL (P1.T4),,,,
0020200442,426,6,11,4,4:00 PM,3:56,Williams T.FOUL (P1.T4),,,,
0020200442,427,3,16,4,4:00 PM,3:56,,,MISS Giricek Free Throw Technical,,
0020200442,428,4,1,4,4:00 PM,3:56,,,Grizzlies Rebound,,
0020200442,429,8,0,4,4:00 PM,3:56,SUB: Delk FOR Williams,,,,
0020200442,430,2,1,4,4:01 PM,3:49,,,MISS Wright 19' Jump Shot,,
0020200442,431,4,0,4,4:01 PM,3:47,,,Battier REBOUND (Off:3 Def:5),,
0020200442,432,1,5,4,4:01 PM,3:44,,,Battier 1' Layup (11 PTS),83 - 96,13
0020200442,433,9,1,4,4:01 PM,3:42,CELTICS Timeout: Regular (Full 4 Short 1),,,,
0020200442,435,8,0,4,4:03 PM,3:42,SUB: Williams FOR Pierce,,,,
0020200442,436,2,1,4,4:03 PM,3:30,MISS Williams 14' Jump Shot,,,,
0020200442,437,4,0,4,4:03 PM,3:28,Williams REBOUND (Off:1 Def:4),,,,
0020200442,438,5,4,4,4:04 PM,3:15,Walker Traveling Turnover (P4.T14),,,,
0020200442,439,6,11,4,4:04 PM,3:15,Walker T.FOUL (P4.T4),,,,
0020200442,440,3,16,4,4:04 PM,3:15,,,Giricek Free Throw Technical (14 PTS),84 - 96,12
0020200442,442,2,5,4,4:05 PM,2:55,,,MISS Gasol 2' Layup,,
0020200442,443,4,0,4,4:05 PM,2:53,Walker REBOUND (Off:1 Def:8),,,,
0020200442,444,2,5,4,4:05 PM,2:41,MISS Walker 3' Layup,,Gasol BLOCK (2 BLK),,
0020200442,445,4,0,4,4:05 PM,2:39,,,Williams REBOUND (Off:1 Def:7),,
0020200442,446,6,2,4,4:05 PM,2:36,McCarty S.FOUL (P4.PN),,,,
0020200442,447,3,11,4,4:05 PM,2:36,,,Giricek Free Throw 1 of 2 (15 PTS),85 - 96,11
0020200442,448,3,12,4,4:06 PM,2:36,,,Giricek Free Throw 2 of 2 (16 PTS),86 - 96,10
0020200442,449,2,1,4,4:06 PM,2:22,MISS Walker 24' 3PT Jump Shot,,,,
0020200442,450,4,0,4,4:06 PM,2:20,Williams REBOUND (Off:2 Def:4),,,,
0020200442,451,2,1,4,4:06 PM,2:05,MISS Williams 25' 3PT Jump Shot,,,,
0020200442,452,4,0,4,4:06 PM,2:03,Walker REBOUND (Off:2 Def:8),,,,
0020200442,453,2,1,4,4:07 PM,1:43,MISS Walker 7' Jump Shot,,,,
0020200442,454,4,0,4,4:07 PM,1:40,,,Williams REBOUND (Off:1 Def:8),,
0020200442,455,1,8,4,4:07 PM,1:37,,,Wright 2' Slam Dunk (15 PTS) (Williams 6 AST),88 - 96,8
0020200442,456,2,1,4,4:07 PM,1:14,MISS Williams 17' Jump Shot,,,,
0020200442,457,4,0,4,4:07 PM,1:11,Delk REBOUND (Off:2 Def:2),,,,
0020200442,458,2,1,4,4:07 PM,0:57,MISS Delk 25' 3PT Jump Shot,,,,
0020200442,459,4,0,4,4:07 PM,0:55,,,Battier REBOUND (Off:3 Def:6),,
0020200442,460,6,2,4,4:08 PM,0:50,Williams S.FOUL (P2.PN),,,,
0020200442,462,3,11,4,4:08 PM,0:50,,,MISS Giricek Free Throw 1 of 2,,
0020200442,463,4,1,4,4:08 PM,0:50,,,Grizzlies Rebound,,
0020200442,464,3,12,4,4:08 PM,0:50,,,Giricek Free Throw 2 of 2 (17 PTS),89 - 96,7
0020200442,465,2,1,4,4:09 PM,0:26,MISS Walker 25' 3PT Jump Shot,,,,
0020200442,466,4,0,4,4:09 PM,0:24,Walker REBOUND (Off:3 Def:8),,,,
0020200442,467,2,1,4,4:09 PM,0:00,MISS Williams 24' 3PT Jump Shot,,,,
0020200442,468,4,0,4,4:09 PM,0:00,CELTICS Rebound,,,,
0020200442,470,13,0,4,4:09 PM,0:00,,,,89 - 96,7
