GAME_ID,EVENTNUM,EVENTMSGTYPE,EVENTMSGACTIONTYPE,PERIOD,WCTIMESTRING,PCTIMESTRING,HOMEDESCRIPTION,NEUTRALDESCRIPTION,VISITORDESCRIPTION,SCORE,SCOREMARGIN,PERSON1TYPE,PLAYER1_ID,PLAYER1_NAME,PLAYER1_TEAM_ID,PLAYER1_TEAM_CITY,PLAYER1_TEAM_NICKNAME,PLAYER1_TEAM_ABBREVIATION,PERSON2TYPE,PLAYER2_ID,PLAYER2_NAME,PLAYER2_TEAM_ID,PLAYER2_TEAM_CITY,PLAYER2_TEAM_NICKNAME,PLAYER2_TEAM_ABBREVIATION,PERSON3TYPE,PLAYER3_ID,PLAYER3_NAME,PLAYER3_TEAM_ID,PLAYER3_TEAM_CITY,PLAYER3_TEAM_NICKNAME,PLAYER3_TEAM_ABBREVIATION,VIDEO_AVAILABLE_FLAG
0020000839,0,12,0,1,11:41 AM,12:00,,,,,,0,0,,,,,,0,0,,,,,,0,0,,,,,,0
0020000839,1,10,0,1,11:41 AM,12:00,Jump Ball DeClercq vs. Mihm: Tip to Miller,,,,,4,692,Andrew DeClercq,1610612753.0,Orlando,Magic,ORL,5,2036,Chris Mihm,1610612739.0,Cleveland,Cavaliers,CLE,4,2034,Mike Miller,1610612753.0,Orlando,Magic,ORL,0
0020000839,2,2,1,1,11:41 AM,11:42,MISS Armstrong 18' Jump Shot,,,,,4,353,Darrell Armstrong,1610612753.0,Orlando,Magic,ORL,0,0,,,,,,0,0,,,,,,0
0020000839,3,4,0,1,11:41 AM,11:40,DeClercq REBOUND (Off:1 Def:0),,,,,4,692,Andrew DeClercq,1610612753.0,Orlando,Magic,ORL,0,0,,,,,,0,0,,,,,,0
0020000839,4,2,5,1,11:41 AM,11:39,MISS DeClercq  Layup,,,,,4,692,Andrew DeClercq,1610612753.0,Orlando,Magic,ORL,0,0,,,,,,0,0,,,,,,0
0020000839,5,4,0,1,11:41 AM,11:38,,,Mihm REBOUND (Off:0 Def:1),,,5,2036,Chris Mihm,1610612739.0,Cleveland,Cavaliers,CLE,0,0,,,,,,0,0,,,,,,0
0020000839,6,2,1,1,11:41 AM,11:26,,,MISS Jackson 18' Jump Shot,,,5,754,Jim Jackson,1610612739.0,Cleveland,Cavaliers,CLE,0,0,,,,,,0,0,,,,,,0
0020000839,7,4,0,1,11:42 AM,11:24,Miller REBOUND (Off:0 Def:1),,,,,4,2034,Mike Miller,1610612753.0,Orlando,Magic,ORL,0,0,,,,,,0,0,,,,,,0
0020000839,8,5,1,1,11:42 AM,11:11,Armstrong Bad Pass Turnover (P1.T1),,Harpring STEAL (1 STL),,,4,353,Darrell Armstrong,1610612753.0,Orlando,Magic,ORL,5,1723,Matt Harpring,1610612739.0,Cleveland,Cavaliers,CLE,0,0,,,,,,0
0020000839,9,6,2,1,11:42 AM,11:07,Miller S.FOUL (P1.T1),,,,,4,2034,Mike Miller,1610612753.0,Orlando,Magic,ORL,0,0,,,,,,1,0,,,,,,0
0020000839,10,3,11,1,11:42 AM,11:07,,,Miller Free Throw 1 of 2 (1 PTS),1 - 0,-1,5,1889,Andre Miller,1610612739.0,Cleveland,Cavaliers,CLE,0,0,,,,,,0,0,,,,,,0
0020000839,11,3,12,1,11:42 AM,11:07,,,Miller Free Throw 2 of 2 (2 PTS),2 - 0,-2,5,1889,Andre Miller,1610612739.0,Cleveland,Cavaliers,CLE,0,0,,,,,,0,0,,,,,,0
0020000839,12,6,1,1,11:43 AM,11:00,,,Mihm P.FOUL (P1.T1),,,5,2036,Chris Mihm,1610612739.0,Cleveland,Cavaliers,CLE,0,0,,,,,,1,0,,,,,,0
0020000839,13,5,1,1,11:43 AM,10:46,Armstrong Bad Pass Turnover (P2.T2),,,,,4,353,Darrell Armstrong,1610612753.0,Orlando,Magic,ORL,0,0,,,,,,0,0,,,,,,0
0020000839,14,2,1,1,11:44 AM,10:25,,,MISS Mihm 11' Jump Shot,,,5,2036,Chris Mihm,1610612739.0,Cleveland,Cavaliers,CLE,0,0,,,,,,0,0,,,,,,0
0020000839,15,4,0,1,11:44 AM,10:23,,,Weatherspoon REBOUND (Off:1 Def:0),,,5,221,Clar. Weatherspoon,1610612739.0,Cleveland,Cavaliers,CLE,0,0,,,,,,0,0,,,,,,0
0020000839,16,1,5,1,11:44 AM,10:21,,,Harpring  Layup (2 PTS) (Weatherspoon 1 AST),4 - 0,-4,5,1723,Matt Harpring,1610612739.0,Cleveland,Cavaliers,CLE,5,221,Clar. Weatherspoon,1610612739.0,Cleveland,Cavaliers,CLE,0,0,,,,,,0
0020000839,17,2,46,1,11:44 AM,10:02,MISS McGrady 8' Running Jump Shot,,,,,4,1503,Tracy McGrady,1610612753.0,Orlando,Magic,ORL,0,0,,,,,,0,0,,,,,,0
0020000839,18,4,0,1,11:44 AM,10:01,,,Mihm REBOUND (Off:0 Def:2),,,5,2036,Chris Mihm,1610612739.0,Cleveland,Cavaliers,CLE,0,0,,,,,,0,0,,,,,,0
0020000839,19,5,2,1,11:44 AM,9:52,McGrady STEAL (1 STL),,Weatherspoon Lost Ball Turnover (P1.T1),,,5,221,Clar. Weatherspoon,1610612739.0,Cleveland,Cavaliers,CLE,4,1503,Tracy McGrady,1610612753.0,Orlando,Magic,ORL,0,0,,,,,,0
0020000839,20,1,5,1,11:44 AM,9:46,Outlaw  Layup (2 PTS) (McGrady 1 AST),,,4 - 2,-2,4,448,Bo Outlaw,1610612753.0,Orlando,Magic,ORL,4,1503,Tracy McGrady,1610612753.0,Orlando,Magic,ORL,0,0,,,,,,0
0020000839,21,1,1,1,11:45 AM,9:28,,,Weatherspoon 15' Jump Shot (2 PTS) (Harpring 1 AST),6 - 2,-4,5,221,Clar. Weatherspoon,1610612739.0,Cleveland,Cavaliers,CLE,5,1723,Matt Harpring,1610612739.0,Cleveland,Cavaliers,CLE,0,0,,,,,,0
0020000839,22,2,59,1,11:45 AM,9:20,MISS McGrady  Finger Roll,,Weatherspoon BLOCK (1 BLK),,,4,1503,Tracy McGrady,1610612753.0,Orlando,Magic,ORL,0,0,,,,,,5,221,Clar. Weatherspoon,1610612739.0,Cleveland,Cavaliers,CLE,0
0020000839,23,4,0,1,11:45 AM,9:18,Outlaw REBOUND (Off:1 Def:0),,,,,4,448,Bo Outlaw,1610612753.0,Orlando,Magic,ORL,0,0,,,,,,0,0,,,,,,0
0020000839,24,6,1,1,11:45 AM,9:13,,,Jackson P.FOUL (P1.T2),,,5,754,Jim Jackson,1610612739.0,Cleveland,Cavaliers,CLE,0,0,,,,,,1,0,,,,,,0
0020000839,25,1,46,1,11:45 AM,9:09,DeClercq 6' Running Jump Shot (2 PTS) (Armstrong 1 AST),,,6 - 4,-2,4,692,Andrew DeClercq,1610612753.0,Orlando,Magic,ORL,4,353,Darrell Armstrong,1610612753.0,Orlando,Magic,ORL,0,0,,,,,,0
0020000839,26,6,2,1,11:45 AM,9:09,,,Mihm S.FOUL (P2.T3),,,5,2036,Chris Mihm,1610612739.0,Cleveland,Cavaliers,CLE,0,0,,,,,,1,0,,,,,,0
0020000839,28,8,0,1,11:46 AM,9:09,,,SUB: Gatling FOR Mihm,,,5,2036,Chris Mihm,1610612739.0,Cleveland,Cavaliers,CLE,5,423,Chris Gatling,1610612739.0,Cleveland,Cavaliers,CLE,0,0,,,,,,0
0020000839,29,3,10,1,11:46 AM,9:09,MISS DeClercq Free Throw 1 of 1,,,,,4,692,Andrew DeClercq,1610612753.0,Orlando,Magic,ORL,0,0,,,,,,0,0,,,,,,0
0020000839,30,4,0,1,11:46 AM,9:09,,,Weatherspoon REBOUND (Off:1 Def:1),,,5,221,Clar. Weatherspoon,1610612739.0,Cleveland,Cavaliers,CLE,0,0,,,,,,0,0,,,,,,0
0020000839,31,1,1,1,11:46 AM,8:57,,,Harpring 16' Jump Shot (4 PTS) (Weatherspoon 2 AST),8 - 4,-4,5,1723,Matt Harpring,1610612739.0,Cleveland,Cavaliers,CLE,5,221,Clar. Weatherspoon,1610612739.0,Cleveland,Cavaliers,CLE,0,0,,,,,,0
0020000839,32,1,46,1,11:46 AM,8:44,Miller 17' Running Jump Shot (2 PTS),,,8 - 6,-2,4,2034,Mike Miller,1610612753.0,Orlando,Magic,ORL,0,0,,,,,,0,0,,,,,,0
0020000839,33,1,1,1,11:47 AM,8:18,,,Jackson 15' Jump Shot (2 PTS),10 - 6,-4,5,754,Jim Jackson,1610612739.0,Cleveland,Cavaliers,CLE,0,0,,,,,,0,0,,,,,,0
0020000839,34,2,1,1,11:47 AM,7:59,MISS Miller 24' 3PT Jump Shot,,,,,4,2034,Mike Miller,1610612753.0,Orlando,Magic,ORL,0,0,,,,,,0,0,,,,,,0
0020000839,35,4,0,1,11:47 AM,7:57,,,Miller REBOUND (Off:0 Def:1),,,5,1889,Andre Miller,1610612739.0,Cleveland,Cavaliers,CLE,0,0,,,,,,0,0,,,,,,0
0020000839,36,2,1,1,11:47 AM,7:52,,,MISS Miller 16' Jump Shot,,,5,1889,Andre Miller,1610612739.0,Cleveland,Cavaliers,CLE,0,0,,,,,,0,0,,,,,,0
0020000839,37,4,0,1,11:47 AM,7:49,DeClercq REBOUND (Off:1 Def:1),,,,,4,692,Andrew DeClercq,1610612753.0,Orlando,Magic,ORL,0,0,,,,,,0,0,,,,,,0
0020000839,38,1,7,1,11:47 AM,7:46,Miller  Dunk (4 PTS) (Armstrong 2 AST),,,10 - 8,-2,4,2034,Mike Miller,1610612753.0,Orlando,Magic,ORL,4,353,Darrell Armstrong,1610612753.0,Orlando,Magic,ORL,0,0,,,,,,0
0020000839,39,2,1,1,11:48 AM,7:22,,,MISS Gatling 13' Jump Shot,,,5,423,Chris Gatling,1610612739.0,Cleveland,Cavaliers,CLE,0,0,,,,,,0,0,,,,,,0
0020000839,40,4,0,1,11:48 AM,7:21,Armstrong REBOUND (Off:0 Def:1),,,,,4,353,Darrell Armstrong,1610612753.0,Orlando,Magic,ORL,0,0,,,,,,0,0,,,,,,0
0020000839,41,6,1,1,11:48 AM,7:11,,,Jackson P.FOUL (P2.T4),,,5,754,Jim Jackson,1610612739.0,Cleveland,Cavaliers,CLE,0,0,,,,,,1,0,,,,,,0
0020000839,42,8,0,1,11:48 AM,7:11,,,SUB: Murray FOR Jackson,,,5,754,Jim Jackson,1610612739.0,Cleveland,Cavaliers,CLE,5,441,Lamond Murray,1610612739.0,Cleveland,Cavaliers,CLE,0,0,,,,,,0
0020000839,43,2,46,1,11:49 AM,7:01,MISS Armstrong 15' Running Jump Shot,,,,,4,353,Darrell Armstrong,1610612753.0,Orlando,Magic,ORL,0,0,,,,,,0,0,,,,,,0
0020000839,44,4,0,1,11:49 AM,6:59,,,Gatling REBOUND (Off:0 Def:1),,,5,423,Chris Gatling,1610612739.0,Cleveland,Cavaliers,CLE,0,0,,,,,,0,0,,,,,,0
0020000839,45,2,1,1,11:49 AM,6:49,Outlaw BLOCK (1 BLK),,MISS Murray 16' Jump Shot,,,5,441,Lamond Murray,1610612739.0,Cleveland,Cavaliers,CLE,0,0,,,,,,4,448,Bo Outlaw,1610612753.0,Orlando,Magic,ORL,0
0020000839,46,4,0,1,11:49 AM,6:47,Armstrong REBOUND (Off:0 Def:2),,,,,4,353,Darrell Armstrong,1610612753.0,Orlando,Magic,ORL,0,0,,,,,,0,0,,,,,,0
0020000839,47,2,1,1,11:49 AM,6:39,MISS Miller  3PT Jump Shot,,,,,4,2034,Mike Miller,1610612753.0,Orlando,Magic,ORL,0,0,,,,,,0,0,,,,,,0
0020000839,48,4,0,1,11:49 AM,6:37,Armstrong REBOUND (Off:1 Def:2),,,,,4,353,Darrell Armstrong,1610612753.0,Orlando,Magic,ORL,0,0,,,,,,0,0,,,,,,0
0020000839,49,1,46,1,11:49 AM,6:35,McGrady 5' Running Jump Shot (2 PTS) (Armstrong 3 AST),,,10 - 10,TIE,4,1503,Tracy McGrady,1610612753.0,Orlando,Magic,ORL,4,353,Darrell Armstrong,1610612753.0,Orlando,Magic,ORL,0,0,,,,,,0
0020000839,50,1,42,1,11:50 AM,6:15,,,Miller  Driving Layup (4 PTS) (Weatherspoon 3 AST),12 - 10,-2,5,1889,Andre Miller,1610612739.0,Cleveland,Cavaliers,CLE,5,221,Clar. Weatherspoon,1610612739.0,Cleveland,Cavaliers,CLE,0,0,,,,,,0
0020000839,51,2,61,1,11:50 AM,6:09,MISS DeClercq  Driving Finger Roll,,,,,4,692,Andrew DeClercq,1610612753.0,Orlando,Magic,ORL,0,0,,,,,,0,0,,,,,,0
0020000839,52,4,0,1,11:50 AM,6:07,,,Murray REBOUND (Off:0 Def:1),,,5,441,Lamond Murray,1610612739.0,Cleveland,Cavaliers,CLE,0,0,,,,,,0,0,,,,,,0
0020000839,53,2,1,1,11:50 AM,5:54,,,MISS Gatling 17' Jump Shot,,,5,423,Chris Gatling,1610612739.0,Cleveland,Cavaliers,CLE,0,0,,,,,,0,0,,,,,,0
0020000839,54,4,0,1,11:50 AM,5:51,Outlaw REBOUND (Off:1 Def:1),,,,,4,448,Bo Outlaw,1610612753.0,Orlando,Magic,ORL,0,0,,,,,,0,0,,,,,,0
0020000839,55,2,5,1,11:50 AM,5:38,MISS McGrady  Layup,,Murray BLOCK (1 BLK),,,4,1503,Tracy McGrady,1610612753.0,Orlando,Magic,ORL,0,0,,,,,,5,441,Lamond Murray,1610612739.0,Cleveland,Cavaliers,CLE,0
0020000839,56,4,0,1,11:50 AM,5:37,McGrady REBOUND (Off:1 Def:0),,,,,4,1503,Tracy McGrady,1610612753.0,Orlando,Magic,ORL,0,0,,,,,,0,0,,,,,,0
0020000839,57,6,2,1,11:50 AM,5:36,,,Harpring S.FOUL (P1.PN),,,5,1723,Matt Harpring,1610612739.0,Cleveland,Cavaliers,CLE,0,0,,,,,,1,0,,,,,,0
0020000839,58,9,1,1,11:50 AM,5:36,MAGIC Timeout: Regular (Full 1 Short 0),,,,,2,1610612753,,,,,,0,0,,,,,,0,0,,,,,,0
0020000839,62,3,11,1,11:53 AM,5:36,McGrady Free Throw 1 of 2 (3 PTS),,,12 - 11,-1,4,1503,Tracy McGrady,1610612753.0,Orlando,Magic,ORL,0,0,,,,,,0,0,,,,,,0
0020000839,63,3,12,1,11:53 AM,5:36,McGrady Free Throw 2 of 2 (4 PTS),,,12 - 12,TIE,4,1503,Tracy McGrady,1610612753.0,Orlando,Magic,ORL,0,0,,,,,,0,0,,,,,,0
0020000839,65,5,1,1,11:54 AM,5:14,Miller STEAL (1 STL),,Miller Bad Pass Turnover (P1.T2),,,5,1889,Andre Miller,1610612739.0,Cleveland,Cavaliers,CLE,4,2034,Mike Miller,1610612753.0,Orlando,Magic,ORL,0,0,,,,,,0
0020000839,66,1,5,1,11:54 AM,5:09,Armstrong  Layup (2 PTS),,,12 - 14,2,4,353,Darrell Armstrong,1610612753.0,Orlando,Magic,ORL,0,0,,,,,,0,0,,,,,,0
0020000839,67,6,1,1,11:54 AM,4:57,DeClercq P.FOUL (P1.T2),,,,,4,692,Andrew DeClercq,1610612753.0,Orlando,Magic,ORL,0,0,,,,,,1,0,,,,,,0
0020000839,68,2,1,1,11:54 AM,4:44,,,MISS Miller 22' Jump Shot,,,5,1889,Andre Miller,1610612739.0,Cleveland,Cavaliers,CLE,0,0,,,,,,0,0,,,,,,0
0020000839,69,4,0,1,11:55 AM,4:43,McGrady REBOUND (Off:1 Def:1),,,,,4,1503,Tracy McGrady,1610612753.0,Orlando,Magic,ORL,0,0,,,,,,0,0,,,,,,0
0020000839,70,2,1,1,11:55 AM,4:35,MISS McGrady 22' Jump Shot,,,,,4,1503,Tracy McGrady,1610612753.0,Orlando,Magic,ORL,0,0,,,,,,0,0,,,,,,0
0020000839,71,4,0,1,11:55 AM,4:33,,,Gatling REBOUND (Off:0 Def:2),,,5,423,Chris Gatling,1610612739.0,Cleveland,Cavaliers,CLE,0,0,,,,,,0,0,,,,,,0
0020000839,72,1,1,1,11:55 AM,4:22,,,Gatling 18' Jump Shot (2 PTS) (Miller 1 AST),14 - 14,TIE,5,423,Chris Gatling,1610612739.0,Cleveland,Cavaliers,CLE,5,1889,Andre Miller,1610612739.0,Cleveland,Cavaliers,CLE,0,0,,,,,,0
0020000839,73,1,49,1,11:55 AM,4:11,McGrady  Driving Dunk (6 PTS),,,14 - 16,2,4,1503,Tracy McGrady,1610612753.0,Orlando,Magic,ORL,0,0,,,,,,0,0,,,,,,0
0020000839,74,5,2,1,11:55 AM,3:57,DeClercq STEAL (1 STL),,Harpring Lost Ball Turnover (P1.T3),,,5,1723,Matt Harpring,1610612739.0,Cleveland,Cavaliers,CLE,4,692,Andrew DeClercq,1610612753.0,Orlando,Magic,ORL,0,0,,,,,,0
0020000839,75,1,1,1,11:55 AM,3:51,Miller 16' Jump Shot (6 PTS) (McGrady 2 AST),,,14 - 18,4,4,2034,Mike Miller,1610612753.0,Orlando,Magic,ORL,4,1503,Tracy McGrady,1610612753.0,Orlando,Magic,ORL,0,0,,,,,,0
0020000839,76,5,1,1,11:55 AM,3:45,Outlaw STEAL (1 STL),,Weatherspoon Bad Pass Turnover (P2.T4),,,5,221,Clar. Weatherspoon,1610612739.0,Cleveland,Cavaliers,CLE,4,448,Bo Outlaw,1610612753.0,Orlando,Magic,ORL,0,0,,,,,,0
0020000839,77,2,1,1,11:56 AM,3:43,MISS McGrady 25' 3PT Jump Shot,,,,,4,1503,Tracy McGrady,1610612753.0,Orlando,Magic,ORL,0,0,,,,,,0,0,,,,,,0
0020000839,79,4,0,1,11:56 AM,3:40,Miller REBOUND (Off:1 Def:1),,,,,4,2034,Mike Miller,1610612753.0,Orlando,Magic,ORL,0,0,,,,,,0,0,,,,,,0
0020000839,78,2,4,1,11:56 AM,3:40,MISS Miller  Tip Shot,,,,,4,2034,Mike Miller,1610612753.0,Orlando,Magic,ORL,0,0,,,,,,0,0,,,,,,0
0020000839,80,4,0,1,11:56 AM,3:38,Miller REBOUND (Off:2 Def:1),,,,,4,2034,Mike Miller,1610612753.0,Orlando,Magic,ORL,0,0,,,,,,0,0,,,,,,0
0020000839,81,1,5,1,11:56 AM,3:37,Miller  Layup (8 PTS),,,14 - 20,6,4,2034,Mike Miller,1610612753.0,Orlando,Magic,ORL,0,0,,,,,,0,0,,,,,,0
0020000839,82,9,1,1,11:56 AM,3:28,,,Cavaliers Timeout: Regular (Reg.1 Short 0),,,3,1610612739,,,,,,0,0,,,,,,0,0,,,,,,0
0020000839,84,8,0,1,11:58 AM,3:28,,,SUB: Coles FOR Harpring,,,5,1723,Matt Harpring,1610612739.0,Cleveland,Cavaliers,CLE,5,902,Bimbo Coles,1610612739.0,Cleveland,Cavaliers,CLE,0,0,,,,,,0
0020000839,85,8,0,1,11:58 AM,3:28,,,SUB: Person FOR Miller,,,5,1889,Andre Miller,1610612739.0,Cleveland,Cavaliers,CLE,5,445,Wesley Person,1610612739.0,Cleveland,Cavaliers,CLE,0,0,,,,,,0
0020000839,87,1,47,1,11:59 AM,3:12,,,Murray 16' Turnaround Jump Shot (2 PTS),16 - 20,4,5,441,Lamond Murray,1610612739.0,Cleveland,Cavaliers,CLE,0,0,,,,,,0,0,,,,,,0
0020000839,88,1,49,1,11:59 AM,2:55,McGrady  Driving Dunk (8 PTS),,,16 - 22,6,4,1503,Tracy McGrady,1610612753.0,Orlando,Magic,ORL,0,0,,,,,,0,0,,,,,,0
0020000839,89,2,42,1,11:59 AM,2:33,,,MISS Murray  Driving Layup,,,5,441,Lamond Murray,1610612739.0,Cleveland,Cavaliers,CLE,0,0,,,,,,0,0,,,,,,0
0020000839,90,4,0,1,11:59 AM,2:32,DeClercq REBOUND (Off:1 Def:2),,,,,4,692,Andrew DeClercq,1610612753.0,Orlando,Magic,ORL,0,0,,,,,,0,0,,,,,,0
0020000839,91,2,1,1,12:00 PM,2:19,MISS Miller 14' Jump Shot,,,,,4,2034,Mike Miller,1610612753.0,Orlando,Magic,ORL,0,0,,,,,,0,0,,,,,,0
0020000839,92,4,0,1,12:00 PM,2:17,McGrady REBOUND (Off:2 Def:1),,,,,4,1503,Tracy McGrady,1610612753.0,Orlando,Magic,ORL,0,0,,,,,,0,0,,,,,,0
0020000839,93,1,47,1,12:00 PM,2:11,McGrady 12' Turnaround Jump Shot (10 PTS),,,16 - 24,8,4,1503,Tracy McGrady,1610612753.0,Orlando,Magic,ORL,0,0,,,,,,0,0,,,,,,0
0020000839,94,5,1,1,12:00 PM,1:55,Outlaw STEAL (2 STL),,Coles Bad Pass Turnover (P1.T5),,,5,902,Bimbo Coles,1610612739.0,Cleveland,Cavaliers,CLE,4,448,Bo Outlaw,1610612753.0,Orlando,Magic,ORL,0,0,,,,,,0
0020000839,232,6,9,1,12:01 PM,1:54,,,Coles C.P.FOUL (P1.PN),,,5,902,Bimbo Coles,1610612739.0,Cleveland,Cavaliers,CLE,0,0,,,,,,1,0,,,,,,0
0020000839,96,3,17,1,12:01 PM,1:54,Armstrong Free Throw Clear Path (3 PTS),,,16 - 25,9,4,353,Darrell Armstrong,1610612753.0,Orlando,Magic,ORL,0,0,,,,,,0,0,,,,,,0
0020000839,97,8,0,1,12:01 PM,1:54,SUB: Hudson FOR Armstrong,,,,,4,353,Darrell Armstrong,1610612753.0,Orlando,Magic,ORL,4,1607,Troy Hudson,1610612753.0,Orlando,Magic,ORL,0,0,,,,,,0
0020000839,98,8,0,1,12:01 PM,1:54,SUB: Doleac FOR DeClercq,,,,,4,692,Andrew DeClercq,1610612753.0,Orlando,Magic,ORL,4,1720,Michael Doleac,1610612753.0,Orlando,Magic,ORL,0,0,,,,,,0
0020000839,99,2,1,1,12:01 PM,1:42,MISS Miller 26' 3PT Jump Shot,,,,,4,2034,Mike Miller,1610612753.0,Orlando,Magic,ORL,0,0,,,,,,0,0,,,,,,0
0020000839,100,4,0,1,12:01 PM,1:41,Outlaw REBOUND (Off:2 Def:1),,,,,4,448,Bo Outlaw,1610612753.0,Orlando,Magic,ORL,0,0,,,,,,0,0,,,,,,0
0020000839,101,2,1,1,12:01 PM,1:34,MISS Doleac 15' Jump Shot,,,,,4,1720,Michael Doleac,1610612753.0,Orlando,Magic,ORL,0,0,,,,,,0,0,,,,,,0
0020000839,103,4,0,1,12:01 PM,1:32,Miller REBOUND (Off:3 Def:1),,,,,4,2034,Mike Miller,1610612753.0,Orlando,Magic,ORL,0,0,,,,,,0,0,,,,,,0
0020000839,102,2,4,1,12:01 PM,1:32,MISS Miller  Tip Shot,,,,,4,2034,Mike Miller,1610612753.0,Orlando,Magic,ORL,0,0,,,,,,0,0,,,,,,0
0020000839,104,4,0,1,12:01 PM,1:32,Outlaw REBOUND (Off:3 Def:1),,,,,4,448,Bo Outlaw,1610612753.0,Orlando,Magic,ORL,0,0,,,,,,0,0,,,,,,0
0020000839,105,1,1,1,12:01 PM,1:28,McGrady  3PT Jump Shot (13 PTS) (Outlaw 1 AST),,,16 - 28,12,4,1503,Tracy McGrady,1610612753.0,Orlando,Magic,ORL,4,448,Bo Outlaw,1610612753.0,Orlando,Magic,ORL,0,0,,,,,,0
0020000839,106,1,1,1,12:02 PM,1:13,,,Person 17' Jump Shot (2 PTS) (Coles 1 AST),18 - 28,10,5,445,Wesley Person,1610612739.0,Cleveland,Cavaliers,CLE,5,902,Bimbo Coles,1610612739.0,Cleveland,Cavaliers,CLE,0,0,,,,,,0
0020000839,107,2,1,1,12:02 PM,1:00,MISS McGrady 25' 3PT Jump Shot,,,,,4,1503,Tracy McGrady,1610612753.0,Orlando,Magic,ORL,0,0,,,,,,0,0,,,,,,0
0020000839,108,4,0,1,12:02 PM,0:58,,,Cavaliers Rebound,,,3,1610612739,,,,,,0,0,,,,,,0,0,,,,,,0
0020000839,109,8,0,1,12:02 PM,0:58,SUB: Williams FOR Miller,,,,,4,2034,Mike Miller,1610612753.0,Orlando,Magic,ORL,4,42,Monty Williams,1610612753.0,Orlando,Magic,ORL,0,0,,,,,,0
0020000839,110,8,0,1,12:02 PM,0:58,,,SUB: Traylor FOR Weatherspoon,,,5,221,Clar. Weatherspoon,1610612739.0,Cleveland,Cavaliers,CLE,5,1714,Robert Traylor,1610612739.0,Cleveland,Cavaliers,CLE,0,0,,,,,,0
0020000839,111,5,2,1,12:02 PM,0:56,Doleac STEAL (1 STL),,Traylor Lost Ball Turnover (P1.T6),,,5,1714,Robert Traylor,1610612739.0,Cleveland,Cavaliers,CLE,4,1720,Michael Doleac,1610612753.0,Orlando,Magic,ORL,0,0,,,,,,0
0020000839,112,1,7,1,12:03 PM,0:51,McGrady  Dunk (15 PTS) (Outlaw 2 AST),,,18 - 30,12,4,1503,Tracy McGrady,1610612753.0,Orlando,Magic,ORL,4,448,Bo Outlaw,1610612753.0,Orlando,Magic,ORL,0,0,,,,,,0
0020000839,113,6,4,1,12:03 PM,0:30,,,Traylor OFF.Foul (P1),,,5,1714,Robert Traylor,1610612739.0,Cleveland,Cavaliers,CLE,0,0,,,,,,1,0,,,,,,0
0020000839,114,5,5,1,12:03 PM,0:30,,,Traylor Foul Turnover (P2.T7),,,5,1714,Robert Traylor,1610612739.0,Cleveland,Cavaliers,CLE,0,0,,,,,,0,0,,,,,,0
0020000839,115,5,2,1,12:03 PM,0:08,Hudson Lost Ball Turnover (P1.T3),,,,,4,1607,Troy Hudson,1610612753.0,Orlando,Magic,ORL,0,0,,,,,,0,0,,,,,,0
0020000839,116,6,1,1,12:04 PM,0:03,Hudson P.FOUL (P1.T3),,,,,4,1607,Troy Hudson,1610612753.0,Orlando,Magic,ORL,0,0,,,,,,1,0,,,,,,0
0020000839,117,1,1,1,12:04 PM,0:00,,,Coles 23' Jump Shot (2 PTS) (Murray 1 AST),20 - 30,10,5,902,Bimbo Coles,1610612739.0,Cleveland,Cavaliers,CLE,5,441,Lamond Murray,1610612739.0,Cleveland,Cavaliers,CLE,0,0,,,,,,0
0020000839,118,13,0,1,12:04 PM,0:00,,,,20 - 30,10,0,0,,,,,,0,0,,,,,,0,0,,,,,,0
0020000839,120,12,0,2,12:07 PM,12:00,,,,20 - 30,10,0,0,,,,,,0,0,,,,,,0,0,,,,,,0
0020000839,121,1,1,2,12:07 PM,11:45,,,Gatling 17' Jump Shot (4 PTS) (Coles 2 AST),22 - 30,8,5,423,Chris Gatling,1610612739.0,Cleveland,Cavaliers,CLE,5,902,Bimbo Coles,1610612739.0,Cleveland,Cavaliers,CLE,0,0,,,,,,0
0020000839,122,1,58,2,12:08 PM,11:26,Williams 7' Turnaround Hook Shot (2 PTS),,,22 - 32,10,4,42,Monty Williams,1610612753.0,Orlando,Magic,ORL,0,0,,,,,,0,0,,,,,,0
0020000839,123,1,5,2,12:08 PM,11:08,,,Traylor  Layup (2 PTS),24 - 32,8,5,1714,Robert Traylor,1610612739.0,Cleveland,Cavaliers,CLE,0,0,,,,,,0,0,,,,,,0
0020000839,124,1,59,2,12:08 PM,10:51,Williams  Finger Roll (4 PTS),,,24 - 34,10,4,42,Monty Williams,1610612753.0,Orlando,Magic,ORL,0,0,,,,,,0,0,,,,,,0
0020000839,125,6,2,2,12:09 PM,10:26,Amaechi S.FOUL (P1.T1),,,,,4,680,John Amaechi,1610612753.0,Orlando,Magic,ORL,0,0,,,,,,1,0,,,,,,0
0020000839,126,8,0,2,12:09 PM,10:26,SUB: Miller FOR McGrady,,,,,4,1503,Tracy McGrady,1610612753.0,Orlando,Magic,ORL,4,2034,Mike Miller,1610612753.0,Orlando,Magic,ORL,0,0,,,,,,0
0020000839,127,3,11,2,12:09 PM,10:26,,,MISS Traylor Free Throw 1 of 2,,,5,1714,Robert Traylor,1610612739.0,Cleveland,Cavaliers,CLE,0,0,,,,,,0,0,,,,,,0
0020000839,128,4,1,2,12:09 PM,10:26,,,Cavaliers Rebound,,,3,1610612739,,,,,,0,0,,,,,,0,0,,,,,,0
0020000839,129,3,12,2,12:09 PM,10:26,,,MISS Traylor Free Throw 2 of 2,,,5,1714,Robert Traylor,1610612739.0,Cleveland,Cavaliers,CLE,0,0,,,,,,0,0,,,,,,0
0020000839,130,4,0,2,12:09 PM,10:26,Hudson REBOUND (Off:0 Def:1),,,,,4,1607,Troy Hudson,1610612753.0,Orlando,Magic,ORL,0,0,,,,,,0,0,,,,,,0
0020000839,131,5,1,2,12:09 PM,10:12,Miller Bad Pass Turnover (P1.T4),,Person STEAL (1 STL),,,4,2034,Mike Miller,1610612753.0,Orlando,Magic,ORL,5,445,Wesley Person,1610612739.0,Cleveland,Cavaliers,CLE,0,0,,,,,,0
0020000839,132,6,2,2,12:10 PM,10:06,Doleac S.FOUL (P1.T2),,,,,4,1720,Michael Doleac,1610612753.0,Orlando,Magic,ORL,0,0,,,,,,1,0,,,,,,0
0020000839,133,3,11,2,12:10 PM,10:06,,,MISS Murray Free Throw 1 of 2,,,5,441,Lamond Murray,1610612739.0,Cleveland,Cavaliers,CLE,0,0,,,,,,0,0,,,,,,0
0020000839,134,4,1,2,12:10 PM,10:06,,,Cavaliers Rebound,,,3,1610612739,,,,,,0,0,,,,,,0,0,,,,,,0
0020000839,135,3,12,2,12:10 PM,10:06,,,MISS Murray Free Throw 2 of 2,,,5,441,Lamond Murray,1610612739.0,Cleveland,Cavaliers,CLE,0,0,,,,,,0,0,,,,,,0
0020000839,136,4,0,2,12:10 PM,10:05,Amaechi REBOUND (Off:0 Def:1),,,,,4,680,John Amaechi,1610612753.0,Orlando,Magic,ORL,0,0,,,,,,0,0,,,,,,0
0020000839,137,6,1,2,12:10 PM,9:55,,,Gatling P.FOUL (P1.T1),,,5,423,Chris Gatling,1610612739.0,Cleveland,Cavaliers,CLE,0,0,,,,,,1,0,,,,,,0
0020000839,138,1,5,2,12:11 PM,9:46,Williams  Layup (6 PTS) (Amaechi 1 AST),,,24 - 36,12,4,42,Monty Williams,1610612753.0,Orlando,Magic,ORL,4,680,John Amaechi,1610612753.0,Orlando,Magic,ORL,0,0,,,,,,0
0020000839,139,2,1,2,12:11 PM,9:29,,,MISS Gatling 16' Jump Shot,,,5,423,Chris Gatling,1610612739.0,Cleveland,Cavaliers,CLE,0,0,,,,,,0,0,,,,,,0
0020000839,140,4,0,2,12:11 PM,9:26,MAGIC Rebound,,,,,2,1610612753,,,,,,0,0,,,,,,0,0,,,,,,0
0020000839,141,8,0,2,12:11 PM,9:26,,,SUB: Jackson FOR Murray,,,5,441,Lamond Murray,1610612739.0,Cleveland,Cavaliers,CLE,5,754,Jim Jackson,1610612739.0,Cleveland,Cavaliers,CLE,0,0,,,,,,0
0020000839,142,1,1,2,12:11 PM,9:16,Doleac 17' Jump Shot (2 PTS) (Williams 1 AST),,,24 - 38,14,4,1720,Michael Doleac,1610612753.0,Orlando,Magic,ORL,4,42,Monty Williams,1610612753.0,Orlando,Magic,ORL,0,0,,,,,,0
0020000839,143,6,1,2,12:12 PM,8:59,Doleac P.FOUL (P2.T3),,,,,4,1720,Michael Doleac,1610612753.0,Orlando,Magic,ORL,0,0,,,,,,1,0,,,,,,0
0020000839,144,9,4,2,12:12 PM,8:59,,,,,,1,0,,,,,,0,0,,,,,,0,0,,,,,,0
0020000839,149,8,0,2,12:14 PM,8:59,SUB: Reid FOR Doleac,,,,,4,1720,Michael Doleac,1610612753.0,Orlando,Magic,ORL,4,690,Don Reid,1610612753.0,Orlando,Magic,ORL,0,0,,,,,,0
0020000839,150,2,1,2,12:14 PM,8:51,,,MISS Person 19' Jump Shot,,,5,445,Wesley Person,1610612739.0,Cleveland,Cavaliers,CLE,0,0,,,,,,0,0,,,,,,0
0020000839,151,4,0,2,12:14 PM,8:49,Reid REBOUND (Off:0 Def:1),,,,,4,690,Don Reid,1610612753.0,Orlando,Magic,ORL,0,0,,,,,,0,0,,,,,,0
0020000839,152,2,1,2,12:15 PM,8:41,MISS Miller 7' Jump Shot,,Coles BLOCK (1 BLK),,,4,2034,Mike Miller,1610612753.0,Orlando,Magic,ORL,0,0,,,,,,5,902,Bimbo Coles,1610612739.0,Cleveland,Cavaliers,CLE,0
0020000839,154,4,0,2,12:15 PM,8:40,,,Cavaliers Rebound,,,3,1610612739,,,,,,0,0,,,,,,0,0,,,,,,0
0020000839,155,2,44,2,12:15 PM,8:27,,,MISS Gatling  Reverse Layup,,,5,423,Chris Gatling,1610612739.0,Cleveland,Cavaliers,CLE,0,0,,,,,,0,0,,,,,,0
0020000839,156,4,0,2,12:15 PM,8:26,,,Gatling REBOUND (Off:1 Def:2),,,5,423,Chris Gatling,1610612739.0,Cleveland,Cavaliers,CLE,0,0,,,,,,0,0,,,,,,0
0020000839,157,1,5,2,12:15 PM,8:25,,,Gatling  Layup (6 PTS),26 - 38,12,5,423,Chris Gatling,1610612739.0,Cleveland,Cavaliers,CLE,0,0,,,,,,0,0,,,,,,0
0020000839,158,1,47,2,12:16 PM,8:06,Williams 14' Turnaround Jump Shot (8 PTS),,,26 - 40,14,4,42,Monty Williams,1610612753.0,Orlando,Magic,ORL,0,0,,,,,,0,0,,,,,,0
0020000839,160,2,47,2,12:16 PM,7:51,,,MISS Jackson 11' Turnaround Jump Shot,,,5,754,Jim Jackson,1610612739.0,Cleveland,Cavaliers,CLE,0,0,,,,,,0,0,,,,,,0
0020000839,161,4,0,2,12:16 PM,7:48,Hudson REBOUND (Off:0 Def:2),,,,,4,1607,Troy Hudson,1610612753.0,Orlando,Magic,ORL,0,0,,,,,,0,0,,,,,,0
0020000839,162,6,2,2,12:16 PM,7:45,,,Coles S.FOUL (P2.T2),,,5,902,Bimbo Coles,1610612739.0,Cleveland,Cavaliers,CLE,0,0,,,,,,1,0,,,,,,0
0020000839,163,8,0,2,12:16 PM,7:45,,,SUB: Miller FOR Coles,,,5,902,Bimbo Coles,1610612739.0,Cleveland,Cavaliers,CLE,5,1889,Andre Miller,1610612739.0,Cleveland,Cavaliers,CLE,0,0,,,,,,0
0020000839,164,8,0,2,12:16 PM,7:45,,,SUB: Weatherspoon FOR Gatling,,,5,423,Chris Gatling,1610612739.0,Cleveland,Cavaliers,CLE,5,221,Clar. Weatherspoon,1610612739.0,Cleveland,Cavaliers,CLE,0,0,,,,,,0
0020000839,166,3,11,2,12:16 PM,7:45,MISS Amaechi Free Throw 1 of 2,,,,,4,680,John Amaechi,1610612753.0,Orlando,Magic,ORL,0,0,,,,,,0,0,,,,,,0
0020000839,168,4,1,2,12:16 PM,7:45,MAGIC Rebound,,,,,2,1610612753,,,,,,0,0,,,,,,0,0,,,,,,0
0020000839,169,3,12,2,12:17 PM,7:45,Amaechi Free Throw 2 of 2 (1 PTS),,,26 - 41,15,4,680,John Amaechi,1610612753.0,Orlando,Magic,ORL,0,0,,,,,,0,0,,,,,,0
0020000839,171,2,1,2,12:17 PM,7:31,,,MISS Traylor 7' Jump Shot,,,5,1714,Robert Traylor,1610612739.0,Cleveland,Cavaliers,CLE,0,0,,,,,,0,0,,,,,,0
0020000839,172,4,0,2,12:17 PM,7:29,Reid REBOUND (Off:0 Def:2),,,,,4,690,Don Reid,1610612753.0,Orlando,Magic,ORL,0,0,,,,,,0,0,,,,,,0
0020000839,173,1,44,2,12:17 PM,7:20,Williams  Reverse Layup (10 PTS) (Hudson 1 AST),,,26 - 43,17,4,42,Monty Williams,1610612753.0,Orlando,Magic,ORL,4,1607,Troy Hudson,1610612753.0,Orlando,Magic,ORL,0,0,,,,,,0
0020000839,174,2,5,2,12:18 PM,6:59,Reid BLOCK (1 BLK),,MISS Traylor  Layup,,,5,1714,Robert Traylor,1610612739.0,Cleveland,Cavaliers,CLE,0,0,,,,,,4,690,Don Reid,1610612753.0,Orlando,Magic,ORL,0
0020000839,175,4,0,2,12:18 PM,6:56,Reid REBOUND (Off:0 Def:3),,,,,4,690,Don Reid,1610612753.0,Orlando,Magic,ORL,0,0,,,,,,0,0,,,,,,0
0020000839,176,2,1,2,12:18 PM,6:52,MISS Hudson 25' 3PT Jump Shot,,,,,4,1607,Troy Hudson,1610612753.0,Orlando,Magic,ORL,0,0,,,,,,0,0,,,,,,0
0020000839,177,4,0,2,12:18 PM,6:49,Amaechi REBOUND (Off:1 Def:1),,,,,4,680,John Amaechi,1610612753.0,Orlando,Magic,ORL,0,0,,,,,,0,0,,,,,,0
0020000839,178,2,5,2,12:18 PM,6:46,MISS Reid  Layup,,,,,4,690,Don Reid,1610612753.0,Orlando,Magic,ORL,0,0,,,,,,0,0,,,,,,0
0020000839,179,4,0,2,12:18 PM,6:44,Reid REBOUND (Off:1 Def:3),,,,,4,690,Don Reid,1610612753.0,Orlando,Magic,ORL,0,0,,,,,,0,0,,,,,,0
0020000839,180,2,59,2,12:18 PM,6:32,MISS Williams  Finger Roll,,,,,4,42,Monty Williams,1610612753.0,Orlando,Magic,ORL,0,0,,,,,,0,0,,,,,,0
0020000839,182,4,0,2,12:18 PM,6:29,Reid REBOUND (Off:2 Def:3),,,,,4,690,Don Reid,1610612753.0,Orlando,Magic,ORL,0,0,,,,,,0,0,,,,,,0
0020000839,181,2,4,2,12:18 PM,6:29,MISS Reid  Tip Shot,,,,,4,690,Don Reid,1610612753.0,Orlando,Magic,ORL,0,0,,,,,,0,0,,,,,,0
0020000839,183,4,0,2,12:18 PM,6:28,,,Weatherspoon REBOUND (Off:1 Def:2),,,5,221,Clar. Weatherspoon,1610612739.0,Cleveland,Cavaliers,CLE,0,0,,,,,,0,0,,,,,,0
0020000839,184,6,1,2,12:18 PM,6:26,Hudson P.FOUL (P2.T4),,,,,4,1607,Troy Hudson,1610612753.0,Orlando,Magic,ORL,0,0,,,,,,1,0,,,,,,0
0020000839,185,8,0,2,12:18 PM,6:26,,,SUB: Mihm FOR Traylor,,,5,1714,Robert Traylor,1610612739.0,Cleveland,Cavaliers,CLE,5,2036,Chris Mihm,1610612739.0,Cleveland,Cavaliers,CLE,0,0,,,,,,0
0020000839,186,9,1,2,12:19 PM,6:26,,,Cavaliers Timeout: Regular (Reg.2 Short 0),,,3,1610612739,,,,,,0,0,,,,,,0,0,,,,,,0
0020000839,189,8,0,2,12:21 PM,6:26,SUB: Armstrong FOR Hudson,,,,,4,1607,Troy Hudson,1610612753.0,Orlando,Magic,ORL,4,353,Darrell Armstrong,1610612753.0,Orlando,Magic,ORL,0,0,,,,,,0
0020000839,190,2,3,2,12:21 PM,6:11,,,MISS Jackson 6' Hook Shot,,,5,754,Jim Jackson,1610612739.0,Cleveland,Cavaliers,CLE,0,0,,,,,,0,0,,,,,,0
0020000839,192,4,0,2,12:21 PM,6:09,,,Weatherspoon REBOUND (Off:2 Def:2),,,5,221,Clar. Weatherspoon,1610612739.0,Cleveland,Cavaliers,CLE,0,0,,,,,,0,0,,,,,,0
0020000839,191,2,4,2,12:21 PM,6:09,,,MISS Weatherspoon  Tip Shot,,,5,221,Clar. Weatherspoon,1610612739.0,Cleveland,Cavaliers,CLE,0,0,,,,,,0,0,,,,,,0
0020000839,194,4,0,2,12:21 PM,6:08,,,Mihm REBOUND (Off:1 Def:2),,,5,2036,Chris Mihm,1610612739.0,Cleveland,Cavaliers,CLE,0,0,,,,,,0,0,,,,,,0
0020000839,193,1,4,2,12:21 PM,6:08,,,Mihm  Tip Shot (2 PTS),28 - 43,15,5,2036,Chris Mihm,1610612739.0,Cleveland,Cavaliers,CLE,0,0,,,,,,0,0,,,,,,0
0020000839,195,2,5,2,12:21 PM,5:55,MISS Williams  Layup,,Person BLOCK (1 BLK),,,4,42,Monty Williams,1610612753.0,Orlando,Magic,ORL,0,0,,,,,,5,445,Wesley Person,1610612739.0,Cleveland,Cavaliers,CLE,0
0020000839,196,4,0,2,12:21 PM,5:53,,,Jackson REBOUND (Off:0 Def:1),,,5,754,Jim Jackson,1610612739.0,Cleveland,Cavaliers,CLE,0,0,,,,,,0,0,,,,,,0
0020000839,197,2,5,2,12:22 PM,5:46,,,MISS Person  Layup,,,5,445,Wesley Person,1610612739.0,Cleveland,Cavaliers,CLE,0,0,,,,,,0,0,,,,,,0
0020000839,198,4,0,2,12:22 PM,5:45,,,Weatherspoon REBOUND (Off:3 Def:2),,,5,221,Clar. Weatherspoon,1610612739.0,Cleveland,Cavaliers,CLE,0,0,,,,,,0,0,,,,,,0
0020000839,199,6,2,2,12:22 PM,5:44,Reid S.FOUL (P1.PN),,,,,4,690,Don Reid,1610612753.0,Orlando,Magic,ORL,0,0,,,,,,1,0,,,,,,0
0020000839,200,3,11,2,12:22 PM,5:44,,,MISS Weatherspoon Free Throw 1 of 2,,,5,221,Clar. Weatherspoon,1610612739.0,Cleveland,Cavaliers,CLE,0,0,,,,,,0,0,,,,,,0
0020000839,201,4,1,2,12:22 PM,5:44,,,Cavaliers Rebound,,,3,1610612739,,,,,,0,0,,,,,,0,0,,,,,,0
0020000839,202,8,0,2,12:22 PM,5:44,SUB: McGrady FOR Williams,,,,,4,42,Monty Williams,1610612753.0,Orlando,Magic,ORL,4,1503,Tracy McGrady,1610612753.0,Orlando,Magic,ORL,0,0,,,,,,0
0020000839,203,3,12,2,12:22 PM,5:44,,,Weatherspoon Free Throw 2 of 2 (3 PTS),29 - 43,14,5,221,Clar. Weatherspoon,1610612739.0,Cleveland,Cavaliers,CLE,0,0,,,,,,0,0,,,,,,0
0020000839,204,1,42,2,12:22 PM,5:27,Amaechi  Driving Layup (3 PTS),,,29 - 45,16,4,680,John Amaechi,1610612753.0,Orlando,Magic,ORL,0,0,,,,,,0,0,,,,,,0
0020000839,205,1,59,2,12:23 PM,5:09,,,Jackson  Finger Roll (4 PTS) (Person 1 AST),31 - 45,14,5,754,Jim Jackson,1610612739.0,Cleveland,Cavaliers,CLE,5,445,Wesley Person,1610612739.0,Cleveland,Cavaliers,CLE,0,0,,,,,,0
0020000839,206,5,8,2,12:23 PM,4:47,Reid 3 Second Violation Turnover (P1.T5),,,,,4,690,Don Reid,1610612753.0,Orlando,Magic,ORL,0,0,,,,,,1,0,,,,,,0
0020000839,207,1,1,2,12:24 PM,4:29,,,Person 14' Jump Shot (4 PTS) (Miller 2 AST),33 - 45,12,5,445,Wesley Person,1610612739.0,Cleveland,Cavaliers,CLE,5,1889,Andre Miller,1610612739.0,Cleveland,Cavaliers,CLE,0,0,,,,,,0
0020000839,208,6,1,2,12:24 PM,4:22,,,Mihm P.FOUL (P3.T3),,,5,2036,Chris Mihm,1610612739.0,Cleveland,Cavaliers,CLE,0,0,,,,,,1,0,,,,,,0
0020000839,209,8,0,2,12:24 PM,4:22,SUB: Outlaw FOR Reid,,,,,4,690,Don Reid,1610612753.0,Orlando,Magic,ORL,4,448,Bo Outlaw,1610612753.0,Orlando,Magic,ORL,0,0,,,,,,0
0020000839,210,7,2,2,12:24 PM,4:11,,,Cavaliers Violation: Def. Goaltending Violation,,,3,1610612739,,,,,,0,0,,,,,,1,0,,,,,,0
0020000839,211,8,0,2,12:25 PM,4:11,,,SUB: Gatling FOR Mihm,,,5,2036,Chris Mihm,1610612739.0,Cleveland,Cavaliers,CLE,5,423,Chris Gatling,1610612739.0,Cleveland,Cavaliers,CLE,0,0,,,,,,0
0020000839,212,2,1,2,12:25 PM,4:04,MISS Amaechi 19' Jump Shot,,,,,4,680,John Amaechi,1610612753.0,Orlando,Magic,ORL,0,0,,,,,,0,0,,,,,,0
0020000839,213,4,0,2,12:25 PM,4:02,,,Person REBOUND (Off:0 Def:1),,,5,445,Wesley Person,1610612739.0,Cleveland,Cavaliers,CLE,0,0,,,,,,0,0,,,,,,0
0020000839,214,6,4,2,12:25 PM,3:45,,,Miller OFF.Foul (P1),,,5,1889,Andre Miller,1610612739.0,Cleveland,Cavaliers,CLE,0,0,,,,,,1,0,,,,,,0
0020000839,215,5,5,2,12:25 PM,3:45,,,Miller Foul Turnover (P2.T8),,,5,1889,Andre Miller,1610612739.0,Cleveland,Cavaliers,CLE,0,0,,,,,,0,0,,,,,,0
0020000839,216,6,11,2,12:25 PM,3:45,,,Miller T.FOUL (P1.T3),,,5,1889,Andre Miller,1610612739.0,Cleveland,Cavaliers,CLE,0,0,,,,,,1,0,,,,,,0
0020000839,217,3,16,2,12:26 PM,3:45,MISS Armstrong Free Throw Technical,,,,,4,353,Darrell Armstrong,1610612753.0,Orlando,Magic,ORL,0,0,,,,,,0,0,,,,,,0
0020000839,218,4,1,2,12:26 PM,3:45,MAGIC Rebound,,,,,2,1610612753,,,,,,0,0,,,,,,0,0,,,,,,0
0020000839,219,2,46,2,12:26 PM,3:36,MISS Miller 5' Running Jump Shot,,,,,4,2034,Mike Miller,1610612753.0,Orlando,Magic,ORL,0,0,,,,,,0,0,,,,,,0
0020000839,221,4,0,2,12:26 PM,3:33,McGrady REBOUND (Off:3 Def:1),,,,,4,1503,Tracy McGrady,1610612753.0,Orlando,Magic,ORL,0,0,,,,,,0,0,,,,,,0
0020000839,220,2,4,2,12:26 PM,3:33,MISS McGrady  Tip Shot,,,,,4,1503,Tracy McGrady,1610612753.0,Orlando,Magic,ORL,0,0,,,,,,0,0,,,,,,0
0020000839,223,4,0,2,12:26 PM,3:32,McGrady REBOUND (Off:4 Def:1),,,,,4,1503,Tracy McGrady,1610612753.0,Orlando,Magic,ORL,0,0,,,,,,0,0,,,,,,0
0020000839,222,1,4,2,12:26 PM,3:32,McGrady  Tip Shot (17 PTS),,,33 - 47,14,4,1503,Tracy McGrady,1610612753.0,Orlando,Magic,ORL,0,0,,,,,,0,0,,,,,,0
0020000839,224,2,1,2,12:26 PM,3:15,,,MISS Gatling 18' Jump Shot,,,5,423,Chris Gatling,1610612739.0,Cleveland,Cavaliers,CLE,0,0,,,,,,0,0,,,,,,0
0020000839,225,4,0,2,12:26 PM,3:13,Miller REBOUND (Off:3 Def:2),,,,,4,2034,Mike Miller,1610612753.0,Orlando,Magic,ORL,0,0,,,,,,0,0,,,,,,0
0020000839,226,2,1,2,12:27 PM,3:07,MISS Armstrong 25' 3PT Jump Shot,,,,,4,353,Darrell Armstrong,1610612753.0,Orlando,Magic,ORL,0,0,,,,,,0,0,,,,,,0
0020000839,227,4,0,2,12:27 PM,3:05,,,Person REBOUND (Off:0 Def:2),,,5,445,Wesley Person,1610612739.0,Cleveland,Cavaliers,CLE,0,0,,,,,,0,0,,,,,,0
0020000839,228,1,5,2,12:27 PM,3:00,,,Gatling  Layup (8 PTS) (Miller 3 AST),35 - 47,12,5,423,Chris Gatling,1610612739.0,Cleveland,Cavaliers,CLE,5,1889,Andre Miller,1610612739.0,Cleveland,Cavaliers,CLE,0,0,,,,,,0
0020000839,229,6,2,2,12:27 PM,2:41,,,Jackson S.FOUL (P3.T4),,,5,754,Jim Jackson,1610612739.0,Cleveland,Cavaliers,CLE,0,0,,,,,,1,0,,,,,,0
0020000839,230,9,1,2,12:27 PM,2:41,MAGIC Timeout: Regular (Full 2 Short 0),,,,,2,1610612753,,,,,,0,0,,,,,,0,0,,,,,,0
0020000839,233,8,0,2,12:29 PM,2:41,,,SUB: Harpring FOR Jackson,,,5,754,Jim Jackson,1610612739.0,Cleveland,Cavaliers,CLE,5,1723,Matt Harpring,1610612739.0,Cleveland,Cavaliers,CLE,0,0,,,,,,0
0020000839,234,8,0,2,12:29 PM,2:41,,,SUB: Murray FOR Person,,,5,445,Wesley Person,1610612739.0,Cleveland,Cavaliers,CLE,5,441,Lamond Murray,1610612739.0,Cleveland,Cavaliers,CLE,0,0,,,,,,0
0020000839,236,3,11,2,12:30 PM,2:41,MISS McGrady Free Throw 1 of 2,,,,,4,1503,Tracy McGrady,1610612753.0,Orlando,Magic,ORL,0,0,,,,,,0,0,,,,,,0
0020000839,237,4,1,2,12:30 PM,2:41,MAGIC Rebound,,,,,2,1610612753,,,,,,0,0,,,,,,0,0,,,,,,0
0020000839,238,3,12,2,12:30 PM,2:41,McGrady Free Throw 2 of 2 (18 PTS),,,35 - 48,13,4,1503,Tracy McGrady,1610612753.0,Orlando,Magic,ORL,0,0,,,,,,0,0,,,,,,0
0020000839,239,2,1,2,12:31 PM,2:24,,,MISS Murray 17' Jump Shot,,,5,441,Lamond Murray,1610612739.0,Cleveland,Cavaliers,CLE,0,0,,,,,,0,0,,,,,,0
0020000839,240,4,0,2,12:31 PM,2:23,Armstrong REBOUND (Off:1 Def:3),,,,,4,353,Darrell Armstrong,1610612753.0,Orlando,Magic,ORL,0,0,,,,,,0,0,,,,,,0
0020000839,241,1,1,2,12:31 PM,2:18,McGrady 25' 3PT Jump Shot (21 PTS) (Armstrong 4 AST),,,35 - 51,16,4,1503,Tracy McGrady,1610612753.0,Orlando,Magic,ORL,4,353,Darrell Armstrong,1610612753.0,Orlando,Magic,ORL,0,0,,,,,,0
0020000839,242,1,58,2,12:31 PM,1:54,,,Gatling 6' Turnaround Hook Shot (10 PTS),37 - 51,14,5,423,Chris Gatling,1610612739.0,Cleveland,Cavaliers,CLE,0,0,,,,,,0,0,,,,,,0
0020000839,243,1,1,2,12:31 PM,1:45,McGrady 15' Jump Shot (23 PTS),,,37 - 53,16,4,1503,Tracy McGrady,1610612753.0,Orlando,Magic,ORL,0,0,,,,,,0,0,,,,,,0
0020000839,244,1,1,2,12:31 PM,1:32,,,Miller 5' Jump Shot (6 PTS),39 - 53,14,5,1889,Andre Miller,1610612739.0,Cleveland,Cavaliers,CLE,0,0,,,,,,0,0,,,,,,0
0020000839,245,1,44,2,12:32 PM,1:20,Amaechi  Reverse Layup (5 PTS),,,39 - 55,16,4,680,John Amaechi,1610612753.0,Orlando,Magic,ORL,0,0,,,,,,0,0,,,,,,0
0020000839,246,5,2,2,12:32 PM,1:07,McGrady STEAL (2 STL),,Gatling Lost Ball Turnover (P1.T9),,,5,423,Chris Gatling,1610612739.0,Cleveland,Cavaliers,CLE,4,1503,Tracy McGrady,1610612753.0,Orlando,Magic,ORL,0,0,,,,,,0
0020000839,247,1,52,2,12:32 PM,1:03,Outlaw  Alley Oop Dunk (4 PTS) (McGrady 3 AST),,,39 - 57,18,4,448,Bo Outlaw,1610612753.0,Orlando,Magic,ORL,4,1503,Tracy McGrady,1610612753.0,Orlando,Magic,ORL,0,0,,,,,,0
0020000839,248,6,11,2,12:32 PM,1:03,,,Gatling T.FOUL (P1.T4),,,5,423,Chris Gatling,1610612739.0,Cleveland,Cavaliers,CLE,0,0,,,,,,1,0,,,,,,0
0020000839,249,3,16,2,12:32 PM,1:03,Armstrong Free Throw Technical (4 PTS),,,39 - 58,19,4,353,Darrell Armstrong,1610612753.0,Orlando,Magic,ORL,0,0,,,,,,0,0,,,,,,0
0020000839,251,2,1,2,12:33 PM,0:41,,,MISS Miller 17' Jump Shot,,,5,1889,Andre Miller,1610612739.0,Cleveland,Cavaliers,CLE,0,0,,,,,,0,0,,,,,,0
0020000839,252,4,0,2,12:33 PM,0:39,,,Harpring REBOUND (Off:1 Def:0),,,5,1723,Matt Harpring,1610612739.0,Cleveland,Cavaliers,CLE,0,0,,,,,,0,0,,,,,,0
0020000839,253,1,1,2,12:33 PM,0:35,,,Miller 9' Jump Shot (8 PTS) (Harpring 2 AST),41 - 58,17,5,1889,Andre Miller,1610612739.0,Cleveland,Cavaliers,CLE,5,1723,Matt Harpring,1610612739.0,Cleveland,Cavaliers,CLE,0,0,,,,,,0
0020000839,254,2,1,2,12:33 PM,0:17,MISS Amaechi 8' Jump Shot,,,,,4,680,John Amaechi,1610612753.0,Orlando,Magic,ORL,0,0,,,,,,0,0,,,,,,0
0020000839,255,4,0,2,12:33 PM,0:14,,,Murray REBOUND (Off:0 Def:2),,,5,441,Lamond Murray,1610612739.0,Cleveland,Cavaliers,CLE,0,0,,,,,,0,0,,,,,,0
0020000839,256,2,1,2,12:33 PM,0:01,Amaechi BLOCK (1 BLK),,MISS Miller 13' Jump Shot,,,5,1889,Andre Miller,1610612739.0,Cleveland,Cavaliers,CLE,0,0,,,,,,4,680,John Amaechi,1610612753.0,Orlando,Magic,ORL,0
0020000839,257,4,0,2,12:34 PM,0:01,,,Miller REBOUND (Off:1 Def:1),,,5,1889,Andre Miller,1610612739.0,Cleveland,Cavaliers,CLE,0,0,,,,,,0,0,,,,,,0
0020000839,258,2,1,2,12:34 PM,0:00,,,MISS Miller 17' Jump Shot,,,5,1889,Andre Miller,1610612739.0,Cleveland,Cavaliers,CLE,0,0,,,,,,0,0,,,,,,0
0020000839,259,4,0,2,12:34 PM,0:00,,,Cavaliers Rebound,,,3,1610612739,,,,,,0,0,,,,,,0,0,,,,,,0
0020000839,260,13,0,2,12:34 PM,0:00,,,,41 - 58,17,0,0,,,,,,0,0,,,,,,0,0,,,,,,0
0020000839,263,12,0,3,12:51 PM,12:00,,,,41 - 58,17,0,0,,,,,,0,0,,,,,,0,0,,,,,,0
0020000839,264,6,1,3,12:51 PM,11:42,Miller P.FOUL (P2.T1),,,,,4,2034,Mike Miller,1610612753.0,Orlando,Magic,ORL,0,0,,,,,,1,0,,,,,,0
0020000839,265,1,1,3,12:52 PM,11:29,,,Miller 12' Jump Shot (10 PTS),43 - 58,15,5,1889,Andre Miller,1610612739.0,Cleveland,Cavaliers,CLE,0,0,,,,,,0,0,,,,,,0
0020000839,266,6,2,3,12:52 PM,11:29,Armstrong S.FOUL (P1.T2),,,,,4,353,Darrell Armstrong,1610612753.0,Orlando,Magic,ORL,0,0,,,,,,1,0,,,,,,0
0020000839,267,3,10,3,12:52 PM,11:29,,,Miller Free Throw 1 of 1 (11 PTS),44 - 58,14,5,1889,Andre Miller,1610612739.0,Cleveland,Cavaliers,CLE,0,0,,,,,,0,0,,,,,,0
0020000839,268,1,5,3,12:53 PM,11:12,DeClercq  Layup (4 PTS) (Outlaw 3 AST),,,44 - 60,16,4,692,Andrew DeClercq,1610612753.0,Orlando,Magic,ORL,4,448,Bo Outlaw,1610612753.0,Orlando,Magic,ORL,0,0,,,,,,0
0020000839,269,2,1,3,12:53 PM,10:56,,,MISS Jackson 24' 3PT Jump Shot,,,5,754,Jim Jackson,1610612739.0,Cleveland,Cavaliers,CLE,0,0,,,,,,0,0,,,,,,0
0020000839,271,4,0,3,12:53 PM,10:53,,,Mihm REBOUND (Off:2 Def:2),,,5,2036,Chris Mihm,1610612739.0,Cleveland,Cavaliers,CLE,0,0,,,,,,0,0,,,,,,0
0020000839,270,2,4,3,12:53 PM,10:53,,,MISS Mihm  Tip Shot,,,5,2036,Chris Mihm,1610612739.0,Cleveland,Cavaliers,CLE,0,0,,,,,,0,0,,,,,,0
0020000839,273,4,0,3,12:53 PM,10:52,,,Mihm REBOUND (Off:3 Def:2),,,5,2036,Chris Mihm,1610612739.0,Cleveland,Cavaliers,CLE,0,0,,,,,,0,0,,,,,,0
0020000839,272,2,4,3,12:53 PM,10:52,,,MISS Mihm  Tip Shot,,,5,2036,Chris Mihm,1610612739.0,Cleveland,Cavaliers,CLE,0,0,,,,,,0,0,,,,,,0
0020000839,274,4,0,3,12:53 PM,10:50,Outlaw REBOUND (Off:3 Def:2),,,,,4,448,Bo Outlaw,1610612753.0,Orlando,Magic,ORL,0,0,,,,,,0,0,,,,,,0
0020000839,296,5,1,3,12:53 PM,10:48,Outlaw Bad Pass Turnover (P1.T6),,Jackson STEAL (1 STL),,,4,448,Bo Outlaw,1610612753.0,Orlando,Magic,ORL,5,754,Jim Jackson,1610612739.0,Cleveland,Cavaliers,CLE,0,0,,,,,,0
0020000839,275,6,1,3,12:53 PM,10:41,Miller P.FOUL (P3.T3),,,,,4,2034,Mike Miller,1610612753.0,Orlando,Magic,ORL,0,0,,,,,,1,0,,,,,,0
0020000839,276,6,1,3,12:54 PM,10:34,DeClercq P.FOUL (P2.T4),,,,,4,692,Andrew DeClercq,1610612753.0,Orlando,Magic,ORL,0,0,,,,,,1,0,,,,,,0
0020000839,277,2,1,3,12:54 PM,10:26,,,MISS Jackson 5' Jump Shot,,,5,754,Jim Jackson,1610612739.0,Cleveland,Cavaliers,CLE,0,0,,,,,,0,0,,,,,,0
0020000839,279,4,0,3,12:54 PM,10:24,,,Weatherspoon REBOUND (Off:4 Def:2),,,5,221,Clar. Weatherspoon,1610612739.0,Cleveland,Cavaliers,CLE,0,0,,,,,,0,0,,,,,,0
0020000839,278,2,4,3,12:54 PM,10:24,,,MISS Weatherspoon  Tip Shot,,,5,221,Clar. Weatherspoon,1610612739.0,Cleveland,Cavaliers,CLE,0,0,,,,,,0,0,,,,,,0
0020000839,280,4,0,3,12:54 PM,10:22,,,Jackson REBOUND (Off:1 Def:1),,,5,754,Jim Jackson,1610612739.0,Cleveland,Cavaliers,CLE,0,0,,,,,,0,0,,,,,,0
0020000839,281,1,1,3,12:54 PM,10:21,,,Jackson 7' Jump Shot (6 PTS),46 - 60,14,5,754,Jim Jackson,1610612739.0,Cleveland,Cavaliers,CLE,0,0,,,,,,0,0,,,,,,0
0020000839,282,1,5,3,12:54 PM,10:13,DeClercq  Layup (6 PTS) (Miller 1 AST),,,46 - 62,16,4,692,Andrew DeClercq,1610612753.0,Orlando,Magic,ORL,4,2034,Mike Miller,1610612753.0,Orlando,Magic,ORL,0,0,,,,,,0
0020000839,283,2,1,3,12:54 PM,10:04,,,MISS Jackson 6' Jump Shot,,,5,754,Jim Jackson,1610612739.0,Cleveland,Cavaliers,CLE,0,0,,,,,,0,0,,,,,,0
0020000839,284,4,0,3,12:54 PM,10:03,,,Cavaliers Rebound,,,3,1610612739,,,,,,0,0,,,,,,0,0,,,,,,0
0020000839,285,7,2,3,12:55 PM,9:59,MAGIC Violation: Def. Goaltending Violation,,,,,2,1610612753,,,,,,0,0,,,,,,1,0,,,,,,0
0020000839,286,6,2,3,12:55 PM,9:50,McGrady S.FOUL (P1.PN),,,,,4,1503,Tracy McGrady,1610612753.0,Orlando,Magic,ORL,0,0,,,,,,1,0,,,,,,0
0020000839,287,3,11,3,12:56 PM,9:50,,,Weatherspoon Free Throw 1 of 2 (4 PTS),47 - 62,15,5,221,Clar. Weatherspoon,1610612739.0,Cleveland,Cavaliers,CLE,0,0,,,,,,0,0,,,,,,0
0020000839,288,3,12,3,12:56 PM,9:50,,,Weatherspoon Free Throw 2 of 2 (5 PTS),48 - 62,14,5,221,Clar. Weatherspoon,1610612739.0,Cleveland,Cavaliers,CLE,0,0,,,,,,0,0,,,,,,0
0020000839,289,1,5,3,12:56 PM,9:43,Outlaw  Layup (6 PTS) (Miller 2 AST),,,48 - 64,16,4,448,Bo Outlaw,1610612753.0,Orlando,Magic,ORL,4,2034,Mike Miller,1610612753.0,Orlando,Magic,ORL,0,0,,,,,,0
0020000839,290,2,1,3,12:56 PM,9:25,,,MISS Harpring 18' Jump Shot,,,5,1723,Matt Harpring,1610612739.0,Cleveland,Cavaliers,CLE,0,0,,,,,,0,0,,,,,,0
0020000839,291,4,0,3,12:56 PM,9:23,DeClercq REBOUND (Off:1 Def:3),,,,,4,692,Andrew DeClercq,1610612753.0,Orlando,Magic,ORL,0,0,,,,,,0,0,,,,,,0
0020000839,292,5,1,3,12:57 PM,9:18,Armstrong Bad Pass Turnover (P3.T7),,Mihm STEAL (1 STL),,,4,353,Darrell Armstrong,1610612753.0,Orlando,Magic,ORL,5,2036,Chris Mihm,1610612739.0,Cleveland,Cavaliers,CLE,0,0,,,,,,0
0020000839,293,5,1,3,12:57 PM,9:04,DeClercq STEAL (2 STL),,Jackson Bad Pass Turnover (P1.T10),,,5,754,Jim Jackson,1610612739.0,Cleveland,Cavaliers,CLE,4,692,Andrew DeClercq,1610612753.0,Orlando,Magic,ORL,0,0,,,,,,0
0020000839,294,1,1,3,12:57 PM,8:59,Miller 25' 3PT Jump Shot (11 PTS) (Outlaw 4 AST),,,48 - 67,19,4,2034,Mike Miller,1610612753.0,Orlando,Magic,ORL,4,448,Bo Outlaw,1610612753.0,Orlando,Magic,ORL,0,0,,,,,,0
0020000839,295,9,1,3,12:57 PM,8:49,,,Cavaliers Timeout: Regular (Reg.3 Short 0),,,3,1610612739,,,,,,0,0,,,,,,0,0,,,,,,0
0020000839,300,2,46,3,1:00 PM,8:36,,,MISS Mihm 4' Running Jump Shot,,,5,2036,Chris Mihm,1610612739.0,Cleveland,Cavaliers,CLE,0,0,,,,,,0,0,,,,,,0
0020000839,301,4,0,3,1:00 PM,8:34,DeClercq REBOUND (Off:1 Def:4),,,,,4,692,Andrew DeClercq,1610612753.0,Orlando,Magic,ORL,0,0,,,,,,0,0,,,,,,0
0020000839,302,2,1,3,1:00 PM,8:28,MISS Miller 24' 3PT Jump Shot,,,,,4,2034,Mike Miller,1610612753.0,Orlando,Magic,ORL,0,0,,,,,,0,0,,,,,,0
0020000839,303,4,0,3,1:00 PM,8:26,,,Weatherspoon REBOUND (Off:4 Def:3),,,5,221,Clar. Weatherspoon,1610612739.0,Cleveland,Cavaliers,CLE,0,0,,,,,,0,0,,,,,,0
0020000839,304,2,46,3,1:00 PM,8:20,,,MISS Miller 9' Running Jump Shot,,,5,1889,Andre Miller,1610612739.0,Cleveland,Cavaliers,CLE,0,0,,,,,,0,0,,,,,,0
0020000839,305,4,0,3,1:00 PM,8:18,Outlaw REBOUND (Off:3 Def:3),,,,,4,448,Bo Outlaw,1610612753.0,Orlando,Magic,ORL,0,0,,,,,,0,0,,,,,,0
0020000839,306,1,1,3,1:00 PM,7:57,McGrady 25' 3PT Jump Shot (26 PTS) (Miller 3 AST),,,48 - 70,22,4,1503,Tracy McGrady,1610612753.0,Orlando,Magic,ORL,4,2034,Mike Miller,1610612753.0,Orlando,Magic,ORL,0,0,,,,,,0
0020000839,307,2,5,3,1:01 PM,7:33,McGrady BLOCK (1 BLK),,MISS Weatherspoon  Layup,,,5,221,Clar. Weatherspoon,1610612739.0,Cleveland,Cavaliers,CLE,0,0,,,,,,4,1503,Tracy McGrady,1610612753.0,Orlando,Magic,ORL,0
0020000839,308,4,0,3,1:01 PM,7:32,,,Cavaliers Rebound,,,3,1610612739,,,,,,0,0,,,,,,0,0,,,,,,0
0020000839,309,2,3,3,1:01 PM,7:29,,,MISS Mihm 5' Hook Shot,,,5,2036,Chris Mihm,1610612739.0,Cleveland,Cavaliers,CLE,0,0,,,,,,0,0,,,,,,0
0020000839,310,4,0,3,1:01 PM,7:27,DeClercq REBOUND (Off:1 Def:5),,,,,4,692,Andrew DeClercq,1610612753.0,Orlando,Magic,ORL,0,0,,,,,,0,0,,,,,,0
0020000839,311,2,1,3,1:01 PM,7:21,MISS Armstrong 25' 3PT Jump Shot,,,,,4,353,Darrell Armstrong,1610612753.0,Orlando,Magic,ORL,0,0,,,,,,0,0,,,,,,0
0020000839,312,4,0,3,1:01 PM,7:19,,,Jackson REBOUND (Off:1 Def:2),,,5,754,Jim Jackson,1610612739.0,Cleveland,Cavaliers,CLE,0,0,,,,,,0,0,,,,,,0
0020000839,313,6,2,3,1:01 PM,7:12,McGrady S.FOUL (P2.PN),,,,,4,1503,Tracy McGrady,1610612753.0,Orlando,Magic,ORL,0,0,,,,,,1,0,,,,,,0
0020000839,314,3,11,3,1:02 PM,7:12,,,MISS Jackson Free Throw 1 of 2,,,5,754,Jim Jackson,1610612739.0,Cleveland,Cavaliers,CLE,0,0,,,,,,0,0,,,,,,0
0020000839,315,4,1,3,1:02 PM,7:12,,,Cavaliers Rebound,,,3,1610612739,,,,,,0,0,,,,,,0,0,,,,,,0
0020000839,316,8,0,3,1:02 PM,7:12,,,SUB: Gatling FOR Mihm,,,5,2036,Chris Mihm,1610612739.0,Cleveland,Cavaliers,CLE,5,423,Chris Gatling,1610612739.0,Cleveland,Cavaliers,CLE,0,0,,,,,,0
0020000839,317,3,12,3,1:02 PM,7:12,,,Jackson Free Throw 2 of 2 (7 PTS),49 - 70,21,5,754,Jim Jackson,1610612739.0,Cleveland,Cavaliers,CLE,0,0,,,,,,0,0,,,,,,0
0020000839,318,6,4,3,1:02 PM,7:06,Outlaw OFF.Foul (P1),,,,,4,448,Bo Outlaw,1610612753.0,Orlando,Magic,ORL,0,0,,,,,,1,0,,,,,,0
0020000839,319,5,5,3,1:02 PM,7:06,Outlaw Foul Turnover (P2.T8),,,,,4,448,Bo Outlaw,1610612753.0,Orlando,Magic,ORL,0,0,,,,,,0,0,,,,,,0
0020000839,320,6,2,3,1:03 PM,6:47,DeClercq S.FOUL (P3.PN),,,,,4,692,Andrew DeClercq,1610612753.0,Orlando,Magic,ORL,0,0,,,,,,1,0,,,,,,0
0020000839,322,3,11,3,1:03 PM,6:47,,,MISS Weatherspoon Free Throw 1 of 2,,,5,221,Clar. Weatherspoon,1610612739.0,Cleveland,Cavaliers,CLE,0,0,,,,,,0,0,,,,,,0
0020000839,323,4,1,3,1:03 PM,6:47,,,Cavaliers Rebound,,,3,1610612739,,,,,,0,0,,,,,,0,0,,,,,,0
0020000839,324,3,12,3,1:03 PM,6:47,,,Weatherspoon Free Throw 2 of 2 (6 PTS),50 - 70,20,5,221,Clar. Weatherspoon,1610612739.0,Cleveland,Cavaliers,CLE,0,0,,,,,,0,0,,,,,,0
0020000839,327,6,2,3,1:04 PM,6:39,,,Harpring S.FOUL (P2.T1),,,5,1723,Matt Harpring,1610612739.0,Cleveland,Cavaliers,CLE,0,0,,,,,,1,0,,,,,,0
0020000839,328,3,11,3,1:04 PM,6:39,McGrady Free Throw 1 of 2 (27 PTS),,,50 - 71,21,4,1503,Tracy McGrady,1610612753.0,Orlando,Magic,ORL,0,0,,,,,,0,0,,,,,,0
0020000839,329,3,12,3,1:04 PM,6:39,McGrady Free Throw 2 of 2 (28 PTS),,,50 - 72,22,4,1503,Tracy McGrady,1610612753.0,Orlando,Magic,ORL,0,0,,,,,,0,0,,,,,,0
0020000839,330,6,2,3,1:05 PM,6:18,DeClercq S.FOUL (P4.PN),,,,,4,692,Andrew DeClercq,1610612753.0,Orlando,Magic,ORL,0,0,,,,,,1,0,,,,,,0
0020000839,331,3,11,3,1:05 PM,6:18,,,Miller Free Throw 1 of 2 (12 PTS),51 - 72,21,5,1889,Andre Miller,1610612739.0,Cleveland,Cavaliers,CLE,0,0,,,,,,0,0,,,,,,0
0020000839,333,8,0,3,1:05 PM,6:18,SUB: Doleac FOR DeClercq,,,,,4,692,Andrew DeClercq,1610612753.0,Orlando,Magic,ORL,4,1720,Michael Doleac,1610612753.0,Orlando,Magic,ORL,0,0,,,,,,0
0020000839,334,3,12,3,1:05 PM,6:18,,,Miller Free Throw 2 of 2 (13 PTS),52 - 72,20,5,1889,Andre Miller,1610612739.0,Cleveland,Cavaliers,CLE,0,0,,,,,,0,0,,,,,,0
0020000839,335,1,1,3,1:06 PM,6:10,McGrady 25' 3PT Jump Shot (31 PTS) (Armstrong 5 AST),,,52 - 75,23,4,1503,Tracy McGrady,1610612753.0,Orlando,Magic,ORL,4,353,Darrell Armstrong,1610612753.0,Orlando,Magic,ORL,0,0,,,,,,0
0020000839,336,5,1,3,1:06 PM,5:59,,,Gatling Bad Pass Turnover (P2.T11),,,5,423,Chris Gatling,1610612739.0,Cleveland,Cavaliers,CLE,0,0,,,,,,0,0,,,,,,0
0020000839,337,6,1,3,1:06 PM,5:55,,,Harpring P.FOUL (P3.T2),,,5,1723,Matt Harpring,1610612739.0,Cleveland,Cavaliers,CLE,0,0,,,,,,1,0,,,,,,0
0020000839,338,5,1,3,1:07 PM,5:43,Miller Bad Pass Turnover (P2.T9),,Jackson STEAL (2 STL),,,4,2034,Mike Miller,1610612753.0,Orlando,Magic,ORL,5,754,Jim Jackson,1610612739.0,Cleveland,Cavaliers,CLE,0,0,,,,,,0
0020000839,339,1,42,3,1:07 PM,5:33,,,Gatling  Driving Layup (12 PTS),54 - 75,21,5,423,Chris Gatling,1610612739.0,Cleveland,Cavaliers,CLE,0,0,,,,,,0,0,,,,,,0
0020000839,340,6,2,3,1:07 PM,5:33,Outlaw S.FOUL (P2.PN),,,,,4,448,Bo Outlaw,1610612753.0,Orlando,Magic,ORL,0,0,,,,,,1,0,,,,,,0
0020000839,341,8,0,3,1:07 PM,5:33,SUB: Williams FOR Miller,,,,,4,2034,Mike Miller,1610612753.0,Orlando,Magic,ORL,4,42,Monty Williams,1610612753.0,Orlando,Magic,ORL,0,0,,,,,,0
0020000839,342,3,10,3,1:07 PM,5:33,,,MISS Gatling Free Throw 1 of 1,,,5,423,Chris Gatling,1610612739.0,Cleveland,Cavaliers,CLE,0,0,,,,,,0,0,,,,,,0
0020000839,343,4,0,3,1:07 PM,5:32,Doleac REBOUND (Off:0 Def:1),,,,,4,1720,Michael Doleac,1610612753.0,Orlando,Magic,ORL,0,0,,,,,,0,0,,,,,,0
0020000839,344,6,2,3,1:08 PM,5:19,,,Jackson S.FOUL (P4.T3),,,5,754,Jim Jackson,1610612739.0,Cleveland,Cavaliers,CLE,0,0,,,,,,1,0,,,,,,0
0020000839,345,3,11,3,1:08 PM,5:19,Williams Free Throw 1 of 2 (11 PTS),,,54 - 76,22,4,42,Monty Williams,1610612753.0,Orlando,Magic,ORL,0,0,,,,,,0,0,,,,,,0
0020000839,346,3,12,3,1:08 PM,5:19,MISS Williams Free Throw 2 of 2,,,,,4,42,Monty Williams,1610612753.0,Orlando,Magic,ORL,0,0,,,,,,0,0,,,,,,0
0020000839,347,4,0,3,1:08 PM,5:18,,,Weatherspoon REBOUND (Off:4 Def:4),,,5,221,Clar. Weatherspoon,1610612739.0,Cleveland,Cavaliers,CLE,0,0,,,,,,0,0,,,,,,0
0020000839,348,2,1,3,1:08 PM,5:08,,,MISS Harpring 24' 3PT Jump Shot,,,5,1723,Matt Harpring,1610612739.0,Cleveland,Cavaliers,CLE,0,0,,,,,,0,0,,,,,,0
0020000839,349,4,0,3,1:08 PM,5:06,Armstrong REBOUND (Off:1 Def:4),,,,,4,353,Darrell Armstrong,1610612753.0,Orlando,Magic,ORL,0,0,,,,,,0,0,,,,,,0
0020000839,350,5,1,3,1:09 PM,4:51,McGrady Bad Pass Turnover (P1.T10),,Miller STEAL (1 STL),,,4,1503,Tracy McGrady,1610612753.0,Orlando,Magic,ORL,5,1889,Andre Miller,1610612739.0,Cleveland,Cavaliers,CLE,0,0,,,,,,0
0020000839,351,1,5,3,1:09 PM,4:46,,,Harpring  Layup (6 PTS) (Miller 4 AST),56 - 76,20,5,1723,Matt Harpring,1610612739.0,Cleveland,Cavaliers,CLE,5,1889,Andre Miller,1610612739.0,Cleveland,Cavaliers,CLE,0,0,,,,,,0
0020000839,352,2,1,3,1:09 PM,4:31,MISS McGrady 20' Jump Shot,,,,,4,1503,Tracy McGrady,1610612753.0,Orlando,Magic,ORL,0,0,,,,,,0,0,,,,,,0
0020000839,353,4,0,3,1:09 PM,4:29,,,Harpring REBOUND (Off:1 Def:1),,,5,1723,Matt Harpring,1610612739.0,Cleveland,Cavaliers,CLE,0,0,,,,,,0,0,,,,,,0
0020000839,354,2,1,3,1:09 PM,4:22,,,MISS Harpring 15' Jump Shot,,,5,1723,Matt Harpring,1610612739.0,Cleveland,Cavaliers,CLE,0,0,,,,,,0,0,,,,,,0
0020000839,355,4,0,3,1:09 PM,4:20,,,Gatling REBOUND (Off:2 Def:2),,,5,423,Chris Gatling,1610612739.0,Cleveland,Cavaliers,CLE,0,0,,,,,,0,0,,,,,,0
0020000839,356,5,2,3,1:09 PM,4:18,Doleac STEAL (2 STL),,Gatling Lost Ball Turnover (P3.T12),,,5,423,Chris Gatling,1610612739.0,Cleveland,Cavaliers,CLE,4,1720,Michael Doleac,1610612753.0,Orlando,Magic,ORL,0,0,,,,,,0
0020000839,357,2,5,3,1:10 PM,4:16,MISS Outlaw  Layup,,Miller BLOCK (1 BLK),,,4,448,Bo Outlaw,1610612753.0,Orlando,Magic,ORL,0,0,,,,,,5,1889,Andre Miller,1610612739.0,Cleveland,Cavaliers,CLE,0
0020000839,358,4,0,3,1:10 PM,4:15,MAGIC Rebound,,,,,2,1610612753,,,,,,0,0,,,,,,0,0,,,,,,0
0020000839,359,8,0,3,1:10 PM,4:15,,,SUB: Person FOR Harpring,,,5,1723,Matt Harpring,1610612739.0,Cleveland,Cavaliers,CLE,5,445,Wesley Person,1610612739.0,Cleveland,Cavaliers,CLE,0,0,,,,,,0
0020000839,360,1,7,3,1:10 PM,4:01,Outlaw  Dunk (8 PTS) (Armstrong 6 AST),,,56 - 78,22,4,448,Bo Outlaw,1610612753.0,Orlando,Magic,ORL,4,353,Darrell Armstrong,1610612753.0,Orlando,Magic,ORL,0,0,,,,,,0
0020000839,361,8,0,3,1:11 PM,3:41,,,SUB: Coles FOR Miller,,,5,1889,Andre Miller,1610612739.0,Cleveland,Cavaliers,CLE,5,902,Bimbo Coles,1610612739.0,Cleveland,Cavaliers,CLE,0,0,,,,,,0
0020000839,362,2,1,3,1:11 PM,3:39,,,MISS Gatling 12' Jump Shot,,,5,423,Chris Gatling,1610612739.0,Cleveland,Cavaliers,CLE,0,0,,,,,,0,0,,,,,,0
0020000839,363,4,0,3,1:11 PM,3:37,Outlaw REBOUND (Off:3 Def:4),,,,,4,448,Bo Outlaw,1610612753.0,Orlando,Magic,ORL,0,0,,,,,,0,0,,,,,,0
0020000839,364,2,1,3,1:11 PM,3:27,MISS Doleac 16' Jump Shot,,,,,4,1720,Michael Doleac,1610612753.0,Orlando,Magic,ORL,0,0,,,,,,0,0,,,,,,0
0020000839,365,4,0,3,1:11 PM,3:24,,,Cavaliers Rebound,,,3,1610612739,,,,,,0,0,,,,,,0,0,,,,,,0
0020000839,366,2,1,3,1:12 PM,3:04,,,MISS Coles 15' Jump Shot,,,5,902,Bimbo Coles,1610612739.0,Cleveland,Cavaliers,CLE,0,0,,,,,,0,0,,,,,,0
0020000839,368,4,0,3,1:12 PM,3:03,,,Weatherspoon REBOUND (Off:5 Def:4),,,5,221,Clar. Weatherspoon,1610612739.0,Cleveland,Cavaliers,CLE,0,0,,,,,,0,0,,,,,,0
0020000839,367,1,7,3,1:12 PM,3:03,,,Weatherspoon  Dunk (8 PTS),58 - 78,20,5,221,Clar. Weatherspoon,1610612739.0,Cleveland,Cavaliers,CLE,0,0,,,,,,0,0,,,,,,0
0020000839,369,2,1,3,1:12 PM,2:40,MISS Armstrong 24' 3PT Jump Shot,,,,,4,353,Darrell Armstrong,1610612753.0,Orlando,Magic,ORL,0,0,,,,,,0,0,,,,,,0
0020000839,371,4,0,3,1:12 PM,2:38,Outlaw REBOUND (Off:4 Def:4),,,,,4,448,Bo Outlaw,1610612753.0,Orlando,Magic,ORL,0,0,,,,,,0,0,,,,,,0
0020000839,370,2,4,3,1:12 PM,2:38,MISS Outlaw  Tip Shot,,,,,4,448,Bo Outlaw,1610612753.0,Orlando,Magic,ORL,0,0,,,,,,0,0,,,,,,0
0020000839,372,4,0,3,1:12 PM,2:37,,,Jackson REBOUND (Off:1 Def:3),,,5,754,Jim Jackson,1610612739.0,Cleveland,Cavaliers,CLE,0,0,,,,,,0,0,,,,,,0
0020000839,373,6,2,3,1:12 PM,2:28,Outlaw S.FOUL (P3.PN),,,,,4,448,Bo Outlaw,1610612753.0,Orlando,Magic,ORL,0,0,,,,,,1,0,,,,,,0
0020000839,374,9,1,3,1:13 PM,2:28,MAGIC Timeout: Regular (Full 3 Short 0),,,,,2,1610612753,,,,,,0,0,,,,,,0,0,,,,,,0
0020000839,376,8,0,3,1:14 PM,2:28,,,SUB: Murray FOR Weatherspoon,,,5,221,Clar. Weatherspoon,1610612739.0,Cleveland,Cavaliers,CLE,5,441,Lamond Murray,1610612739.0,Cleveland,Cavaliers,CLE,0,0,,,,,,0
0020000839,377,8,0,3,1:15 PM,2:28,SUB: Hudson FOR Armstrong,,,,,4,353,Darrell Armstrong,1610612753.0,Orlando,Magic,ORL,4,1607,Troy Hudson,1610612753.0,Orlando,Magic,ORL,0,0,,,,,,0
0020000839,378,3,11,3,1:15 PM,2:28,,,Gatling Free Throw 1 of 2 (13 PTS),59 - 78,19,5,423,Chris Gatling,1610612739.0,Cleveland,Cavaliers,CLE,0,0,,,,,,0,0,,,,,,0
0020000839,379,3,12,3,1:15 PM,2:28,,,Gatling Free Throw 2 of 2 (14 PTS),60 - 78,18,5,423,Chris Gatling,1610612739.0,Cleveland,Cavaliers,CLE,0,0,,,,,,0,0,,,,,,0
0020000839,380,1,50,3,1:16 PM,2:23,McGrady  Running Dunk (33 PTS) (Williams 2 AST),,,60 - 80,20,4,1503,Tracy McGrady,1610612753.0,Orlando,Magic,ORL,4,42,Monty Williams,1610612753.0,Orlando,Magic,ORL,0,0,,,,,,0
0020000839,381,6,2,3,1:16 PM,2:23,,,Gatling S.FOUL (P2.T4),,,5,423,Chris Gatling,1610612739.0,Cleveland,Cavaliers,CLE,0,0,,,,,,1,0,,,,,,0
0020000839,382,3,10,3,1:16 PM,2:23,McGrady Free Throw 1 of 1 (34 PTS),,,60 - 81,21,4,1503,Tracy McGrady,1610612753.0,Orlando,Magic,ORL,0,0,,,,,,0,0,,,,,,0
0020000839,383,2,1,3,1:16 PM,2:11,,,MISS Coles 14' Jump Shot,,,5,902,Bimbo Coles,1610612739.0,Cleveland,Cavaliers,CLE,0,0,,,,,,0,0,,,,,,0
0020000839,384,4,0,3,1:16 PM,2:09,Doleac REBOUND (Off:0 Def:2),,,,,4,1720,Michael Doleac,1610612753.0,Orlando,Magic,ORL,0,0,,,,,,0,0,,,,,,0
0020000839,385,1,1,3,1:17 PM,1:53,Outlaw 9' Jump Shot (10 PTS) (McGrady 4 AST),,,60 - 83,23,4,448,Bo Outlaw,1610612753.0,Orlando,Magic,ORL,4,1503,Tracy McGrady,1610612753.0,Orlando,Magic,ORL,0,0,,,,,,0
0020000839,386,5,1,3,1:17 PM,1:41,Williams STEAL (1 STL),,Coles Bad Pass Turnover (P2.T13),,,5,902,Bimbo Coles,1610612739.0,Cleveland,Cavaliers,CLE,4,42,Monty Williams,1610612753.0,Orlando,Magic,ORL,0,0,,,,,,0
0020000839,388,6,15,3,1:17 PM,1:37,,,Gatling FLAGRANT.FOUL.TYPE2 (P3.PN),,,5,423,Chris Gatling,1610612739.0,Cleveland,Cavaliers,CLE,0,0,,,,,,1,0,,,,,,0
0020000839,389,3,18,3,1:18 PM,1:37,MISS Williams Free Throw Flagrant 1 of 2,,,,,4,42,Monty Williams,1610612753.0,Orlando,Magic,ORL,0,0,,,,,,0,0,,,,,,0
0020000839,390,4,1,3,1:18 PM,1:37,MAGIC Rebound,,,,,2,1610612753,,,,,,0,0,,,,,,0,0,,,,,,0
0020000839,391,3,19,3,1:18 PM,1:37,MISS Williams Free Throw Flagrant 2 of 2,,,,,4,42,Monty Williams,1610612753.0,Orlando,Magic,ORL,0,0,,,,,,0,0,,,,,,0
0020000839,392,4,1,3,1:18 PM,1:37,MAGIC Rebound,,,,,2,1610612753,,,,,,0,0,,,,,,0,0,,,,,,0
0020000839,393,11,3,3,1:18 PM,1:37,,,Gatling Ejection:First Flagrant Type 2,,,5,423,Chris Gatling,1610612739.0,Cleveland,Cavaliers,CLE,0,0,,,,,,1,0,,,,,,0
0020000839,394,8,0,3,1:18 PM,1:37,,,SUB: Traylor FOR Gatling,,,5,423,Chris Gatling,1610612739.0,Cleveland,Cavaliers,CLE,5,1714,Robert Traylor,1610612739.0,Cleveland,Cavaliers,CLE,0,0,,,,,,0
0020000839,395,2,1,3,1:18 PM,1:31,MISS McGrady 18' Jump Shot,,,,,4,1503,Tracy McGrady,1610612753.0,Orlando,Magic,ORL,0,0,,,,,,0,0,,,,,,0
0020000839,396,4,0,3,1:19 PM,1:29,,,Person REBOUND (Off:0 Def:3),,,5,445,Wesley Person,1610612739.0,Cleveland,Cavaliers,CLE,0,0,,,,,,0,0,,,,,,0
0020000839,397,5,2,3,1:19 PM,1:17,Outlaw STEAL (3 STL),,Traylor Lost Ball Turnover (P3.T14),,,5,1714,Robert Traylor,1610612739.0,Cleveland,Cavaliers,CLE,4,448,Bo Outlaw,1610612753.0,Orlando,Magic,ORL,0,0,,,,,,0
0020000839,398,1,42,3,1:19 PM,1:12,Williams  Driving Layup (13 PTS) (McGrady 5 AST),,,60 - 85,25,4,42,Monty Williams,1610612753.0,Orlando,Magic,ORL,4,1503,Tracy McGrady,1610612753.0,Orlando,Magic,ORL,0,0,,,,,,0
0020000839,399,2,1,3,1:19 PM,0:58,,,MISS Person 14' Jump Shot,,,5,445,Wesley Person,1610612739.0,Cleveland,Cavaliers,CLE,0,0,,,,,,0,0,,,,,,0
0020000839,400,4,0,3,1:19 PM,0:57,Outlaw REBOUND (Off:4 Def:5),,,,,4,448,Bo Outlaw,1610612753.0,Orlando,Magic,ORL,0,0,,,,,,0,0,,,,,,0
0020000839,401,6,1,3,1:19 PM,0:56,,,Traylor P.FOUL (P2.PN),,,5,1714,Robert Traylor,1610612739.0,Cleveland,Cavaliers,CLE,0,0,,,,,,1,0,,,,,,0
0020000839,402,8,0,3,1:20 PM,0:56,SUB: DeClercq FOR Outlaw,,,,,4,448,Bo Outlaw,1610612753.0,Orlando,Magic,ORL,4,692,Andrew DeClercq,1610612753.0,Orlando,Magic,ORL,0,0,,,,,,0
0020000839,403,9,1,3,1:20 PM,0:56,MAGIC Timeout: Regular (Full 4 Short 0),,,,,2,1610612753,,,,,,0,0,,,,,,0,0,,,,,,0
0020000839,407,3,11,3,1:22 PM,0:56,DeClercq Free Throw 1 of 2 (7 PTS),,,60 - 86,26,4,692,Andrew DeClercq,1610612753.0,Orlando,Magic,ORL,0,0,,,,,,0,0,,,,,,0
0020000839,408,3,12,3,1:22 PM,0:56,MISS DeClercq Free Throw 2 of 2,,,,,4,692,Andrew DeClercq,1610612753.0,Orlando,Magic,ORL,0,0,,,,,,0,0,,,,,,0
0020000839,409,4,0,3,1:22 PM,0:56,,,Murray REBOUND (Off:0 Def:3),,,5,441,Lamond Murray,1610612739.0,Cleveland,Cavaliers,CLE,0,0,,,,,,0,0,,,,,,0
0020000839,411,5,11,3,1:23 PM,0:32,,,Cavaliers Turnover: Shot Clock (T#15),,,3,1610612739,,,,,,0,0,,,,,,0,0,,,,,,0
0020000839,412,2,1,3,1:23 PM,0:12,MISS Doleac 13' Jump Shot,,,,,4,1720,Michael Doleac,1610612753.0,Orlando,Magic,ORL,0,0,,,,,,0,0,,,,,,0
0020000839,413,4,0,3,1:24 PM,0:10,McGrady REBOUND (Off:5 Def:1),,,,,4,1503,Tracy McGrady,1610612753.0,Orlando,Magic,ORL,0,0,,,,,,0,0,,,,,,0
0020000839,414,1,1,3,1:24 PM,0:10,McGrady 3' Jump Shot (36 PTS),,,60 - 88,28,4,1503,Tracy McGrady,1610612753.0,Orlando,Magic,ORL,0,0,,,,,,0,0,,,,,,0
0020000839,415,2,42,3,1:24 PM,0:04,,,MISS Jackson  Driving Layup,,,5,754,Jim Jackson,1610612739.0,Cleveland,Cavaliers,CLE,0,0,,,,,,0,0,,,,,,0
0020000839,416,4,0,3,1:24 PM,0:03,DeClercq REBOUND (Off:1 Def:6),,,,,4,692,Andrew DeClercq,1610612753.0,Orlando,Magic,ORL,0,0,,,,,,0,0,,,,,,0
0020000839,417,2,1,3,1:24 PM,0:00,MISS Hudson 23' Jump Shot,,,,,4,1607,Troy Hudson,1610612753.0,Orlando,Magic,ORL,0,0,,,,,,0,0,,,,,,0
0020000839,418,4,0,3,1:24 PM,0:00,MAGIC Rebound,,,,,2,1610612753,,,,,,0,0,,,,,,0,0,,,,,,0
0020000839,419,13,0,3,1:24 PM,0:00,,,,60 - 88,28,0,0,,,,,,0,0,,,,,,0,0,,,,,,0
0020000839,421,12,0,4,1:26 PM,12:00,,,,60 - 88,28,0,0,,,,,,0,0,,,,,,0,0,,,,,,0
0020000839,422,1,46,4,1:27 PM,11:45,Amaechi 7' Running Jump Shot (7 PTS),,,60 - 90,30,4,680,John Amaechi,1610612753.0,Orlando,Magic,ORL,0,0,,,,,,0,0,,,,,,0
0020000839,423,6,2,4,1:27 PM,11:45,,,Mihm S.FOUL (P4.T1),,,5,2036,Chris Mihm,1610612739.0,Cleveland,Cavaliers,CLE,0,0,,,,,,1,0,,,,,,0
0020000839,424,3,10,4,1:27 PM,11:45,Amaechi Free Throw 1 of 1 (8 PTS),,,60 - 91,31,4,680,John Amaechi,1610612753.0,Orlando,Magic,ORL,0,0,,,,,,0,0,,,,,,0
0020000839,425,1,1,4,1:27 PM,11:34,,,Murray 20' Jump Shot (4 PTS) (Coles 3 AST),62 - 91,29,5,441,Lamond Murray,1610612739.0,Cleveland,Cavaliers,CLE,5,902,Bimbo Coles,1610612739.0,Cleveland,Cavaliers,CLE,0,0,,,,,,0
0020000839,426,2,5,4,1:28 PM,11:15,MISS Williams  Layup,,,,,4,42,Monty Williams,1610612753.0,Orlando,Magic,ORL,0,0,,,,,,0,0,,,,,,0
0020000839,428,4,0,4,1:28 PM,11:12,Reid REBOUND (Off:3 Def:3),,,,,4,690,Don Reid,1610612753.0,Orlando,Magic,ORL,0,0,,,,,,0,0,,,,,,0
0020000839,427,1,4,4,1:28 PM,11:12,Reid  Tip Shot (2 PTS),,,62 - 93,31,4,690,Don Reid,1610612753.0,Orlando,Magic,ORL,0,0,,,,,,0,0,,,,,,0
0020000839,429,2,1,4,1:28 PM,10:52,,,MISS Person 18' Jump Shot,,,5,445,Wesley Person,1610612739.0,Cleveland,Cavaliers,CLE,0,0,,,,,,0,0,,,,,,0
0020000839,430,4,0,4,1:28 PM,10:50,Amaechi REBOUND (Off:1 Def:2),,,,,4,680,John Amaechi,1610612753.0,Orlando,Magic,ORL,0,0,,,,,,0,0,,,,,,0
0020000839,431,5,1,4,1:28 PM,10:40,Amaechi Bad Pass Turnover (P1.T11),,,,,4,680,John Amaechi,1610612753.0,Orlando,Magic,ORL,0,0,,,,,,0,0,,,,,,0
0020000839,432,1,1,4,1:29 PM,10:25,,,Person 15' Jump Shot (6 PTS) (Murray 2 AST),64 - 93,29,5,445,Wesley Person,1610612739.0,Cleveland,Cavaliers,CLE,5,441,Lamond Murray,1610612739.0,Cleveland,Cavaliers,CLE,0,0,,,,,,0
0020000839,433,5,1,4,1:29 PM,10:14,Reid Bad Pass Turnover (P2.T12),,,,,4,690,Don Reid,1610612753.0,Orlando,Magic,ORL,0,0,,,,,,0,0,,,,,,0
0020000839,435,5,2,4,1:29 PM,10:11,Hudson STEAL (1 STL),,Coles Lost Ball Turnover (P3.T16),,,5,902,Bimbo Coles,1610612739.0,Cleveland,Cavaliers,CLE,4,1607,Troy Hudson,1610612753.0,Orlando,Magic,ORL,0,0,,,,,,0
0020000839,436,6,3,4,1:29 PM,10:10,,,Coles L.B.FOUL (P3.T2),,,5,902,Bimbo Coles,1610612739.0,Cleveland,Cavaliers,CLE,0,0,,,,,,1,0,,,,,,0
0020000839,437,6,1,4,1:30 PM,9:55,,,Traylor P.FOUL (P3.T3),,,5,1714,Robert Traylor,1610612739.0,Cleveland,Cavaliers,CLE,0,0,,,,,,1,0,,,,,,0
0020000839,438,7,1,4,1:30 PM,9:55,,,Cavaliers Violation: Delay of game Violation,,,3,1610612739,,,,,,0,0,,,,,,1,0,,,,,,0
0020000839,439,8,0,4,1:30 PM,9:55,,,SUB: Weatherspoon FOR Traylor,,,5,1714,Robert Traylor,1610612739.0,Cleveland,Cavaliers,CLE,5,221,Clar. Weatherspoon,1610612739.0,Cleveland,Cavaliers,CLE,0,0,,,,,,0
0020000839,440,2,1,4,1:30 PM,9:45,MISS Hudson  3PT Jump Shot,,,,,4,1607,Troy Hudson,1610612753.0,Orlando,Magic,ORL,0,0,,,,,,0,0,,,,,,0
0020000839,441,4,0,4,1:31 PM,9:43,,,Coles REBOUND (Off:0 Def:1),,,5,902,Bimbo Coles,1610612739.0,Cleveland,Cavaliers,CLE,0,0,,,,,,0,0,,,,,,0
0020000839,442,6,2,4,1:31 PM,9:30,Reid S.FOUL (P2.T1),,,,,4,690,Don Reid,1610612753.0,Orlando,Magic,ORL,0,0,,,,,,1,0,,,,,,0
0020000839,443,8,0,4,1:31 PM,9:30,,,SUB: Henderson FOR Murray,,,5,441,Lamond Murray,1610612739.0,Cleveland,Cavaliers,CLE,5,1538,Cedric Henderson,1610612739.0,Cleveland,Cavaliers,CLE,0,0,,,,,,0
0020000839,444,3,11,4,1:31 PM,9:30,,,MISS Mihm Free Throw 1 of 2,,,5,2036,Chris Mihm,1610612739.0,Cleveland,Cavaliers,CLE,0,0,,,,,,0,0,,,,,,0
0020000839,445,4,1,4,1:31 PM,9:30,,,Cavaliers Rebound,,,3,1610612739,,,,,,0,0,,,,,,0,0,,,,,,0
0020000839,446,3,12,4,1:31 PM,9:30,,,Mihm Free Throw 2 of 2 (3 PTS),65 - 93,28,5,2036,Chris Mihm,1610612739.0,Cleveland,Cavaliers,CLE,0,0,,,,,,0,0,,,,,,0
0020000839,447,1,42,4,1:32 PM,9:14,Amaechi  Driving Layup (10 PTS),,,65 - 95,30,4,680,John Amaechi,1610612753.0,Orlando,Magic,ORL,0,0,,,,,,0,0,,,,,,0
0020000839,448,6,2,4,1:32 PM,9:14,,,Mihm S.FOUL (P5.T4),,,5,2036,Chris Mihm,1610612739.0,Cleveland,Cavaliers,CLE,0,0,,,,,,1,0,,,,,,0
0020000839,449,3,10,4,1:32 PM,9:14,Amaechi Free Throw 1 of 1 (11 PTS),,,65 - 96,31,4,680,John Amaechi,1610612753.0,Orlando,Magic,ORL,0,0,,,,,,0,0,,,,,,0
0020000839,450,6,2,4,1:32 PM,9:03,Amaechi S.FOUL (P2.T2),,,,,4,680,John Amaechi,1610612753.0,Orlando,Magic,ORL,0,0,,,,,,1,0,,,,,,0
0020000839,451,3,11,4,1:32 PM,9:03,,,Weatherspoon Free Throw 1 of 2 (9 PTS),66 - 96,30,5,221,Clar. Weatherspoon,1610612739.0,Cleveland,Cavaliers,CLE,0,0,,,,,,0,0,,,,,,0
0020000839,452,3,12,4,1:33 PM,9:03,,,Weatherspoon Free Throw 2 of 2 (10 PTS),67 - 96,29,5,221,Clar. Weatherspoon,1610612739.0,Cleveland,Cavaliers,CLE,0,0,,,,,,0,0,,,,,,0
0020000839,453,6,1,4,1:33 PM,8:51,,,Coles P.FOUL (P4.PN),,,5,902,Bimbo Coles,1610612739.0,Cleveland,Cavaliers,CLE,0,0,,,,,,1,0,,,,,,0
0020000839,455,6,11,4,1:33 PM,8:51,,,Coles T.FOUL (P4.PN),,,5,902,Bimbo Coles,1610612739.0,Cleveland,Cavaliers,CLE,0,0,,,,,,1,0,,,,,,0
0020000839,456,6,11,4,1:34 PM,8:51,,,Coles T.FOUL (P4.PN),,,5,902,Bimbo Coles,1610612739.0,Cleveland,Cavaliers,CLE,0,0,,,,,,1,0,,,,,,0
0020000839,457,11,1,4,1:34 PM,8:51,,,Coles Ejection:Second Technical,,,5,902,Bimbo Coles,1610612739.0,Cleveland,Cavaliers,CLE,0,0,,,,,,1,0,,,,,,0
0020000839,458,8,0,4,1:34 PM,8:51,,,SUB: Miller FOR Coles,,,5,902,Bimbo Coles,1610612739.0,Cleveland,Cavaliers,CLE,5,1889,Andre Miller,1610612739.0,Cleveland,Cavaliers,CLE,0,0,,,,,,0
0020000839,459,9,4,4,1:34 PM,8:51,,,,,,1,0,,,,,,0,0,,,,,,0,0,,,,,,0
0020000839,462,3,16,4,1:36 PM,8:51,Hudson Free Throw Technical (1 PTS),,,67 - 97,30,4,1607,Troy Hudson,1610612753.0,Orlando,Magic,ORL,0,0,,,,,,0,0,,,,,,0
0020000839,463,3,16,4,1:36 PM,8:51,Hudson Free Throw Technical (2 PTS),,,67 - 98,31,4,1607,Troy Hudson,1610612753.0,Orlando,Magic,ORL,0,0,,,,,,0,0,,,,,,0
0020000839,464,3,11,4,1:36 PM,8:51,Hudson Free Throw 1 of 2 (3 PTS),,,67 - 99,32,4,1607,Troy Hudson,1610612753.0,Orlando,Magic,ORL,0,0,,,,,,0,0,,,,,,0
0020000839,465,3,12,4,1:36 PM,8:51,Hudson Free Throw 2 of 2 (4 PTS),,,67 - 100,33,4,1607,Troy Hudson,1610612753.0,Orlando,Magic,ORL,0,0,,,,,,0,0,,,,,,0
0020000839,467,6,1,4,1:37 PM,8:39,Reid P.FOUL (P3.T3),,,,,4,690,Don Reid,1610612753.0,Orlando,Magic,ORL,0,0,,,,,,1,0,,,,,,0
0020000839,468,2,1,4,1:37 PM,8:32,,,MISS Mihm 17' Jump Shot,,,5,2036,Chris Mihm,1610612739.0,Cleveland,Cavaliers,CLE,0,0,,,,,,0,0,,,,,,0
0020000839,469,4,0,4,1:37 PM,8:30,Williams REBOUND (Off:0 Def:1),,,,,4,42,Monty Williams,1610612753.0,Orlando,Magic,ORL,0,0,,,,,,0,0,,,,,,0
0020000839,470,5,2,4,1:38 PM,8:18,Amaechi Lost Ball Turnover (P2.T13),,Mihm STEAL (2 STL),,,4,680,John Amaechi,1610612753.0,Orlando,Magic,ORL,5,2036,Chris Mihm,1610612739.0,Cleveland,Cavaliers,CLE,0,0,,,,,,0
0020000839,471,2,58,4,1:38 PM,8:02,,,MISS Mihm 4' Turnaround Hook Shot,,,5,2036,Chris Mihm,1610612739.0,Cleveland,Cavaliers,CLE,0,0,,,,,,0,0,,,,,,0
0020000839,472,4,0,4,1:38 PM,8:00,Reid REBOUND (Off:3 Def:4),,,,,4,690,Don Reid,1610612753.0,Orlando,Magic,ORL,0,0,,,,,,0,0,,,,,,0
0020000839,473,6,1,4,1:38 PM,7:50,,,Weatherspoon P.FOUL (P1.PN),,,5,221,Clar. Weatherspoon,1610612739.0,Cleveland,Cavaliers,CLE,0,0,,,,,,1,0,,,,,,0
0020000839,474,8,0,4,1:38 PM,7:50,,,SUB: Traylor FOR Weatherspoon,,,5,221,Clar. Weatherspoon,1610612739.0,Cleveland,Cavaliers,CLE,5,1714,Robert Traylor,1610612739.0,Cleveland,Cavaliers,CLE,0,0,,,,,,0
0020000839,475,8,0,4,1:38 PM,7:50,SUB: Alexander FOR Miller,,,,,4,2034,Mike Miller,1610612753.0,Orlando,Magic,ORL,4,724,Cory Alexander,1610612753.0,Orlando,Magic,ORL,0,0,,,,,,0
0020000839,476,3,11,4,1:38 PM,7:50,MISS Amaechi Free Throw 1 of 2,,,,,4,680,John Amaechi,1610612753.0,Orlando,Magic,ORL,0,0,,,,,,0,0,,,,,,0
0020000839,477,4,1,4,1:38 PM,7:50,MAGIC Rebound,,,,,2,1610612753,,,,,,0,0,,,,,,0,0,,,,,,0
0020000839,478,3,12,4,1:39 PM,7:50,Amaechi Free Throw 2 of 2 (12 PTS),,,67 - 101,34,4,680,John Amaechi,1610612753.0,Orlando,Magic,ORL,0,0,,,,,,0,0,,,,,,0
0020000839,479,2,44,4,1:39 PM,7:37,,,MISS Person  Reverse Layup,,,5,445,Wesley Person,1610612739.0,Cleveland,Cavaliers,CLE,0,0,,,,,,0,0,,,,,,0
0020000839,480,4,0,4,1:39 PM,7:35,,,Traylor REBOUND (Off:1 Def:0),,,5,1714,Robert Traylor,1610612739.0,Cleveland,Cavaliers,CLE,0,0,,,,,,0,0,,,,,,0
0020000839,481,6,1,4,1:39 PM,7:34,Reid P.FOUL (P4.T4),,,,,4,690,Don Reid,1610612753.0,Orlando,Magic,ORL,0,0,,,,,,1,0,,,,,,0
0020000839,482,1,1,4,1:40 PM,7:30,,,Person 12' Jump Shot (8 PTS) (Miller 5 AST),69 - 101,32,5,445,Wesley Person,1610612739.0,Cleveland,Cavaliers,CLE,5,1889,Andre Miller,1610612739.0,Cleveland,Cavaliers,CLE,0,0,,,,,,0
0020000839,483,6,1,4,1:40 PM,7:15,,,Miller P.FOUL (P2.PN),,,5,1889,Andre Miller,1610612739.0,Cleveland,Cavaliers,CLE,0,0,,,,,,1,0,,,,,,0
0020000839,484,3,11,4,1:40 PM,7:15,MISS Amaechi Free Throw 1 of 2,,,,,4,680,John Amaechi,1610612753.0,Orlando,Magic,ORL,0,0,,,,,,0,0,,,,,,0
0020000839,485,4,1,4,1:40 PM,7:15,MAGIC Rebound,,,,,2,1610612753,,,,,,0,0,,,,,,0,0,,,,,,0
0020000839,486,3,12,4,1:40 PM,7:15,MISS Amaechi Free Throw 2 of 2,,,,,4,680,John Amaechi,1610612753.0,Orlando,Magic,ORL,0,0,,,,,,0,0,,,,,,0
0020000839,487,4,0,4,1:40 PM,7:14,,,Person REBOUND (Off:0 Def:4),,,5,445,Wesley Person,1610612739.0,Cleveland,Cavaliers,CLE,0,0,,,,,,0,0,,,,,,0
0020000839,488,1,42,4,1:40 PM,7:03,,,Miller  Driving Layup (15 PTS),71 - 101,30,5,1889,Andre Miller,1610612739.0,Cleveland,Cavaliers,CLE,0,0,,,,,,0,0,,,,,,0
0020000839,489,1,1,4,1:41 PM,6:49,Amaechi 19' Jump Shot (14 PTS) (Hudson 2 AST),,,71 - 103,32,4,680,John Amaechi,1610612753.0,Orlando,Magic,ORL,4,1607,Troy Hudson,1610612753.0,Orlando,Magic,ORL,0,0,,,,,,0
0020000839,490,5,2,4,1:41 PM,6:42,Alexander STEAL (1 STL),,Miller Lost Ball Turnover (P3.T17),,,5,1889,Andre Miller,1610612739.0,Cleveland,Cavaliers,CLE,4,724,Cory Alexander,1610612753.0,Orlando,Magic,ORL,0,0,,,,,,0
0020000839,491,6,1,4,1:41 PM,6:40,,,Miller P.FOUL (P3.PN),,,5,1889,Andre Miller,1610612739.0,Cleveland,Cavaliers,CLE,0,0,,,,,,1,0,,,,,,0
0020000839,492,3,11,4,1:41 PM,6:40,Alexander Free Throw 1 of 2 (1 PTS),,,71 - 104,33,4,724,Cory Alexander,1610612753.0,Orlando,Magic,ORL,0,0,,,,,,0,0,,,,,,0
0020000839,493,3,12,4,1:41 PM,6:40,Alexander Free Throw 2 of 2 (2 PTS),,,71 - 105,34,4,724,Cory Alexander,1610612753.0,Orlando,Magic,ORL,0,0,,,,,,0,0,,,,,,0
0020000839,494,2,47,4,1:42 PM,6:24,,,MISS Traylor 13' Turnaround Jump Shot,,,5,1714,Robert Traylor,1610612739.0,Cleveland,Cavaliers,CLE,0,0,,,,,,0,0,,,,,,0
0020000839,495,4,0,4,1:42 PM,6:22,Williams REBOUND (Off:0 Def:2),,,,,4,42,Monty Williams,1610612753.0,Orlando,Magic,ORL,0,0,,,,,,0,0,,,,,,0
0020000839,496,6,2,4,1:42 PM,6:13,,,Henderson S.FOUL (P1.PN),,,5,1538,Cedric Henderson,1610612739.0,Cleveland,Cavaliers,CLE,0,0,,,,,,1,0,,,,,,0
0020000839,497,3,11,4,1:42 PM,6:13,Amaechi Free Throw 1 of 2 (15 PTS),,,71 - 106,35,4,680,John Amaechi,1610612753.0,Orlando,Magic,ORL,0,0,,,,,,0,0,,,,,,0
0020000839,498,3,12,4,1:42 PM,6:13,Amaechi Free Throw 2 of 2 (16 PTS),,,71 - 107,36,4,680,John Amaechi,1610612753.0,Orlando,Magic,ORL,0,0,,,,,,0,0,,,,,,0
0020000839,499,1,1,4,1:43 PM,6:02,,,Person 16' Jump Shot (10 PTS) (Miller 6 AST),73 - 107,34,5,445,Wesley Person,1610612739.0,Cleveland,Cavaliers,CLE,5,1889,Andre Miller,1610612739.0,Cleveland,Cavaliers,CLE,0,0,,,,,,0
0020000839,500,5,1,4,1:43 PM,5:53,Reid Bad Pass Turnover (P3.T14),,,,,4,690,Don Reid,1610612753.0,Orlando,Magic,ORL,0,0,,,,,,0,0,,,,,,0
0020000839,501,9,1,4,1:43 PM,5:53,MAGIC Timeout: Regular (Full 5 Short 0),,,,,2,1610612753,,,,,,0,0,,,,,,0,0,,,,,,0
0020000839,503,8,0,4,1:45 PM,5:53,SUB: Doleac FOR Amaechi,,,,,4,680,John Amaechi,1610612753.0,Orlando,Magic,ORL,4,1720,Michael Doleac,1610612753.0,Orlando,Magic,ORL,0,0,,,,,,0
0020000839,505,1,1,4,1:46 PM,5:40,,,Person 17' Jump Shot (12 PTS) (Miller 7 AST),75 - 107,32,5,445,Wesley Person,1610612739.0,Cleveland,Cavaliers,CLE,5,1889,Andre Miller,1610612739.0,Cleveland,Cavaliers,CLE,0,0,,,,,,0
0020000839,506,1,5,4,1:46 PM,5:22,Williams  Layup (15 PTS) (Reid 1 AST),,,75 - 109,34,4,42,Monty Williams,1610612753.0,Orlando,Magic,ORL,4,690,Don Reid,1610612753.0,Orlando,Magic,ORL,0,0,,,,,,0
0020000839,507,6,17,4,1:46 PM,5:05,MAGIC Foul,,,,,2,1610612753,,,,,,0,0,,,,,,1,0,,,,,,0
0020000839,508,3,16,4,1:46 PM,5:05,,,Miller Free Throw Technical (16 PTS),76 - 109,33,5,1889,Andre Miller,1610612739.0,Cleveland,Cavaliers,CLE,0,0,,,,,,0,0,,,,,,0
0020000839,509,6,2,4,1:47 PM,4:59,Alexander S.FOUL (P1.PN),,,,,4,724,Cory Alexander,1610612753.0,Orlando,Magic,ORL,0,0,,,,,,1,0,,,,,,0
0020000839,510,3,11,4,1:47 PM,4:59,,,Mihm Free Throw 1 of 2 (4 PTS),77 - 109,32,5,2036,Chris Mihm,1610612739.0,Cleveland,Cavaliers,CLE,0,0,,,,,,0,0,,,,,,0
0020000839,511,3,12,4,1:47 PM,4:59,,,MISS Mihm Free Throw 2 of 2,,,5,2036,Chris Mihm,1610612739.0,Cleveland,Cavaliers,CLE,0,0,,,,,,0,0,,,,,,0
0020000839,512,4,0,4,1:47 PM,4:58,Alexander REBOUND (Off:0 Def:1),,,,,4,724,Cory Alexander,1610612753.0,Orlando,Magic,ORL,0,0,,,,,,0,0,,,,,,0
0020000839,513,1,1,4,1:48 PM,4:47,Alexander 24' 3PT Jump Shot (5 PTS) (Williams 3 AST),,,77 - 112,35,4,724,Cory Alexander,1610612753.0,Orlando,Magic,ORL,4,42,Monty Williams,1610612753.0,Orlando,Magic,ORL,0,0,,,,,,0
0020000839,514,2,3,4,1:48 PM,4:27,,,MISS Traylor 5' Hook Shot,,,5,1714,Robert Traylor,1610612739.0,Cleveland,Cavaliers,CLE,0,0,,,,,,0,0,,,,,,0
0020000839,515,4,0,4,1:48 PM,4:25,,,Cavaliers Rebound,,,3,1610612739,,,,,,0,0,,,,,,0,0,,,,,,0
0020000839,516,8,0,4,1:48 PM,4:25,,,SUB: Langdon FOR Person,,,5,445,Wesley Person,1610612739.0,Cleveland,Cavaliers,CLE,5,1892,Trajan Langdon,1610612739.0,Cleveland,Cavaliers,CLE,0,0,,,,,,0
0020000839,517,1,5,4,1:49 PM,4:18,,,Miller  Layup (18 PTS) (Mihm 1 AST),79 - 112,33,5,1889,Andre Miller,1610612739.0,Cleveland,Cavaliers,CLE,5,2036,Chris Mihm,1610612739.0,Cleveland,Cavaliers,CLE,0,0,,,,,,0
0020000839,518,6,2,4,1:49 PM,4:18,Doleac S.FOUL (P3.PN),,,,,4,1720,Michael Doleac,1610612753.0,Orlando,Magic,ORL,0,0,,,,,,1,0,,,,,,0
0020000839,519,3,10,4,1:49 PM,4:18,,,Miller Free Throw 1 of 1 (19 PTS),80 - 112,32,5,1889,Andre Miller,1610612739.0,Cleveland,Cavaliers,CLE,0,0,,,,,,0,0,,,,,,0
0020000839,520,6,1,4,1:49 PM,4:08,,,Miller P.FOUL (P4.PN),,,5,1889,Andre Miller,1610612739.0,Cleveland,Cavaliers,CLE,0,0,,,,,,1,0,,,,,,0
0020000839,521,3,11,4,1:49 PM,4:08,Hudson Free Throw 1 of 2 (5 PTS),,,80 - 113,33,4,1607,Troy Hudson,1610612753.0,Orlando,Magic,ORL,0,0,,,,,,0,0,,,,,,0
0020000839,522,3,12,4,1:50 PM,4:08,Hudson Free Throw 2 of 2 (6 PTS),,,80 - 114,34,4,1607,Troy Hudson,1610612753.0,Orlando,Magic,ORL,0,0,,,,,,0,0,,,,,,0
0020000839,523,2,1,4,1:50 PM,3:58,,,MISS Henderson 19' Jump Shot,,,5,1538,Cedric Henderson,1610612739.0,Cleveland,Cavaliers,CLE,0,0,,,,,,0,0,,,,,,0
0020000839,524,4,0,4,1:50 PM,3:56,,,Miller REBOUND (Off:2 Def:1),,,5,1889,Andre Miller,1610612739.0,Cleveland,Cavaliers,CLE,0,0,,,,,,0,0,,,,,,0
0020000839,525,1,47,4,1:50 PM,3:46,,,Traylor 6' Turnaround Jump Shot (4 PTS),82 - 114,32,5,1714,Robert Traylor,1610612739.0,Cleveland,Cavaliers,CLE,0,0,,,,,,0,0,,,,,,0
0020000839,526,2,56,4,1:50 PM,3:28,MISS Williams 7' Running Hook Shot,,,,,4,42,Monty Williams,1610612753.0,Orlando,Magic,ORL,0,0,,,,,,0,0,,,,,,0
0020000839,527,4,0,4,1:50 PM,3:26,,,Cavaliers Rebound,,,3,1610612739,,,,,,0,0,,,,,,0,0,,,,,,0
0020000839,528,1,5,4,1:51 PM,3:15,,,Henderson  Layup (2 PTS),84 - 114,30,5,1538,Cedric Henderson,1610612739.0,Cleveland,Cavaliers,CLE,0,0,,,,,,0,0,,,,,,0
0020000839,529,6,2,4,1:51 PM,3:15,Reid S.FOUL (P5.PN),,,,,4,690,Don Reid,1610612753.0,Orlando,Magic,ORL,0,0,,,,,,1,0,,,,,,0
0020000839,530,3,10,4,1:51 PM,3:15,,,MISS Henderson Free Throw 1 of 1,,,5,1538,Cedric Henderson,1610612739.0,Cleveland,Cavaliers,CLE,0,0,,,,,,0,0,,,,,,0
0020000839,531,4,0,4,1:51 PM,3:14,Doleac REBOUND (Off:0 Def:3),,,,,4,1720,Michael Doleac,1610612753.0,Orlando,Magic,ORL,0,0,,,,,,0,0,,,,,,0
0020000839,532,2,1,4,1:51 PM,2:59,MISS Alexander 24' 3PT Jump Shot,,,,,4,724,Cory Alexander,1610612753.0,Orlando,Magic,ORL,0,0,,,,,,0,0,,,,,,0
0020000839,533,4,0,4,1:51 PM,2:57,,,Traylor REBOUND (Off:1 Def:1),,,5,1714,Robert Traylor,1610612739.0,Cleveland,Cavaliers,CLE,0,0,,,,,,0,0,,,,,,0
0020000839,534,1,3,4,1:51 PM,2:48,,,Mihm 5' Hook Shot (6 PTS) (Miller 8 AST),86 - 114,28,5,2036,Chris Mihm,1610612739.0,Cleveland,Cavaliers,CLE,5,1889,Andre Miller,1610612739.0,Cleveland,Cavaliers,CLE,0,0,,,,,,0
0020000839,535,2,1,4,1:52 PM,2:31,MISS Doleac 18' Jump Shot,,,,,4,1720,Michael Doleac,1610612753.0,Orlando,Magic,ORL,0,0,,,,,,0,0,,,,,,0
0020000839,536,4,0,4,1:52 PM,2:30,,,Traylor REBOUND (Off:1 Def:2),,,5,1714,Robert Traylor,1610612739.0,Cleveland,Cavaliers,CLE,0,0,,,,,,0,0,,,,,,0
0020000839,537,5,1,4,1:52 PM,2:21,Alexander STEAL (2 STL),,Miller Bad Pass Turnover (P4.T18),,,5,1889,Andre Miller,1610612739.0,Cleveland,Cavaliers,CLE,4,724,Cory Alexander,1610612753.0,Orlando,Magic,ORL,0,0,,,,,,0
0020000839,538,6,2,4,1:52 PM,2:18,,,Traylor S.FOUL (P4.PN),,,5,1714,Robert Traylor,1610612739.0,Cleveland,Cavaliers,CLE,0,0,,,,,,1,0,,,,,,0
0020000839,539,9,1,4,1:52 PM,2:18,,,Cavaliers Timeout: Regular (Reg.4 Short 0),,,3,1610612739,,,,,,0,0,,,,,,0,0,,,,,,0
0020000839,542,3,11,4,1:54 PM,2:18,Hudson Free Throw 1 of 2 (7 PTS),,,86 - 115,29,4,1607,Troy Hudson,1610612753.0,Orlando,Magic,ORL,0,0,,,,,,0,0,,,,,,0
0020000839,543,3,12,4,1:54 PM,2:18,Hudson Free Throw 2 of 2 (8 PTS),,,86 - 116,30,4,1607,Troy Hudson,1610612753.0,Orlando,Magic,ORL,0,0,,,,,,0,0,,,,,,0
0020000839,544,6,1,4,1:55 PM,2:08,Hudson P.FOUL (P3.PN),,,,,4,1607,Troy Hudson,1610612753.0,Orlando,Magic,ORL,0,0,,,,,,1,0,,,,,,0
0020000839,545,3,11,4,1:55 PM,2:08,,,Langdon Free Throw 1 of 2 (1 PTS),87 - 116,29,5,1892,Trajan Langdon,1610612739.0,Cleveland,Cavaliers,CLE,0,0,,,,,,0,0,,,,,,0
0020000839,546,3,12,4,1:55 PM,2:08,,,Langdon Free Throw 2 of 2 (2 PTS),88 - 116,28,5,1892,Trajan Langdon,1610612739.0,Cleveland,Cavaliers,CLE,0,0,,,,,,0,0,,,,,,0
0020000839,547,1,5,4,1:56 PM,1:54,Reid  Layup (4 PTS) (Alexander 1 AST),,,88 - 118,30,4,690,Don Reid,1610612753.0,Orlando,Magic,ORL,4,724,Cory Alexander,1610612753.0,Orlando,Magic,ORL,0,0,,,,,,0
0020000839,548,6,2,4,1:56 PM,1:36,Alexander S.FOUL (P2.PN),,,,,4,724,Cory Alexander,1610612753.0,Orlando,Magic,ORL,0,0,,,,,,1,0,,,,,,0
0020000839,549,3,11,4,1:56 PM,1:36,,,Langdon Free Throw 1 of 2 (3 PTS),89 - 118,29,5,1892,Trajan Langdon,1610612739.0,Cleveland,Cavaliers,CLE,0,0,,,,,,0,0,,,,,,0
0020000839,550,3,12,4,1:56 PM,1:36,,,MISS Langdon Free Throw 2 of 2,,,5,1892,Trajan Langdon,1610612739.0,Cleveland,Cavaliers,CLE,0,0,,,,,,0,0,,,,,,0
0020000839,551,4,0,4,1:57 PM,1:35,Williams REBOUND (Off:0 Def:3),,,,,4,42,Monty Williams,1610612753.0,Orlando,Magic,ORL,0,0,,,,,,0,0,,,,,,0
0020000839,552,5,3,4,1:57 PM,1:21,Williams Out Of Bounds Turnover (P1.T15),,,,,4,42,Monty Williams,1610612753.0,Orlando,Magic,ORL,0,0,,,,,,0,0,,,,,,0
0020000839,553,1,1,4,1:57 PM,1:09,,,Henderson 15' Jump Shot (4 PTS) (Miller 9 AST),91 - 118,27,5,1538,Cedric Henderson,1610612739.0,Cleveland,Cavaliers,CLE,5,1889,Andre Miller,1610612739.0,Cleveland,Cavaliers,CLE,0,0,,,,,,0
0020000839,554,6,2,4,1:58 PM,0:47,,,Henderson S.FOUL (P2.PN),,,5,1538,Cedric Henderson,1610612739.0,Cleveland,Cavaliers,CLE,0,0,,,,,,1,0,,,,,,0
0020000839,555,3,11,4,1:58 PM,0:47,Reid Free Throw 1 of 2 (5 PTS),,,91 - 119,28,4,690,Don Reid,1610612753.0,Orlando,Magic,ORL,0,0,,,,,,0,0,,,,,,0
0020000839,556,3,12,4,1:58 PM,0:47,Reid Free Throw 2 of 2 (6 PTS),,,91 - 120,29,4,690,Don Reid,1610612753.0,Orlando,Magic,ORL,0,0,,,,,,0,0,,,,,,0
0020000839,557,2,47,4,1:58 PM,0:30,,,MISS Mihm 16' Turnaround Jump Shot,,,5,2036,Chris Mihm,1610612739.0,Cleveland,Cavaliers,CLE,0,0,,,,,,0,0,,,,,,0
0020000839,558,4,0,4,1:58 PM,0:27,Reid REBOUND (Off:3 Def:5),,,,,4,690,Don Reid,1610612753.0,Orlando,Magic,ORL,0,0,,,,,,0,0,,,,,,0
0020000839,559,2,1,4,1:59 PM,0:06,MISS Alexander 31' 3PT Jump Shot,,,,,4,724,Cory Alexander,1610612753.0,Orlando,Magic,ORL,0,0,,,,,,0,0,,,,,,0
0020000839,560,4,0,4,1:59 PM,0:04,,,Miller REBOUND (Off:2 Def:2),,,5,1889,Andre Miller,1610612739.0,Cleveland,Cavaliers,CLE,0,0,,,,,,0,0,,,,,,0
0020000839,561,1,1,4,1:59 PM,0:00,,,Miller 26' 3PT Jump Shot (22 PTS),94 - 120,26,5,1889,Andre Miller,1610612739.0,Cleveland,Cavaliers,CLE,0,0,,,,,,0,0,,,,,,0
0020000839,562,13,0,4,1:59 PM,0:00,,,,94 - 120,26,0,0,,,,,,0,0,,,,,,0,0,,,,,,0
