GAME_ID,EVENTNUM,EVENTMSGTYPE,EVENTMSGACTIONTYPE,PERIOD,WCTIMESTRING,PCTIMESTRING,HOMEDESCRIPTION,NEUTRALDESCRIPTION,VISITORDESCRIPTION,SCORE,SCOREMARGIN
0021201192,0,12,0,1,8:10 PM,12:00,,,,,
0021201192,1,10,0,1,8:11 PM,12:00,Jump Ball Gasol vs. Jordan: Tip to Griffin,,,,
0021201192,2,6,1,1,8:11 PM,11:52,Conley P.FOUL (P1.T1),,,,
0021201192,3,2,80,1,8:12 PM,11:36,,,MISS Green 16' Step Back Jump Shot,,
0021201192,4,4,0,1,8:12 PM,11:34,Conley REBOUND (Off:0 Def:1),,,,
0021201192,5,2,1,1,8:12 PM,11:12,MISS Randolph 28' 3PT Jump Shot,,,,
0021201192,6,4,0,1,8:12 PM,11:10,,,Butler REBOUND (Off:0 Def:1),,
0021201192,8,1,40,1,8:12 PM,11:01,,,Jordan  Layup (2 PTS),2 - 0,-2
0021201192,10,2,1,1,8:12 PM,10:41,MISS Prince 9' Jump Shot,,,,
0021201192,11,4,0,1,8:12 PM,10:38,Gasol REBOUND (Off:1 Def:0),,,,
0021201192,12,2,3,1,8:13 PM,10:29,MISS Randolph 7' Hook Shot,,,,
0021201192,13,4,0,1,8:13 PM,10:27,,,Griffin REBOUND (Off:0 Def:1),,
0021201192,14,2,1,1,8:13 PM,10:15,,,MISS Griffin 4' Jump Shot,,
0021201192,15,4,0,1,8:13 PM,10:14,Randolph REBOUND (Off:0 Def:1),,,,
0021201192,16,2,5,1,8:13 PM,10:03,MISS Allen  Layup,,,,
0021201192,17,4,0,1,8:13 PM,10:02,,,Jordan REBOUND (Off:0 Def:1),,
0021201192,18,2,1,1,8:13 PM,9:40,,,MISS Paul 25' 3PT Jump Shot,,
0021201192,19,4,0,1,8:13 PM,9:39,Allen REBOUND (Off:0 Def:1),,,,
0021201192,20,2,1,1,8:14 PM,9:19,MISS Conley 27' 3PT Jump Shot,,,,
0021201192,21,4,0,1,8:14 PM,9:18,,,Jordan REBOUND (Off:0 Def:2),,
0021201192,22,2,5,1,8:14 PM,9:04,,,MISS Jordan  Layup,,
0021201192,23,4,0,1,8:14 PM,9:03,Gasol REBOUND (Off:1 Def:1),,,,
0021201192,24,1,5,1,8:14 PM,8:58,Allen 1' Layup (2 PTS) (Gasol 1 AST),,,2 - 2,TIE
0021201192,25,1,5,1,8:15 PM,8:37,,,Jordan 1' Layup (4 PTS),4 - 2,-2
0021201192,26,5,2,1,8:15 PM,8:13,Prince Lost Ball Turnover (P1.T1),,Butler STEAL (1 STL),,
0021201192,27,1,52,1,8:15 PM,8:08,,,Jordan 1' Alley Oop Dunk (6 PTS) (Griffin 1 AST),6 - 2,-4
0021201192,28,1,78,1,8:15 PM,7:39,Conley 9' Floating Jump Shot (2 PTS),,,6 - 4,-2
0021201192,29,2,1,1,8:16 PM,7:14,,,MISS Butler 20' Jump Shot,,
0021201192,30,4,0,1,8:16 PM,7:13,Gasol REBOUND (Off:1 Def:2),,,,
0021201192,31,1,1,1,8:16 PM,7:01,Gasol 18' Jump Shot (2 PTS) (Conley 1 AST),,,6 - 6,TIE
0021201192,32,2,46,1,8:16 PM,6:50,,,MISS Paul 6' Running Jump Shot,,
0021201192,33,4,0,1,8:16 PM,6:49,Gasol REBOUND (Off:1 Def:3),,,,
0021201192,34,1,1,1,8:16 PM,6:43,Prince 9' Jump Shot (2 PTS) (Gasol 2 AST),,,6 - 8,2
0021201192,35,2,1,1,8:17 PM,6:14,,,MISS Butler 26' 3PT Jump Shot,,
0021201192,36,4,0,1,8:17 PM,6:13,Allen REBOUND (Off:0 Def:2),,,,
0021201192,37,5,1,1,8:17 PM,6:11,Allen Bad Pass Turnover (P1.T2),,Butler STEAL (2 STL),,
0021201192,38,6,1,1,8:17 PM,6:03,Gasol P.FOUL (P1.T2),,,,
0021201192,39,1,3,1,8:18 PM,5:49,,,Jordan 5' Hook Shot (8 PTS),8 - 8,TIE
0021201192,40,2,1,1,8:18 PM,5:36,MISS Prince 22' Jump Shot,,,,
0021201192,41,4,0,1,8:18 PM,5:34,,,Paul REBOUND (Off:0 Def:1),,
0021201192,42,1,5,1,8:18 PM,5:30,,,Green  Layup (2 PTS) (Paul 1 AST),10 - 8,-2
0021201192,43,1,46,1,8:18 PM,5:13,Prince 8' Running Jump Shot (4 PTS) (Conley 2 AST),,,10 - 10,TIE
0021201192,44,6,1,1,8:18 PM,5:06,Gasol P.FOUL (P2.T3),,,,
0021201192,45,9,1,1,8:19 PM,5:06,GRIZZLIES Timeout: Regular (Full 1 Short 0),,,,
0021201192,47,8,0,1,8:21 PM,5:06,SUB: Arthur FOR Gasol,,,,
0021201192,48,1,1,1,8:21 PM,4:58,,,Green  3PT Jump Shot (5 PTS) (Paul 2 AST),13 - 10,-3
0021201192,49,2,1,1,8:22 PM,4:45,MISS Arthur 20' Jump Shot,,,,
0021201192,50,4,0,1,8:22 PM,4:44,,,Clippers Rebound,,
0021201192,51,2,1,1,8:22 PM,4:34,Arthur BLOCK (1 BLK),,MISS Paul 6' Jump Shot,,
0021201192,52,4,0,1,8:22 PM,4:32,,,Griffin REBOUND (Off:1 Def:1),,
0021201192,53,1,8,1,8:22 PM,4:30,,,Griffin 2' Slam Dunk (2 PTS),15 - 10,-5
0021201192,54,6,2,1,8:22 PM,4:13,,,Green S.FOUL (P1.T1),,
0021201192,55,3,11,1,8:23 PM,4:13,Allen Free Throw 1 of 2 (3 PTS),,,15 - 11,-4
0021201192,57,3,12,1,8:23 PM,4:13,MISS Allen Free Throw 2 of 2,,,,
0021201192,59,4,0,1,8:23 PM,4:12,Arthur REBOUND (Off:1 Def:0),,,,
0021201192,60,1,5,1,8:23 PM,4:09,Allen 1' Layup (5 PTS) (Arthur 1 AST),,,15 - 13,-2
0021201192,61,1,1,1,8:23 PM,3:52,,,Jordan 4' Jump Shot (10 PTS) (Green 1 AST),17 - 13,-4
0021201192,62,2,1,1,8:24 PM,3:42,MISS Randolph 5' Jump Shot,,,,
0021201192,63,4,0,1,8:24 PM,3:42,GRIZZLIES Rebound,,,,
0021201192,64,6,3,1,8:24 PM,3:42,,,Green L.B.FOUL (P2.T2),,
0021201192,65,8,0,1,8:24 PM,3:42,SUB: Bayless FOR Allen,,,,
0021201192,66,8,0,1,8:24 PM,3:42,,,SUB: Crawford FOR Green,,
0021201192,67,6,2,1,8:24 PM,3:27,,,Paul S.FOUL (P1.T3),,
0021201192,68,3,11,1,8:24 PM,3:27,Conley Free Throw 1 of 2 (3 PTS),,,17 - 14,-3
0021201192,70,3,12,1,8:25 PM,3:27,MISS Conley Free Throw 2 of 2,,,,
0021201192,72,4,0,1,8:25 PM,3:26,,,Griffin REBOUND (Off:1 Def:2),,
0021201192,73,6,2,1,8:25 PM,3:10,Arthur S.FOUL (P1.T4),,,,
0021201192,74,3,11,1,8:26 PM,3:10,,,MISS Griffin Free Throw 1 of 2,,
0021201192,75,4,1,1,8:26 PM,3:10,,,Clippers Rebound,,
0021201192,76,3,12,1,8:26 PM,3:10,,,Griffin Free Throw 2 of 2 (3 PTS),18 - 14,-4
0021201192,78,6,1,1,8:26 PM,2:58,,,Jordan P.FOUL (P1.T4),,
0021201192,79,9,1,1,8:26 PM,2:58,,,Clippers Timeout: Regular (Reg.1 Short 0),,
0021201192,81,8,0,1,8:29 PM,2:58,,,SUB: Barnes FOR Butler,,
0021201192,82,1,1,1,8:30 PM,2:45,Prince 27' 3PT Jump Shot (7 PTS) (Conley 3 AST),,,18 - 17,-1
0021201192,84,1,5,1,8:30 PM,2:20,,,Griffin 1' Layup (5 PTS) (Barnes 1 AST),20 - 17,-3
0021201192,85,5,1,1,8:31 PM,2:00,Randolph Bad Pass Turnover (P1.T3),,Barnes STEAL (1 STL),,
0021201192,86,6,2,1,8:31 PM,1:58,Prince S.FOUL (P1.PN),,,,
0021201192,87,3,11,1,8:31 PM,1:58,,,MISS Griffin Free Throw 1 of 2,,
0021201192,88,4,1,1,8:31 PM,1:58,,,Clippers Rebound,,
0021201192,89,8,0,1,8:31 PM,1:58,,,SUB: Bledsoe FOR Paul,,
0021201192,90,3,12,1,8:31 PM,1:58,,,Griffin Free Throw 2 of 2 (6 PTS),21 - 17,-4
0021201192,92,1,46,1,8:32 PM,1:42,Arthur 9' Running Jump Shot (2 PTS),,,21 - 19,-2
0021201192,93,1,1,1,8:32 PM,1:17,,,Crawford 27' 3PT Jump Shot (3 PTS) (Barnes 2 AST),24 - 19,-5
0021201192,94,2,1,1,8:33 PM,1:00,MISS Arthur 19' Jump Shot,,,,
0021201192,95,4,0,1,8:33 PM,0:59,,,Jordan REBOUND (Off:0 Def:3),,
0021201192,96,2,43,1,8:33 PM,0:51,,,MISS Griffin  Alley Oop Layup,,
0021201192,97,4,0,1,8:33 PM,0:50,,,Griffin REBOUND (Off:2 Def:2),,
0021201192,98,2,5,1,8:33 PM,0:44,Randolph BLOCK (1 BLK),,MISS Bledsoe 2' Layup,,
0021201192,99,4,0,1,8:33 PM,0:43,Arthur REBOUND (Off:1 Def:1),,,,
0021201192,100,1,7,1,8:33 PM,0:41,Bayless 1' Dunk (2 PTS) (Arthur 2 AST),,,24 - 21,-3
0021201192,101,2,1,1,8:33 PM,0:29,,,MISS Crawford 25' 3PT Jump Shot,,
0021201192,102,4,0,1,8:33 PM,0:28,Conley REBOUND (Off:0 Def:2),,,,
0021201192,103,1,42,1,8:33 PM,0:07,Randolph 3' Driving Layup (2 PTS),,,24 - 23,-1
0021201192,104,5,2,1,8:34 PM,0:01,Arthur STEAL (1 STL),,Crawford Lost Ball Turnover (P1.T1),,
0021201192,105,2,1,1,8:34 PM,0:00,MISS Bayless 33' 3PT Jump Shot,,,,
0021201192,107,4,0,1,8:34 PM,0:00,GRIZZLIES Rebound,,,,
0021201192,106,13,0,1,8:34 PM,0:00,,,,24 - 23,-1
0021201192,109,12,0,2,8:37 PM,12:00,,,,24 - 23,-1
0021201192,110,6,1,2,8:37 PM,11:47,,,Barnes P.FOUL (P1.T1),,
0021201192,111,2,79,2,8:37 PM,11:39,MISS Bayless 17' Pullup Jump Shot,,,,
0021201192,112,4,0,2,8:37 PM,11:38,Davis REBOUND (Off:1 Def:0),,,,
0021201192,113,6,2,2,8:37 PM,11:37,,,Odom S.FOUL (P1.T2),,
0021201192,114,3,11,2,8:38 PM,11:37,Davis Free Throw 1 of 2 (1 PTS),,,24 - 24,TIE
0021201192,116,3,12,2,8:38 PM,11:37,MISS Davis Free Throw 2 of 2,,,,
0021201192,118,4,0,2,8:38 PM,11:36,,,Barnes REBOUND (Off:0 Def:1),,
0021201192,119,1,80,2,8:38 PM,11:21,,,Crawford 22' Step Back Jump Shot (5 PTS),26 - 24,-2
0021201192,120,5,2,2,8:39 PM,11:11,Dooling Lost Ball Turnover (P1.T4),,Bledsoe STEAL (1 STL),,
0021201192,121,1,44,2,8:39 PM,11:07,,,Bledsoe 1' Reverse Layup (2 PTS) (Crawford 1 AST),28 - 24,-4
0021201192,122,1,1,2,8:39 PM,10:48,Gasol 15' Jump Shot (4 PTS) (Bayless 1 AST),,,28 - 26,-2
0021201192,123,6,2,2,8:39 PM,10:32,Davis S.FOUL (P1.T1),,,,
0021201192,124,3,11,2,8:39 PM,10:32,,,Hollins Free Throw 1 of 2 (1 PTS),29 - 26,-3
0021201192,126,3,12,2,8:40 PM,10:32,,,MISS Hollins Free Throw 2 of 2,,
0021201192,128,4,0,2,8:40 PM,10:31,Pondexter REBOUND (Off:0 Def:1),,,,
0021201192,129,5,1,2,8:40 PM,10:29,Pondexter Bad Pass Turnover (P1.T5),,Barnes STEAL (2 STL),,
0021201192,130,6,2,2,8:40 PM,10:22,Pondexter S.FOUL (P1.T2),,,,
0021201192,131,3,11,2,8:40 PM,10:22,,,Crawford Free Throw 1 of 2 (6 PTS),30 - 26,-4
0021201192,133,3,12,2,8:40 PM,10:22,,,Crawford Free Throw 2 of 2 (7 PTS),31 - 26,-5
0021201192,135,6,1,2,8:41 PM,10:11,,,Bledsoe P.FOUL (P1.T3),,
0021201192,136,2,42,2,8:41 PM,9:57,MISS Dooling 2' Driving Layup,,,,
0021201192,137,4,0,2,8:41 PM,9:56,Davis REBOUND (Off:2 Def:0),,,,
0021201192,138,2,5,2,8:41 PM,9:54,MISS Davis 2' Layup,,,,
0021201192,139,4,0,2,8:42 PM,9:53,,,Hollins REBOUND (Off:0 Def:1),,
0021201192,140,6,3,2,8:42 PM,9:53,Davis L.B.FOUL (P2.T3),,,,
0021201192,141,6,2,2,8:42 PM,9:38,Dooling S.FOUL (P1.T4),,,,
0021201192,142,3,11,2,8:42 PM,9:38,,,Odom Free Throw 1 of 2 (1 PTS),32 - 26,-6
0021201192,144,8,0,2,8:42 PM,9:38,SUB: Randolph FOR Davis,,,,
0021201192,145,3,12,2,8:43 PM,9:38,,,MISS Odom Free Throw 2 of 2,,
0021201192,147,4,0,2,8:43 PM,9:36,Randolph REBOUND (Off:0 Def:2),,,,
0021201192,149,2,1,2,8:43 PM,9:22,MISS Bayless 21' Jump Shot,,,,
0021201192,150,4,0,2,8:43 PM,9:20,Gasol REBOUND (Off:2 Def:3),,,,
0021201192,151,5,1,2,8:44 PM,9:09,Pondexter Bad Pass Turnover (P2.T6),,Bledsoe STEAL (2 STL),,
0021201192,152,5,1,2,8:44 PM,9:05,Randolph STEAL (1 STL),,Crawford Bad Pass Turnover (P2.T2),,
0021201192,153,1,5,2,8:44 PM,9:02,Dooling 1' Layup (2 PTS) (Pondexter 1 AST),,,32 - 28,-4
0021201192,154,6,2,2,8:44 PM,9:02,,,Hollins S.FOUL (P1.T4),,
0021201192,155,3,10,2,8:44 PM,9:02,Dooling Free Throw 1 of 1 (3 PTS),,,32 - 29,-3
0021201192,157,2,42,2,8:44 PM,8:54,,,MISS Bledsoe 2' Driving Layup,,
0021201192,159,4,0,2,8:44 PM,8:53,,,Odom REBOUND (Off:1 Def:0),,
0021201192,158,1,4,2,8:44 PM,8:53,,,Odom 1' Tip Shot (3 PTS),34 - 29,-5
0021201192,160,1,3,2,8:45 PM,8:34,Gasol 9' Hook Shot (6 PTS),,,34 - 31,-3
0021201192,162,9,4,2,8:45 PM,8:13,,,,,
0021201192,166,5,39,2,8:48 PM,8:12,,,Crawford Step Out of Bounds Turnover (P3.T3),,
0021201192,167,6,2,2,8:48 PM,7:57,,,Hollins S.FOUL (P2.PN),,
0021201192,168,3,11,2,8:49 PM,7:57,Gasol Free Throw 1 of 2 (7 PTS),,,34 - 32,-2
0021201192,170,8,0,2,8:49 PM,7:57,,,SUB: Jordan FOR Hollins,,
0021201192,171,8,0,2,8:49 PM,7:57,,,SUB: Paul FOR Barnes,,
0021201192,172,3,12,2,8:49 PM,7:57,Gasol Free Throw 2 of 2 (8 PTS),,,34 - 33,-1
0021201192,174,2,1,2,8:50 PM,7:39,,,MISS Crawford 18' Jump Shot,,
0021201192,175,4,0,2,8:50 PM,7:38,,,Jordan REBOUND (Off:1 Def:3),,
0021201192,176,6,3,2,8:50 PM,7:34,Dooling L.B.FOUL (P2.PN),,,,
0021201192,177,3,11,2,8:50 PM,7:34,,,Bledsoe Free Throw 1 of 2 (3 PTS),35 - 33,-2
0021201192,179,8,0,2,8:50 PM,7:34,SUB: Conley FOR Dooling,,,,
0021201192,180,3,12,2,8:50 PM,7:34,,,Bledsoe Free Throw 2 of 2 (4 PTS),36 - 33,-3
0021201192,182,2,1,2,8:51 PM,7:17,MISS Gasol 22' Jump Shot,,,,
0021201192,183,4,0,2,8:51 PM,7:16,,,Crawford REBOUND (Off:0 Def:1),,
0021201192,184,2,1,2,8:51 PM,7:06,,,MISS Bledsoe 26' 3PT Jump Shot,,
0021201192,185,4,0,2,8:51 PM,7:03,Randolph REBOUND (Off:0 Def:3),,,,
0021201192,186,2,1,2,8:51 PM,6:47,MISS Gasol 20' Jump Shot,,,,
0021201192,187,4,0,2,8:51 PM,6:46,,,Paul REBOUND (Off:0 Def:2),,
0021201192,188,2,79,2,8:52 PM,6:37,,,MISS Paul 21' Pullup Jump Shot,,
0021201192,189,4,0,2,8:52 PM,6:35,Randolph REBOUND (Off:0 Def:4),,,,
0021201192,190,2,1,2,8:52 PM,6:23,MISS Bayless 22' Jump Shot,,,,
0021201192,191,4,0,2,8:52 PM,6:22,Randolph REBOUND (Off:1 Def:4),,,,
0021201192,192,1,1,2,8:52 PM,6:17,Bayless 25' 3PT Jump Shot (5 PTS) (Randolph 1 AST),,,36 - 36,TIE
0021201192,193,1,1,2,8:52 PM,5:58,,,Odom 18' Jump Shot (5 PTS) (Paul 3 AST),38 - 36,-2
0021201192,194,1,79,2,8:53 PM,5:41,Conley 15' Pullup Jump Shot (5 PTS) (Gasol 3 AST),,,38 - 38,TIE
0021201192,195,1,8,2,8:53 PM,5:15,,,Jordan 1' Slam Dunk (12 PTS) (Crawford 2 AST),40 - 38,-2
0021201192,196,5,2,2,8:53 PM,4:55,Randolph Lost Ball Turnover (P2.T7),,Bledsoe STEAL (3 STL),,
0021201192,197,2,5,2,8:53 PM,4:51,,,MISS Bledsoe 1' Layup,,
0021201192,199,4,0,2,8:53 PM,4:49,,,Jordan REBOUND (Off:2 Def:3),,
0021201192,198,1,4,2,8:53 PM,4:49,,,Jordan 1' Tip Shot (14 PTS),42 - 38,-4
0021201192,200,9,1,2,8:54 PM,4:41,GRIZZLIES Timeout: Regular (Full 2 Short 0),,,,
0021201192,225,8,0,2,8:56 PM,4:41,SUB: Prince FOR Bayless,,,,
0021201192,203,8,0,2,8:56 PM,4:41,,,SUB: Barnes FOR Bledsoe,,
0021201192,204,8,0,2,8:56 PM,4:41,,,SUB: Griffin FOR Odom,,
0021201192,205,1,5,2,8:56 PM,4:29,Randolph  Layup (4 PTS) (Gasol 4 AST),,,42 - 40,-2
0021201192,206,5,1,2,8:57 PM,4:12,Pondexter STEAL (1 STL),,Paul Bad Pass Turnover (P1.T4),,
0021201192,207,5,1,2,8:57 PM,4:07,Pondexter Bad Pass Turnover (P3.T8),,Paul STEAL (1 STL),,
0021201192,208,2,5,2,8:57 PM,4:02,,,MISS Barnes 2' Layup,,
0021201192,209,4,0,2,8:57 PM,4:00,Gasol REBOUND (Off:2 Def:4),,,,
0021201192,210,2,5,2,8:57 PM,3:46,MISS Randolph 1' Layup,,,,
0021201192,211,4,0,2,8:57 PM,3:43,,,Barnes REBOUND (Off:0 Def:2),,
0021201192,212,2,5,2,8:57 PM,3:37,,,MISS Jordan 1' Layup,,
0021201192,213,4,0,2,8:57 PM,3:36,Randolph REBOUND (Off:1 Def:5),,,,
0021201192,214,2,47,2,8:58 PM,3:19,MISS Gasol 5' Turnaround Jump Shot,,,,
0021201192,218,4,0,2,8:59 PM,3:19,GRIZZLIES Rebound,,,,
0021201192,216,6,10,2,8:59 PM,3:19,,,,,
0021201192,217,10,0,2,8:59 PM,3:19,Jump Ball Gasol vs. Jordan: Tip to Conley,,,,
0021201192,219,2,1,2,8:59 PM,3:04,MISS Gasol 19' Jump Shot,,,,
0021201192,220,4,0,2,8:59 PM,3:01,,,Barnes REBOUND (Off:0 Def:3),,
0021201192,221,2,1,2,8:59 PM,2:56,,,MISS Crawford 22' Jump Shot,,
0021201192,223,4,0,2,8:59 PM,2:54,,,Jordan REBOUND (Off:3 Def:3),,
0021201192,222,1,4,2,8:59 PM,2:54,,,Jordan 1' Tip Shot (16 PTS),44 - 40,-4
0021201192,224,1,1,2,9:00 PM,2:34,Conley 26' 3PT Jump Shot (8 PTS) (Gasol 5 AST),,,44 - 43,-1
0021201192,226,1,79,2,9:00 PM,2:21,,,Paul 14' Pullup Jump Shot (2 PTS),46 - 43,-3
0021201192,228,2,78,2,9:00 PM,2:00,MISS Conley 9' Floating Jump Shot,,,,
0021201192,229,4,0,2,9:00 PM,1:59,,,Jordan REBOUND (Off:3 Def:4),,
0021201192,230,5,1,2,9:00 PM,1:56,Pondexter STEAL (2 STL),,Griffin Bad Pass Turnover (P1.T5),,
0021201192,231,2,5,2,9:00 PM,1:50,MISS Randolph 1' Layup,,Barnes BLOCK (1 BLK),,
0021201192,232,4,0,2,9:00 PM,1:48,Pondexter REBOUND (Off:1 Def:1),,,,
0021201192,233,6,2,2,9:01 PM,1:39,,,Barnes S.FOUL (P2.PN),,
0021201192,234,9,1,2,9:01 PM,1:39,,,Clippers Timeout: Regular (Reg.2 Short 0),,
0021201192,236,8,0,2,9:03 PM,1:39,,,SUB: Green FOR Crawford,,
0021201192,237,8,0,2,9:03 PM,1:39,SUB: Arthur FOR Gasol,,,,
0021201192,239,3,11,2,9:03 PM,1:39,Randolph Free Throw 1 of 2 (5 PTS),,,46 - 44,-2
0021201192,241,3,12,2,9:04 PM,1:39,Randolph Free Throw 2 of 2 (6 PTS),,,46 - 45,-1
0021201192,244,2,1,2,9:04 PM,1:18,,,MISS Griffin 5' Jump Shot,,
0021201192,245,4,0,2,9:04 PM,1:17,,,Green REBOUND (Off:1 Def:0),,
0021201192,246,1,5,2,9:04 PM,1:16,,,Green 2' Layup (7 PTS),48 - 45,-3
0021201192,247,1,1,2,9:05 PM,0:51,Prince 25' 3PT Jump Shot (10 PTS) (Conley 4 AST),,,48 - 48,TIE
0021201192,248,2,1,2,9:05 PM,0:30,,,MISS Jordan 5' Jump Shot,,
0021201192,249,4,0,2,9:05 PM,0:29,,,Barnes REBOUND (Off:1 Def:3),,
0021201192,250,1,1,2,9:05 PM,0:27,,,Green 26' 3PT Jump Shot (10 PTS) (Barnes 3 AST),51 - 48,-3
0021201192,251,1,1,2,9:06 PM,0:02,Pondexter  3PT Jump Shot (3 PTS) (Conley 5 AST),,,51 - 51,TIE
0021201192,257,2,45,2,9:06 PM,0:00,,,MISS Green 69' 3PT Jump Shot,,
0021201192,256,4,0,2,9:06 PM,0:00,,,Clippers Rebound,,
0021201192,252,13,0,2,9:06 PM,0:00,,,,51 - 51,TIE
0021201192,258,12,0,3,9:22 PM,12:00,,,,51 - 51,TIE
0021201192,259,2,1,3,9:23 PM,11:39,MISS Allen 22' Jump Shot,,,,
0021201192,260,4,0,3,9:23 PM,11:39,,,Jordan REBOUND (Off:3 Def:5),,
0021201192,261,6,3,3,9:23 PM,11:39,Randolph L.B.FOUL (P2.T1),,,,
0021201192,262,6,1,3,9:24 PM,11:20,Conley P.FOUL (P2.T2),,,,
0021201192,263,2,1,3,9:24 PM,11:13,,,MISS Barnes 26' 3PT Jump Shot,,
0021201192,264,4,0,3,9:24 PM,11:12,Gasol REBOUND (Off:2 Def:5),,,,
0021201192,265,5,1,3,9:24 PM,10:53,Randolph Bad Pass Turnover (P3.T9),,,,
0021201192,266,1,79,3,9:24 PM,10:48,,,Paul 10' Pullup Jump Shot (4 PTS),53 - 51,-2
0021201192,267,1,42,3,9:25 PM,10:29,Conley 3' Driving Layup (10 PTS),,,53 - 53,TIE
0021201192,268,1,1,3,9:25 PM,10:19,,,Paul 13' Jump Shot (6 PTS),55 - 53,-2
0021201192,269,2,1,3,9:25 PM,10:02,MISS Gasol 14' Jump Shot,,,,
0021201192,270,4,0,3,9:25 PM,10:01,,,Griffin REBOUND (Off:2 Def:3),,
0021201192,271,2,1,3,9:25 PM,9:54,,,MISS Green 24' 3PT Jump Shot,,
0021201192,272,4,0,3,9:25 PM,9:52,Gasol REBOUND (Off:2 Def:6),,,,
0021201192,273,2,1,3,9:26 PM,9:41,MISS Prince 24' 3PT Jump Shot,,,,
0021201192,274,4,0,3,9:26 PM,9:41,Randolph REBOUND (Off:2 Def:5),,,,
0021201192,275,1,1,3,9:26 PM,9:35,Randolph 6' Jump Shot (8 PTS),,,55 - 55,TIE
0021201192,276,2,1,3,9:26 PM,9:15,,,MISS Green 10' Jump Shot,,
0021201192,277,4,0,3,9:26 PM,9:13,,,Jordan REBOUND (Off:4 Def:5),,
0021201192,278,2,1,3,9:26 PM,9:10,Randolph BLOCK (2 BLK),,MISS Jordan 4' Jump Shot,,
0021201192,279,4,0,3,9:26 PM,9:09,Gasol REBOUND (Off:2 Def:7),,,,
0021201192,280,1,1,3,9:26 PM,9:02,Randolph 5' Jump Shot (10 PTS) (Gasol 6 AST),,,55 - 57,2
0021201192,281,6,2,3,9:26 PM,9:02,,,Griffin S.FOUL (P2.T1),,
0021201192,282,3,10,3,9:27 PM,9:02,MISS Randolph Free Throw 1 of 1,,,,
0021201192,283,4,0,3,9:27 PM,9:01,Gasol REBOUND (Off:3 Def:7),,,,
0021201192,284,1,3,3,9:27 PM,8:45,Gasol 7' Hook Shot (10 PTS),,,55 - 59,4
0021201192,286,1,1,3,9:28 PM,8:20,,,Paul 8' Jump Shot (8 PTS),57 - 59,2
0021201192,287,2,1,3,9:28 PM,8:01,MISS Prince 20' Jump Shot,,,,
0021201192,288,4,0,3,9:28 PM,8:00,,,Jordan REBOUND (Off:4 Def:6),,
0021201192,289,1,1,3,9:28 PM,7:45,,,Griffin 17' Jump Shot (8 PTS) (Paul 4 AST),59 - 59,TIE
0021201192,290,2,1,3,9:29 PM,7:29,MISS Conley 12' Jump Shot,,,,
0021201192,291,4,0,3,9:29 PM,7:28,,,Green REBOUND (Off:1 Def:1),,
0021201192,293,1,5,3,9:29 PM,7:07,,,Griffin 2' Layup (10 PTS),61 - 59,-2
0021201192,294,6,2,3,9:30 PM,6:47,,,Green S.FOUL (P3.T2),,
0021201192,295,3,11,3,9:30 PM,6:47,Gasol Free Throw 1 of 2 (11 PTS),,,61 - 60,-1
0021201192,297,3,12,3,9:30 PM,6:47,Gasol Free Throw 2 of 2 (12 PTS),,,61 - 61,TIE
0021201192,299,2,1,3,9:31 PM,6:33,,,MISS Green 15' Jump Shot,,
0021201192,300,4,0,3,9:31 PM,6:32,Randolph REBOUND (Off:2 Def:6),,,,
0021201192,301,6,1,3,9:31 PM,6:13,,,Paul P.FOUL (P2.T3),,
0021201192,302,1,1,3,9:31 PM,6:06,Prince  3PT Jump Shot (13 PTS) (Gasol 7 AST),,,61 - 64,3
0021201192,303,1,1,3,9:32 PM,5:46,,,Barnes 18' Jump Shot (2 PTS) (Griffin 2 AST),63 - 64,1
0021201192,304,2,1,3,9:32 PM,5:30,MISS Gasol 12' Jump Shot,,,,
0021201192,305,4,0,3,9:32 PM,5:29,,,Barnes REBOUND (Off:1 Def:4),,
0021201192,306,1,1,3,9:32 PM,5:10,,,Griffin 3' Jump Shot (12 PTS),65 - 64,-1
0021201192,307,2,1,3,9:33 PM,4:40,MISS Allen 7' Jump Shot,,,,
0021201192,308,4,0,3,9:33 PM,4:39,,,Jordan REBOUND (Off:4 Def:7),,
0021201192,309,6,1,3,9:33 PM,4:39,Allen P.FOUL (P1.T3),,,,
0021201192,310,9,1,3,9:33 PM,4:39,GRIZZLIES Timeout: Regular (Full 3 Short 0),,,,
0021201192,312,8,0,3,9:35 PM,4:39,,,SUB: Crawford FOR Green,,
0021201192,313,8,0,3,9:36 PM,4:39,SUB: Bayless FOR Randolph,,,,
0021201192,314,8,0,3,9:36 PM,4:39,SUB: Arthur FOR Allen,,,,
0021201192,315,2,1,3,9:36 PM,4:15,,,MISS Griffin 16' Jump Shot,,
0021201192,316,4,0,3,9:36 PM,4:14,Conley REBOUND (Off:0 Def:3),,,,
0021201192,317,1,1,3,9:36 PM,3:55,Gasol 8' Jump Shot (14 PTS),,,65 - 66,1
0021201192,318,2,1,3,9:37 PM,3:36,,,MISS Paul 25' 3PT Jump Shot,,
0021201192,319,4,0,3,9:37 PM,3:35,Gasol REBOUND (Off:3 Def:8),,,,
0021201192,320,2,1,3,9:37 PM,3:13,MISS Gasol 14' Jump Shot,,,,
0021201192,321,4,0,3,9:37 PM,3:12,,,Griffin REBOUND (Off:2 Def:4),,
0021201192,322,1,1,3,9:37 PM,2:59,,,Barnes 25' 3PT Jump Shot (5 PTS) (Griffin 3 AST),68 - 66,-2
0021201192,323,2,1,3,9:38 PM,2:38,MISS Prince 15' Jump Shot,,,,
0021201192,324,4,0,3,9:38 PM,2:36,,,Crawford REBOUND (Off:0 Def:2),,
0021201192,325,2,1,3,9:38 PM,2:26,,,MISS Griffin 19' Jump Shot,,
0021201192,326,4,0,3,9:38 PM,2:25,Prince REBOUND (Off:0 Def:1),,,,
0021201192,327,2,1,3,9:38 PM,2:16,MISS Arthur 4' Jump Shot,,Jordan BLOCK (1 BLK),,
0021201192,328,4,0,3,9:38 PM,2:13,,,Paul REBOUND (Off:0 Def:3),,
0021201192,333,5,1,3,9:39 PM,1:53,Arthur STEAL (2 STL),,Paul Bad Pass Turnover (P2.T6),,
0021201192,329,1,1,3,9:39 PM,1:53,Gasol 6' Jump Shot (16 PTS),,,68 - 68,TIE
0021201192,330,6,1,3,9:39 PM,1:31,Conley P.FOUL (P3.T4),,,,
0021201192,331,9,1,3,9:39 PM,1:31,,,Clippers Timeout: Regular (Reg.3 Short 0),,
0021201192,334,8,0,3,9:41 PM,1:31,SUB: Daye FOR Prince,,,,
0021201192,335,8,0,3,9:41 PM,1:31,SUB: Pondexter FOR Conley,,,,
0021201192,336,8,0,3,9:42 PM,1:31,,,SUB: Hollins FOR Jordan,,
0021201192,337,8,0,3,9:42 PM,1:31,,,SUB: Hill FOR Barnes,,
0021201192,339,2,3,3,9:42 PM,1:19,,,MISS Griffin 8' Hook Shot,,
0021201192,340,4,0,3,9:42 PM,1:16,,,Griffin REBOUND (Off:3 Def:4),,
0021201192,341,2,5,3,9:42 PM,1:15,,,MISS Griffin 1' Layup,,
0021201192,342,4,0,3,9:42 PM,1:14,Arthur REBOUND (Off:1 Def:2),,,,
0021201192,343,1,5,3,9:42 PM,1:11,Bayless 2' Layup (7 PTS),,,68 - 70,2
0021201192,344,6,2,3,9:42 PM,1:11,,,Hill S.FOUL (P1.T4),,
0021201192,345,8,0,3,9:43 PM,1:11,,,SUB: Bledsoe FOR Paul,,
0021201192,346,3,10,3,9:43 PM,1:11,Bayless Free Throw 1 of 1 (8 PTS),,,68 - 71,3
0021201192,348,2,71,3,9:43 PM,0:47,,,MISS Bledsoe 1' Finger Roll Layup,,
0021201192,349,4,0,3,9:43 PM,0:45,Bayless REBOUND (Off:0 Def:1),,,,
0021201192,350,2,1,3,9:44 PM,0:40,MISS Daye 7' Jump Shot,,,,
0021201192,351,4,0,3,9:44 PM,0:40,,,Crawford REBOUND (Off:0 Def:3),,
0021201192,352,2,1,3,9:44 PM,0:29,Pondexter BLOCK (1 BLK),,MISS Crawford 5' Jump Shot,,
0021201192,353,4,0,3,9:44 PM,0:27,Arthur REBOUND (Off:1 Def:3),,,,
0021201192,354,1,47,3,9:44 PM,0:22,Daye 8' Turnaround Jump Shot (2 PTS),,,68 - 73,5
0021201192,355,2,1,3,9:44 PM,0:02,,,MISS Crawford 15' Jump Shot,,
0021201192,356,4,0,3,9:44 PM,0:01,Gasol REBOUND (Off:3 Def:9),,,,
0021201192,357,2,1,3,9:44 PM,0:00,MISS Daye 67' 3PT Jump Shot,,Crawford BLOCK (1 BLK),,
0021201192,359,4,0,3,9:45 PM,0:00,GRIZZLIES Rebound,,,,
0021201192,358,13,0,3,9:45 PM,0:00,,,,68 - 73,5
0021201192,361,12,0,4,9:47 PM,12:00,,,,68 - 73,5
0021201192,362,5,1,4,9:47 PM,11:47,Bayless STEAL (1 STL),,Crawford Bad Pass Turnover (P4.T7),,
0021201192,363,2,80,4,9:48 PM,11:25,MISS Daye 21' Step Back Jump Shot,,,,
0021201192,364,4,0,4,9:48 PM,11:22,,,Odom REBOUND (Off:1 Def:1),,
0021201192,365,1,1,4,9:48 PM,11:06,,,Odom 20' Jump Shot (7 PTS) (Bledsoe 1 AST),70 - 73,3
0021201192,366,2,1,4,9:48 PM,10:39,MISS Bayless 25' 3PT Jump Shot,,,,
0021201192,367,4,0,4,9:48 PM,10:39,GRIZZLIES Rebound,,,,
0021201192,368,6,3,4,9:48 PM,10:39,,,Crawford L.B.FOUL (P1.T1),,
0021201192,369,1,3,4,9:49 PM,10:28,Gasol 6' Hook Shot (18 PTS),,,70 - 75,5
0021201192,370,1,1,4,9:49 PM,10:03,,,Hollins 7' Jump Shot (3 PTS) (Odom 1 AST),72 - 75,3
0021201192,371,6,1,4,9:50 PM,9:44,,,Hollins P.FOUL (P3.T2),,
0021201192,372,8,0,4,9:50 PM,9:44,SUB: Randolph FOR Gasol,,,,
0021201192,373,8,0,4,9:50 PM,9:44,,,SUB: Paul FOR Crawford,,
0021201192,375,1,66,4,9:51 PM,9:32,Arthur 12' Jump Bank Shot (4 PTS) (Daye 1 AST),,,72 - 77,5
0021201192,376,1,1,4,9:51 PM,9:07,,,Hill  3PT Jump Shot (3 PTS) (Bledsoe 2 AST),75 - 77,2
0021201192,377,2,78,4,9:51 PM,8:49,MISS Bayless 11' Floating Jump Shot,,,,
0021201192,378,4,0,4,9:51 PM,8:47,,,Bledsoe REBOUND (Off:0 Def:1),,
0021201192,379,2,5,4,9:51 PM,8:44,Daye BLOCK (1 BLK),,MISS Bledsoe 2' Layup,,
0021201192,381,4,0,4,9:51 PM,8:41,,,Hill REBOUND (Off:1 Def:0),,
0021201192,380,1,5,4,9:51 PM,8:41,,,Hill 2' Layup (5 PTS),77 - 77,TIE
0021201192,382,9,1,4,9:52 PM,8:40,GRIZZLIES Timeout: Regular (Full 4 Short 0),,,,
0021201192,385,2,1,4,9:54 PM,8:20,MISS Randolph 4' Jump Shot,,Odom BLOCK (1 BLK),,
0021201192,386,4,0,4,9:54 PM,8:19,,,Bledsoe REBOUND (Off:0 Def:2),,
0021201192,387,1,5,4,9:54 PM,8:14,,,Bledsoe 1' Layup (6 PTS),79 - 77,-2
0021201192,388,2,1,4,9:55 PM,7:57,MISS Randolph 12' Jump Shot,,,,
0021201192,389,4,0,4,9:55 PM,7:56,,,Bledsoe REBOUND (Off:0 Def:3),,
0021201192,390,6,1,4,9:55 PM,7:52,Daye P.FOUL (P1.T1),,,,
0021201192,391,1,1,4,9:55 PM,7:34,,,Paul 20' Jump Shot (10 PTS),81 - 77,-4
0021201192,392,2,5,4,9:56 PM,7:13,MISS Bayless 3' Layup,,Hill BLOCK (1 BLK),,
0021201192,393,4,0,4,9:56 PM,7:10,,,Hollins REBOUND (Off:0 Def:2),,
0021201192,394,1,1,4,9:56 PM,6:59,,,Bledsoe 26' 3PT Jump Shot (9 PTS) (Paul 5 AST),84 - 77,-7
0021201192,395,9,2,4,9:56 PM,6:56,GRIZZLIES Timeout: Short (Full 4 Short 1),,,,
0021201192,397,8,0,4,9:57 PM,6:56,SUB: Allen FOR Arthur,,,,
0021201192,398,8,0,4,9:57 PM,6:56,SUB: Prince FOR Bayless,,,,
0021201192,399,8,0,4,9:57 PM,6:56,SUB: Conley FOR Pondexter,,,,
0021201192,400,8,0,4,9:57 PM,6:56,SUB: Gasol FOR Daye,,,,
0021201192,401,5,11,4,9:58 PM,6:31,GRIZZLIES Turnover: Shot Clock (T#10),,,,
0021201192,402,1,52,4,9:58 PM,6:17,,,Hollins 1' Alley Oop Dunk (5 PTS) (Odom 2 AST),86 - 77,-9
0021201192,403,2,1,4,9:59 PM,6:03,MISS Conley 5' Jump Shot,,,,
0021201192,405,4,0,4,9:59 PM,6:01,Randolph REBOUND (Off:3 Def:6),,,,
0021201192,404,1,72,4,9:59 PM,6:01,Randolph 1' Putback Layup (12 PTS),,,86 - 79,-7
0021201192,406,2,79,4,9:59 PM,5:43,,,MISS Bledsoe 13' Pullup Jump Shot,,
0021201192,407,4,0,4,9:59 PM,5:41,GRIZZLIES Rebound,,,,
0021201192,408,9,4,4,9:59 PM,5:41,,,,,
0021201192,410,8,0,4,10:01 PM,5:41,,,SUB: Jordan FOR Hollins,,
0021201192,411,2,5,4,10:02 PM,5:24,MISS Randolph 3' Layup,,,,
0021201192,412,4,0,4,10:02 PM,5:24,Randolph REBOUND (Off:4 Def:6),,,,
0021201192,413,1,5,4,10:02 PM,5:22,Randolph 2' Layup (14 PTS),,,86 - 81,-5
0021201192,414,2,1,4,10:02 PM,5:02,,,MISS Odom 24' 3PT Jump Shot,,
0021201192,415,4,0,4,10:02 PM,5:01,Conley REBOUND (Off:0 Def:4),,,,
0021201192,416,1,5,4,10:03 PM,4:47,Allen 2' Layup (7 PTS) (Conley 6 AST),,,86 - 83,-3
0021201192,417,2,3,4,10:03 PM,4:26,,,MISS Jordan 6' Hook Shot,,
0021201192,418,4,0,4,10:03 PM,4:24,Gasol REBOUND (Off:3 Def:10),,,,
0021201192,419,2,5,4,10:03 PM,4:20,MISS Conley 2' Layup,,Hill BLOCK (2 BLK),,
0021201192,420,4,0,4,10:03 PM,4:20,GRIZZLIES Rebound,,,,
0021201192,421,8,0,4,10:03 PM,4:20,,,SUB: Griffin FOR Odom,,
0021201192,422,6,1,4,10:04 PM,4:15,,,Bledsoe P.FOUL (P2.T3),,
0021201192,423,6,2,4,10:04 PM,4:12,,,Bledsoe S.FOUL (P3.T4),,
0021201192,424,3,11,4,10:04 PM,4:12,MISS Conley Free Throw 1 of 2,,,,
0021201192,425,4,1,4,10:04 PM,4:12,GRIZZLIES Rebound,,,,
0021201192,426,3,12,4,10:04 PM,4:12,Conley Free Throw 2 of 2 (11 PTS),,,86 - 84,-2
0021201192,428,2,1,4,10:05 PM,3:53,,,MISS Hill 15' Jump Shot,,
0021201192,429,4,0,4,10:05 PM,3:51,Gasol REBOUND (Off:3 Def:11),,,,
0021201192,430,6,17,4,10:06 PM,3:34,,,Clippers T.Foul (Def. 3 Sec Hill ),,
0021201192,431,3,16,4,10:06 PM,3:34,Conley Free Throw Technical (12 PTS),,,86 - 85,-1
0021201192,433,2,1,4,10:06 PM,3:23,MISS Randolph 17' Jump Shot,,,,
0021201192,434,4,0,4,10:06 PM,3:22,,,Jordan REBOUND (Off:4 Def:8),,
0021201192,435,1,80,4,10:07 PM,3:00,,,Paul 21' Step Back Jump Shot (12 PTS),88 - 85,-3
0021201192,436,2,5,4,10:07 PM,2:39,MISS Allen 1' Layup,,Jordan BLOCK (2 BLK),,
0021201192,438,4,0,4,10:07 PM,2:38,Randolph REBOUND (Off:5 Def:6),,,,
0021201192,437,2,4,4,10:07 PM,2:38,MISS Randolph  Tip Shot,,,,
0021201192,439,4,0,4,10:07 PM,2:36,,,Griffin REBOUND (Off:3 Def:5),,
0021201192,440,2,1,4,10:08 PM,2:13,,,MISS Paul 30' 3PT Jump Shot,,
0021201192,441,4,0,4,10:08 PM,2:11,,,Bledsoe REBOUND (Off:1 Def:3),,
0021201192,442,9,1,4,10:08 PM,2:07,,,Clippers Timeout: Regular (Reg.4 Short 0),,
0021201192,444,8,0,4,10:10 PM,2:07,,,SUB: Crawford FOR Bledsoe,,
0021201192,445,8,0,4,10:10 PM,2:07,,,SUB: Barnes FOR Hill,,
0021201192,446,2,1,4,10:10 PM,1:56,,,MISS Paul 7' Jump Shot,,
0021201192,447,4,0,4,10:10 PM,1:55,Gasol REBOUND (Off:3 Def:12),,,,
0021201192,448,6,2,4,10:11 PM,1:53,,,Barnes S.FOUL (P3.PN),,
0021201192,449,3,11,4,10:11 PM,1:53,MISS Allen Free Throw 1 of 2,,,,
0021201192,450,4,0,4,10:11 PM,1:53,GRIZZLIES Rebound,,,,
0021201192,451,3,12,4,10:11 PM,1:53,MISS Allen Free Throw 2 of 2,,,,
0021201192,453,4,0,4,10:11 PM,1:52,,,Griffin REBOUND (Off:3 Def:6),,
0021201192,454,5,11,4,10:12 PM,1:29,,,Clippers Turnover: Shot Clock (T#8),,
0021201192,455,8,0,4,10:12 PM,1:29,SUB: Bayless FOR Allen,,,,
0021201192,456,8,0,4,10:12 PM,1:29,,,SUB: Bledsoe FOR Crawford,,
0021201192,457,2,1,4,10:13 PM,1:09,MISS Conley 21' Jump Shot,,,,
0021201192,458,4,0,4,10:13 PM,1:08,,,Paul REBOUND (Off:0 Def:4),,
0021201192,459,6,1,4,10:13 PM,0:52,Bayless P.FOUL (P1.T2),,,,
0021201192,460,9,2,4,10:13 PM,0:52,,,Clippers Timeout: Short (Reg.4 Short 1),,
0021201192,462,8,0,4,10:14 PM,0:52,,,SUB: Crawford FOR Bledsoe,,
0021201192,463,8,0,4,10:15 PM,0:52,SUB: Allen FOR Bayless,,,,
0021201192,464,2,63,4,10:15 PM,0:41,,,MISS Paul 12' Fadeaway Jumper,,
0021201192,465,4,0,4,10:15 PM,0:39,Randolph REBOUND (Off:5 Def:7),,,,
0021201192,466,1,1,4,10:15 PM,0:23,Randolph 7' Jump Shot (16 PTS),,,88 - 87,-1
0021201192,467,6,28,4,10:15 PM,0:18,Conley Personal Take Foul (P4.PN),,,,
0021201192,468,3,11,4,10:15 PM,0:18,,,MISS Paul Free Throw 1 of 2,,
0021201192,469,4,1,4,10:15 PM,0:18,,,Clippers Rebound,,
0021201192,471,8,0,4,10:16 PM,0:18,,,SUB: Bledsoe FOR Crawford,,
0021201192,472,3,12,4,10:16 PM,0:18,,,Paul Free Throw 2 of 2 (13 PTS),89 - 87,-2
0021201192,474,9,1,4,10:16 PM,0:18,GRIZZLIES Timeout: Regular (Full 5 Short 1),,,,
0021201192,476,8,0,4,10:17 PM,0:18,SUB: Bayless FOR Allen,,,,
0021201192,477,2,1,4,10:18 PM,0:12,MISS Conley 14' Jump Shot,,Jordan BLOCK (3 BLK),,
0021201192,478,4,0,4,10:18 PM,0:12,GRIZZLIES Rebound,,,,
0021201192,479,9,2,4,10:18 PM,0:12,GRIZZLIES Timeout: Short (Full 5 Short 2),,,,
0021201192,481,5,1,4,10:20 PM,0:05,Conley Bad Pass Turnover (P1.T11),,Griffin STEAL (1 STL),,
0021201192,482,6,9,4,10:20 PM,0:03,Bayless C.P.FOUL (P2.PN),,,,
0021201192,483,18,0,4,10:20 PM,0:03,,,,,
0021201192,484,3,25,4,10:21 PM,0:03,,,MISS Griffin Free Throw Clear Path 1 of 2,,
0021201192,485,4,1,4,10:21 PM,0:03,,,Clippers Rebound,,
0021201192,486,3,26,4,10:22 PM,0:03,,,MISS Griffin Free Throw Clear Path 2 of 2,,
0021201192,487,4,1,4,10:22 PM,0:03,,,Clippers Rebound,,
0021201192,488,9,1,4,10:22 PM,0:03,,,Clippers Timeout: Regular (Reg.5 Short 1),,
0021201192,490,8,0,4,10:23 PM,0:03,,,SUB: Hill FOR Jordan,,
0021201192,491,8,0,4,10:23 PM,0:03,,,SUB: Crawford FOR Bledsoe,,
0021201192,492,8,0,4,10:24 PM,0:03,SUB: Allen FOR Randolph,,,,
0021201192,493,8,0,4,10:24 PM,0:03,SUB: Pondexter FOR Bayless,,,,
0021201192,494,6,28,4,10:24 PM,0:02,Allen Personal Take Foul (P2.PN),,,,
0021201192,495,3,11,4,10:24 PM,0:02,,,Crawford Free Throw 1 of 2 (8 PTS),90 - 87,-3
0021201192,497,3,12,4,10:25 PM,0:02,,,Crawford Free Throw 2 of 2 (9 PTS),91 - 87,-4
0021201192,499,2,1,4,10:25 PM,0:00,MISS Pondexter 51' 3PT Jump Shot,,,,
0021201192,501,4,0,4,10:25 PM,0:00,GRIZZLIES Rebound,,,,
0021201192,500,13,0,4,10:25 PM,0:00,,,,91 - 87,-4
