GAME_ID,EVENTNUM,EVENTMSGTYPE,EVENTMSGACTIONTYPE,PERIOD,WCTIMESTRING,PCTIMESTRING,HOMEDESCRIPTION,NEUTRALDESCRIPTION,VISITORDESCRIPTION,SCORE,SCOREMARGIN
0021200788,0,12,0,1,10:52 PM,12:00,,,,,
0021200788,1,10,0,1,10:52 PM,12:00,Jump Ball Howard vs. Jordan: Tip to Paul,,,,
0021200788,3,5,1,1,10:52 PM,11:53,Howard STEAL (1 STL),,Paul Bad Pass Turnover (P1.T1),,
0021200788,4,6,1,1,10:52 PM,11:53,,,Jordan P.FOUL (P1.T1),,
0021200788,5,2,1,1,10:53 PM,11:39,MISS Clark 27' 3PT Jump Shot,,,,
0021200788,6,4,0,1,10:53 PM,11:38,,,Billups REBOUND (Off:0 Def:1),,
0021200788,7,1,49,1,10:53 PM,11:27,,,Griffin 1' Driving Dunk (2 PTS) (Billups 1 AST),2 - 0,-2
0021200788,8,5,15,1,10:53 PM,11:12,Howard Offensive Goaltending Turnover (P1.T1),,,,
0021200788,11,7,2,1,10:54 PM,10:57,Howard Violation:Defensive Goaltending,,,,
0021200788,10,1,3,1,10:54 PM,10:57,,,Griffin 7' Hook Shot (4 PTS) (Billups 2 AST),4 - 0,-4
0021200788,12,2,5,1,10:54 PM,10:41,MISS Howard 1' Layup,,Jordan BLOCK (1 BLK),,
0021200788,13,4,0,1,10:54 PM,10:39,Clark REBOUND (Off:1 Def:0),,,,
0021200788,14,2,1,1,10:54 PM,10:34,MISS Nash 26' 3PT Jump Shot,,,,
0021200788,15,4,0,1,10:54 PM,10:33,,,Billups REBOUND (Off:0 Def:2),,
0021200788,16,2,1,1,10:54 PM,10:26,,,MISS Billups 25' 3PT Jump Shot,,
0021200788,17,4,0,1,10:54 PM,10:25,,,Griffin REBOUND (Off:1 Def:0),,
0021200788,18,2,1,1,10:54 PM,10:19,,,MISS Butler 25' 3PT Jump Shot,,
0021200788,19,4,0,1,10:54 PM,10:18,World Peace REBOUND (Off:0 Def:1),,,,
0021200788,20,6,27,1,10:55 PM,10:14,,,Butler Personal Block Foul (P1.T2),,
0021200788,21,2,1,1,10:55 PM,10:01,MISS World Peace 24' 3PT Jump Shot,,,,
0021200788,22,4,0,1,10:55 PM,10:00,Bryant REBOUND (Off:1 Def:0),,,,
0021200788,23,2,1,1,10:55 PM,9:56,MISS World Peace 24' 3PT Jump Shot,,,,
0021200788,24,4,0,1,10:55 PM,9:55,,,Griffin REBOUND (Off:1 Def:1),,
0021200788,25,2,1,1,10:55 PM,9:43,,,MISS Paul 16' Jump Shot,,
0021200788,26,4,0,1,10:55 PM,9:42,,,Griffin REBOUND (Off:2 Def:1),,
0021200788,27,1,8,1,10:55 PM,9:41,,,Griffin 1' Slam Dunk (6 PTS),6 - 0,-6
0021200788,28,5,2,1,10:55 PM,9:30,Howard Lost Ball Turnover (P2.T2),,Billups STEAL (1 STL),,
0021200788,29,5,1,1,10:56 PM,9:24,Clark STEAL (1 STL),,Billups Bad Pass Turnover (P1.T2),,
0021200788,30,2,1,1,10:56 PM,9:17,MISS Clark 16' Jump Shot,,,,
0021200788,31,4,0,1,10:56 PM,9:16,,,Jordan REBOUND (Off:0 Def:1),,
0021200788,32,1,80,1,10:56 PM,8:54,,,Griffin 16' Step Back Jump Shot (8 PTS),8 - 0,-8
0021200788,33,6,1,1,10:56 PM,8:42,,,Billups P.FOUL (P1.T3),,
0021200788,34,5,4,1,10:57 PM,8:31,Bryant Traveling Turnover (P1.T3),,,,
0021200788,36,2,1,1,10:57 PM,8:17,,,MISS Billups 6' Jump Shot,,
0021200788,37,4,0,1,10:57 PM,8:16,Bryant REBOUND (Off:1 Def:1),,,,
0021200788,38,2,5,1,10:57 PM,8:03,MISS Bryant 3' Layup,,Griffin BLOCK (1 BLK),,
0021200788,39,4,0,1,10:57 PM,8:01,,,Billups REBOUND (Off:0 Def:3),,
0021200788,40,2,5,1,10:58 PM,7:59,,,MISS Jordan 1' Layup,,
0021200788,47,4,0,1,10:58 PM,7:59,,,Paul REBOUND (Off:1 Def:0),,
0021200788,42,2,1,1,10:58 PM,7:54,,,MISS Butler 15' Jump Shot,,
0021200788,48,4,0,1,10:58 PM,7:54,,,Griffin REBOUND (Off:3 Def:1),,
0021200788,43,1,5,1,10:58 PM,7:54,,,Griffin  Layup (10 PTS),10 - 0,-10
0021200788,44,9,1,1,10:58 PM,7:54,LAKERS Timeout: Regular (Full 1 Short 0),,,,
0021200788,49,2,1,1,11:01 PM,7:42,MISS Clark 18' Jump Shot,,,,
0021200788,50,4,0,1,11:01 PM,7:40,,,Butler REBOUND (Off:0 Def:1),,
0021200788,51,1,1,1,11:01 PM,7:32,,,Billups 27' 3PT Jump Shot (3 PTS) (Paul 1 AST),13 - 0,-13
0021200788,52,2,1,1,11:01 PM,7:17,MISS Nash 28' 3PT Jump Shot,,,,
0021200788,53,4,0,1,11:01 PM,7:16,,,Griffin REBOUND (Off:3 Def:2),,
0021200788,54,1,1,1,11:02 PM,7:02,,,Griffin 19' Jump Shot (12 PTS) (Butler 1 AST),15 - 0,-15
0021200788,55,1,66,1,11:02 PM,6:50,Nash 10' Jump Bank Shot (2 PTS),,,15 - 2,-13
0021200788,56,2,1,1,11:02 PM,6:34,,,MISS Billups 27' 3PT Jump Shot,,
0021200788,57,4,0,1,11:02 PM,6:33,Howard REBOUND (Off:0 Def:1),,,,
0021200788,58,1,7,1,11:02 PM,6:26,Bryant 1' Dunk (2 PTS) (Clark 1 AST),,,15 - 4,-11
0021200788,59,1,1,1,11:03 PM,6:05,,,Butler 25' 3PT Jump Shot (3 PTS) (Griffin 1 AST),18 - 4,-14
0021200788,60,1,1,1,11:03 PM,5:53,Nash 18' Jump Shot (4 PTS),,,18 - 6,-12
0021200788,61,1,63,1,11:03 PM,5:33,,,Paul 16' Fadeaway Jumper (2 PTS),20 - 6,-14
0021200788,62,1,5,1,11:03 PM,5:18,Bryant 2' Layup (4 PTS) (Nash 1 AST),,,20 - 8,-12
0021200788,63,1,65,1,11:04 PM,4:58,,,Griffin 6' Jump Hook Shot (14 PTS),22 - 8,-14
0021200788,64,6,1,1,11:04 PM,4:50,,,Billups P.FOUL (P2.T4),,
0021200788,65,8,0,1,11:04 PM,4:50,SUB: Jamison FOR Clark,,,,
0021200788,66,8,0,1,11:04 PM,4:50,SUB: Meeks FOR World Peace,,,,
0021200788,67,8,0,1,11:04 PM,4:50,,,SUB: Crawford FOR Billups,,
0021200788,69,1,1,1,11:04 PM,4:42,Bryant 13' Jump Shot (6 PTS),,,22 - 10,-12
0021200788,70,2,1,1,11:05 PM,4:28,,,MISS Crawford 26' 3PT Jump Shot,,
0021200788,71,4,0,1,11:05 PM,4:28,,,Clippers Rebound,,
0021200788,72,5,1,1,11:05 PM,4:21,,,Griffin Bad Pass Turnover (P1.T3),,
0021200788,73,2,86,1,11:05 PM,4:09,MISS Nash 10' Turnaround Fadeaway Shot,,,,
0021200788,74,4,0,1,11:05 PM,4:07,,,Jordan REBOUND (Off:0 Def:2),,
0021200788,75,2,5,1,11:06 PM,4:03,,,MISS Griffin 1' Layup,,
0021200788,76,4,0,1,11:06 PM,4:01,Nash REBOUND (Off:0 Def:1),,,,
0021200788,77,2,1,1,11:06 PM,3:56,MISS Jamison 27' 3PT Jump Shot,,,,
0021200788,78,4,0,1,11:06 PM,3:54,,,Butler REBOUND (Off:0 Def:2),,
0021200788,79,6,1,1,11:06 PM,3:46,Jamison P.FOUL (P1.T1),,,,
0021200788,80,1,80,1,11:06 PM,3:32,,,Paul 17' Step Back Jump Shot (4 PTS),24 - 10,-14
0021200788,81,2,1,1,11:07 PM,3:15,MISS Meeks 25' 3PT Jump Shot,,,,
0021200788,82,4,0,1,11:07 PM,3:14,Meeks REBOUND (Off:1 Def:0),,,,
0021200788,83,1,8,1,11:07 PM,3:06,Howard 1' Slam Dunk (2 PTS) (Bryant 1 AST),,,24 - 12,-12
0021200788,84,9,1,1,11:07 PM,2:49,,,Clippers Timeout: Regular (Reg.1 Short 0),,
0021200788,86,8,0,1,11:09 PM,2:49,SUB: Blake FOR Nash,,,,
0021200788,87,8,0,1,11:10 PM,2:49,,,SUB: Barnes FOR Butler,,
0021200788,88,8,0,1,11:10 PM,2:49,,,SUB: Odom FOR Jordan,,
0021200788,89,1,58,1,11:10 PM,2:36,,,Griffin 6' Turnaround Hook Shot (16 PTS),26 - 12,-14
0021200788,90,1,3,1,11:11 PM,2:14,Bryant 9' Hook Shot (8 PTS),,,26 - 14,-12
0021200788,91,1,1,1,11:11 PM,1:57,,,Griffin 17' Jump Shot (18 PTS) (Paul 2 AST),28 - 14,-14
0021200788,92,2,78,1,11:11 PM,1:43,MISS Jamison 8' Floating Jump Shot,,,,
0021200788,93,4,0,1,11:11 PM,1:43,Howard REBOUND (Off:1 Def:1),,,,
0021200788,94,6,2,1,11:11 PM,1:43,,,Odom S.FOUL (P1.PN),,
0021200788,95,3,11,1,11:12 PM,1:43,MISS Howard Free Throw 1 of 2,,,,
0021200788,96,4,1,1,11:12 PM,1:43,LAKERS Rebound,,,,
0021200788,97,8,0,1,11:12 PM,1:43,,,SUB: Bledsoe FOR Paul,,
0021200788,98,3,12,1,11:12 PM,1:43,Howard Free Throw 2 of 2 (3 PTS),,,28 - 15,-13
0021200788,100,1,1,1,11:12 PM,1:30,,,Barnes 26' 3PT Jump Shot (3 PTS) (Crawford 1 AST),31 - 15,-16
0021200788,101,2,1,1,11:13 PM,1:11,MISS Howard 3' Jump Shot,,,,
0021200788,102,4,0,1,11:13 PM,1:10,Howard REBOUND (Off:2 Def:1),,,,
0021200788,103,2,5,1,11:13 PM,1:07,MISS Howard 2' Layup,,Odom BLOCK (1 BLK),,
0021200788,104,4,0,1,11:13 PM,1:06,Howard REBOUND (Off:3 Def:1),,,,
0021200788,105,2,1,1,11:13 PM,1:01,MISS Jamison 25' 3PT Jump Shot,,,,
0021200788,106,4,0,1,11:13 PM,0:59,,,Barnes REBOUND (Off:0 Def:1),,
0021200788,107,5,1,1,11:13 PM,0:56,,,Crawford Bad Pass Turnover (P1.T4),,
0021200788,109,1,78,1,11:13 PM,0:38,Jamison 8' Floating Jump Shot (2 PTS) (Bryant 2 AST),,,31 - 17,-14
0021200788,110,2,1,1,11:14 PM,0:30,,,MISS Crawford 17' Jump Shot,,
0021200788,111,4,0,1,11:14 PM,0:28,,,Crawford REBOUND (Off:1 Def:0),,
0021200788,112,2,5,1,11:14 PM,0:03,,,MISS Crawford 2' Layup,,
0021200788,113,4,0,1,11:14 PM,0:03,Meeks REBOUND (Off:1 Def:1),,,,
0021200788,114,13,0,1,11:14 PM,0:00,,,,31 - 17,-14
0021200788,116,12,0,2,11:17 PM,12:00,,,,31 - 17,-14
0021200788,117,2,5,2,11:18 PM,11:48,MISS Jamison 1' Layup,,Odom BLOCK (2 BLK),,
0021200788,118,4,0,2,11:18 PM,11:47,,,Hollins REBOUND (Off:0 Def:1),,
0021200788,119,2,1,2,11:19 PM,11:31,,,MISS Barnes 27' 3PT Jump Shot,,
0021200788,120,4,0,2,11:19 PM,11:29,Meeks REBOUND (Off:1 Def:2),,,,
0021200788,121,1,5,2,11:19 PM,11:15,Jamison 2' Layup (4 PTS) (Blake 1 AST),,,31 - 19,-12
0021200788,122,2,5,2,11:19 PM,10:55,Blake BLOCK (1 BLK),,MISS Hollins 1' Layup,,
0021200788,123,4,0,2,11:19 PM,10:53,Clark REBOUND (Off:1 Def:1),,,,
0021200788,124,1,3,2,11:19 PM,10:46,Jamison 8' Hook Shot (6 PTS) (Blake 2 AST),,,31 - 21,-10
0021200788,125,5,2,2,11:20 PM,10:23,Blake STEAL (1 STL),,Bledsoe Lost Ball Turnover (P1.T5),,
0021200788,126,1,49,2,11:20 PM,10:18,Clark 2' Driving Dunk (2 PTS) (Blake 3 AST),,,31 - 23,-8
0021200788,127,9,1,2,11:20 PM,10:10,,,Clippers Timeout: Regular (Reg.2 Short 0),,
0021200788,130,8,0,2,11:23 PM,10:10,,,SUB: Hill FOR Hollins,,
0021200788,131,2,1,2,11:24 PM,9:59,,,MISS Crawford 27' 3PT Jump Shot,,
0021200788,132,4,0,2,11:24 PM,9:58,Clark REBOUND (Off:1 Def:2),,,,
0021200788,133,1,3,2,11:24 PM,9:44,Jamison 4' Hook Shot (8 PTS) (World Peace 1 AST),,,31 - 25,-6
0021200788,134,1,1,2,11:25 PM,9:24,,,Bledsoe 19' Jump Shot (2 PTS),33 - 25,-8
0021200788,135,2,5,2,11:25 PM,9:02,MISS Clark 3' Layup,,Hill BLOCK (1 BLK),,
0021200788,136,4,0,2,11:25 PM,9:00,,,Odom REBOUND (Off:0 Def:1),,
0021200788,137,2,5,2,11:25 PM,8:45,,,MISS Barnes 2' Layup,,
0021200788,138,4,0,2,11:25 PM,8:44,,,Odom REBOUND (Off:1 Def:1),,
0021200788,139,6,2,2,11:25 PM,8:44,Blake S.FOUL (P1.T1),,,,
0021200788,140,9,2,2,11:26 PM,8:44,,,Clippers Timeout: Short (Reg.2 Short 1),,
0021200788,142,3,11,2,11:27 PM,8:44,,,Odom Free Throw 1 of 2 (1 PTS),34 - 25,-9
0021200788,144,3,12,2,11:28 PM,8:44,,,MISS Odom Free Throw 2 of 2,,
0021200788,146,4,0,2,11:28 PM,8:43,Jamison REBOUND (Off:0 Def:1),,,,
0021200788,147,6,28,2,11:28 PM,8:42,,,Bledsoe Personal Take Foul (P1.T1),,
0021200788,148,8,0,2,11:28 PM,8:42,,,SUB: Griffin FOR Odom,,
0021200788,149,1,71,2,11:29 PM,8:25,Blake 2' Finger Roll Layup (2 PTS) (Jamison 1 AST),,,34 - 27,-7
0021200788,150,5,2,2,11:29 PM,8:17,World Peace STEAL (1 STL),,Griffin Lost Ball Turnover (P2.T6),,
0021200788,151,1,49,2,11:29 PM,8:13,World Peace  Driving Dunk (2 PTS),,,34 - 29,-5
0021200788,152,6,1,2,11:29 PM,7:58,World Peace P.FOUL (P1.T2),,,,
0021200788,153,2,5,2,11:30 PM,7:45,,,MISS Barnes 3' Layup,,
0021200788,154,4,0,2,11:30 PM,7:44,Jamison REBOUND (Off:0 Def:2),,,,
0021200788,155,1,42,2,11:30 PM,7:38,Jamison 1' Driving Layup (10 PTS) (Blake 4 AST),,,34 - 31,-3
0021200788,156,2,1,2,11:30 PM,7:16,,,MISS Barnes 27' 3PT Jump Shot,,
0021200788,157,4,0,2,11:30 PM,7:15,,,Crawford REBOUND (Off:2 Def:0),,
0021200788,158,1,5,2,11:30 PM,7:09,,,Barnes 2' Layup (5 PTS) (Crawford 2 AST),36 - 31,-5
0021200788,159,2,1,2,11:30 PM,6:58,MISS World Peace 27' 3PT Jump Shot,,,,
0021200788,160,4,0,2,11:31 PM,6:58,LAKERS Rebound,,,,
0021200788,161,6,3,2,11:31 PM,6:58,,,Hill L.B.FOUL (P1.T2),,
0021200788,162,8,0,2,11:31 PM,6:58,,,SUB: Paul FOR Bledsoe,,
0021200788,163,8,0,2,11:31 PM,6:58,SUB: Bryant FOR Meeks,,,,
0021200788,164,8,0,2,11:31 PM,6:58,SUB: Nash FOR Blake,,,,
0021200788,165,1,1,2,11:31 PM,6:49,World Peace 9' Jump Shot (4 PTS) (Bryant 3 AST),,,36 - 33,-3
0021200788,166,6,11,2,11:31 PM,6:48,World Peace T.FOUL (P1.T2),,,,
0021200788,167,3,16,2,11:32 PM,6:48,,,Crawford Free Throw Technical (1 PTS),37 - 33,-4
0021200788,169,1,1,2,11:32 PM,6:27,,,Crawford  3PT Jump Shot (4 PTS) (Barnes 1 AST),40 - 33,-7
0021200788,170,6,3,2,11:33 PM,6:27,,,Griffin L.B.FOUL (P1.T3),,
0021200788,172,2,86,2,11:33 PM,6:12,MISS Bryant 13' Turnaround Fadeaway Shot,,,,
0021200788,173,4,0,2,11:33 PM,6:10,World Peace REBOUND (Off:1 Def:1),,,,
0021200788,174,2,5,2,11:33 PM,6:07,MISS World Peace 1' Layup,,,,
0021200788,175,4,0,2,11:33 PM,6:06,Clark REBOUND (Off:2 Def:2),,,,
0021200788,176,1,5,2,11:33 PM,6:05,Clark 2' Layup (4 PTS),,,40 - 35,-5
0021200788,177,1,1,2,11:34 PM,5:48,,,Paul 19' Jump Shot (6 PTS),42 - 35,-7
0021200788,178,6,1,2,11:34 PM,5:36,,,Paul P.FOUL (P1.T4),,
0021200788,179,9,4,2,11:34 PM,5:36,,,,,
0021200788,181,8,0,2,11:37 PM,5:36,SUB: Howard FOR Clark,,,,
0021200788,182,1,49,2,11:38 PM,5:28,Jamison 1' Driving Dunk (12 PTS) (Nash 2 AST),,,42 - 37,-5
0021200788,183,1,1,2,11:38 PM,5:07,,,Crawford 19' Jump Shot (6 PTS),44 - 37,-7
0021200788,184,6,2,2,11:38 PM,4:57,,,Griffin S.FOUL (P2.PN),,
0021200788,185,3,11,2,11:38 PM,4:57,MISS Howard Free Throw 1 of 2,,,,
0021200788,186,4,1,2,11:38 PM,4:57,LAKERS Rebound,,,,
0021200788,187,8,0,2,11:39 PM,4:57,,,SUB: Jordan FOR Hill,,
0021200788,188,3,12,2,11:39 PM,4:57,Howard Free Throw 2 of 2 (4 PTS),,,44 - 38,-6
0021200788,191,2,1,2,11:39 PM,4:35,,,MISS Crawford 23' Jump Shot,,
0021200788,192,4,0,2,11:39 PM,4:34,,,Barnes REBOUND (Off:1 Def:1),,
0021200788,193,6,2,2,11:39 PM,4:34,Jamison S.FOUL (P2.T3),,,,
0021200788,194,3,11,2,11:40 PM,4:34,,,MISS Jordan Free Throw 1 of 2,,
0021200788,195,4,1,2,11:40 PM,4:34,,,Clippers Rebound,,
0021200788,196,3,12,2,11:40 PM,4:34,,,Jordan Free Throw 2 of 2 (1 PTS),45 - 38,-7
0021200788,197,1,7,2,11:41 PM,4:21,Howard 1' Dunk (6 PTS) (Nash 3 AST),,,45 - 40,-5
0021200788,198,2,1,2,11:41 PM,4:08,,,MISS Barnes 27' 3PT Jump Shot,,
0021200788,199,4,0,2,11:41 PM,4:07,World Peace REBOUND (Off:1 Def:2),,,,
0021200788,200,6,1,2,11:41 PM,3:56,,,Crawford P.FOUL (P1.PN),,
0021200788,201,3,11,2,11:41 PM,3:56,Bryant Free Throw 1 of 2 (9 PTS),,,45 - 41,-4
0021200788,203,8,0,2,11:42 PM,3:56,,,SUB: Butler FOR Barnes,,
0021200788,204,8,0,2,11:42 PM,3:56,,,SUB: Billups FOR Crawford,,
0021200788,205,3,12,2,11:42 PM,3:56,Bryant Free Throw 2 of 2 (10 PTS),,,45 - 42,-3
0021200788,208,7,2,2,11:42 PM,3:40,Howard Violation:Defensive Goaltending,,,,
0021200788,207,1,5,2,11:42 PM,3:40,,,Griffin 3' Layup (20 PTS),47 - 42,-5
0021200788,209,6,1,2,11:43 PM,3:34,,,Butler P.FOUL (P2.PN),,
0021200788,210,3,11,2,11:43 PM,3:34,Bryant Free Throw 1 of 2 (11 PTS),,,47 - 43,-4
0021200788,212,3,12,2,11:43 PM,3:34,Bryant Free Throw 2 of 2 (12 PTS),,,47 - 44,-3
0021200788,215,6,1,2,11:44 PM,3:27,Nash P.FOUL (P1.T4),,,,
0021200788,216,6,1,2,11:44 PM,3:20,Nash P.FOUL (P2.PN),,,,
0021200788,217,3,11,2,11:45 PM,3:20,,,Paul Free Throw 1 of 2 (7 PTS),48 - 44,-4
0021200788,219,3,12,2,11:45 PM,3:20,,,Paul Free Throw 2 of 2 (8 PTS),49 - 44,-5
0021200788,222,5,4,2,11:45 PM,3:00,Jamison Traveling Turnover (P1.T4),,,,
0021200788,223,6,11,2,11:45 PM,3:00,Jamison T.FOUL (P2.PN),,,,
0021200788,224,3,16,2,11:46 PM,3:00,,,Billups Free Throw Technical (4 PTS),50 - 44,-6
0021200788,227,2,1,2,11:46 PM,2:50,,,MISS Paul 16' Jump Shot,,
0021200788,228,4,0,2,11:46 PM,2:49,Howard REBOUND (Off:3 Def:2),,,,
0021200788,229,1,1,2,11:47 PM,2:34,Jamison 24' 3PT Jump Shot (15 PTS) (Bryant 4 AST),,,50 - 47,-3
0021200788,230,1,1,2,11:47 PM,2:19,,,Billups 19' Jump Shot (6 PTS) (Paul 3 AST),52 - 47,-5
0021200788,231,5,13,2,11:47 PM,2:10,Bryant Backcourt Turnover (P2.T5),,,,
0021200788,232,9,1,2,11:47 PM,2:10,LAKERS Timeout: Regular (Full 2 Short 0),,,,
0021200788,234,1,42,2,11:50 PM,1:56,,,Billups 1' Driving Layup (8 PTS) (Paul 4 AST),54 - 47,-7
0021200788,235,6,2,2,11:50 PM,1:56,Howard S.FOUL (P1.PN),,,,
0021200788,236,3,10,2,11:51 PM,1:56,,,Billups Free Throw 1 of 1 (9 PTS),55 - 47,-8
0021200788,239,5,1,2,11:51 PM,1:43,Bryant Bad Pass Turnover (P3.T6),,Billups STEAL (2 STL),,
0021200788,240,1,1,2,11:51 PM,1:25,,,Paul 27' 3PT Jump Shot (11 PTS),58 - 47,-11
0021200788,241,5,1,2,11:52 PM,1:03,Bryant Bad Pass Turnover (P4.T7),,Billups STEAL (3 STL),,
0021200788,242,1,1,2,11:52 PM,0:56,,,Billups 26' 3PT Jump Shot (12 PTS) (Paul 5 AST),61 - 47,-14
0021200788,243,9,2,2,11:52 PM,0:56,LAKERS Timeout: Short (Full 2 Short 1),,,,
0021200788,245,6,1,2,11:53 PM,0:47,,,Butler P.FOUL (P3.PN),,
0021200788,246,3,11,2,11:53 PM,0:47,Howard Free Throw 1 of 2 (7 PTS),,,61 - 48,-13
0021200788,248,8,0,2,11:54 PM,0:47,,,SUB: Barnes FOR Butler,,
0021200788,250,8,0,2,11:54 PM,0:47,,,SUB: Hill FOR Griffin,,
0021200788,251,3,12,2,11:54 PM,0:47,Howard Free Throw 2 of 2 (8 PTS),,,61 - 49,-12
0021200788,254,2,63,2,11:55 PM,0:31,,,MISS Paul 15' Fadeaway Jumper,,
0021200788,255,4,0,2,11:55 PM,0:29,Howard REBOUND (Off:3 Def:3),,,,
0021200788,256,6,2,2,11:55 PM,0:20,,,Jordan S.FOUL (P2.PN),,
0021200788,257,6,11,2,11:55 PM,0:20,,,Jordan T.FOUL (P2.PN),,
0021200788,258,3,16,2,11:55 PM,0:20,Nash Free Throw Technical (5 PTS),,,61 - 50,-11
0021200788,260,3,11,2,11:55 PM,0:20,Bryant Free Throw 1 of 2 (13 PTS),,,61 - 51,-10
0021200788,262,8,0,2,11:56 PM,0:20,,,SUB: Crawford FOR Jordan,,
0021200788,263,8,0,2,11:56 PM,0:20,SUB: Blake FOR Nash,,,,
0021200788,264,8,0,2,11:56 PM,0:20,SUB: Clark FOR Jamison,,,,
0021200788,265,3,12,2,11:56 PM,0:20,Bryant Free Throw 2 of 2 (14 PTS),,,61 - 52,-9
0021200788,267,1,1,2,11:57 PM,0:01,,,Barnes 27' 3PT Jump Shot (8 PTS) (Paul 6 AST),64 - 52,-12
0021200788,268,13,0,2,11:57 PM,0:00,,,,64 - 52,-12
0021200788,270,12,0,3,12:16 AM,12:00,,,,64 - 52,-12
0021200788,271,2,1,3,12:16 AM,11:48,MISS Clark 18' Jump Shot,,,,
0021200788,272,4,0,3,12:16 AM,11:47,Bryant REBOUND (Off:2 Def:1),,,,
0021200788,273,5,1,3,12:17 AM,11:41,Bryant Bad Pass Turnover (P5.T8),,Jordan STEAL (1 STL),,
0021200788,274,5,1,3,12:17 AM,11:39,Clark STEAL (2 STL),,Paul Bad Pass Turnover (P2.T7),,
0021200788,275,5,1,3,12:17 AM,11:36,Clark Bad Pass Turnover (P1.T9),,Paul STEAL (1 STL),,
0021200788,276,1,1,3,12:17 AM,11:32,,,Butler 26' 3PT Jump Shot (6 PTS) (Paul 7 AST),67 - 52,-15
0021200788,277,1,7,3,12:17 AM,11:23,Bryant 2' Dunk (16 PTS) (Nash 4 AST),,,67 - 54,-13
0021200788,278,1,1,3,12:17 AM,11:03,,,Billups 25' 3PT Jump Shot (15 PTS) (Paul 8 AST),70 - 54,-16
0021200788,279,6,4,3,12:17 AM,10:54,Bryant OFF.Foul (P1),,,,
0021200788,280,5,5,3,12:17 AM,10:54,Bryant Foul Turnover (P6.T10),,,,
0021200788,281,2,1,3,12:18 AM,10:42,,,MISS Butler 26' 3PT Jump Shot,,
0021200788,282,4,0,3,12:18 AM,10:41,,,Clippers Rebound,,
0021200788,283,2,3,3,12:18 AM,10:33,,,MISS Griffin 6' Hook Shot,,
0021200788,285,4,0,3,12:18 AM,10:29,,,Jordan REBOUND (Off:1 Def:2),,
0021200788,284,2,4,3,12:18 AM,10:29,Howard BLOCK (1 BLK),,MISS Jordan 2' Tip Shot,,
0021200788,286,4,0,3,12:18 AM,10:28,,,Jordan REBOUND (Off:2 Def:2),,
0021200788,287,5,2,3,12:18 AM,10:25,Howard STEAL (2 STL),,Jordan Lost Ball Turnover (P1.T8),,
0021200788,288,5,1,3,12:18 AM,10:22,Nash Bad Pass Turnover (P1.T11),,Billups STEAL (4 STL),,
0021200788,289,1,1,3,12:18 AM,10:18,,,Billups 25' 3PT Jump Shot (18 PTS),73 - 54,-19
0021200788,290,2,1,3,12:19 AM,10:04,MISS Nash 17' Jump Shot,,,,
0021200788,291,4,0,3,12:19 AM,10:03,,,Griffin REBOUND (Off:3 Def:3),,
0021200788,292,2,1,3,12:19 AM,9:40,,,MISS Paul 27' 3PT Jump Shot,,
0021200788,293,4,0,3,12:19 AM,9:38,Howard REBOUND (Off:3 Def:4),,,,
0021200788,294,1,71,3,12:19 AM,9:25,Nash 2' Finger Roll Layup (7 PTS) (Bryant 5 AST),,,73 - 56,-17
0021200788,295,2,1,3,12:20 AM,9:09,,,MISS Butler 15' Jump Shot,,
0021200788,296,4,0,3,12:20 AM,9:08,Clark REBOUND (Off:2 Def:3),,,,
0021200788,297,1,1,3,12:20 AM,8:59,Howard 3' Jump Shot (10 PTS) (Clark 2 AST),,,73 - 58,-15
0021200788,298,6,2,3,12:20 AM,8:59,,,Griffin S.FOUL (P3.T1),,
0021200788,299,3,10,3,12:20 AM,8:59,MISS Howard Free Throw 1 of 1,,,,
0021200788,301,4,0,3,12:20 AM,8:58,,,Jordan REBOUND (Off:2 Def:3),,
0021200788,303,1,8,3,12:21 AM,8:48,,,Jordan 2' Slam Dunk (3 PTS) (Billups 3 AST),75 - 58,-17
0021200788,304,6,2,3,12:21 AM,8:48,Howard S.FOUL (P2.T1),,,,
0021200788,305,3,10,3,12:21 AM,8:48,,,MISS Jordan Free Throw 1 of 1,,
0021200788,307,4,0,3,12:21 AM,8:47,World Peace REBOUND (Off:1 Def:3),,,,
0021200788,308,2,1,3,12:21 AM,8:35,MISS Nash 26' 3PT Jump Shot,,,,
0021200788,309,4,0,3,12:21 AM,8:34,,,Butler REBOUND (Off:0 Def:3),,
0021200788,310,1,1,3,12:22 AM,8:28,,,Billups 25' 3PT Jump Shot (21 PTS) (Paul 9 AST),78 - 58,-20
0021200788,311,9,1,3,12:22 AM,8:22,LAKERS Timeout: Regular (Full 3 Short 1),,,,
0021200788,313,1,3,3,12:26 AM,8:02,Howard 4' Hook Shot (12 PTS) (World Peace 2 AST),,,78 - 60,-18
0021200788,314,2,1,3,12:26 AM,7:43,,,MISS Butler 25' 3PT Jump Shot,,
0021200788,316,4,0,3,12:26 AM,7:39,,,Jordan REBOUND (Off:3 Def:3),,
0021200788,315,2,4,3,12:26 AM,7:39,,,MISS Jordan 1' Tip Shot,,
0021200788,318,4,0,3,12:26 AM,7:38,,,Jordan REBOUND (Off:4 Def:3),,
0021200788,317,1,4,3,12:26 AM,7:38,,,Jordan 1' Tip Shot (5 PTS),80 - 60,-20
0021200788,319,2,1,3,12:27 AM,7:22,MISS Bryant 17' Jump Shot,,,,
0021200788,320,4,0,3,12:27 AM,7:19,,,Butler REBOUND (Off:0 Def:4),,
0021200788,321,5,1,3,12:27 AM,7:02,,,Billups Bad Pass Turnover (P2.T9),,
0021200788,322,6,1,3,12:28 AM,6:45,,,Jordan P.FOUL (P3.T2),,
0021200788,323,8,0,3,12:28 AM,6:45,,,SUB: Crawford FOR Billups,,
0021200788,324,5,1,3,12:28 AM,6:39,Nash Bad Pass Turnover (P2.T12),,,,
0021200788,325,1,1,3,12:28 AM,6:27,,,Paul 17' Jump Shot (13 PTS),82 - 60,-22
0021200788,326,1,1,3,12:29 AM,6:02,World Peace 24' 3PT Jump Shot (7 PTS) (Nash 5 AST),,,82 - 63,-19
0021200788,327,1,52,3,12:29 AM,5:56,,,Griffin 3' Alley Oop Dunk (22 PTS) (Paul 10 AST),84 - 63,-21
0021200788,328,1,1,3,12:29 AM,5:43,World Peace 27' 3PT Jump Shot (10 PTS) (Bryant 6 AST),,,84 - 66,-18
0021200788,329,5,1,3,12:29 AM,5:18,,,Paul Bad Pass Turnover (P3.T10),,
0021200788,330,8,0,3,12:30 AM,5:18,SUB: Jamison FOR Clark,,,,
0021200788,333,1,49,3,12:30 AM,5:01,Bryant  Driving Dunk (18 PTS),,,84 - 68,-16
0021200788,334,2,1,3,12:30 AM,4:38,,,MISS Griffin 18' Jump Shot,,
0021200788,335,4,0,3,12:31 AM,4:37,Howard REBOUND (Off:3 Def:5),,,,
0021200788,336,6,1,3,12:31 AM,4:30,,,Crawford P.FOUL (P2.T3),,
0021200788,337,5,1,3,12:31 AM,4:23,Nash Bad Pass Turnover (P3.T13),,Paul STEAL (2 STL),,
0021200788,338,1,42,3,12:31 AM,4:19,,,Paul 1' Driving Layup (15 PTS) (Griffin 2 AST),86 - 68,-18
0021200788,339,2,1,3,12:32 AM,3:53,MISS Nash 26' 3PT Jump Shot,,,,
0021200788,340,4,0,3,12:32 AM,3:51,,,Jordan REBOUND (Off:4 Def:4),,
0021200788,341,2,1,3,12:32 AM,3:36,,,MISS Butler 25' 3PT Jump Shot,,
0021200788,342,4,0,3,12:32 AM,3:34,,,Jordan REBOUND (Off:5 Def:4),,
0021200788,343,6,2,3,12:32 AM,3:34,Jamison S.FOUL (P3.T2),,,,
0021200788,344,3,11,3,12:32 AM,3:34,,,Jordan Free Throw 1 of 2 (6 PTS),87 - 68,-19
0021200788,346,8,0,3,12:33 AM,3:34,SUB: Meeks FOR World Peace,,,,
0021200788,347,3,12,3,12:33 AM,3:34,,,Jordan Free Throw 2 of 2 (7 PTS),88 - 68,-20
0021200788,349,2,1,3,12:33 AM,3:14,MISS Jamison 4' Jump Shot,,,,
0021200788,350,4,0,3,12:33 AM,3:14,,,Jordan REBOUND (Off:5 Def:5),,
0021200788,351,6,1,3,12:33 AM,3:14,Jamison P.FOUL (P4.T3),,,,
0021200788,352,1,46,3,12:34 AM,3:05,,,Crawford 16' Running Jump Shot (8 PTS),90 - 68,-22
0021200788,353,6,2,3,12:34 AM,2:54,,,Griffin S.FOUL (P4.T4),,
0021200788,354,9,1,3,12:34 AM,2:54,,,Clippers Timeout: Regular (Reg.3 Short 1),,
0021200788,375,9,0,3,12:35 AM,2:54,,,Clippers Timeout: No Timeout (Reg.3 Short 1),,
0021200788,356,8,0,3,12:36 AM,2:54,SUB: Blake FOR Nash,,,,
0021200788,357,8,0,3,12:37 AM,2:54,,,SUB: Barnes FOR Griffin,,
0021200788,358,3,11,3,12:38 AM,2:54,Jamison Free Throw 1 of 2 (16 PTS),,,90 - 69,-21
0021200788,360,3,12,3,12:38 AM,2:54,Jamison Free Throw 2 of 2 (17 PTS),,,90 - 70,-20
0021200788,363,2,1,3,12:39 AM,2:33,,,MISS Crawford 26' 3PT Jump Shot,,
0021200788,364,4,0,3,12:39 AM,2:31,Jamison REBOUND (Off:0 Def:3),,,,
0021200788,365,1,1,3,12:39 AM,2:13,Blake 19' Jump Shot (4 PTS) (Bryant 7 AST),,,90 - 72,-18
0021200788,366,1,1,3,12:39 AM,1:52,,,Butler 25' 3PT Jump Shot (9 PTS) (Paul 11 AST),93 - 72,-21
0021200788,367,1,43,3,12:40 AM,1:40,Howard 1' Alley Oop Layup (14 PTS) (Bryant 8 AST),,,93 - 74,-19
0021200788,368,6,2,3,12:40 AM,1:40,,,Barnes S.FOUL (P1.PN),,
0021200788,369,3,10,3,12:40 AM,1:40,MISS Howard Free Throw 1 of 1,,,,
0021200788,371,4,0,3,12:40 AM,1:36,,,Jordan REBOUND (Off:5 Def:6),,
0021200788,372,1,1,3,12:40 AM,1:27,,,Butler 18' Jump Shot (11 PTS) (Paul 12 AST),95 - 74,-21
0021200788,373,1,43,3,12:40 AM,1:06,Howard 2' Alley Oop Layup (16 PTS) (Blake 5 AST),,,95 - 76,-19
0021200788,374,1,1,3,12:41 AM,0:52,,,Paul 27' 3PT Jump Shot (18 PTS),98 - 76,-22
0021200788,376,5,8,3,12:41 AM,0:39,Howard 3 Second Violation Turnover (P3.T14),,,,
0021200788,377,2,1,3,12:41 AM,0:31,,,MISS Paul 17' Jump Shot,,
0021200788,378,4,0,3,12:41 AM,0:29,Meeks REBOUND (Off:1 Def:3),,,,
0021200788,380,1,1,3,12:42 AM,0:12,Meeks 26' 3PT Jump Shot (3 PTS) (Bryant 9 AST),,,98 - 79,-19
0021200788,381,6,2,3,12:42 AM,0:12,,,Barnes S.FOUL (P2.PN),,
0021200788,383,3,10,3,12:42 AM,0:12,Meeks Free Throw 1 of 1 (4 PTS),,,98 - 80,-18
0021200788,386,1,1,3,12:43 AM,0:00,,,Paul 25' 3PT Jump Shot (21 PTS),101 - 80,-21
0021200788,387,13,0,3,12:43 AM,0:00,,,,101 - 80,-21
0021200788,389,12,0,4,12:47 AM,12:00,,,,101 - 80,-21
0021200788,390,2,1,4,12:47 AM,11:42,,,MISS Crawford 20' Jump Shot,,
0021200788,391,4,0,4,12:47 AM,11:41,Bryant REBOUND (Off:2 Def:2),,,,
0021200788,392,2,1,4,12:47 AM,11:30,MISS Clark 16' Jump Shot,,,,
0021200788,393,4,0,4,12:47 AM,11:28,,,Bledsoe REBOUND (Off:0 Def:1),,
0021200788,394,6,1,4,12:47 AM,11:24,Blake P.FOUL (P2.T1),,,,
0021200788,395,2,1,4,12:48 AM,11:08,,,MISS Barnes 19' Jump Shot,,
0021200788,396,4,0,4,12:48 AM,11:06,Blake REBOUND (Off:0 Def:1),,,,
0021200788,397,1,1,4,12:48 AM,10:50,Blake  3PT Jump Shot (7 PTS) (Clark 3 AST),,,101 - 83,-18
0021200788,398,6,2,4,12:49 AM,10:29,World Peace S.FOUL (P2.T2),,,,
0021200788,399,3,11,4,12:49 AM,10:29,,,Hollins Free Throw 1 of 2 (1 PTS),102 - 83,-19
0021200788,401,3,12,4,12:49 AM,10:29,,,MISS Hollins Free Throw 2 of 2,,
0021200788,403,4,0,4,12:49 AM,10:27,Clark REBOUND (Off:2 Def:4),,,,
0021200788,404,5,1,4,12:50 AM,10:04,Clark Bad Pass Turnover (P2.T15),,Crawford STEAL (1 STL),,
0021200788,405,2,44,4,12:50 AM,9:50,,,MISS Bledsoe 3' Reverse Layup,,
0021200788,406,4,0,4,12:50 AM,9:48,,,Hollins REBOUND (Off:1 Def:1),,
0021200788,407,6,2,4,12:50 AM,9:47,World Peace S.FOUL (P3.T3),,,,
0021200788,408,3,11,4,12:50 AM,9:47,,,Butler Free Throw 1 of 2 (12 PTS),103 - 83,-20
0021200788,410,3,12,4,12:50 AM,9:47,,,Butler Free Throw 2 of 2 (13 PTS),104 - 83,-21
0021200788,413,6,2,4,12:51 AM,9:36,,,Bledsoe S.FOUL (P2.T1),,
0021200788,414,3,13,4,12:51 AM,9:36,MISS Blake Free Throw 1 of 3,,,,
0021200788,415,4,1,4,12:51 AM,9:36,LAKERS Rebound,,,,
0021200788,416,3,14,4,12:51 AM,9:36,MISS Blake Free Throw 2 of 3,,,,
0021200788,417,4,1,4,12:51 AM,9:36,LAKERS Rebound,,,,
0021200788,418,8,0,4,12:52 AM,9:36,SUB: Jamison FOR Clark,,,,
0021200788,419,3,15,4,12:52 AM,9:36,MISS Blake Free Throw 3 of 3,,,,
0021200788,421,4,0,4,12:52 AM,9:34,,,Butler REBOUND (Off:0 Def:5),,
0021200788,422,5,1,4,12:52 AM,9:20,Blake STEAL (2 STL),,Barnes Bad Pass Turnover (P1.T11),,
0021200788,423,1,49,4,12:52 AM,9:16,Bryant 1' Driving Dunk (20 PTS) (Blake 6 AST),,,104 - 85,-19
0021200788,424,2,1,4,12:52 AM,8:57,,,MISS Crawford 14' Jump Shot,,
0021200788,425,4,0,4,12:52 AM,8:56,Blake REBOUND (Off:0 Def:2),,,,
0021200788,426,2,1,4,12:53 AM,8:47,MISS World Peace  3PT Jump Shot,,,,
0021200788,427,4,0,4,12:53 AM,8:46,,,Crawford REBOUND (Off:2 Def:1),,
0021200788,428,6,2,4,12:53 AM,8:36,Jamison S.FOUL (P5.T4),,,,
0021200788,429,9,4,4,12:53 AM,8:36,,,,,
0021200788,431,3,11,4,12:56 AM,8:36,,,Hollins Free Throw 1 of 2 (2 PTS),105 - 85,-20
0021200788,433,3,12,4,12:57 AM,8:36,,,Hollins Free Throw 2 of 2 (3 PTS),106 - 85,-21
0021200788,436,1,42,4,12:57 AM,8:23,Meeks 1' Driving Layup (6 PTS) (Bryant 10 AST),,,106 - 87,-19
0021200788,437,1,42,4,12:57 AM,8:00,,,Bledsoe  Driving Layup (4 PTS),108 - 87,-21
0021200788,438,6,27,4,12:58 AM,7:44,,,Hollins Personal Block Foul (P1.T2),,
0021200788,439,6,29,4,12:58 AM,7:40,,,Hollins Shooting Block Foul (P2.T3),,
0021200788,440,3,11,4,12:58 AM,7:40,World Peace Free Throw 1 of 2 (11 PTS),,,108 - 88,-20
0021200788,442,3,12,4,12:59 AM,7:40,MISS World Peace Free Throw 2 of 2,,,,
0021200788,444,4,0,4,12:59 AM,7:39,,,Butler REBOUND (Off:0 Def:6),,
0021200788,445,5,40,4,12:59 AM,7:35,,,Bledsoe Out of Bounds Lost Ball Turnover (P2.T12),,
0021200788,446,8,0,4,12:59 AM,7:35,SUB: Howard FOR World Peace,,,,
0021200788,448,8,0,4,12:59 AM,7:35,,,SUB: Jordan FOR Hollins,,
0021200788,449,8,0,4,12:59 AM,7:35,,,SUB: Paul FOR Bledsoe,,
0021200788,450,2,1,4,1:00 AM,7:19,MISS Bryant 9' Jump Shot,,,,
0021200788,451,4,0,4,1:00 AM,7:18,,,Butler REBOUND (Off:0 Def:7),,
0021200788,452,6,1,4,1:00 AM,7:16,Bryant P.FOUL (P2.PN),,,,
0021200788,453,3,11,4,1:00 AM,7:16,,,Paul Free Throw 1 of 2 (22 PTS),109 - 88,-21
0021200788,455,3,12,4,1:00 AM,7:16,,,Paul Free Throw 2 of 2 (23 PTS),110 - 88,-22
0021200788,458,2,1,4,1:01 AM,7:00,MISS Meeks 26' 3PT Jump Shot,,,,
0021200788,459,4,0,4,1:01 AM,6:59,,,Butler REBOUND (Off:0 Def:8),,
0021200788,460,2,63,4,1:01 AM,6:43,,,MISS Butler 17' Fadeaway Jumper,,
0021200788,461,4,0,4,1:01 AM,6:41,Jamison REBOUND (Off:0 Def:4),,,,
0021200788,462,1,52,4,1:01 AM,6:35,Howard 1' Alley Oop Dunk (18 PTS) (Bryant 11 AST),,,110 - 90,-20
0021200788,463,2,1,4,1:02 AM,6:09,,,MISS Paul 26' 3PT Jump Shot,,
0021200788,464,4,0,4,1:02 AM,6:08,LAKERS Rebound,,,,
0021200788,465,8,0,4,1:02 AM,6:06,,,SUB: Griffin FOR Butler,,
0021200788,466,2,1,4,1:02 AM,5:56,MISS Jamison 19' Jump Shot,,,,
0021200788,467,4,0,4,1:03 AM,5:55,Bryant REBOUND (Off:3 Def:2),,,,
0021200788,468,2,1,4,1:03 AM,5:52,MISS Bryant 5' Jump Shot,,Jordan BLOCK (2 BLK),,
0021200788,469,4,0,4,1:03 AM,5:51,,,Jordan REBOUND (Off:5 Def:7),,
0021200788,470,2,5,4,1:03 AM,5:43,,,MISS Jordan 1' Layup,,
0021200788,472,4,0,4,1:03 AM,5:41,,,Griffin REBOUND (Off:4 Def:3),,
0021200788,471,2,4,4,1:03 AM,5:41,,,MISS Griffin 2' Tip Shot,,
0021200788,473,4,0,4,1:03 AM,5:39,,,Griffin REBOUND (Off:5 Def:3),,
0021200788,474,1,1,4,1:03 AM,5:21,,,Barnes  3PT Jump Shot (11 PTS) (Paul 13 AST),113 - 90,-23
0021200788,475,7,5,4,1:03 AM,5:09,,,Barnes Violation:Kicked Ball,,
0021200788,476,9,1,4,1:04 AM,5:09,LAKERS Timeout: Regular (Full 4 Short 1),,,,
0021200788,478,8,0,4,1:06 AM,5:09,SUB: Clark FOR Howard,,,,
0021200788,480,2,1,4,1:07 AM,4:55,MISS Bryant 14' Jump Shot,,Barnes BLOCK (1 BLK),,
0021200788,481,4,0,4,1:07 AM,4:55,,,Griffin REBOUND (Off:5 Def:4),,
0021200788,482,6,11,4,1:07 AM,4:55,Bryant T.FOUL (P2.PN),,,,
0021200788,483,3,16,4,1:07 AM,4:55,,,Paul Free Throw Technical (24 PTS),114 - 90,-24
0021200788,485,5,1,4,1:08 AM,4:41,Clark STEAL (3 STL),,Crawford Bad Pass Turnover (P2.T13),,
0021200788,486,2,5,4,1:08 AM,4:36,MISS Clark 2' Layup,,Griffin BLOCK (2 BLK),,
0021200788,487,4,0,4,1:08 AM,4:33,,,Barnes REBOUND (Off:1 Def:2),,
0021200788,488,1,3,4,1:08 AM,4:19,,,Jordan 3' Hook Shot (9 PTS),116 - 90,-26
0021200788,489,6,2,4,1:08 AM,4:19,Clark S.FOUL (P1.PN),,,,
0021200788,491,8,0,4,1:09 AM,4:19,SUB: Sacre FOR Jamison,,,,
0021200788,492,8,0,4,1:09 AM,4:19,SUB: Morris FOR Bryant,,,,
0021200788,493,8,0,4,1:09 AM,4:19,,,SUB: Bledsoe FOR Paul,,
0021200788,494,3,10,4,1:09 AM,4:19,,,MISS Jordan Free Throw 1 of 1,,
0021200788,496,4,0,4,1:09 AM,4:19,,,Griffin REBOUND (Off:6 Def:4),,
0021200788,497,1,3,4,1:10 AM,4:01,,,Jordan 6' Hook Shot (11 PTS) (Bledsoe 1 AST),118 - 90,-28
0021200788,498,6,2,4,1:10 AM,3:38,,,Jordan S.FOUL (P4.T4),,
0021200788,499,3,11,4,1:10 AM,3:38,Meeks Free Throw 1 of 2 (7 PTS),,,118 - 91,-27
0021200788,501,8,0,4,1:11 AM,3:38,,,SUB: Green FOR Crawford,,
0021200788,502,8,0,4,1:11 AM,3:38,,,SUB: Turiaf FOR Griffin,,
0021200788,503,8,0,4,1:11 AM,3:38,,,SUB: Hollins FOR Jordan,,
0021200788,504,3,12,4,1:11 AM,3:38,Meeks Free Throw 2 of 2 (8 PTS),,,118 - 92,-26
0021200788,506,1,78,4,1:11 AM,3:20,,,Bledsoe 8' Floating Jump Shot (6 PTS),120 - 92,-28
0021200788,507,1,1,4,1:11 AM,3:06,Meeks 26' 3PT Jump Shot (11 PTS),,,120 - 95,-25
0021200788,508,5,1,4,1:12 AM,2:53,Meeks STEAL (1 STL),,Bledsoe Bad Pass Turnover (P3.T14),,
0021200788,509,6,2,4,1:12 AM,2:49,,,Bledsoe S.FOUL (P3.PN),,
0021200788,510,9,1,4,1:12 AM,2:49,,,Clippers Timeout: Regular (Reg.4 Short 1),,
0021200788,512,3,11,4,1:15 AM,2:49,Meeks Free Throw 1 of 2 (12 PTS),,,120 - 96,-24
0021200788,514,3,12,4,1:15 AM,2:49,Meeks Free Throw 2 of 2 (13 PTS),,,120 - 97,-23
0021200788,516,1,1,4,1:16 AM,2:33,,,Green 27' 3PT Jump Shot (3 PTS) (Bledsoe 2 AST),123 - 97,-26
0021200788,517,2,1,4,1:16 AM,2:20,MISS Morris 26' 3PT Jump Shot,,,,
0021200788,518,4,0,4,1:16 AM,2:19,,,Barnes REBOUND (Off:1 Def:3),,
0021200788,519,2,3,4,1:16 AM,2:02,,,MISS Turiaf 8' Hook Shot,,
0021200788,520,4,0,4,1:16 AM,2:00,Meeks REBOUND (Off:1 Def:4),,,,
0021200788,521,5,1,4,1:16 AM,1:45,Blake Bad Pass Turnover (P1.T16),,Bledsoe STEAL (1 STL),,
0021200788,522,2,1,4,1:17 AM,1:35,,,MISS Green 22' Jump Shot,,
0021200788,523,4,0,4,1:17 AM,1:34,Clark REBOUND (Off:2 Def:5),,,,
0021200788,524,1,44,4,1:17 AM,1:29,Morris 1' Reverse Layup (2 PTS) (Meeks 1 AST),,,123 - 99,-24
0021200788,525,2,1,4,1:17 AM,1:07,,,MISS Barnes 17' Jump Shot,,
0021200788,526,4,0,4,1:17 AM,1:06,Meeks REBOUND (Off:1 Def:5),,,,
0021200788,527,2,1,4,1:17 AM,0:56,MISS Clark 18' Jump Shot,,,,
0021200788,528,4,0,4,1:17 AM,0:55,,,Bledsoe REBOUND (Off:0 Def:2),,
0021200788,529,1,7,4,1:18 AM,0:34,,,Hollins  Dunk (5 PTS) (Bledsoe 3 AST),125 - 99,-26
0021200788,530,1,1,4,1:18 AM,0:25,Morris 18' Jump Shot (4 PTS) (Blake 7 AST),,,125 - 101,-24
0021200788,531,5,11,4,1:18 AM,0:01,,,Clippers Turnover: Shot Clock (T#15),,
0021200788,532,13,0,4,1:19 AM,0:00,,,,125 - 101,-24
