GAME_ID,EVENTNUM,EVENTMSGTYPE,EVENTMSGACTIONTYPE,PERIOD,WCTIMESTRING,PCTIMESTRING,HOMEDESCRIPTION,NEUTRALDESCRIPTION,VISITORDESCRIPTION,SCORE,SCOREMARGIN,PERSON1TYPE,PLAYER1_ID,PLAYER1_NAME,PLAYER1_TEAM_ID,PLAYER1_TEAM_CITY,PLAYER1_TEAM_NICKNAME,PLAYER1_TEAM_ABBREVIATION,PERSON2TYPE,PLAYER2_ID,PLAYER2_NAME,PLAYER2_TEAM_ID,PLAYER2_TEAM_CITY,PLAYER2_TEAM_NICKNAME,PLAYER2_TEAM_ABBREVIATION,PERSON3TYPE,PLAYER3_ID,PLAYER3_NAME,PLAYER3_TEAM_ID,PLAYER3_TEAM_CITY,PLAYER3_TEAM_NICKNAME,PLAYER3_TEAM_ABBREVIATION,VIDEO_AVAILABLE_FLAG
0020000855,0,12,0,1,4:33 AM,12:00,,,,,,0,0,,,,,,0,0,,,,,,0,0,,,,,,0
0020000855,1,10,0,1,4:33 AM,12:00,Jump Ball Davis vs. Thomas: Tip to Peterson,,,,,4,213,Antonio Davis,1610612761.0,Toronto,Raptors,TOR,5,703,Kurt Thomas,1610612752.0,New York,Knicks,NYK,4,2050,Morris Peterson,1610612761.0,Toronto,Raptors,TOR,0
0020000855,3,1,1,1,4:34 AM,11:41,Oakley 17' Jump Shot (2 PTS) (Williams 1 AST),,,0 - 2,2,4,891,Charles Oakley,1610612761.0,Toronto,Raptors,TOR,4,1541,Alvin Williams,1610612761.0,Toronto,Raptors,TOR,0,0,,,,,,0
0020000855,4,9,2,1,4:34 AM,11:32,,,Knicks Timeout: Short (Reg.0 Short 1),,,3,1610612752,,,,,,0,0,,,,,,0,0,,,,,,0
0020000855,7,1,1,1,4:35 AM,11:22,,,Houston 18' Jump Shot (2 PTS) (Jackson 1 AST),2 - 2,TIE,5,275,Allan Houston,1610612752.0,New York,Knicks,NYK,5,349,Mark Jackson,1610612752.0,New York,Knicks,NYK,0,0,,,,,,0
0020000855,8,1,1,1,4:35 AM,11:09,Carter 20' Jump Shot (2 PTS),,,2 - 4,2,4,1713,Vince Carter,1610612761.0,Toronto,Raptors,TOR,0,0,,,,,,0,0,,,,,,0
0020000855,9,1,1,1,4:36 AM,10:45,,,Sprewell 19' Jump Shot (2 PTS),4 - 4,TIE,5,84,Latrell Sprewell,1610612752.0,New York,Knicks,NYK,0,0,,,,,,0,0,,,,,,0
0020000855,10,2,1,1,4:36 AM,10:31,MISS Carter 17' Jump Shot,,,,,4,1713,Vince Carter,1610612761.0,Toronto,Raptors,TOR,0,0,,,,,,0,0,,,,,,0
0020000855,11,4,0,1,4:36 AM,10:30,,,Jackson REBOUND (Off:0 Def:1),,,5,349,Mark Jackson,1610612752.0,New York,Knicks,NYK,0,0,,,,,,0,0,,,,,,0
0020000855,12,5,1,1,4:36 AM,10:23,Carter STEAL (1 STL),,Sprewell Bad Pass Turnover (P1.T1),,,5,84,Latrell Sprewell,1610612752.0,New York,Knicks,NYK,4,1713,Vince Carter,1610612761.0,Toronto,Raptors,TOR,0,0,,,,,,0
0020000855,13,2,42,1,4:36 AM,10:07,MISS Davis  Driving Layup,,Thomas BLOCK (1 BLK),,,4,213,Antonio Davis,1610612761.0,Toronto,Raptors,TOR,0,0,,,,,,5,703,Kurt Thomas,1610612752.0,New York,Knicks,NYK,0
0020000855,14,4,0,1,4:36 AM,10:07,,,Knicks Rebound,,,3,1610612752,,,,,,0,0,,,,,,0,0,,,,,,0
0020000855,15,1,57,1,4:37 AM,9:51,,,Jackson 6' Driving Hook Shot (2 PTS),6 - 4,-2,5,349,Mark Jackson,1610612752.0,New York,Knicks,NYK,0,0,,,,,,0,0,,,,,,0
0020000855,17,2,1,1,4:37 AM,9:40,MISS Williams 22' Jump Shot,,,,,4,1541,Alvin Williams,1610612761.0,Toronto,Raptors,TOR,0,0,,,,,,0,0,,,,,,0
0020000855,18,4,0,1,4:37 AM,9:38,RAPTORS Rebound,,,,,2,1610612761,,,,,,0,0,,,,,,0,0,,,,,,0
0020000855,19,1,5,1,4:37 AM,9:32,Carter  Layup (4 PTS) (Oakley 1 AST),,,6 - 6,TIE,4,1713,Vince Carter,1610612761.0,Toronto,Raptors,TOR,4,891,Charles Oakley,1610612761.0,Toronto,Raptors,TOR,0,0,,,,,,0
0020000855,20,2,1,1,4:37 AM,9:17,,,MISS Johnson 25' 3PT Jump Shot,,,5,913,Larry Johnson,1610612752.0,New York,Knicks,NYK,0,0,,,,,,0,0,,,,,,0
0020000855,21,4,0,1,4:37 AM,9:15,RAPTORS Rebound,,,,,2,1610612761,,,,,,0,0,,,,,,0,0,,,,,,0
0020000855,22,1,1,1,4:38 AM,9:01,Davis 16' Jump Shot (2 PTS) (Williams 2 AST),,,6 - 8,2,4,213,Antonio Davis,1610612761.0,Toronto,Raptors,TOR,4,1541,Alvin Williams,1610612761.0,Toronto,Raptors,TOR,0,0,,,,,,0
0020000855,23,2,1,1,4:38 AM,8:39,,,MISS Johnson  3PT Jump Shot,,,5,913,Larry Johnson,1610612752.0,New York,Knicks,NYK,0,0,,,,,,0,0,,,,,,0
0020000855,24,4,0,1,4:38 AM,8:37,RAPTORS Rebound,,,,,2,1610612761,,,,,,0,0,,,,,,0,0,,,,,,0
0020000855,26,2,1,1,4:39 AM,8:19,MISS Oakley 20' Jump Shot,,,,,4,891,Charles Oakley,1610612761.0,Toronto,Raptors,TOR,0,0,,,,,,0,0,,,,,,0
0020000855,27,4,0,1,4:39 AM,8:18,Peterson REBOUND (Off:1 Def:0),,,,,4,2050,Morris Peterson,1610612761.0,Toronto,Raptors,TOR,0,0,,,,,,0,0,,,,,,0
0020000855,28,5,1,1,4:39 AM,8:15,Peterson Bad Pass Turnover (P1.T1),,Sprewell STEAL (1 STL),,,4,2050,Morris Peterson,1610612761.0,Toronto,Raptors,TOR,5,84,Latrell Sprewell,1610612752.0,New York,Knicks,NYK,0,0,,,,,,0
0020000855,29,5,2,1,4:39 AM,8:08,Williams STEAL (1 STL),,Johnson Lost Ball Turnover (P1.T2),,,5,913,Larry Johnson,1610612752.0,New York,Knicks,NYK,4,1541,Alvin Williams,1610612761.0,Toronto,Raptors,TOR,0,0,,,,,,0
0020000855,30,2,1,1,4:39 AM,8:03,MISS Carter 14' Jump Shot,,Thomas BLOCK (2 BLK),,,4,1713,Vince Carter,1610612761.0,Toronto,Raptors,TOR,0,0,,,,,,5,703,Kurt Thomas,1610612752.0,New York,Knicks,NYK,0
0020000855,31,4,0,1,4:39 AM,8:01,,,Houston REBOUND (Off:0 Def:1),,,5,275,Allan Houston,1610612752.0,New York,Knicks,NYK,0,0,,,,,,0,0,,,,,,0
0020000855,32,6,1,1,4:39 AM,7:46,Peterson P.FOUL (P1.T1),,,,,4,2050,Morris Peterson,1610612761.0,Toronto,Raptors,TOR,0,0,,,,,,1,0,,,,,,0
0020000855,33,2,1,1,4:40 AM,7:33,,,MISS Houston 19' Jump Shot,,,5,275,Allan Houston,1610612752.0,New York,Knicks,NYK,0,0,,,,,,0,0,,,,,,0
0020000855,34,4,0,1,4:40 AM,7:31,Oakley REBOUND (Off:0 Def:1),,,,,4,891,Charles Oakley,1610612761.0,Toronto,Raptors,TOR,0,0,,,,,,0,0,,,,,,0
0020000855,35,6,1,1,4:40 AM,7:26,,,Thomas P.FOUL (P1.T1),,,5,703,Kurt Thomas,1610612752.0,New York,Knicks,NYK,0,0,,,,,,1,0,,,,,,0
0020000855,36,2,5,1,4:40 AM,7:16,MISS Peterson  Layup,,,,,4,2050,Morris Peterson,1610612761.0,Toronto,Raptors,TOR,0,0,,,,,,0,0,,,,,,0
0020000855,37,4,0,1,4:40 AM,7:14,Peterson REBOUND (Off:2 Def:0),,,,,4,2050,Morris Peterson,1610612761.0,Toronto,Raptors,TOR,0,0,,,,,,0,0,,,,,,0
0020000855,38,2,1,1,4:41 AM,7:02,MISS Oakley 16' Jump Shot,,,,,4,891,Charles Oakley,1610612761.0,Toronto,Raptors,TOR,0,0,,,,,,0,0,,,,,,0
0020000855,39,4,0,1,4:41 AM,7:00,,,Houston REBOUND (Off:0 Def:2),,,5,275,Allan Houston,1610612752.0,New York,Knicks,NYK,0,0,,,,,,0,0,,,,,,0
0020000855,40,1,1,1,4:41 AM,6:50,,,Houston 19' Jump Shot (4 PTS),8 - 8,TIE,5,275,Allan Houston,1610612752.0,New York,Knicks,NYK,0,0,,,,,,0,0,,,,,,0
0020000855,41,6,2,1,4:41 AM,6:34,,,Johnson S.FOUL (P1.T2),,,5,913,Larry Johnson,1610612752.0,New York,Knicks,NYK,0,0,,,,,,1,0,,,,,,0
0020000855,42,3,11,1,4:41 AM,6:34,Oakley Free Throw 1 of 2 (3 PTS),,,8 - 9,1,4,891,Charles Oakley,1610612761.0,Toronto,Raptors,TOR,0,0,,,,,,0,0,,,,,,0
0020000855,43,3,12,1,4:42 AM,6:34,Oakley Free Throw 2 of 2 (4 PTS),,,8 - 10,2,4,891,Charles Oakley,1610612761.0,Toronto,Raptors,TOR,0,0,,,,,,0,0,,,,,,0
0020000855,45,2,46,1,4:42 AM,6:13,,,MISS Jackson 7' Running Jump Shot,,,5,349,Mark Jackson,1610612752.0,New York,Knicks,NYK,0,0,,,,,,0,0,,,,,,0
0020000855,46,4,0,1,4:42 AM,6:11,Davis REBOUND (Off:0 Def:1),,,,,4,213,Antonio Davis,1610612761.0,Toronto,Raptors,TOR,0,0,,,,,,0,0,,,,,,0
0020000855,47,1,1,1,4:43 AM,5:57,Peterson 20' Jump Shot (2 PTS) (Williams 3 AST),,,8 - 12,4,4,2050,Morris Peterson,1610612761.0,Toronto,Raptors,TOR,4,1541,Alvin Williams,1610612761.0,Toronto,Raptors,TOR,0,0,,,,,,0
0020000855,48,1,1,1,4:43 AM,5:35,,,Sprewell 24' 3PT Jump Shot (5 PTS) (Johnson 1 AST),11 - 12,1,5,84,Latrell Sprewell,1610612752.0,New York,Knicks,NYK,5,913,Larry Johnson,1610612752.0,New York,Knicks,NYK,0,0,,,,,,0
0020000855,49,1,1,1,4:43 AM,5:20,Davis 18' Jump Shot (4 PTS) (Carter 1 AST),,,11 - 14,3,4,213,Antonio Davis,1610612761.0,Toronto,Raptors,TOR,4,1713,Vince Carter,1610612761.0,Toronto,Raptors,TOR,0,0,,,,,,0
0020000855,50,1,1,1,4:43 AM,5:04,,,Johnson 14' Jump Shot (2 PTS),13 - 14,1,5,913,Larry Johnson,1610612752.0,New York,Knicks,NYK,0,0,,,,,,0,0,,,,,,0
0020000855,51,1,5,1,4:44 AM,4:48,Davis  Layup (6 PTS) (Oakley 2 AST),,,13 - 16,3,4,213,Antonio Davis,1610612761.0,Toronto,Raptors,TOR,4,891,Charles Oakley,1610612761.0,Toronto,Raptors,TOR,0,0,,,,,,0
0020000855,52,1,5,1,4:44 AM,4:25,,,Thomas  Layup (2 PTS) (Johnson 2 AST),15 - 16,1,5,703,Kurt Thomas,1610612752.0,New York,Knicks,NYK,5,913,Larry Johnson,1610612752.0,New York,Knicks,NYK,0,0,,,,,,0
0020000855,53,2,46,1,4:44 AM,4:06,MISS Carter 8' Running Jump Shot,,,,,4,1713,Vince Carter,1610612761.0,Toronto,Raptors,TOR,0,0,,,,,,0,0,,,,,,0
0020000855,54,4,0,1,4:44 AM,4:04,Carter REBOUND (Off:1 Def:0),,,,,4,1713,Vince Carter,1610612761.0,Toronto,Raptors,TOR,0,0,,,,,,0,0,,,,,,0
0020000855,55,1,4,1,4:44 AM,4:02,Carter  Tip Shot (6 PTS),,,15 - 18,3,4,1713,Vince Carter,1610612761.0,Toronto,Raptors,TOR,0,0,,,,,,0,0,,,,,,0
0020000855,56,6,1,1,4:45 AM,3:56,Williams P.FOUL (P1.T2),,,,,4,1541,Alvin Williams,1610612761.0,Toronto,Raptors,TOR,0,0,,,,,,1,0,,,,,,0
0020000855,57,9,3,1,4:45 AM,3:56,RAPTORS Timeout: Official TV (Full 0 Short 0),,,,,2,1610612761,,,,,,0,0,,,,,,0,0,,,,,,0
0020000855,61,1,1,1,4:48 AM,3:49,,,Sprewell 21' Jump Shot (7 PTS),17 - 18,1,5,84,Latrell Sprewell,1610612752.0,New York,Knicks,NYK,0,0,,,,,,0,0,,,,,,0
0020000855,62,2,1,1,4:49 AM,3:27,MISS Oakley 21' Jump Shot,,,,,4,891,Charles Oakley,1610612761.0,Toronto,Raptors,TOR,0,0,,,,,,0,0,,,,,,0
0020000855,63,4,0,1,4:49 AM,3:25,Davis REBOUND (Off:1 Def:1),,,,,4,213,Antonio Davis,1610612761.0,Toronto,Raptors,TOR,0,0,,,,,,0,0,,,,,,0
0020000855,64,2,47,1,4:49 AM,3:21,MISS Davis 9' Turnaround Jump Shot,,,,,4,213,Antonio Davis,1610612761.0,Toronto,Raptors,TOR,0,0,,,,,,0,0,,,,,,0
0020000855,65,4,0,1,4:49 AM,3:19,,,Johnson REBOUND (Off:0 Def:1),,,5,913,Larry Johnson,1610612752.0,New York,Knicks,NYK,0,0,,,,,,0,0,,,,,,0
0020000855,66,2,1,1,4:49 AM,3:13,,,MISS Houston 25' 3PT Jump Shot,,,5,275,Allan Houston,1610612752.0,New York,Knicks,NYK,0,0,,,,,,0,0,,,,,,0
0020000855,67,4,0,1,4:49 AM,3:11,Carter REBOUND (Off:1 Def:1),,,,,4,1713,Vince Carter,1610612761.0,Toronto,Raptors,TOR,0,0,,,,,,0,0,,,,,,0
0020000855,68,1,1,1,4:49 AM,3:06,Carter 26' 3PT Jump Shot (9 PTS),,,17 - 21,4,4,1713,Vince Carter,1610612761.0,Toronto,Raptors,TOR,0,0,,,,,,0,0,,,,,,0
0020000855,69,2,1,1,4:49 AM,2:45,,,MISS Thomas 14' Jump Shot,,,5,703,Kurt Thomas,1610612752.0,New York,Knicks,NYK,0,0,,,,,,0,0,,,,,,0
0020000855,70,4,0,1,4:49 AM,2:44,Carter REBOUND (Off:1 Def:2),,,,,4,1713,Vince Carter,1610612761.0,Toronto,Raptors,TOR,0,0,,,,,,0,0,,,,,,0
0020000855,71,2,42,1,4:49 AM,2:37,MISS Carter  Driving Layup,,,,,4,1713,Vince Carter,1610612761.0,Toronto,Raptors,TOR,0,0,,,,,,0,0,,,,,,0
0020000855,72,4,0,1,4:49 AM,2:35,,,Houston REBOUND (Off:0 Def:3),,,5,275,Allan Houston,1610612752.0,New York,Knicks,NYK,0,0,,,,,,0,0,,,,,,0
0020000855,73,6,2,1,4:50 AM,2:22,Peterson S.FOUL (P2.T3),,,,,4,2050,Morris Peterson,1610612761.0,Toronto,Raptors,TOR,0,0,,,,,,1,0,,,,,,0
0020000855,74,9,3,1,4:50 AM,2:22,,,Knicks Timeout: Official TV (Reg.0 Short 1),,,3,1610612752,,,,,,0,0,,,,,,0,0,,,,,,0
0020000855,76,8,0,1,4:53 AM,2:22,,,SUB: Rice FOR Houston,,,5,275,Allan Houston,1610612752.0,New York,Knicks,NYK,5,779,Glen Rice,1610612752.0,New York,Knicks,NYK,0,0,,,,,,0
0020000855,77,3,11,1,4:53 AM,2:22,,,MISS Sprewell Free Throw 1 of 2,,,5,84,Latrell Sprewell,1610612752.0,New York,Knicks,NYK,0,0,,,,,,0,0,,,,,,0
0020000855,78,4,1,1,4:53 AM,2:22,,,Knicks Rebound,,,3,1610612752,,,,,,0,0,,,,,,0,0,,,,,,0
0020000855,79,3,12,1,4:53 AM,2:22,,,Sprewell Free Throw 2 of 2 (8 PTS),18 - 21,3,5,84,Latrell Sprewell,1610612752.0,New York,Knicks,NYK,0,0,,,,,,0,0,,,,,,0
0020000855,81,2,1,1,4:53 AM,2:08,MISS Oakley 21' Jump Shot,,,,,4,891,Charles Oakley,1610612761.0,Toronto,Raptors,TOR,0,0,,,,,,0,0,,,,,,0
0020000855,82,4,0,1,4:53 AM,2:06,,,Knicks Rebound,,,3,1610612752,,,,,,0,0,,,,,,0,0,,,,,,0
0020000855,83,2,46,1,4:54 AM,1:54,,,MISS Jackson 6' Running Jump Shot,,,5,349,Mark Jackson,1610612752.0,New York,Knicks,NYK,0,0,,,,,,0,0,,,,,,0
0020000855,84,4,0,1,4:54 AM,1:52,RAPTORS Rebound,,,,,2,1610612761,,,,,,0,0,,,,,,0,0,,,,,,0
0020000855,85,6,2,1,4:54 AM,1:40,,,Sprewell S.FOUL (P1.T3),,,5,84,Latrell Sprewell,1610612752.0,New York,Knicks,NYK,0,0,,,,,,1,0,,,,,,0
0020000855,86,3,11,1,4:54 AM,1:40,Carter Free Throw 1 of 2 (10 PTS),,,18 - 22,4,4,1713,Vince Carter,1610612761.0,Toronto,Raptors,TOR,0,0,,,,,,0,0,,,,,,0
0020000855,87,8,0,1,4:55 AM,1:40,SUB: Childs FOR Williams,,,,,4,1541,Alvin Williams,1610612761.0,Toronto,Raptors,TOR,4,164,Chris Childs,1610612761.0,Toronto,Raptors,TOR,0,0,,,,,,0
0020000855,88,3,12,1,4:55 AM,1:40,Carter Free Throw 2 of 2 (11 PTS),,,18 - 23,5,4,1713,Vince Carter,1610612761.0,Toronto,Raptors,TOR,0,0,,,,,,0,0,,,,,,0
0020000855,90,1,61,1,4:55 AM,1:20,,,Sprewell  Driving Finger Roll (10 PTS),20 - 23,3,5,84,Latrell Sprewell,1610612752.0,New York,Knicks,NYK,0,0,,,,,,0,0,,,,,,0
0020000855,91,1,8,1,4:55 AM,0:59,Carter  Slam Dunk (13 PTS),,,20 - 25,5,4,1713,Vince Carter,1610612761.0,Toronto,Raptors,TOR,0,0,,,,,,0,0,,,,,,0
0020000855,92,2,1,1,4:56 AM,0:38,,,MISS Sprewell 21' Jump Shot,,,5,84,Latrell Sprewell,1610612752.0,New York,Knicks,NYK,0,0,,,,,,0,0,,,,,,0
0020000855,93,4,0,1,4:56 AM,0:36,Oakley REBOUND (Off:0 Def:2),,,,,4,891,Charles Oakley,1610612761.0,Toronto,Raptors,TOR,0,0,,,,,,0,0,,,,,,0
0020000855,94,5,1,1,4:56 AM,0:27,Oakley Bad Pass Turnover (P1.T2),,,,,4,891,Charles Oakley,1610612761.0,Toronto,Raptors,TOR,0,0,,,,,,1,0,,,,,,0
0020000855,95,5,2,1,4:57 AM,0:19,Oakley STEAL (1 STL),,Sprewell Lost Ball Turnover (P2.T3),,,5,84,Latrell Sprewell,1610612752.0,New York,Knicks,NYK,4,891,Charles Oakley,1610612761.0,Toronto,Raptors,TOR,0,0,,,,,,0
0020000855,96,9,2,1,4:57 AM,0:18,RAPTORS Timeout: Short (Full 0 Short 1),,,,,2,1610612761,,,,,,0,0,,,,,,0,0,,,,,,0
0020000855,98,8,0,1,4:58 AM,0:18,SUB: Clark FOR Oakley,,,,,4,891,Charles Oakley,1610612761.0,Toronto,Raptors,TOR,4,1721,Keon Clark,1610612761.0,Toronto,Raptors,TOR,0,0,,,,,,0
0020000855,99,8,0,1,4:58 AM,0:18,SUB: Curry FOR Davis,,,,,4,213,Antonio Davis,1610612761.0,Toronto,Raptors,TOR,4,209,Dell Curry,1610612761.0,Toronto,Raptors,TOR,0,0,,,,,,0
0020000855,100,2,61,1,4:58 AM,0:02,MISS Clark  Driving Finger Roll,,,,,4,1721,Keon Clark,1610612761.0,Toronto,Raptors,TOR,0,0,,,,,,0,0,,,,,,0
0020000855,101,4,0,1,4:58 AM,0:00,,,Johnson REBOUND (Off:0 Def:2),,,5,913,Larry Johnson,1610612752.0,New York,Knicks,NYK,0,0,,,,,,0,0,,,,,,0
0020000855,102,13,0,1,4:58 AM,0:00,,,,20 - 25,5,0,0,,,,,,0,0,,,,,,0,0,,,,,,0
0020000855,104,12,0,2,5:01 AM,12:00,,,,20 - 25,5,0,0,,,,,,0,0,,,,,,0,0,,,,,,0
0020000855,105,1,58,2,5:02 AM,11:40,,,Harrington 5' Turnaround Hook Shot (2 PTS) (Sprewell 1 AST),22 - 25,3,5,970,Othella Harrington,1610612752.0,New York,Knicks,NYK,5,84,Latrell Sprewell,1610612752.0,New York,Knicks,NYK,0,0,,,,,,0
0020000855,106,5,2,2,5:02 AM,11:22,Williams Lost Ball Turnover (P1.T3),,Ward STEAL (1 STL),,,4,966,Jerome Williams,1610612761.0,Toronto,Raptors,TOR,5,369,Charlie Ward,1610612752.0,New York,Knicks,NYK,0,0,,,,,,0
0020000855,107,2,1,2,5:02 AM,11:13,,,MISS Sprewell 20' Jump Shot,,,5,84,Latrell Sprewell,1610612752.0,New York,Knicks,NYK,0,0,,,,,,0,0,,,,,,0
0020000855,108,4,0,2,5:02 AM,11:12,Clark REBOUND (Off:0 Def:1),,,,,4,1721,Keon Clark,1610612761.0,Toronto,Raptors,TOR,0,0,,,,,,0,0,,,,,,0
0020000855,109,2,61,2,5:02 AM,11:07,MISS Childs  Driving Finger Roll,,,,,4,164,Chris Childs,1610612761.0,Toronto,Raptors,TOR,0,0,,,,,,0,0,,,,,,0
0020000855,110,4,0,2,5:02 AM,11:05,RAPTORS Rebound,,,,,2,1610612761,,,,,,0,0,,,,,,0,0,,,,,,0
0020000855,111,6,11,2,5:03 AM,11:05,,,Johnson T.FOUL (P1.T0),,,5,913,Larry Johnson,1610612752.0,New York,Knicks,NYK,0,0,,,,,,1,0,,,,,,0
0020000855,112,3,16,2,5:03 AM,11:05,Curry Free Throw Technical (1 PTS),,,22 - 26,4,4,209,Dell Curry,1610612761.0,Toronto,Raptors,TOR,0,0,,,,,,0,0,,,,,,0
0020000855,113,8,0,2,5:03 AM,11:05,,,SUB: Houston FOR Sprewell,,,5,84,Latrell Sprewell,1610612752.0,New York,Knicks,NYK,5,275,Allan Houston,1610612752.0,New York,Knicks,NYK,0,0,,,,,,0
0020000855,114,2,1,2,5:04 AM,10:58,MISS Carter 20' Jump Shot,,,,,4,1713,Vince Carter,1610612761.0,Toronto,Raptors,TOR,0,0,,,,,,0,0,,,,,,0
0020000855,115,4,0,2,5:04 AM,10:56,,,Rice REBOUND (Off:0 Def:1),,,5,779,Glen Rice,1610612752.0,New York,Knicks,NYK,0,0,,,,,,0,0,,,,,,0
0020000855,117,5,2,2,5:04 AM,10:39,Carter STEAL (2 STL),,Houston Lost Ball Turnover (P1.T4),,,5,275,Allan Houston,1610612752.0,New York,Knicks,NYK,4,1713,Vince Carter,1610612761.0,Toronto,Raptors,TOR,0,0,,,,,,0
0020000855,118,1,5,2,5:04 AM,10:27,Williams  Layup (2 PTS) (Childs 1 AST),,,22 - 28,6,4,966,Jerome Williams,1610612761.0,Toronto,Raptors,TOR,4,164,Chris Childs,1610612761.0,Toronto,Raptors,TOR,0,0,,,,,,0
0020000855,119,6,1,2,5:05 AM,10:06,Curry P.FOUL (P1.T1),,,,,4,209,Dell Curry,1610612761.0,Toronto,Raptors,TOR,0,0,,,,,,1,0,,,,,,0
0020000855,120,2,1,2,5:05 AM,10:01,,,MISS Rice 21' Jump Shot,,,5,779,Glen Rice,1610612752.0,New York,Knicks,NYK,0,0,,,,,,0,0,,,,,,0
0020000855,121,4,0,2,5:05 AM,9:59,Williams REBOUND (Off:0 Def:1),,,,,4,966,Jerome Williams,1610612761.0,Toronto,Raptors,TOR,0,0,,,,,,0,0,,,,,,0
0020000855,122,5,1,2,5:05 AM,9:51,Childs Bad Pass Turnover (P1.T4),,,,,4,164,Chris Childs,1610612761.0,Toronto,Raptors,TOR,0,0,,,,,,1,0,,,,,,0
0020000855,123,2,1,2,5:06 AM,9:35,,,MISS Rice 15' Jump Shot,,,5,779,Glen Rice,1610612752.0,New York,Knicks,NYK,0,0,,,,,,0,0,,,,,,0
0020000855,124,4,0,2,5:06 AM,9:32,,,Rice REBOUND (Off:1 Def:1),,,5,779,Glen Rice,1610612752.0,New York,Knicks,NYK,0,0,,,,,,0,0,,,,,,0
0020000855,125,2,46,2,5:06 AM,9:31,,,MISS Rice 6' Running Jump Shot,,,5,779,Glen Rice,1610612752.0,New York,Knicks,NYK,0,0,,,,,,0,0,,,,,,0
0020000855,126,4,0,2,5:06 AM,9:29,,,Johnson REBOUND (Off:1 Def:2),,,5,913,Larry Johnson,1610612752.0,New York,Knicks,NYK,0,0,,,,,,0,0,,,,,,0
0020000855,127,1,5,2,5:06 AM,9:28,,,Johnson  Layup (4 PTS),24 - 28,4,5,913,Larry Johnson,1610612752.0,New York,Knicks,NYK,0,0,,,,,,0,0,,,,,,0
0020000855,128,2,55,2,5:06 AM,9:14,MISS Carter 9' Hook Shot,,,,,4,1713,Vince Carter,1610612761.0,Toronto,Raptors,TOR,0,0,,,,,,0,0,,,,,,0
0020000855,129,4,0,2,5:06 AM,9:12,Williams REBOUND (Off:1 Def:1),,,,,4,966,Jerome Williams,1610612761.0,Toronto,Raptors,TOR,0,0,,,,,,0,0,,,,,,0
0020000855,130,1,4,2,5:06 AM,9:10,Williams  Tip Shot (4 PTS),,,24 - 30,6,4,966,Jerome Williams,1610612761.0,Toronto,Raptors,TOR,0,0,,,,,,0,0,,,,,,0
0020000855,131,6,1,2,5:06 AM,8:57,Curry P.FOUL (P2.T2),,,,,4,209,Dell Curry,1610612761.0,Toronto,Raptors,TOR,0,0,,,,,,1,0,,,,,,0
0020000855,132,9,3,2,5:06 AM,8:57,,,,,,1,0,,,,,,0,0,,,,,,0,0,,,,,,0
0020000855,135,8,0,2,5:09 AM,8:57,SUB: Murray FOR Curry,,,,,4,209,Dell Curry,1610612761.0,Toronto,Raptors,TOR,4,145,Tracy Murray,1610612761.0,Toronto,Raptors,TOR,0,0,,,,,,0
0020000855,137,2,1,2,5:10 AM,8:49,,,MISS Ward 25' 3PT Jump Shot,,,5,369,Charlie Ward,1610612752.0,New York,Knicks,NYK,0,0,,,,,,0,0,,,,,,0
0020000855,138,4,0,2,5:10 AM,8:47,Murray REBOUND (Off:0 Def:1),,,,,4,145,Tracy Murray,1610612761.0,Toronto,Raptors,TOR,0,0,,,,,,0,0,,,,,,0
0020000855,139,2,1,2,5:10 AM,8:36,MISS Childs 25' 3PT Jump Shot,,,,,4,164,Chris Childs,1610612761.0,Toronto,Raptors,TOR,0,0,,,,,,0,0,,,,,,0
0020000855,140,4,0,2,5:10 AM,8:34,Carter REBOUND (Off:2 Def:2),,,,,4,1713,Vince Carter,1610612761.0,Toronto,Raptors,TOR,0,0,,,,,,0,0,,,,,,0
0020000855,141,2,40,2,5:10 AM,8:33,MISS Carter  Layup,,Harrington BLOCK (1 BLK),,,4,1713,Vince Carter,1610612761.0,Toronto,Raptors,TOR,0,0,,,,,,5,970,Othella Harrington,1610612752.0,New York,Knicks,NYK,0
0020000855,142,4,0,2,5:10 AM,8:30,Clark REBOUND (Off:1 Def:1),,,,,4,1721,Keon Clark,1610612761.0,Toronto,Raptors,TOR,0,0,,,,,,0,0,,,,,,0
0020000855,143,1,42,2,5:10 AM,8:17,Clark  Driving Layup (2 PTS),,,24 - 32,8,4,1721,Keon Clark,1610612761.0,Toronto,Raptors,TOR,0,0,,,,,,0,0,,,,,,0
0020000855,144,2,1,2,5:11 AM,7:52,,,MISS Houston 12' Jump Shot,,,5,275,Allan Houston,1610612752.0,New York,Knicks,NYK,0,0,,,,,,0,0,,,,,,0
0020000855,145,4,0,2,5:11 AM,7:51,Murray REBOUND (Off:0 Def:2),,,,,4,145,Tracy Murray,1610612761.0,Toronto,Raptors,TOR,0,0,,,,,,0,0,,,,,,0
0020000855,146,2,7,2,5:11 AM,7:46,MISS Clark  Dunk,,Ward BLOCK (1 BLK),,,4,1721,Keon Clark,1610612761.0,Toronto,Raptors,TOR,0,0,,,,,,5,369,Charlie Ward,1610612752.0,New York,Knicks,NYK,0
0020000855,147,4,0,2,5:11 AM,7:44,,,Houston REBOUND (Off:0 Def:4),,,5,275,Allan Houston,1610612752.0,New York,Knicks,NYK,0,0,,,,,,0,0,,,,,,0
0020000855,148,5,2,2,5:11 AM,7:39,,,Ward Lost Ball Turnover (P1.T5),,,5,369,Charlie Ward,1610612752.0,New York,Knicks,NYK,0,0,,,,,,1,0,,,,,,0
0020000855,149,8,0,2,5:11 AM,7:39,,,SUB: Thomas FOR Johnson,,,5,913,Larry Johnson,1610612752.0,New York,Knicks,NYK,5,703,Kurt Thomas,1610612752.0,New York,Knicks,NYK,0,0,,,,,,0
0020000855,150,6,1,2,5:12 AM,7:19,,,Harrington P.FOUL (P1.T1),,,5,970,Othella Harrington,1610612752.0,New York,Knicks,NYK,0,0,,,,,,1,0,,,,,,0
0020000855,151,8,0,2,5:12 AM,7:19,,,SUB: Sprewell FOR Ward,,,5,369,Charlie Ward,1610612752.0,New York,Knicks,NYK,5,84,Latrell Sprewell,1610612752.0,New York,Knicks,NYK,0,0,,,,,,0
0020000855,152,8,0,2,5:12 AM,7:19,SUB: Williams FOR Carter,,,,,4,1713,Vince Carter,1610612761.0,Toronto,Raptors,TOR,4,1541,Alvin Williams,1610612761.0,Toronto,Raptors,TOR,0,0,,,,,,0
0020000855,153,2,1,2,5:12 AM,7:16,MISS Childs 24' 3PT Jump Shot,,,,,4,164,Chris Childs,1610612761.0,Toronto,Raptors,TOR,0,0,,,,,,0,0,,,,,,0
0020000855,154,4,0,2,5:12 AM,7:15,Williams REBOUND (Off:2 Def:1),,,,,4,966,Jerome Williams,1610612761.0,Toronto,Raptors,TOR,0,0,,,,,,0,0,,,,,,0
0020000855,155,1,1,2,5:12 AM,7:12,Clark 7' Jump Shot (4 PTS) (Williams 1 AST),,,24 - 34,10,4,1721,Keon Clark,1610612761.0,Toronto,Raptors,TOR,4,966,Jerome Williams,1610612761.0,Toronto,Raptors,TOR,0,0,,,,,,0
0020000855,156,1,5,2,5:12 AM,6:53,,,Thomas  Layup (4 PTS) (Rice 1 AST),26 - 34,8,5,703,Kurt Thomas,1610612752.0,New York,Knicks,NYK,5,779,Glen Rice,1610612752.0,New York,Knicks,NYK,0,0,,,,,,0
0020000855,157,6,2,2,5:12 AM,6:53,Clark S.FOUL (P1.T3),,,,,4,1721,Keon Clark,1610612761.0,Toronto,Raptors,TOR,0,0,,,,,,1,0,,,,,,0
0020000855,158,3,10,2,5:13 AM,6:53,,,Thomas Free Throw 1 of 1 (5 PTS),27 - 34,7,5,703,Kurt Thomas,1610612752.0,New York,Knicks,NYK,0,0,,,,,,0,0,,,,,,0
0020000855,159,2,1,2,5:13 AM,6:36,MISS Murray 24' 3PT Jump Shot,,,,,4,145,Tracy Murray,1610612761.0,Toronto,Raptors,TOR,0,0,,,,,,0,0,,,,,,0
0020000855,160,4,0,2,5:13 AM,6:35,,,Sprewell REBOUND (Off:0 Def:1),,,5,84,Latrell Sprewell,1610612752.0,New York,Knicks,NYK,0,0,,,,,,0,0,,,,,,0
0020000855,161,6,1,2,5:13 AM,6:29,Murray P.FOUL (P1.T4),,,,,4,145,Tracy Murray,1610612761.0,Toronto,Raptors,TOR,0,0,,,,,,1,0,,,,,,0
0020000855,162,2,1,2,5:14 AM,6:15,,,MISS Thomas 10' Jump Shot,,,5,703,Kurt Thomas,1610612752.0,New York,Knicks,NYK,0,0,,,,,,0,0,,,,,,0
0020000855,163,4,0,2,5:14 AM,6:14,,,Knicks Rebound,,,3,1610612752,,,,,,0,0,,,,,,0,0,,,,,,0
0020000855,164,1,1,2,5:14 AM,6:05,,,Sprewell 8' Jump Shot (12 PTS),29 - 34,5,5,84,Latrell Sprewell,1610612752.0,New York,Knicks,NYK,0,0,,,,,,0,0,,,,,,0
0020000855,165,6,2,2,5:14 AM,6:05,Childs S.FOUL (P1.PN),,,,,4,164,Chris Childs,1610612761.0,Toronto,Raptors,TOR,0,0,,,,,,1,0,,,,,,0
0020000855,166,3,10,2,5:15 AM,6:05,,,Sprewell Free Throw 1 of 1 (13 PTS),30 - 34,4,5,84,Latrell Sprewell,1610612752.0,New York,Knicks,NYK,0,0,,,,,,0,0,,,,,,0
0020000855,167,1,42,2,5:15 AM,5:55,Childs  Driving Layup (2 PTS),,,30 - 36,6,4,164,Chris Childs,1610612761.0,Toronto,Raptors,TOR,0,0,,,,,,0,0,,,,,,0
0020000855,168,6,2,2,5:15 AM,5:36,Clark S.FOUL (P2.PN),,,,,4,1721,Keon Clark,1610612761.0,Toronto,Raptors,TOR,0,0,,,,,,1,0,,,,,,0
0020000855,169,9,3,2,5:15 AM,5:36,RAPTORS Timeout: Official TV (Full 0 Short 1),,,,,2,1610612761,,,,,,0,0,,,,,,0,0,,,,,,0
0020000855,173,3,11,2,5:18 AM,5:36,,,Thomas Free Throw 1 of 2 (6 PTS),31 - 36,5,5,703,Kurt Thomas,1610612752.0,New York,Knicks,NYK,0,0,,,,,,0,0,,,,,,0
0020000855,174,3,12,2,5:19 AM,5:36,,,Thomas Free Throw 2 of 2 (7 PTS),32 - 36,4,5,703,Kurt Thomas,1610612752.0,New York,Knicks,NYK,0,0,,,,,,0,0,,,,,,0
0020000855,175,2,1,2,5:19 AM,5:19,MISS Clark 13' Jump Shot,,,,,4,1721,Keon Clark,1610612761.0,Toronto,Raptors,TOR,0,0,,,,,,0,0,,,,,,0
0020000855,176,4,0,2,5:19 AM,5:18,,,Sprewell REBOUND (Off:0 Def:2),,,5,84,Latrell Sprewell,1610612752.0,New York,Knicks,NYK,0,0,,,,,,0,0,,,,,,0
0020000855,177,1,5,2,5:19 AM,5:05,,,Rice  Layup (2 PTS) (Sprewell 2 AST),34 - 36,2,5,779,Glen Rice,1610612752.0,New York,Knicks,NYK,5,84,Latrell Sprewell,1610612752.0,New York,Knicks,NYK,0,0,,,,,,0
0020000855,178,1,47,2,5:20 AM,4:52,Murray 15' Turnaround Jump Shot (2 PTS) (Childs 2 AST),,,34 - 38,4,4,145,Tracy Murray,1610612761.0,Toronto,Raptors,TOR,4,164,Chris Childs,1610612761.0,Toronto,Raptors,TOR,0,0,,,,,,0
0020000855,181,2,47,2,5:20 AM,4:28,,,MISS Thomas 6' Turnaround Jump Shot,,,5,703,Kurt Thomas,1610612752.0,New York,Knicks,NYK,0,0,,,,,,0,0,,,,,,0
0020000855,182,4,0,2,5:20 AM,4:26,Childs REBOUND (Off:0 Def:1),,,,,4,164,Chris Childs,1610612761.0,Toronto,Raptors,TOR,0,0,,,,,,0,0,,,,,,0
0020000855,183,2,47,2,5:20 AM,4:12,MISS Murray 11' Turnaround Jump Shot,,,,,4,145,Tracy Murray,1610612761.0,Toronto,Raptors,TOR,0,0,,,,,,0,0,,,,,,0
0020000855,184,4,0,2,5:20 AM,4:10,Clark REBOUND (Off:2 Def:1),,,,,4,1721,Keon Clark,1610612761.0,Toronto,Raptors,TOR,0,0,,,,,,0,0,,,,,,0
0020000855,185,1,1,2,5:20 AM,4:02,Childs 18' Jump Shot (4 PTS),,,34 - 40,6,4,164,Chris Childs,1610612761.0,Toronto,Raptors,TOR,0,0,,,,,,0,0,,,,,,0
0020000855,186,7,6,2,5:21 AM,3:45,Murray Violation:Double Lane,,,,,4,145,Tracy Murray,1610612761.0,Toronto,Raptors,TOR,0,0,,,,,,1,0,,,,,,0
0020000855,187,8,0,2,5:21 AM,3:45,SUB: Oakley FOR Williams,,,,,4,966,Jerome Williams,1610612761.0,Toronto,Raptors,TOR,4,891,Charles Oakley,1610612761.0,Toronto,Raptors,TOR,0,0,,,,,,0
0020000855,188,1,1,2,5:21 AM,3:39,,,Houston 13' Jump Shot (6 PTS),36 - 40,4,5,275,Allan Houston,1610612752.0,New York,Knicks,NYK,0,0,,,,,,0,0,,,,,,0
0020000855,189,5,3,2,5:22 AM,3:17,Childs Out Of Bounds Turnover (P2.T5),,,,,4,164,Chris Childs,1610612761.0,Toronto,Raptors,TOR,0,0,,,,,,1,0,,,,,,0
0020000855,190,8,0,2,5:22 AM,3:17,SUB: Carter FOR Childs,,,,,4,164,Chris Childs,1610612761.0,Toronto,Raptors,TOR,4,1713,Vince Carter,1610612761.0,Toronto,Raptors,TOR,0,0,,,,,,0
0020000855,191,2,46,2,5:22 AM,3:00,,,MISS Houston 7' Running Jump Shot,,,5,275,Allan Houston,1610612752.0,New York,Knicks,NYK,0,0,,,,,,0,0,,,,,,0
0020000855,192,4,0,2,5:22 AM,3:00,,,Knicks Rebound,,,3,1610612752,,,,,,0,0,,,,,,0,0,,,,,,0
0020000855,193,6,3,2,5:22 AM,3:00,Oakley L.B.FOUL (P1.PN),,,,,4,891,Charles Oakley,1610612761.0,Toronto,Raptors,TOR,0,0,,,,,,1,0,,,,,,0
0020000855,194,6,11,2,5:22 AM,3:00,Oakley T.FOUL (P1.PN),,,,,4,891,Charles Oakley,1610612761.0,Toronto,Raptors,TOR,0,0,,,,,,1,0,,,,,,0
0020000855,195,3,16,2,5:22 AM,3:00,,,Houston Free Throw Technical (7 PTS),37 - 40,3,5,275,Allan Houston,1610612752.0,New York,Knicks,NYK,0,0,,,,,,0,0,,,,,,0
0020000855,197,3,11,2,5:23 AM,3:00,,,MISS Harrington Free Throw 1 of 2,,,5,970,Othella Harrington,1610612752.0,New York,Knicks,NYK,0,0,,,,,,0,0,,,,,,0
0020000855,198,4,1,2,5:23 AM,3:00,,,Knicks Rebound,,,3,1610612752,,,,,,0,0,,,,,,0,0,,,,,,0
0020000855,199,3,12,2,5:23 AM,3:00,,,MISS Harrington Free Throw 2 of 2,,,5,970,Othella Harrington,1610612752.0,New York,Knicks,NYK,0,0,,,,,,0,0,,,,,,0
0020000855,200,4,0,2,5:23 AM,3:00,Oakley REBOUND (Off:0 Def:3),,,,,4,891,Charles Oakley,1610612761.0,Toronto,Raptors,TOR,0,0,,,,,,0,0,,,,,,0
0020000855,202,1,5,2,5:24 AM,2:47,Clark  Layup (6 PTS) (Williams 4 AST),,,37 - 42,5,4,1721,Keon Clark,1610612761.0,Toronto,Raptors,TOR,4,1541,Alvin Williams,1610612761.0,Toronto,Raptors,TOR,0,0,,,,,,0
0020000855,203,5,1,2,5:24 AM,2:30,,,Sprewell Bad Pass Turnover (P3.T6),,,5,84,Latrell Sprewell,1610612752.0,New York,Knicks,NYK,0,0,,,,,,1,0,,,,,,0
0020000855,204,9,3,2,5:24 AM,2:30,,,Knicks Timeout: Official TV (Reg.0 Short 1),,,3,1610612752,,,,,,0,0,,,,,,0,0,,,,,,0
0020000855,207,8,0,2,5:26 AM,2:30,,,SUB: Jackson FOR Harrington,,,5,970,Othella Harrington,1610612752.0,New York,Knicks,NYK,5,349,Mark Jackson,1610612752.0,New York,Knicks,NYK,0,0,,,,,,0
0020000855,208,2,1,2,5:27 AM,2:19,MISS Carter 16' Jump Shot,,Sprewell BLOCK (1 BLK),,,4,1713,Vince Carter,1610612761.0,Toronto,Raptors,TOR,0,0,,,,,,5,84,Latrell Sprewell,1610612752.0,New York,Knicks,NYK,0
0020000855,209,4,0,2,5:27 AM,2:17,Carter REBOUND (Off:3 Def:2),,,,,4,1713,Vince Carter,1610612761.0,Toronto,Raptors,TOR,0,0,,,,,,0,0,,,,,,0
0020000855,210,6,4,2,5:27 AM,2:15,Carter OFF.Foul (P1),,,,,4,1713,Vince Carter,1610612761.0,Toronto,Raptors,TOR,0,0,,,,,,1,0,,,,,,0
0020000855,211,5,5,2,5:27 AM,2:15,Carter Foul Turnover (P1.T6),,,,,4,1713,Vince Carter,1610612761.0,Toronto,Raptors,TOR,0,0,,,,,,0,0,,,,,,0
0020000855,212,2,1,2,5:27 AM,2:01,,,MISS Houston 18' Jump Shot,,,5,275,Allan Houston,1610612752.0,New York,Knicks,NYK,0,0,,,,,,0,0,,,,,,0
0020000855,213,4,0,2,5:27 AM,1:59,,,Thomas REBOUND (Off:1 Def:0),,,5,703,Kurt Thomas,1610612752.0,New York,Knicks,NYK,0,0,,,,,,0,0,,,,,,0
0020000855,214,1,42,2,5:27 AM,1:52,,,Sprewell  Driving Layup (15 PTS),39 - 42,3,5,84,Latrell Sprewell,1610612752.0,New York,Knicks,NYK,0,0,,,,,,0,0,,,,,,0
0020000855,215,6,2,2,5:27 AM,1:52,Clark S.FOUL (P3.PN),,,,,4,1721,Keon Clark,1610612761.0,Toronto,Raptors,TOR,0,0,,,,,,1,0,,,,,,0
0020000855,216,8,0,2,5:28 AM,1:52,SUB: Davis FOR Clark,,,,,4,1721,Keon Clark,1610612761.0,Toronto,Raptors,TOR,4,213,Antonio Davis,1610612761.0,Toronto,Raptors,TOR,0,0,,,,,,0
0020000855,217,3,10,2,5:28 AM,1:52,,,Sprewell Free Throw 1 of 1 (16 PTS),40 - 42,2,5,84,Latrell Sprewell,1610612752.0,New York,Knicks,NYK,0,0,,,,,,0,0,,,,,,0
0020000855,218,6,2,2,5:28 AM,1:38,,,Rice S.FOUL (P1.T2),,,5,779,Glen Rice,1610612752.0,New York,Knicks,NYK,0,0,,,,,,1,0,,,,,,0
0020000855,219,3,11,2,5:29 AM,1:38,Oakley Free Throw 1 of 2 (5 PTS),,,40 - 43,3,4,891,Charles Oakley,1610612761.0,Toronto,Raptors,TOR,0,0,,,,,,0,0,,,,,,0
0020000855,220,3,12,2,5:29 AM,1:38,Oakley Free Throw 2 of 2 (6 PTS),,,40 - 44,4,4,891,Charles Oakley,1610612761.0,Toronto,Raptors,TOR,0,0,,,,,,0,0,,,,,,0
0020000855,221,6,2,2,5:29 AM,1:21,Davis S.FOUL (P1.PN),,,,,4,213,Antonio Davis,1610612761.0,Toronto,Raptors,TOR,0,0,,,,,,1,0,,,,,,0
0020000855,222,3,11,2,5:30 AM,1:21,,,Rice Free Throw 1 of 2 (3 PTS),41 - 44,3,5,779,Glen Rice,1610612752.0,New York,Knicks,NYK,0,0,,,,,,0,0,,,,,,0
0020000855,223,3,12,2,5:30 AM,1:21,,,Rice Free Throw 2 of 2 (4 PTS),42 - 44,2,5,779,Glen Rice,1610612752.0,New York,Knicks,NYK,0,0,,,,,,0,0,,,,,,0
0020000855,224,2,1,2,5:30 AM,1:07,MISS Williams 25' 3PT Jump Shot,,,,,4,1541,Alvin Williams,1610612761.0,Toronto,Raptors,TOR,0,0,,,,,,0,0,,,,,,0
0020000855,225,4,0,2,5:30 AM,1:06,,,Knicks Rebound,,,3,1610612752,,,,,,0,0,,,,,,0,0,,,,,,0
0020000855,226,6,1,2,5:31 AM,0:49,Carter P.FOUL (P2.PN),,,,,4,1713,Vince Carter,1610612761.0,Toronto,Raptors,TOR,0,0,,,,,,1,0,,,,,,0
0020000855,227,3,11,2,5:31 AM,0:49,,,MISS Thomas Free Throw 1 of 2,,,5,703,Kurt Thomas,1610612752.0,New York,Knicks,NYK,0,0,,,,,,0,0,,,,,,0
0020000855,228,4,1,2,5:31 AM,0:49,,,Knicks Rebound,,,3,1610612752,,,,,,0,0,,,,,,0,0,,,,,,0
0020000855,229,3,12,2,5:31 AM,0:49,,,Thomas Free Throw 2 of 2 (8 PTS),43 - 44,1,5,703,Kurt Thomas,1610612752.0,New York,Knicks,NYK,0,0,,,,,,0,0,,,,,,0
0020000855,230,7,2,2,5:32 AM,0:39,,,Thomas Violation:Defensive Goaltending,,,5,703,Kurt Thomas,1610612752.0,New York,Knicks,NYK,0,0,,,,,,1,0,,,,,,0
0020000855,231,1,1,2,5:32 AM,0:29,Murray 24' 3PT Jump Shot (5 PTS) (Williams 5 AST),,,43 - 47,4,4,145,Tracy Murray,1610612761.0,Toronto,Raptors,TOR,4,1541,Alvin Williams,1610612761.0,Toronto,Raptors,TOR,0,0,,,,,,0
0020000855,238,1,42,2,5:33 AM,0:09,,,Sprewell  Driving Layup (18 PTS),45 - 47,2,5,84,Latrell Sprewell,1610612752.0,New York,Knicks,NYK,0,0,,,,,,0,0,,,,,,0
0020000855,233,6,1,2,5:33 AM,0:09,,,Thomas P.FOUL (P2.PN),,,5,703,Kurt Thomas,1610612752.0,New York,Knicks,NYK,0,0,,,,,,1,0,,,,,,0
0020000855,235,6,14,2,5:33 AM,0:09,Davis FLAGRANT.FOUL.TYPE1 (P2.PN),,,,,4,213,Antonio Davis,1610612761.0,Toronto,Raptors,TOR,0,0,,,,,,1,0,,,,,,0
0020000855,236,3,18,2,5:34 AM,0:09,,,Thomas Free Throw Flagrant 1 of 2 (9 PTS),46 - 47,1,5,703,Kurt Thomas,1610612752.0,New York,Knicks,NYK,0,0,,,,,,0,0,,,,,,0
0020000855,237,3,19,2,5:34 AM,0:09,,,Thomas Free Throw Flagrant 2 of 2 (10 PTS),47 - 47,TIE,5,703,Kurt Thomas,1610612752.0,New York,Knicks,NYK,0,0,,,,,,0,0,,,,,,0
0020000855,240,2,1,2,5:34 AM,0:03,,,MISS Rice 21' Jump Shot,,,5,779,Glen Rice,1610612752.0,New York,Knicks,NYK,0,0,,,,,,0,0,,,,,,0
0020000855,241,4,0,2,5:34 AM,0:01,Williams REBOUND (Off:0 Def:1),,,,,4,1541,Alvin Williams,1610612761.0,Toronto,Raptors,TOR,0,0,,,,,,0,0,,,,,,0
0020000855,243,13,0,2,5:34 AM,0:00,,,,47 - 47,TIE,0,0,,,,,,0,0,,,,,,0,0,,,,,,0
0020000855,245,12,0,3,5:56 AM,12:00,,,,47 - 47,TIE,0,0,,,,,,0,0,,,,,,0,0,,,,,,0
0020000855,246,2,45,3,5:56 AM,11:46,Davis BLOCK (1 BLK),,MISS Sprewell 6' Jump Shot,,,5,84,Latrell Sprewell,1610612752.0,New York,Knicks,NYK,0,0,,,,,,4,213,Antonio Davis,1610612761.0,Toronto,Raptors,TOR,0
0020000855,247,4,0,3,5:56 AM,11:43,Peterson REBOUND (Off:2 Def:1),,,,,4,2050,Morris Peterson,1610612761.0,Toronto,Raptors,TOR,0,0,,,,,,0,0,,,,,,0
0020000855,248,1,50,3,5:56 AM,11:39,Carter  Running Dunk (15 PTS) (Williams 6 AST),,,47 - 49,2,4,1713,Vince Carter,1610612761.0,Toronto,Raptors,TOR,4,1541,Alvin Williams,1610612761.0,Toronto,Raptors,TOR,0,0,,,,,,0
0020000855,250,2,1,3,5:57 AM,11:25,,,MISS Jackson 17' Jump Shot,,,5,349,Mark Jackson,1610612752.0,New York,Knicks,NYK,0,0,,,,,,0,0,,,,,,0
0020000855,251,4,0,3,5:57 AM,11:23,Davis REBOUND (Off:1 Def:2),,,,,4,213,Antonio Davis,1610612761.0,Toronto,Raptors,TOR,0,0,,,,,,0,0,,,,,,0
0020000855,253,1,42,3,5:57 AM,11:03,Davis  Driving Layup (8 PTS),,,47 - 51,4,4,213,Antonio Davis,1610612761.0,Toronto,Raptors,TOR,0,0,,,,,,0,0,,,,,,0
0020000855,254,6,2,3,5:57 AM,11:03,,,Thomas S.FOUL (P3.T1),,,5,703,Kurt Thomas,1610612752.0,New York,Knicks,NYK,0,0,,,,,,1,0,,,,,,0
0020000855,255,3,10,3,5:57 AM,11:03,MISS Davis Free Throw 1 of 1,,,,,4,213,Antonio Davis,1610612761.0,Toronto,Raptors,TOR,0,0,,,,,,0,0,,,,,,0
0020000855,256,4,0,3,5:57 AM,11:02,,,Thomas REBOUND (Off:1 Def:1),,,5,703,Kurt Thomas,1610612752.0,New York,Knicks,NYK,0,0,,,,,,0,0,,,,,,0
0020000855,257,5,4,3,5:58 AM,10:46,,,Sprewell Traveling Turnover (P4.T7),,,5,84,Latrell Sprewell,1610612752.0,New York,Knicks,NYK,0,0,,,,,,1,0,,,,,,0
0020000855,258,2,1,3,5:58 AM,10:35,MISS Davis 13' Jump Shot,,,,,4,213,Antonio Davis,1610612761.0,Toronto,Raptors,TOR,0,0,,,,,,0,0,,,,,,0
0020000855,259,4,0,3,5:58 AM,10:33,,,Thomas REBOUND (Off:1 Def:2),,,5,703,Kurt Thomas,1610612752.0,New York,Knicks,NYK,0,0,,,,,,0,0,,,,,,0
0020000855,260,2,5,3,5:58 AM,10:24,,,MISS Johnson  Layup,,,5,913,Larry Johnson,1610612752.0,New York,Knicks,NYK,0,0,,,,,,0,0,,,,,,0
0020000855,261,4,0,3,5:58 AM,10:22,,,Thomas REBOUND (Off:2 Def:2),,,5,703,Kurt Thomas,1610612752.0,New York,Knicks,NYK,0,0,,,,,,0,0,,,,,,0
0020000855,262,6,4,3,5:58 AM,10:16,,,Johnson OFF.Foul (P2),,,5,913,Larry Johnson,1610612752.0,New York,Knicks,NYK,0,0,,,,,,1,0,,,,,,0
0020000855,263,5,5,3,5:58 AM,10:16,,,Johnson Foul Turnover (P2.T8),,,5,913,Larry Johnson,1610612752.0,New York,Knicks,NYK,0,0,,,,,,0,0,,,,,,0
0020000855,264,1,1,3,5:59 AM,10:01,Oakley 16' Jump Shot (8 PTS) (Carter 2 AST),,,47 - 53,6,4,891,Charles Oakley,1610612761.0,Toronto,Raptors,TOR,4,1713,Vince Carter,1610612761.0,Toronto,Raptors,TOR,0,0,,,,,,0
0020000855,265,9,1,3,5:59 AM,9:57,,,Knicks Timeout: Regular (Reg.1 Short 1),,,3,1610612752,,,,,,0,0,,,,,,0,0,,,,,,0
0020000855,269,2,1,3,6:02 AM,9:43,,,MISS Thomas 14' Jump Shot,,,5,703,Kurt Thomas,1610612752.0,New York,Knicks,NYK,0,0,,,,,,0,0,,,,,,0
0020000855,270,4,0,3,6:02 AM,9:41,Carter REBOUND (Off:3 Def:3),,,,,4,1713,Vince Carter,1610612761.0,Toronto,Raptors,TOR,0,0,,,,,,0,0,,,,,,0
0020000855,271,2,1,3,6:03 AM,9:24,MISS Oakley 18' Jump Shot,,Johnson BLOCK (1 BLK),,,4,891,Charles Oakley,1610612761.0,Toronto,Raptors,TOR,0,0,,,,,,5,913,Larry Johnson,1610612752.0,New York,Knicks,NYK,0
0020000855,272,4,0,3,6:03 AM,9:21,,,Johnson REBOUND (Off:1 Def:3),,,5,913,Larry Johnson,1610612752.0,New York,Knicks,NYK,0,0,,,,,,0,0,,,,,,0
0020000855,273,5,1,3,6:03 AM,9:13,Williams STEAL (2 STL),,Houston Bad Pass Turnover (P2.T9),,,5,275,Allan Houston,1610612752.0,New York,Knicks,NYK,4,1541,Alvin Williams,1610612761.0,Toronto,Raptors,TOR,0,0,,,,,,0
0020000855,274,1,5,3,6:03 AM,9:08,Peterson  Layup (4 PTS) (Williams 7 AST),,,47 - 55,8,4,2050,Morris Peterson,1610612761.0,Toronto,Raptors,TOR,4,1541,Alvin Williams,1610612761.0,Toronto,Raptors,TOR,0,0,,,,,,0
0020000855,275,6,2,3,6:03 AM,9:08,,,Jackson S.FOUL (P1.T2),,,5,349,Mark Jackson,1610612752.0,New York,Knicks,NYK,0,0,,,,,,1,0,,,,,,0
0020000855,276,3,10,3,6:03 AM,9:08,Peterson Free Throw 1 of 1 (5 PTS),,,47 - 56,9,4,2050,Morris Peterson,1610612761.0,Toronto,Raptors,TOR,0,0,,,,,,0,0,,,,,,0
0020000855,277,2,1,3,6:04 AM,8:48,,,MISS Johnson 25' 3PT Jump Shot,,,5,913,Larry Johnson,1610612752.0,New York,Knicks,NYK,0,0,,,,,,0,0,,,,,,0
0020000855,278,4,0,3,6:04 AM,8:47,Oakley REBOUND (Off:0 Def:4),,,,,4,891,Charles Oakley,1610612761.0,Toronto,Raptors,TOR,0,0,,,,,,0,0,,,,,,0
0020000855,279,2,46,3,6:04 AM,8:32,MISS Davis 6' Running Jump Shot,,,,,4,213,Antonio Davis,1610612761.0,Toronto,Raptors,TOR,0,0,,,,,,0,0,,,,,,0
0020000855,280,4,0,3,6:04 AM,8:29,,,Thomas REBOUND (Off:2 Def:3),,,5,703,Kurt Thomas,1610612752.0,New York,Knicks,NYK,0,0,,,,,,0,0,,,,,,0
0020000855,281,1,5,3,6:04 AM,8:21,,,Johnson  Layup (6 PTS) (Sprewell 3 AST),49 - 56,7,5,913,Larry Johnson,1610612752.0,New York,Knicks,NYK,5,84,Latrell Sprewell,1610612752.0,New York,Knicks,NYK,0,0,,,,,,0
0020000855,283,2,1,3,6:05 AM,8:01,MISS Oakley 20' Jump Shot,,,,,4,891,Charles Oakley,1610612761.0,Toronto,Raptors,TOR,0,0,,,,,,0,0,,,,,,0
0020000855,284,4,0,3,6:05 AM,8:00,,,Johnson REBOUND (Off:1 Def:4),,,5,913,Larry Johnson,1610612752.0,New York,Knicks,NYK,0,0,,,,,,0,0,,,,,,0
0020000855,285,2,1,3,6:05 AM,7:55,,,MISS Sprewell 20' Jump Shot,,,5,84,Latrell Sprewell,1610612752.0,New York,Knicks,NYK,0,0,,,,,,0,0,,,,,,0
0020000855,286,4,0,3,6:05 AM,7:54,Davis REBOUND (Off:1 Def:3),,,,,4,213,Antonio Davis,1610612761.0,Toronto,Raptors,TOR,0,0,,,,,,0,0,,,,,,0
0020000855,287,5,1,3,6:05 AM,7:41,Carter Bad Pass Turnover (P2.T7),,,,,4,1713,Vince Carter,1610612761.0,Toronto,Raptors,TOR,0,0,,,,,,1,0,,,,,,0
0020000855,288,2,46,3,6:05 AM,7:26,Peterson BLOCK (1 BLK),,MISS Houston 6' Running Jump Shot,,,5,275,Allan Houston,1610612752.0,New York,Knicks,NYK,0,0,,,,,,4,2050,Morris Peterson,1610612761.0,Toronto,Raptors,TOR,0
0020000855,289,4,0,3,6:05 AM,7:24,Davis REBOUND (Off:1 Def:4),,,,,4,213,Antonio Davis,1610612761.0,Toronto,Raptors,TOR,0,0,,,,,,0,0,,,,,,0
0020000855,290,5,1,3,6:05 AM,7:20,Williams Bad Pass Turnover (P1.T8),,Sprewell STEAL (2 STL),,,4,1541,Alvin Williams,1610612761.0,Toronto,Raptors,TOR,5,84,Latrell Sprewell,1610612752.0,New York,Knicks,NYK,0,0,,,,,,0
0020000855,291,5,1,3,6:05 AM,7:13,Peterson STEAL (1 STL),,Sprewell Bad Pass Turnover (P5.T10),,,5,84,Latrell Sprewell,1610612752.0,New York,Knicks,NYK,4,2050,Morris Peterson,1610612761.0,Toronto,Raptors,TOR,0,0,,,,,,0
0020000855,292,1,1,3,6:06 AM,7:02,Williams 19' Jump Shot (2 PTS),,,49 - 58,9,4,1541,Alvin Williams,1610612761.0,Toronto,Raptors,TOR,0,0,,,,,,0,0,,,,,,0
0020000855,293,2,1,3,6:06 AM,6:43,,,MISS Sprewell 25' 3PT Jump Shot,,,5,84,Latrell Sprewell,1610612752.0,New York,Knicks,NYK,0,0,,,,,,0,0,,,,,,0
0020000855,294,4,0,3,6:06 AM,6:41,Oakley REBOUND (Off:0 Def:5),,,,,4,891,Charles Oakley,1610612761.0,Toronto,Raptors,TOR,0,0,,,,,,0,0,,,,,,0
0020000855,295,2,1,3,6:06 AM,6:33,MISS Carter 26' 3PT Jump Shot,,,,,4,1713,Vince Carter,1610612761.0,Toronto,Raptors,TOR,0,0,,,,,,0,0,,,,,,0
0020000855,296,4,0,3,6:06 AM,6:32,,,Knicks Rebound,,,3,1610612752,,,,,,0,0,,,,,,0,0,,,,,,0
0020000855,297,2,47,3,6:07 AM,6:06,,,MISS Johnson 6' Turnaround Jump Shot,,,5,913,Larry Johnson,1610612752.0,New York,Knicks,NYK,0,0,,,,,,0,0,,,,,,0
0020000855,298,4,0,3,6:07 AM,6:04,,,Thomas REBOUND (Off:3 Def:3),,,5,703,Kurt Thomas,1610612752.0,New York,Knicks,NYK,0,0,,,,,,0,0,,,,,,0
0020000855,299,6,1,3,6:07 AM,6:01,Oakley P.FOUL (P2.T1),,,,,4,891,Charles Oakley,1610612761.0,Toronto,Raptors,TOR,0,0,,,,,,1,0,,,,,,0
0020000855,300,1,42,3,6:07 AM,5:47,,,Jackson  Driving Layup (4 PTS),51 - 58,7,5,349,Mark Jackson,1610612752.0,New York,Knicks,NYK,0,0,,,,,,0,0,,,,,,0
0020000855,301,1,61,3,6:08 AM,5:32,Carter  Driving Finger Roll (17 PTS),,,51 - 60,9,4,1713,Vince Carter,1610612761.0,Toronto,Raptors,TOR,0,0,,,,,,0,0,,,,,,0
0020000855,302,1,1,3,6:08 AM,5:24,,,Thomas 16' Jump Shot (12 PTS) (Jackson 2 AST),53 - 60,7,5,703,Kurt Thomas,1610612752.0,New York,Knicks,NYK,5,349,Mark Jackson,1610612752.0,New York,Knicks,NYK,0,0,,,,,,0
0020000855,303,2,47,3,6:09 AM,4:59,MISS Davis 12' Turnaround Jump Shot,,,,,4,213,Antonio Davis,1610612761.0,Toronto,Raptors,TOR,0,0,,,,,,0,0,,,,,,0
0020000855,304,4,0,3,6:09 AM,4:58,,,Houston REBOUND (Off:0 Def:5),,,5,275,Allan Houston,1610612752.0,New York,Knicks,NYK,0,0,,,,,,0,0,,,,,,0
0020000855,305,2,1,3,6:09 AM,4:52,,,MISS Houston 27' 3PT Jump Shot,,,5,275,Allan Houston,1610612752.0,New York,Knicks,NYK,0,0,,,,,,0,0,,,,,,0
0020000855,306,4,0,3,6:09 AM,4:50,Peterson REBOUND (Off:2 Def:2),,,,,4,2050,Morris Peterson,1610612761.0,Toronto,Raptors,TOR,0,0,,,,,,0,0,,,,,,0
0020000855,307,5,4,3,6:09 AM,4:48,Williams Traveling Turnover (P2.T9),,,,,4,1541,Alvin Williams,1610612761.0,Toronto,Raptors,TOR,0,0,,,,,,1,0,,,,,,0
0020000855,308,5,2,3,6:09 AM,4:36,Williams STEAL (3 STL),,Jackson Lost Ball Turnover (P1.T11),,,5,349,Mark Jackson,1610612752.0,New York,Knicks,NYK,4,1541,Alvin Williams,1610612761.0,Toronto,Raptors,TOR,0,0,,,,,,0
0020000855,309,5,1,3,6:09 AM,4:33,Oakley Bad Pass Turnover (P2.T10),,Sprewell STEAL (3 STL),,,4,891,Charles Oakley,1610612761.0,Toronto,Raptors,TOR,5,84,Latrell Sprewell,1610612752.0,New York,Knicks,NYK,0,0,,,,,,0
0020000855,310,1,42,3,6:09 AM,4:21,,,Sprewell  Driving Layup (20 PTS),55 - 60,5,5,84,Latrell Sprewell,1610612752.0,New York,Knicks,NYK,0,0,,,,,,0,0,,,,,,0
0020000855,311,1,1,3,6:10 AM,4:03,Carter 25' 3PT Jump Shot (20 PTS),,,55 - 63,8,4,1713,Vince Carter,1610612761.0,Toronto,Raptors,TOR,0,0,,,,,,0,0,,,,,,0
0020000855,312,6,1,3,6:10 AM,3:44,Oakley P.FOUL (P3.T2),,,,,4,891,Charles Oakley,1610612761.0,Toronto,Raptors,TOR,0,0,,,,,,1,0,,,,,,0
0020000855,313,8,0,3,6:10 AM,3:44,SUB: Childs FOR Williams,,,,,4,1541,Alvin Williams,1610612761.0,Toronto,Raptors,TOR,4,164,Chris Childs,1610612761.0,Toronto,Raptors,TOR,0,0,,,,,,0
0020000855,314,2,47,3,6:11 AM,3:33,,,MISS Houston 12' Turnaround Jump Shot,,,5,275,Allan Houston,1610612752.0,New York,Knicks,NYK,0,0,,,,,,0,0,,,,,,0
0020000855,315,4,0,3,6:11 AM,3:29,,,Thomas REBOUND (Off:4 Def:3),,,5,703,Kurt Thomas,1610612752.0,New York,Knicks,NYK,0,0,,,,,,0,0,,,,,,0
0020000855,316,5,2,3,6:11 AM,3:25,Peterson STEAL (2 STL),,Houston Lost Ball Turnover (P3.T12),,,5,275,Allan Houston,1610612752.0,New York,Knicks,NYK,4,2050,Morris Peterson,1610612761.0,Toronto,Raptors,TOR,0,0,,,,,,0
0020000855,317,2,47,3,6:11 AM,3:19,MISS Carter 8' Turnaround Jump Shot,,,,,4,1713,Vince Carter,1610612761.0,Toronto,Raptors,TOR,0,0,,,,,,0,0,,,,,,0
0020000855,318,4,0,3,6:11 AM,3:18,Carter REBOUND (Off:4 Def:3),,,,,4,1713,Vince Carter,1610612761.0,Toronto,Raptors,TOR,0,0,,,,,,0,0,,,,,,0
0020000855,319,2,58,3,6:11 AM,3:15,MISS Carter 5' Turnaround Hook Shot,,,,,4,1713,Vince Carter,1610612761.0,Toronto,Raptors,TOR,0,0,,,,,,0,0,,,,,,0
0020000855,320,4,0,3,6:11 AM,3:15,RAPTORS Rebound,,,,,2,1610612761,,,,,,0,0,,,,,,0,0,,,,,,0
0020000855,321,6,3,3,6:11 AM,3:15,,,Thomas L.B.FOUL (P4.T3),,,5,703,Kurt Thomas,1610612752.0,New York,Knicks,NYK,0,0,,,,,,1,0,,,,,,0
0020000855,322,8,0,3,6:11 AM,3:15,,,SUB: Rice FOR Houston,,,5,275,Allan Houston,1610612752.0,New York,Knicks,NYK,5,779,Glen Rice,1610612752.0,New York,Knicks,NYK,0,0,,,,,,0
0020000855,323,8,0,3,6:11 AM,3:15,,,SUB: Harrington FOR Thomas,,,5,703,Kurt Thomas,1610612752.0,New York,Knicks,NYK,5,970,Othella Harrington,1610612752.0,New York,Knicks,NYK,0,0,,,,,,0
0020000855,324,2,46,3,6:12 AM,3:10,MISS Peterson 8' Running Jump Shot,,,,,4,2050,Morris Peterson,1610612761.0,Toronto,Raptors,TOR,0,0,,,,,,0,0,,,,,,0
0020000855,325,4,0,3,6:12 AM,3:08,,,Knicks Rebound,,,3,1610612752,,,,,,0,0,,,,,,0,0,,,,,,0
0020000855,326,6,1,3,6:12 AM,3:08,Peterson P.FOUL (P3.T3),,,,,4,2050,Morris Peterson,1610612761.0,Toronto,Raptors,TOR,0,0,,,,,,1,0,,,,,,0
0020000855,327,1,1,3,6:12 AM,2:52,,,Sprewell 16' Jump Shot (22 PTS),57 - 63,6,5,84,Latrell Sprewell,1610612752.0,New York,Knicks,NYK,0,0,,,,,,0,0,,,,,,0
0020000855,328,6,2,3,6:13 AM,2:26,,,Harrington S.FOUL (P2.T4),,,5,970,Othella Harrington,1610612752.0,New York,Knicks,NYK,0,0,,,,,,1,0,,,,,,0
0020000855,329,9,3,3,6:13 AM,2:26,RAPTORS Timeout: Official TV (Full 0 Short 1),,,,,2,1610612761,,,,,,0,0,,,,,,0,0,,,,,,0
0020000855,332,3,11,3,6:16 AM,2:26,MISS Childs Free Throw 1 of 2,,,,,4,164,Chris Childs,1610612761.0,Toronto,Raptors,TOR,0,0,,,,,,0,0,,,,,,0
0020000855,333,4,1,3,6:16 AM,2:26,RAPTORS Rebound,,,,,2,1610612761,,,,,,0,0,,,,,,0,0,,,,,,0
0020000855,334,3,12,3,6:16 AM,2:26,Childs Free Throw 2 of 2 (5 PTS),,,57 - 64,7,4,164,Chris Childs,1610612761.0,Toronto,Raptors,TOR,0,0,,,,,,0,0,,,,,,0
0020000855,336,2,5,3,6:17 AM,2:11,,,MISS Johnson  Layup,,,5,913,Larry Johnson,1610612752.0,New York,Knicks,NYK,0,0,,,,,,0,0,,,,,,0
0020000855,337,4,0,3,6:17 AM,2:09,Peterson REBOUND (Off:2 Def:3),,,,,4,2050,Morris Peterson,1610612761.0,Toronto,Raptors,TOR,0,0,,,,,,0,0,,,,,,0
0020000855,338,2,47,3,6:17 AM,1:54,MISS Davis 13' Turnaround Jump Shot,,,,,4,213,Antonio Davis,1610612761.0,Toronto,Raptors,TOR,0,0,,,,,,0,0,,,,,,0
0020000855,339,4,0,3,6:17 AM,1:52,Peterson REBOUND (Off:3 Def:3),,,,,4,2050,Morris Peterson,1610612761.0,Toronto,Raptors,TOR,0,0,,,,,,0,0,,,,,,0
0020000855,340,1,4,3,6:17 AM,1:51,Peterson  Tip Shot (7 PTS),,,57 - 66,9,4,2050,Morris Peterson,1610612761.0,Toronto,Raptors,TOR,0,0,,,,,,0,0,,,,,,0
0020000855,341,1,47,3,6:17 AM,1:40,,,Rice 10' Turnaround Jump Shot (6 PTS) (Jackson 3 AST),59 - 66,7,5,779,Glen Rice,1610612752.0,New York,Knicks,NYK,5,349,Mark Jackson,1610612752.0,New York,Knicks,NYK,0,0,,,,,,0
0020000855,342,2,55,3,6:18 AM,1:18,MISS Carter 6' Hook Shot,,,,,4,1713,Vince Carter,1610612761.0,Toronto,Raptors,TOR,0,0,,,,,,0,0,,,,,,0
0020000855,343,4,0,3,6:18 AM,1:17,Davis REBOUND (Off:2 Def:4),,,,,4,213,Antonio Davis,1610612761.0,Toronto,Raptors,TOR,0,0,,,,,,0,0,,,,,,0
0020000855,344,2,4,3,6:18 AM,1:15,MISS Davis  Tip Shot,,,,,4,213,Antonio Davis,1610612761.0,Toronto,Raptors,TOR,0,0,,,,,,0,0,,,,,,0
0020000855,345,4,0,3,6:18 AM,1:13,,,Johnson REBOUND (Off:1 Def:5),,,5,913,Larry Johnson,1610612752.0,New York,Knicks,NYK,0,0,,,,,,0,0,,,,,,0
0020000855,346,2,46,3,6:18 AM,0:51,,,MISS Sprewell 7' Running Jump Shot,,,5,84,Latrell Sprewell,1610612752.0,New York,Knicks,NYK,0,0,,,,,,0,0,,,,,,0
0020000855,347,4,0,3,6:18 AM,0:49,,,Harrington REBOUND (Off:1 Def:0),,,5,970,Othella Harrington,1610612752.0,New York,Knicks,NYK,0,0,,,,,,0,0,,,,,,0
0020000855,348,5,2,3,6:18 AM,0:48,Childs STEAL (1 STL),,Harrington Lost Ball Turnover (P1.T13),,,5,970,Othella Harrington,1610612752.0,New York,Knicks,NYK,4,164,Chris Childs,1610612761.0,Toronto,Raptors,TOR,0,0,,,,,,0
0020000855,349,2,1,3,6:18 AM,0:41,MISS Peterson 24' 3PT Jump Shot,,,,,4,2050,Morris Peterson,1610612761.0,Toronto,Raptors,TOR,0,0,,,,,,0,0,,,,,,0
0020000855,350,4,0,3,6:18 AM,0:40,,,Jackson REBOUND (Off:0 Def:2),,,5,349,Mark Jackson,1610612752.0,New York,Knicks,NYK,0,0,,,,,,0,0,,,,,,0
0020000855,351,6,4,3,6:18 AM,0:30,,,Jackson OFF.Foul (P2),,,5,349,Mark Jackson,1610612752.0,New York,Knicks,NYK,0,0,,,,,,1,0,,,,,,0
0020000855,352,5,5,3,6:18 AM,0:30,,,Jackson Foul Turnover (P2.T14),,,5,349,Mark Jackson,1610612752.0,New York,Knicks,NYK,0,0,,,,,,0,0,,,,,,0
0020000855,353,1,5,3,6:19 AM,0:10,Davis  Layup (10 PTS) (Peterson 1 AST),,,59 - 68,9,4,213,Antonio Davis,1610612761.0,Toronto,Raptors,TOR,4,2050,Morris Peterson,1610612761.0,Toronto,Raptors,TOR,0,0,,,,,,0
0020000855,354,2,3,3,6:19 AM,0:00,,,MISS Jackson 26' 3PT Hook Shot,,,5,349,Mark Jackson,1610612752.0,New York,Knicks,NYK,0,0,,,,,,0,0,,,,,,0
0020000855,355,4,0,3,6:19 AM,0:00,,,Knicks Rebound,,,3,1610612752,,,,,,0,0,,,,,,0,0,,,,,,0
0020000855,356,13,0,3,6:19 AM,0:00,,,,59 - 68,9,0,0,,,,,,0,0,,,,,,0,0,,,,,,0
0020000855,358,12,0,4,6:23 AM,12:00,,,,59 - 68,9,0,0,,,,,,0,0,,,,,,0,0,,,,,,0
0020000855,359,6,2,4,6:23 AM,11:46,,,Sprewell S.FOUL (P2.T1),,,5,84,Latrell Sprewell,1610612752.0,New York,Knicks,NYK,0,0,,,,,,1,0,,,,,,0
0020000855,360,3,11,4,6:23 AM,11:46,Carter Free Throw 1 of 2 (21 PTS),,,59 - 69,10,4,1713,Vince Carter,1610612761.0,Toronto,Raptors,TOR,0,0,,,,,,0,0,,,,,,0
0020000855,361,3,12,4,6:24 AM,11:46,Carter Free Throw 2 of 2 (22 PTS),,,59 - 70,11,4,1713,Vince Carter,1610612761.0,Toronto,Raptors,TOR,0,0,,,,,,0,0,,,,,,0
0020000855,362,6,1,4,6:24 AM,11:30,Davis P.FOUL (P3.T1),,,,,4,213,Antonio Davis,1610612761.0,Toronto,Raptors,TOR,0,0,,,,,,1,0,,,,,,0
0020000855,363,2,44,4,6:25 AM,11:20,Clark BLOCK (1 BLK),,MISS Rice  Reverse Layup,,,5,779,Glen Rice,1610612752.0,New York,Knicks,NYK,0,0,,,,,,4,1721,Keon Clark,1610612761.0,Toronto,Raptors,TOR,0
0020000855,364,4,0,4,6:25 AM,11:18,Childs REBOUND (Off:0 Def:2),,,,,4,164,Chris Childs,1610612761.0,Toronto,Raptors,TOR,0,0,,,,,,0,0,,,,,,0
0020000855,365,6,11,4,6:25 AM,11:14,,,Knicks Foul,,,3,1610612752,,,,,,0,0,,,,,,1,0,,,,,,0
0020000855,366,3,16,4,6:25 AM,11:14,Childs Free Throw Technical (6 PTS),,,59 - 71,12,4,164,Chris Childs,1610612761.0,Toronto,Raptors,TOR,0,0,,,,,,0,0,,,,,,0
0020000855,367,2,1,4,6:25 AM,11:07,MISS Carter 19' Jump Shot,,,,,4,1713,Vince Carter,1610612761.0,Toronto,Raptors,TOR,0,0,,,,,,0,0,,,,,,0
0020000855,368,4,0,4,6:25 AM,11:06,Childs REBOUND (Off:1 Def:2),,,,,4,164,Chris Childs,1610612761.0,Toronto,Raptors,TOR,0,0,,,,,,0,0,,,,,,0
0020000855,369,1,47,4,6:25 AM,11:04,Childs 16' Turnaround Jump Shot (8 PTS),,,59 - 73,14,4,164,Chris Childs,1610612761.0,Toronto,Raptors,TOR,0,0,,,,,,0,0,,,,,,0
0020000855,370,6,2,4,6:26 AM,10:44,Clark S.FOUL (P4.T2),,,,,4,1721,Keon Clark,1610612761.0,Toronto,Raptors,TOR,0,0,,,,,,1,0,,,,,,0
0020000855,371,3,11,4,6:26 AM,10:44,,,Harrington Free Throw 1 of 2 (3 PTS),60 - 73,13,5,970,Othella Harrington,1610612752.0,New York,Knicks,NYK,0,0,,,,,,0,0,,,,,,0
0020000855,373,3,12,4,6:26 AM,10:44,,,Harrington Free Throw 2 of 2 (4 PTS),61 - 73,12,5,970,Othella Harrington,1610612752.0,New York,Knicks,NYK,0,0,,,,,,0,0,,,,,,0
0020000855,374,5,4,4,6:27 AM,10:24,Carter Traveling Turnover (P3.T11),,,,,4,1713,Vince Carter,1610612761.0,Toronto,Raptors,TOR,0,0,,,,,,1,0,,,,,,0
0020000855,375,2,1,4,6:27 AM,10:11,,,MISS Rice 24' 3PT Jump Shot,,,5,779,Glen Rice,1610612752.0,New York,Knicks,NYK,0,0,,,,,,0,0,,,,,,0
0020000855,376,4,0,4,6:27 AM,10:10,,,Harrington REBOUND (Off:2 Def:0),,,5,970,Othella Harrington,1610612752.0,New York,Knicks,NYK,0,0,,,,,,0,0,,,,,,0
0020000855,377,1,5,4,6:27 AM,10:07,,,Harrington  Layup (6 PTS),63 - 73,10,5,970,Othella Harrington,1610612752.0,New York,Knicks,NYK,0,0,,,,,,0,0,,,,,,0
0020000855,379,6,2,4,6:28 AM,9:54,,,Harrington S.FOUL (P3.T2),,,5,970,Othella Harrington,1610612752.0,New York,Knicks,NYK,0,0,,,,,,1,0,,,,,,0
0020000855,380,3,11,4,6:28 AM,9:54,Davis Free Throw 1 of 2 (11 PTS),,,63 - 74,11,4,213,Antonio Davis,1610612761.0,Toronto,Raptors,TOR,0,0,,,,,,0,0,,,,,,0
0020000855,381,3,12,4,6:28 AM,9:54,Davis Free Throw 2 of 2 (12 PTS),,,63 - 75,12,4,213,Antonio Davis,1610612761.0,Toronto,Raptors,TOR,0,0,,,,,,0,0,,,,,,0
0020000855,382,1,5,4,6:29 AM,9:42,,,Harrington  Layup (8 PTS) (Ward 1 AST),65 - 75,10,5,970,Othella Harrington,1610612752.0,New York,Knicks,NYK,5,369,Charlie Ward,1610612752.0,New York,Knicks,NYK,0,0,,,,,,0
0020000855,383,5,1,4,6:29 AM,9:29,Davis Bad Pass Turnover (P1.T12),,,,,4,213,Antonio Davis,1610612761.0,Toronto,Raptors,TOR,0,0,,,,,,1,0,,,,,,0
0020000855,385,1,1,4,6:29 AM,9:14,,,Houston 15' Jump Shot (9 PTS) (Ward 2 AST),67 - 75,8,5,275,Allan Houston,1610612752.0,New York,Knicks,NYK,5,369,Charlie Ward,1610612752.0,New York,Knicks,NYK,0,0,,,,,,0
0020000855,386,1,1,4,6:29 AM,8:59,Peterson 25' 3PT Jump Shot (10 PTS) (Childs 3 AST),,,67 - 78,11,4,2050,Morris Peterson,1610612761.0,Toronto,Raptors,TOR,4,164,Chris Childs,1610612761.0,Toronto,Raptors,TOR,0,0,,,,,,0
0020000855,387,5,1,4,6:30 AM,8:40,Peterson STEAL (3 STL),,Ward Bad Pass Turnover (P2.T15),,,5,369,Charlie Ward,1610612752.0,New York,Knicks,NYK,4,2050,Morris Peterson,1610612761.0,Toronto,Raptors,TOR,0,0,,,,,,0
0020000855,388,1,42,4,6:30 AM,8:22,Clark  Driving Layup (8 PTS),,,67 - 80,13,4,1721,Keon Clark,1610612761.0,Toronto,Raptors,TOR,0,0,,,,,,0,0,,,,,,0
0020000855,389,6,2,4,6:30 AM,8:22,,,Rice S.FOUL (P2.T3),,,5,779,Glen Rice,1610612752.0,New York,Knicks,NYK,0,0,,,,,,1,0,,,,,,0
0020000855,390,9,3,4,6:30 AM,8:22,,,,,,1,0,,,,,,0,0,,,,,,0,0,,,,,,0
0020000855,391,8,0,4,6:33 AM,8:22,,,SUB: Thomas FOR Sprewell,,,5,84,Latrell Sprewell,1610612752.0,New York,Knicks,NYK,5,703,Kurt Thomas,1610612752.0,New York,Knicks,NYK,0,0,,,,,,0
0020000855,393,3,10,4,6:33 AM,8:22,Clark Free Throw 1 of 1 (9 PTS),,,67 - 81,14,4,1721,Keon Clark,1610612761.0,Toronto,Raptors,TOR,0,0,,,,,,0,0,,,,,,0
0020000855,394,1,1,4,6:34 AM,8:09,,,Houston 23' Jump Shot (11 PTS) (Ward 3 AST),69 - 81,12,5,275,Allan Houston,1610612752.0,New York,Knicks,NYK,5,369,Charlie Ward,1610612752.0,New York,Knicks,NYK,0,0,,,,,,0
0020000855,395,2,1,4,6:34 AM,7:44,MISS Peterson  3PT Jump Shot,,,,,4,2050,Morris Peterson,1610612761.0,Toronto,Raptors,TOR,0,0,,,,,,0,0,,,,,,0
0020000855,396,4,0,4,6:34 AM,7:42,Carter REBOUND (Off:5 Def:3),,,,,4,1713,Vince Carter,1610612761.0,Toronto,Raptors,TOR,0,0,,,,,,0,0,,,,,,0
0020000855,397,1,5,4,6:34 AM,7:40,Davis  Layup (14 PTS) (Carter 3 AST),,,69 - 83,14,4,213,Antonio Davis,1610612761.0,Toronto,Raptors,TOR,4,1713,Vince Carter,1610612761.0,Toronto,Raptors,TOR,0,0,,,,,,0
0020000855,398,6,2,4,6:34 AM,7:40,,,Houston S.FOUL (P1.T4),,,5,275,Allan Houston,1610612752.0,New York,Knicks,NYK,0,0,,,,,,1,0,,,,,,0
0020000855,399,3,10,4,6:35 AM,7:40,Davis Free Throw 1 of 1 (15 PTS),,,69 - 84,15,4,213,Antonio Davis,1610612761.0,Toronto,Raptors,TOR,0,0,,,,,,0,0,,,,,,0
0020000855,400,2,1,4,6:35 AM,7:28,,,MISS Harrington 4' Jump Shot,,,5,970,Othella Harrington,1610612752.0,New York,Knicks,NYK,0,0,,,,,,0,0,,,,,,0
0020000855,401,4,0,4,6:35 AM,7:26,Childs REBOUND (Off:1 Def:3),,,,,4,164,Chris Childs,1610612761.0,Toronto,Raptors,TOR,0,0,,,,,,0,0,,,,,,0
0020000855,402,1,42,4,6:35 AM,7:20,Childs  Driving Layup (10 PTS),,,69 - 86,17,4,164,Chris Childs,1610612761.0,Toronto,Raptors,TOR,0,0,,,,,,0,0,,,,,,0
0020000855,403,9,1,4,6:35 AM,7:12,,,Knicks Timeout: Regular (Reg.2 Short 1),,,3,1610612752,,,,,,0,0,,,,,,0,0,,,,,,0
0020000855,406,8,0,4,6:38 AM,7:12,,,SUB: Sprewell FOR Ward,,,5,369,Charlie Ward,1610612752.0,New York,Knicks,NYK,5,84,Latrell Sprewell,1610612752.0,New York,Knicks,NYK,0,0,,,,,,0
0020000855,407,2,47,4,6:39 AM,6:55,,,MISS Sprewell 13' Turnaround Jump Shot,,,5,84,Latrell Sprewell,1610612752.0,New York,Knicks,NYK,0,0,,,,,,0,0,,,,,,0
0020000855,408,4,0,4,6:39 AM,6:53,Clark REBOUND (Off:2 Def:2),,,,,4,1721,Keon Clark,1610612761.0,Toronto,Raptors,TOR,0,0,,,,,,0,0,,,,,,0
0020000855,410,2,1,4,6:39 AM,6:33,MISS Davis 16' Jump Shot,,,,,4,213,Antonio Davis,1610612761.0,Toronto,Raptors,TOR,0,0,,,,,,0,0,,,,,,0
0020000855,411,4,0,4,6:39 AM,6:31,,,Houston REBOUND (Off:0 Def:6),,,5,275,Allan Houston,1610612752.0,New York,Knicks,NYK,0,0,,,,,,0,0,,,,,,0
0020000855,412,6,1,4,6:40 AM,6:18,Carter P.FOUL (P3.T3),,,,,4,1713,Vince Carter,1610612761.0,Toronto,Raptors,TOR,0,0,,,,,,1,0,,,,,,0
0020000855,413,8,0,4,6:40 AM,6:18,SUB: Williams FOR Peterson,,,,,4,2050,Morris Peterson,1610612761.0,Toronto,Raptors,TOR,4,966,Jerome Williams,1610612761.0,Toronto,Raptors,TOR,0,0,,,,,,0
0020000855,414,1,1,4,6:40 AM,6:10,,,Houston 25' 3PT Jump Shot (14 PTS),72 - 86,14,5,275,Allan Houston,1610612752.0,New York,Knicks,NYK,0,0,,,,,,0,0,,,,,,0
0020000855,415,6,1,4,6:40 AM,5:48,,,Houston P.FOUL (P2.PN),,,5,275,Allan Houston,1610612752.0,New York,Knicks,NYK,0,0,,,,,,1,0,,,,,,0
0020000855,416,8,0,4,6:40 AM,5:48,,,SUB: Johnson FOR Harrington,,,5,970,Othella Harrington,1610612752.0,New York,Knicks,NYK,5,913,Larry Johnson,1610612752.0,New York,Knicks,NYK,0,0,,,,,,0
0020000855,417,3,11,4,6:41 AM,5:48,Carter Free Throw 1 of 2 (23 PTS),,,72 - 87,15,4,1713,Vince Carter,1610612761.0,Toronto,Raptors,TOR,0,0,,,,,,0,0,,,,,,0
0020000855,418,3,12,4,6:41 AM,5:48,MISS Carter Free Throw 2 of 2,,,,,4,1713,Vince Carter,1610612761.0,Toronto,Raptors,TOR,0,0,,,,,,0,0,,,,,,0
0020000855,419,4,0,4,6:41 AM,5:48,,,Thomas REBOUND (Off:4 Def:4),,,5,703,Kurt Thomas,1610612752.0,New York,Knicks,NYK,0,0,,,,,,0,0,,,,,,0
0020000855,420,6,1,4,6:41 AM,5:37,Williams P.FOUL (P1.T4),,,,,4,966,Jerome Williams,1610612761.0,Toronto,Raptors,TOR,0,0,,,,,,1,0,,,,,,0
0020000855,421,1,1,4,6:42 AM,5:28,,,Houston 19' Jump Shot (16 PTS),74 - 87,13,5,275,Allan Houston,1610612752.0,New York,Knicks,NYK,0,0,,,,,,0,0,,,,,,0
0020000855,422,6,2,4,6:42 AM,5:07,,,Thomas S.FOUL (P5.PN),,,5,703,Kurt Thomas,1610612752.0,New York,Knicks,NYK,0,0,,,,,,1,0,,,,,,0
0020000855,423,3,11,4,6:42 AM,5:07,Clark Free Throw 1 of 2 (10 PTS),,,74 - 88,14,4,1721,Keon Clark,1610612761.0,Toronto,Raptors,TOR,0,0,,,,,,0,0,,,,,,0
0020000855,424,3,12,4,6:42 AM,5:07,MISS Clark Free Throw 2 of 2,,,,,4,1721,Keon Clark,1610612761.0,Toronto,Raptors,TOR,0,0,,,,,,0,0,,,,,,0
0020000855,425,4,0,4,6:43 AM,5:07,,,Sprewell REBOUND (Off:0 Def:3),,,5,84,Latrell Sprewell,1610612752.0,New York,Knicks,NYK,0,0,,,,,,0,0,,,,,,0
0020000855,426,2,1,4,6:43 AM,4:53,,,MISS Sprewell 15' Jump Shot,,,5,84,Latrell Sprewell,1610612752.0,New York,Knicks,NYK,0,0,,,,,,0,0,,,,,,0
0020000855,427,4,0,4,6:43 AM,4:51,Davis REBOUND (Off:2 Def:5),,,,,4,213,Antonio Davis,1610612761.0,Toronto,Raptors,TOR,0,0,,,,,,0,0,,,,,,0
0020000855,428,2,47,4,6:43 AM,4:39,MISS Carter 12' Turnaround Jump Shot,,,,,4,1713,Vince Carter,1610612761.0,Toronto,Raptors,TOR,0,0,,,,,,0,0,,,,,,0
0020000855,429,4,0,4,6:43 AM,4:37,,,Johnson REBOUND (Off:1 Def:6),,,5,913,Larry Johnson,1610612752.0,New York,Knicks,NYK,0,0,,,,,,0,0,,,,,,0
0020000855,431,7,3,4,6:43 AM,4:29,Clark Violation:Lane,,,,,4,1721,Keon Clark,1610612761.0,Toronto,Raptors,TOR,0,0,,,,,,1,0,,,,,,0
0020000855,430,1,46,4,6:43 AM,4:29,,,Thomas 6' Running Jump Shot (14 PTS) (Sprewell 4 AST),76 - 88,12,5,703,Kurt Thomas,1610612752.0,New York,Knicks,NYK,5,84,Latrell Sprewell,1610612752.0,New York,Knicks,NYK,0,0,,,,,,0
0020000855,432,6,2,4,6:44 AM,4:29,Clark S.FOUL (P5.PN),,,,,4,1721,Keon Clark,1610612761.0,Toronto,Raptors,TOR,0,0,,,,,,1,0,,,,,,0
0020000855,433,3,10,4,6:44 AM,4:29,,,Thomas Free Throw 1 of 1 (15 PTS),77 - 88,11,5,703,Kurt Thomas,1610612752.0,New York,Knicks,NYK,0,0,,,,,,0,0,,,,,,0
0020000855,435,2,47,4,6:44 AM,4:07,MISS Childs 17' Turnaround Jump Shot,,,,,4,164,Chris Childs,1610612761.0,Toronto,Raptors,TOR,0,0,,,,,,0,0,,,,,,0
0020000855,436,4,0,4,6:44 AM,4:06,,,Thomas REBOUND (Off:4 Def:5),,,5,703,Kurt Thomas,1610612752.0,New York,Knicks,NYK,0,0,,,,,,0,0,,,,,,0
0020000855,437,6,1,4,6:44 AM,3:55,Childs P.FOUL (P2.PN),,,,,4,164,Chris Childs,1610612761.0,Toronto,Raptors,TOR,0,0,,,,,,1,0,,,,,,0
0020000855,438,8,0,4,6:44 AM,3:55,SUB: Oakley FOR Clark,,,,,4,1721,Keon Clark,1610612761.0,Toronto,Raptors,TOR,4,891,Charles Oakley,1610612761.0,Toronto,Raptors,TOR,0,0,,,,,,0
0020000855,439,3,11,4,6:45 AM,3:55,,,Sprewell Free Throw 1 of 2 (23 PTS),78 - 88,10,5,84,Latrell Sprewell,1610612752.0,New York,Knicks,NYK,0,0,,,,,,0,0,,,,,,0
0020000855,440,3,12,4,6:45 AM,3:55,,,MISS Sprewell Free Throw 2 of 2,,,5,84,Latrell Sprewell,1610612752.0,New York,Knicks,NYK,0,0,,,,,,0,0,,,,,,0
0020000855,441,4,0,4,6:45 AM,3:55,Davis REBOUND (Off:2 Def:6),,,,,4,213,Antonio Davis,1610612761.0,Toronto,Raptors,TOR,0,0,,,,,,0,0,,,,,,0
0020000855,442,2,1,4,6:45 AM,3:34,MISS Davis 9' Jump Shot,,,,,4,213,Antonio Davis,1610612761.0,Toronto,Raptors,TOR,0,0,,,,,,0,0,,,,,,0
0020000855,443,4,0,4,6:45 AM,3:33,RAPTORS Rebound,,,,,2,1610612761,,,,,,0,0,,,,,,0,0,,,,,,0
0020000855,444,2,47,4,6:46 AM,3:25,MISS Carter 10' Turnaround Jump Shot,,,,,4,1713,Vince Carter,1610612761.0,Toronto,Raptors,TOR,0,0,,,,,,0,0,,,,,,0
0020000855,445,4,0,4,6:46 AM,3:23,Oakley REBOUND (Off:1 Def:5),,,,,4,891,Charles Oakley,1610612761.0,Toronto,Raptors,TOR,0,0,,,,,,0,0,,,,,,0
0020000855,446,9,1,4,6:46 AM,3:23,RAPTORS Timeout: Regular (Full 1 Short 1),,,,,2,1610612761,,,,,,0,0,,,,,,0,0,,,,,,0
0020000855,448,8,0,4,6:49 AM,3:23,SUB: Murray FOR Williams,,,,,4,966,Jerome Williams,1610612761.0,Toronto,Raptors,TOR,4,145,Tracy Murray,1610612761.0,Toronto,Raptors,TOR,0,0,,,,,,0
0020000855,450,1,1,4,6:50 AM,3:08,Oakley 16' Jump Shot (10 PTS) (Carter 4 AST),,,78 - 90,12,4,891,Charles Oakley,1610612761.0,Toronto,Raptors,TOR,4,1713,Vince Carter,1610612761.0,Toronto,Raptors,TOR,0,0,,,,,,0
0020000855,451,6,1,4,6:50 AM,2:54,Childs P.FOUL (P3.PN),,,,,4,164,Chris Childs,1610612761.0,Toronto,Raptors,TOR,0,0,,,,,,1,0,,,,,,0
0020000855,452,3,11,4,6:50 AM,2:54,,,Sprewell Free Throw 1 of 2 (24 PTS),79 - 90,11,5,84,Latrell Sprewell,1610612752.0,New York,Knicks,NYK,0,0,,,,,,0,0,,,,,,0
0020000855,453,3,12,4,6:51 AM,2:54,,,Sprewell Free Throw 2 of 2 (25 PTS),80 - 90,10,5,84,Latrell Sprewell,1610612752.0,New York,Knicks,NYK,0,0,,,,,,0,0,,,,,,0
0020000855,454,5,1,4,6:51 AM,2:44,Oakley Bad Pass Turnover (P3.T13),,Rice STEAL (1 STL),,,4,891,Charles Oakley,1610612761.0,Toronto,Raptors,TOR,5,779,Glen Rice,1610612752.0,New York,Knicks,NYK,0,0,,,,,,0
0020000855,455,6,1,4,6:51 AM,2:38,Oakley P.FOUL (P4.PN),,,,,4,891,Charles Oakley,1610612761.0,Toronto,Raptors,TOR,0,0,,,,,,1,0,,,,,,0
0020000855,456,3,11,4,6:51 AM,2:38,,,Thomas Free Throw 1 of 2 (16 PTS),81 - 90,9,5,703,Kurt Thomas,1610612752.0,New York,Knicks,NYK,0,0,,,,,,0,0,,,,,,0
0020000855,457,3,12,4,6:52 AM,2:38,,,Thomas Free Throw 2 of 2 (17 PTS),82 - 90,8,5,703,Kurt Thomas,1610612752.0,New York,Knicks,NYK,0,0,,,,,,0,0,,,,,,0
0020000855,458,6,2,4,6:52 AM,2:18,,,Sprewell S.FOUL (P3.PN),,,5,84,Latrell Sprewell,1610612752.0,New York,Knicks,NYK,0,0,,,,,,1,0,,,,,,0
0020000855,459,3,11,4,6:53 AM,2:18,Carter Free Throw 1 of 2 (24 PTS),,,82 - 91,9,4,1713,Vince Carter,1610612761.0,Toronto,Raptors,TOR,0,0,,,,,,0,0,,,,,,0
0020000855,460,9,2,4,6:53 AM,2:18,,,Knicks Timeout: Short (Reg.2 Short 2),,,3,1610612752,,,,,,0,0,,,,,,0,0,,,,,,0
0020000855,463,3,12,4,6:54 AM,2:18,Carter Free Throw 2 of 2 (25 PTS),,,82 - 92,10,4,1713,Vince Carter,1610612761.0,Toronto,Raptors,TOR,0,0,,,,,,0,0,,,,,,0
0020000855,464,6,1,4,6:54 AM,2:09,Murray P.FOUL (P2.PN),,,,,4,145,Tracy Murray,1610612761.0,Toronto,Raptors,TOR,0,0,,,,,,1,0,,,,,,0
0020000855,465,3,11,4,6:54 AM,2:09,,,Rice Free Throw 1 of 2 (7 PTS),83 - 92,9,5,779,Glen Rice,1610612752.0,New York,Knicks,NYK,0,0,,,,,,0,0,,,,,,0
0020000855,466,3,12,4,6:55 AM,2:09,,,Rice Free Throw 2 of 2 (8 PTS),84 - 92,8,5,779,Glen Rice,1610612752.0,New York,Knicks,NYK,0,0,,,,,,0,0,,,,,,0
0020000855,468,6,2,4,6:55 AM,1:47,,,Thomas S.FOUL (P6.PN),,,5,703,Kurt Thomas,1610612752.0,New York,Knicks,NYK,0,0,,,,,,1,0,,,,,,0
0020000855,469,8,0,4,6:55 AM,1:47,,,SUB: Ward FOR Thomas,,,5,703,Kurt Thomas,1610612752.0,New York,Knicks,NYK,5,369,Charlie Ward,1610612752.0,New York,Knicks,NYK,0,0,,,,,,0
0020000855,470,3,11,4,6:56 AM,1:47,Davis Free Throw 1 of 2 (16 PTS),,,84 - 93,9,4,213,Antonio Davis,1610612761.0,Toronto,Raptors,TOR,0,0,,,,,,0,0,,,,,,0
0020000855,471,8,0,4,6:56 AM,1:47,SUB: Williams FOR Murray,,,,,4,145,Tracy Murray,1610612761.0,Toronto,Raptors,TOR,4,1541,Alvin Williams,1610612761.0,Toronto,Raptors,TOR,0,0,,,,,,0
0020000855,472,3,12,4,6:56 AM,1:47,Davis Free Throw 2 of 2 (17 PTS),,,84 - 94,10,4,213,Antonio Davis,1610612761.0,Toronto,Raptors,TOR,0,0,,,,,,0,0,,,,,,0
0020000855,473,6,2,4,6:56 AM,1:31,Oakley S.FOUL (P5.PN),,,,,4,891,Charles Oakley,1610612761.0,Toronto,Raptors,TOR,0,0,,,,,,1,0,,,,,,0
0020000855,474,3,11,4,6:57 AM,1:31,,,Sprewell Free Throw 1 of 2 (26 PTS),85 - 94,9,5,84,Latrell Sprewell,1610612752.0,New York,Knicks,NYK,0,0,,,,,,0,0,,,,,,0
0020000855,475,3,12,4,6:57 AM,1:31,,,Sprewell Free Throw 2 of 2 (27 PTS),86 - 94,8,5,84,Latrell Sprewell,1610612752.0,New York,Knicks,NYK,0,0,,,,,,0,0,,,,,,0
0020000855,476,2,46,4,6:58 AM,1:07,MISS Williams 9' Running Jump Shot,,,,,4,1541,Alvin Williams,1610612761.0,Toronto,Raptors,TOR,0,0,,,,,,0,0,,,,,,0
0020000855,477,4,0,4,6:58 AM,1:06,,,Johnson REBOUND (Off:1 Def:7),,,5,913,Larry Johnson,1610612752.0,New York,Knicks,NYK,0,0,,,,,,0,0,,,,,,0
0020000855,478,1,61,4,6:58 AM,1:00,,,Ward  Driving Finger Roll (2 PTS),88 - 94,6,5,369,Charlie Ward,1610612752.0,New York,Knicks,NYK,0,0,,,,,,0,0,,,,,,0
0020000855,479,2,1,4,6:58 AM,0:37,MISS Williams 20' Jump Shot,,,,,4,1541,Alvin Williams,1610612761.0,Toronto,Raptors,TOR,0,0,,,,,,0,0,,,,,,0
0020000855,480,4,0,4,6:58 AM,0:36,Davis REBOUND (Off:3 Def:6),,,,,4,213,Antonio Davis,1610612761.0,Toronto,Raptors,TOR,0,0,,,,,,0,0,,,,,,0
0020000855,481,5,1,4,6:58 AM,0:32,Davis Bad Pass Turnover (P2.T14),,Houston STEAL (1 STL),,,4,213,Antonio Davis,1610612761.0,Toronto,Raptors,TOR,5,275,Allan Houston,1610612752.0,New York,Knicks,NYK,0,0,,,,,,0
0020000855,482,5,1,4,6:58 AM,0:25,Carter STEAL (3 STL),,Rice Bad Pass Turnover (P1.T16),,,5,779,Glen Rice,1610612752.0,New York,Knicks,NYK,4,1713,Vince Carter,1610612761.0,Toronto,Raptors,TOR,0,0,,,,,,0
0020000855,483,6,1,4,6:58 AM,0:24,,,Houston P.FOUL (P3.PN),,,5,275,Allan Houston,1610612752.0,New York,Knicks,NYK,0,0,,,,,,1,0,,,,,,0
0020000855,484,3,11,4,6:59 AM,0:24,Williams Free Throw 1 of 2 (3 PTS),,,88 - 95,7,4,1541,Alvin Williams,1610612761.0,Toronto,Raptors,TOR,0,0,,,,,,0,0,,,,,,0
0020000855,485,3,12,4,6:59 AM,0:24,Williams Free Throw 2 of 2 (4 PTS),,,88 - 96,8,4,1541,Alvin Williams,1610612761.0,Toronto,Raptors,TOR,0,0,,,,,,0,0,,,,,,0
0020000855,486,9,1,4,6:59 AM,0:24,,,Knicks Timeout: Regular (Reg.3 Short 2),,,3,1610612752,,,,,,0,0,,,,,,0,0,,,,,,0
0020000855,489,2,46,4,7:02 AM,0:21,,,MISS Ward 12' Running Jump Shot,,,5,369,Charlie Ward,1610612752.0,New York,Knicks,NYK,0,0,,,,,,0,0,,,,,,0
0020000855,490,4,0,4,7:02 AM,0:20,RAPTORS Rebound,,,,,2,1610612761,,,,,,0,0,,,,,,0,0,,,,,,0
0020000855,491,5,12,4,7:02 AM,0:20,Oakley Inbound Turnover (P4.T15),,,,,4,891,Charles Oakley,1610612761.0,Toronto,Raptors,TOR,0,0,,,,,,1,0,,,,,,0
0020000855,492,2,1,4,7:02 AM,0:17,,,MISS Rice 21' Jump Shot,,,5,779,Glen Rice,1610612752.0,New York,Knicks,NYK,0,0,,,,,,0,0,,,,,,0
0020000855,493,4,0,4,7:02 AM,0:14,Childs REBOUND (Off:1 Def:4),,,,,4,164,Chris Childs,1610612761.0,Toronto,Raptors,TOR,0,0,,,,,,0,0,,,,,,0
0020000855,494,6,1,4,7:03 AM,0:09,,,Ward P.FOUL (P1.PN),,,5,369,Charlie Ward,1610612752.0,New York,Knicks,NYK,0,0,,,,,,1,0,,,,,,0
0020000855,495,3,11,4,7:03 AM,0:09,Childs Free Throw 1 of 2 (11 PTS),,,88 - 97,9,4,164,Chris Childs,1610612761.0,Toronto,Raptors,TOR,0,0,,,,,,0,0,,,,,,0
0020000855,496,3,12,4,7:03 AM,0:09,Childs Free Throw 2 of 2 (12 PTS),,,88 - 98,10,4,164,Chris Childs,1610612761.0,Toronto,Raptors,TOR,0,0,,,,,,0,0,,,,,,0
0020000855,497,13,0,4,7:04 AM,0:00,,,,88 - 98,10,0,0,,,,,,0,0,,,,,,0,0,,,,,,0
