GAME_ID,EVENTNUM,EVENTMSGTYPE,EVENTMSGACTIONTYPE,PERIOD,WCTIMESTRING,PCTIMESTRING,HOMEDESCRIPTION,NEUTRALDESCRIPTION,VISITORDESCRIPTION,SCORE,SCOREMARGIN,PERSON1TYPE,PLAYER1_ID,PLAYER1_NAME,PLAYER1_TEAM_ID,PLAYER1_TEAM_CITY,PLAYER1_TEAM_NICKNAME,PLAYER1_TEAM_ABBREVIATION,PERSON2TYPE,PLAYER2_ID,PLAYER2_NAME,PLAYER2_TEAM_ID,PLAYER2_TEAM_CITY,PLAYER2_TEAM_NICKNAME,PLAYER2_TEAM_ABBREVIATION,PERSON3TYPE,PLAYER3_ID,PLAYER3_NAME,PLAYER3_TEAM_ID,PLAYER3_TEAM_CITY,PLAYER3_TEAM_NICKNAME,PLAYER3_TEAM_ABBREVIATION,VIDEO_AVAILABLE_FLAG
0020000348,0,12,0,1,4:00 AM,12:00,,,,,,0,0,,,,,,0,0,,,,,,0,0,,,,,,0
0020000348,1,10,0,1,11:08 AM,12:00,Jump Ball Wallace vs. Bradley: Tip to Smith,,,,,4,1112,Ben Wallace,1610612765.0,Detroit,Pistons,DET,5,762,Shawn Bradley,1610612742.0,Dallas,Mavericks,DAL,4,693,Joe Smith,1610612765.0,Detroit,Pistons,DET,0
0020000348,2,5,13,1,11:09 AM,11:56,PISTONS Turnover: Backcourt (T#1),,,,,2,1610612765,,,,,,0,0,,,,,,1,0,,,,,,0
0020000348,3,2,1,1,11:09 AM,11:50,,,MISS Eisley 14' Jump Shot,,,5,458,Howard Eisley,1610612742.0,Dallas,Mavericks,DAL,0,0,,,,,,0,0,,,,,,0
0020000348,4,4,0,1,11:09 AM,11:48,Smith REBOUND (Off:0 Def:1),,,,,4,693,Joe Smith,1610612765.0,Detroit,Pistons,DET,0,0,,,,,,0,0,,,,,,0
0020000348,5,6,3,1,11:10 AM,11:48,,,Bradley L.B.FOUL (P1.T1),,,5,762,Shawn Bradley,1610612742.0,Dallas,Mavericks,DAL,0,0,,,,,,1,0,,,,,,0
0020000348,6,1,1,1,11:10 AM,11:27,Atkins 18' Jump Shot (2 PTS) (Stackhouse 1 AST),,,0 - 2,2,4,1088,Chucky Atkins,1610612765.0,Detroit,Pistons,DET,4,711,Jerry Stackhouse,1610612765.0,Detroit,Pistons,DET,0,0,,,,,,0
0020000348,7,2,1,1,11:10 AM,11:13,,,MISS Finley 20' Jump Shot,,,5,714,Michael Finley,1610612742.0,Dallas,Mavericks,DAL,0,0,,,,,,0,0,,,,,,0
0020000348,8,4,0,1,11:10 AM,11:11,Wallace REBOUND (Off:0 Def:1),,,,,4,1112,Ben Wallace,1610612765.0,Detroit,Pistons,DET,0,0,,,,,,0,0,,,,,,0
0020000348,9,2,1,1,11:10 AM,10:59,MISS Stackhouse 11' Jump Shot,,Bradley BLOCK (1 BLK),,,4,711,Jerry Stackhouse,1610612765.0,Detroit,Pistons,DET,0,0,,,,,,5,762,Shawn Bradley,1610612742.0,Dallas,Mavericks,DAL,0
0020000348,10,4,0,1,11:10 AM,10:57,,,Bradley REBOUND (Off:0 Def:1),,,5,762,Shawn Bradley,1610612742.0,Dallas,Mavericks,DAL,0,0,,,,,,0,0,,,,,,0
0020000348,11,1,5,1,11:11 AM,10:36,,,Nowitzki  Layup (2 PTS),2 - 2,TIE,5,1717,Dirk Nowitzki,1610612742.0,Dallas,Mavericks,DAL,0,0,,,,,,0,0,,,,,,0
0020000348,12,2,1,1,11:11 AM,10:20,MISS Atkins 13' Jump Shot,,,,,4,1088,Chucky Atkins,1610612765.0,Detroit,Pistons,DET,0,0,,,,,,0,0,,,,,,0
0020000348,13,4,0,1,11:11 AM,10:18,Smith REBOUND (Off:1 Def:1),,,,,4,693,Joe Smith,1610612765.0,Detroit,Pistons,DET,0,0,,,,,,0,0,,,,,,0
0020000348,14,1,3,1,11:11 AM,10:06,Smith 6' Hook Shot (2 PTS) (Curry 1 AST),,,2 - 4,2,4,693,Joe Smith,1610612765.0,Detroit,Pistons,DET,4,688,Michael Curry,1610612765.0,Detroit,Pistons,DET,0,0,,,,,,0
0020000348,15,6,2,1,11:12 AM,9:53,Wallace S.FOUL (P1.T1),,,,,4,1112,Ben Wallace,1610612765.0,Detroit,Pistons,DET,0,0,,,,,,1,0,,,,,,0
0020000348,16,3,11,1,11:12 AM,9:53,,,Bradley Free Throw 1 of 2 (1 PTS),3 - 4,1,5,762,Shawn Bradley,1610612742.0,Dallas,Mavericks,DAL,0,0,,,,,,0,0,,,,,,0
0020000348,17,3,12,1,11:12 AM,9:53,,,Bradley Free Throw 2 of 2 (2 PTS),4 - 4,TIE,5,762,Shawn Bradley,1610612742.0,Dallas,Mavericks,DAL,0,0,,,,,,0,0,,,,,,0
0020000348,18,2,1,1,11:12 AM,9:41,MISS Smith 14' Jump Shot,,,,,4,693,Joe Smith,1610612765.0,Detroit,Pistons,DET,0,0,,,,,,0,0,,,,,,0
0020000348,19,4,0,1,11:12 AM,9:40,,,Nowitzki REBOUND (Off:0 Def:1),,,5,1717,Dirk Nowitzki,1610612742.0,Dallas,Mavericks,DAL,0,0,,,,,,0,0,,,,,,0
0020000348,20,2,5,1,11:13 AM,9:33,Wallace BLOCK (1 BLK),,MISS Nowitzki  Layup,,,5,1717,Dirk Nowitzki,1610612742.0,Dallas,Mavericks,DAL,0,0,,,,,,4,1112,Ben Wallace,1610612765.0,Detroit,Pistons,DET,0
0020000348,21,4,0,1,11:13 AM,9:31,Stackhouse REBOUND (Off:0 Def:1),,,,,4,711,Jerry Stackhouse,1610612765.0,Detroit,Pistons,DET,0,0,,,,,,0,0,,,,,,0
0020000348,22,5,2,1,11:13 AM,9:29,Atkins Lost Ball Turnover (P1.T2),,,,,4,1088,Chucky Atkins,1610612765.0,Detroit,Pistons,DET,0,0,,,,,,1,0,,,,,,0
0020000348,23,6,1,1,11:13 AM,9:12,Stackhouse P.FOUL (P1.T2),,,,,4,711,Jerry Stackhouse,1610612765.0,Detroit,Pistons,DET,0,0,,,,,,1,0,,,,,,0
0020000348,24,2,1,1,11:13 AM,9:04,,,MISS Nash 24' 3PT Jump Shot,,,5,959,Steve Nash,1610612742.0,Dallas,Mavericks,DAL,0,0,,,,,,0,0,,,,,,0
0020000348,25,4,0,1,11:13 AM,9:02,Atkins REBOUND (Off:0 Def:1),,,,,4,1088,Chucky Atkins,1610612765.0,Detroit,Pistons,DET,0,0,,,,,,0,0,,,,,,0
0020000348,26,6,2,1,11:14 AM,8:44,,,Nowitzki S.FOUL (P1.T2),,,5,1717,Dirk Nowitzki,1610612742.0,Dallas,Mavericks,DAL,0,0,,,,,,1,0,,,,,,0
0020000348,27,3,11,1,11:14 AM,8:44,MISS Wallace Free Throw 1 of 2,,,,,4,1112,Ben Wallace,1610612765.0,Detroit,Pistons,DET,0,0,,,,,,0,0,,,,,,0
0020000348,29,4,0,1,11:15 AM,8:44,PISTONS Rebound,,,,,2,1610612765,,,,,,0,0,,,,,,0,0,,,,,,0
0020000348,28,3,12,1,11:15 AM,8:44,Wallace Free Throw 2 of 2 (1 PTS),,,4 - 5,1,4,1112,Ben Wallace,1610612765.0,Detroit,Pistons,DET,0,0,,,,,,0,0,,,,,,0
0020000348,30,1,1,1,11:15 AM,8:28,,,Nash 15' Jump Shot (2 PTS) (Finley 1 AST),6 - 5,-1,5,959,Steve Nash,1610612742.0,Dallas,Mavericks,DAL,5,714,Michael Finley,1610612742.0,Dallas,Mavericks,DAL,0,0,,,,,,0
0020000348,31,5,2,1,11:16 AM,8:18,Wallace Lost Ball Turnover (P1.T3),,Eisley STEAL (1 STL),,,4,1112,Ben Wallace,1610612765.0,Detroit,Pistons,DET,5,458,Howard Eisley,1610612742.0,Dallas,Mavericks,DAL,0,0,,,,,,0
0020000348,32,2,1,1,11:16 AM,8:12,,,MISS Nash 25' 3PT Jump Shot,,,5,959,Steve Nash,1610612742.0,Dallas,Mavericks,DAL,0,0,,,,,,0,0,,,,,,0
0020000348,33,4,0,1,11:16 AM,8:10,Atkins REBOUND (Off:0 Def:2),,,,,4,1088,Chucky Atkins,1610612765.0,Detroit,Pistons,DET,0,0,,,,,,0,0,,,,,,0
0020000348,34,2,1,1,11:16 AM,8:02,MISS Curry  3PT Jump Shot,,,,,4,688,Michael Curry,1610612765.0,Detroit,Pistons,DET,0,0,,,,,,0,0,,,,,,0
0020000348,35,4,0,1,11:16 AM,8:00,Smith REBOUND (Off:2 Def:1),,,,,4,693,Joe Smith,1610612765.0,Detroit,Pistons,DET,0,0,,,,,,0,0,,,,,,0
0020000348,36,6,3,1,11:16 AM,8:00,,,Bradley L.B.FOUL (P2.T3),,,5,762,Shawn Bradley,1610612742.0,Dallas,Mavericks,DAL,0,0,,,,,,1,0,,,,,,0
0020000348,37,2,5,1,11:16 AM,7:55,MISS Smith  Layup,,,,,4,693,Joe Smith,1610612765.0,Detroit,Pistons,DET,0,0,,,,,,0,0,,,,,,0
0020000348,38,4,0,1,11:16 AM,7:53,Smith REBOUND (Off:3 Def:1),,,,,4,693,Joe Smith,1610612765.0,Detroit,Pistons,DET,0,0,,,,,,0,0,,,,,,0
0020000348,39,2,5,1,11:16 AM,7:50,MISS Smith  Layup,,Bradley BLOCK (2 BLK),,,4,693,Joe Smith,1610612765.0,Detroit,Pistons,DET,0,0,,,,,,5,762,Shawn Bradley,1610612742.0,Dallas,Mavericks,DAL,0
0020000348,40,4,0,1,11:16 AM,7:48,,,Bradley REBOUND (Off:0 Def:2),,,5,762,Shawn Bradley,1610612742.0,Dallas,Mavericks,DAL,0,0,,,,,,0,0,,,,,,0
0020000348,41,1,1,1,11:17 AM,7:28,,,Nowitzki 26' 3PT Jump Shot (5 PTS) (Finley 2 AST),9 - 5,-4,5,1717,Dirk Nowitzki,1610612742.0,Dallas,Mavericks,DAL,5,714,Michael Finley,1610612742.0,Dallas,Mavericks,DAL,0,0,,,,,,0
0020000348,42,2,1,1,11:17 AM,7:12,MISS Smith 17' Jump Shot,,,,,4,693,Joe Smith,1610612765.0,Detroit,Pistons,DET,0,0,,,,,,0,0,,,,,,0
0020000348,43,4,0,1,11:17 AM,7:10,Stackhouse REBOUND (Off:1 Def:1),,,,,4,711,Jerry Stackhouse,1610612765.0,Detroit,Pistons,DET,0,0,,,,,,0,0,,,,,,0
0020000348,44,2,40,1,11:17 AM,7:09,MISS Stackhouse  Layup,,Bradley BLOCK (3 BLK),,,4,711,Jerry Stackhouse,1610612765.0,Detroit,Pistons,DET,0,0,,,,,,5,762,Shawn Bradley,1610612742.0,Dallas,Mavericks,DAL,0
0020000348,45,4,0,1,11:17 AM,7:07,,,Eisley REBOUND (Off:0 Def:1),,,5,458,Howard Eisley,1610612742.0,Dallas,Mavericks,DAL,0,0,,,,,,0,0,,,,,,0
0020000348,46,2,1,1,11:17 AM,7:02,,,MISS Nowitzki 13' Jump Shot,,,5,1717,Dirk Nowitzki,1610612742.0,Dallas,Mavericks,DAL,0,0,,,,,,0,0,,,,,,0
0020000348,47,4,0,1,11:18 AM,7:00,,,Nash REBOUND (Off:1 Def:0),,,5,959,Steve Nash,1610612742.0,Dallas,Mavericks,DAL,0,0,,,,,,0,0,,,,,,0
0020000348,48,1,1,1,11:18 AM,6:48,,,Finley 15' Jump Shot (2 PTS) (Nowitzki 1 AST),11 - 5,-6,5,714,Michael Finley,1610612742.0,Dallas,Mavericks,DAL,5,1717,Dirk Nowitzki,1610612742.0,Dallas,Mavericks,DAL,0,0,,,,,,0
0020000348,49,2,1,1,11:18 AM,6:31,MISS Stackhouse 16' Jump Shot,,,,,4,711,Jerry Stackhouse,1610612765.0,Detroit,Pistons,DET,0,0,,,,,,0,0,,,,,,0
0020000348,50,4,0,1,11:18 AM,6:29,,,Nowitzki REBOUND (Off:0 Def:2),,,5,1717,Dirk Nowitzki,1610612742.0,Dallas,Mavericks,DAL,0,0,,,,,,0,0,,,,,,0
0020000348,51,1,1,1,11:18 AM,6:11,,,Nowitzki 24' 3PT Jump Shot (8 PTS) (Finley 3 AST),14 - 5,-9,5,1717,Dirk Nowitzki,1610612742.0,Dallas,Mavericks,DAL,5,714,Michael Finley,1610612742.0,Dallas,Mavericks,DAL,0,0,,,,,,0
0020000348,52,9,1,1,11:19 AM,6:06,PISTONS Timeout: Regular (Full 1 Short 0),,,,,2,1610612765,,,,,,0,0,,,,,,0,0,,,,,,0
0020000348,54,8,0,1,11:20 AM,6:06,,,SUB: Laettner FOR Bradley,,,5,762,Shawn Bradley,1610612742.0,Dallas,Mavericks,DAL,5,363,Christian Laettner,1610612742.0,Dallas,Mavericks,DAL,0,0,,,,,,0
0020000348,56,6,11,1,11:21 AM,5:58,,,,,,6,1996,,,,,,0,0,,,,,,1,0,,,,,,0
0020000348,57,3,16,1,11:21 AM,5:58,,,Nash Free Throw Technical (3 PTS),15 - 5,-10,5,959,Steve Nash,1610612742.0,Dallas,Mavericks,DAL,0,0,,,,,,0,0,,,,,,0
0020000348,58,2,5,1,11:21 AM,5:48,MISS Atkins  Layup,,,,,4,1088,Chucky Atkins,1610612765.0,Detroit,Pistons,DET,0,0,,,,,,0,0,,,,,,0
0020000348,59,4,0,1,11:22 AM,5:46,Smith REBOUND (Off:4 Def:1),,,,,4,693,Joe Smith,1610612765.0,Detroit,Pistons,DET,0,0,,,,,,0,0,,,,,,0
0020000348,60,1,5,1,11:22 AM,5:44,Smith  Layup (4 PTS),,,15 - 7,-8,4,693,Joe Smith,1610612765.0,Detroit,Pistons,DET,0,0,,,,,,0,0,,,,,,0
0020000348,61,6,1,1,11:22 AM,5:37,Stackhouse P.FOUL (P2.T3),,,,,4,711,Jerry Stackhouse,1610612765.0,Detroit,Pistons,DET,0,0,,,,,,1,0,,,,,,0
0020000348,62,6,11,1,11:22 AM,5:37,Stackhouse T.FOUL (P2.T3),,,,,4,711,Jerry Stackhouse,1610612765.0,Detroit,Pistons,DET,0,0,,,,,,1,0,,,,,,0
0020000348,63,3,16,1,11:22 AM,5:37,,,Nash Free Throw Technical (4 PTS),16 - 7,-9,5,959,Steve Nash,1610612742.0,Dallas,Mavericks,DAL,0,0,,,,,,0,0,,,,,,0
0020000348,64,5,1,1,11:23 AM,5:24,Smith STEAL (1 STL),,Finley Bad Pass Turnover (P1.T1),,,5,714,Michael Finley,1610612742.0,Dallas,Mavericks,DAL,4,693,Joe Smith,1610612765.0,Detroit,Pistons,DET,0,0,,,,,,0
0020000348,65,6,1,1,11:23 AM,5:11,,,Laettner P.FOUL (P1.T4),,,5,363,Christian Laettner,1610612742.0,Dallas,Mavericks,DAL,0,0,,,,,,1,0,,,,,,0
0020000348,66,2,1,1,11:23 AM,5:04,MISS Stackhouse 17' Jump Shot,,,,,4,711,Jerry Stackhouse,1610612765.0,Detroit,Pistons,DET,0,0,,,,,,0,0,,,,,,0
0020000348,67,4,0,1,11:23 AM,5:02,PISTONS Rebound,,,,,2,1610612765,,,,,,0,0,,,,,,0,0,,,,,,0
0020000348,68,1,42,1,11:24 AM,4:52,Atkins  Driving Layup (4 PTS),,,16 - 9,-7,4,1088,Chucky Atkins,1610612765.0,Detroit,Pistons,DET,0,0,,,,,,0,0,,,,,,0
0020000348,69,1,1,1,11:24 AM,4:38,,,Eisley 24' 3PT Jump Shot (3 PTS),19 - 9,-10,5,458,Howard Eisley,1610612742.0,Dallas,Mavericks,DAL,0,0,,,,,,0,0,,,,,,0
0020000348,70,1,5,1,11:24 AM,4:30,Smith 7' Layup (6 PTS) (Atkins 1 AST),,,19 - 11,-8,4,693,Joe Smith,1610612765.0,Detroit,Pistons,DET,4,1088,Chucky Atkins,1610612765.0,Detroit,Pistons,DET,0,0,,,,,,0
0020000348,72,6,4,1,11:24 AM,4:14,,,Laettner OFF.Foul (P2),,,5,363,Christian Laettner,1610612742.0,Dallas,Mavericks,DAL,0,0,,,,,,1,0,,,,,,0
0020000348,73,5,5,1,11:24 AM,4:14,,,Laettner Foul Turnover (P1.T2),,,5,363,Christian Laettner,1610612742.0,Dallas,Mavericks,DAL,0,0,,,,,,0,0,,,,,,0
0020000348,74,8,0,1,11:25 AM,4:14,SUB: Barros FOR Stackhouse,,,,,4,711,Jerry Stackhouse,1610612765.0,Detroit,Pistons,DET,4,344,Dana Barros,1610612765.0,Detroit,Pistons,DET,0,0,,,,,,0
0020000348,75,1,1,1,11:25 AM,3:56,Atkins 19' Jump Shot (6 PTS),,,19 - 13,-6,4,1088,Chucky Atkins,1610612765.0,Detroit,Pistons,DET,0,0,,,,,,0,0,,,,,,0
0020000348,76,1,1,1,11:25 AM,3:42,,,Nowitzki 26' 3PT Jump Shot (11 PTS) (Nash 1 AST),22 - 13,-9,5,1717,Dirk Nowitzki,1610612742.0,Dallas,Mavericks,DAL,5,959,Steve Nash,1610612742.0,Dallas,Mavericks,DAL,0,0,,,,,,0
0020000348,77,2,1,1,11:25 AM,3:27,MISS Smith 14' Jump Shot,,,,,4,693,Joe Smith,1610612765.0,Detroit,Pistons,DET,0,0,,,,,,0,0,,,,,,0
0020000348,78,4,0,1,11:25 AM,3:25,,,Finley REBOUND (Off:0 Def:1),,,5,714,Michael Finley,1610612742.0,Dallas,Mavericks,DAL,0,0,,,,,,0,0,,,,,,0
0020000348,79,5,1,1,11:25 AM,3:15,Smith STEAL (2 STL),,Finley Bad Pass Turnover (P2.T3),,,5,714,Michael Finley,1610612742.0,Dallas,Mavericks,DAL,4,693,Joe Smith,1610612765.0,Detroit,Pistons,DET,0,0,,,,,,0
0020000348,80,2,1,1,11:26 AM,3:00,MISS Smith 17' Jump Shot,,,,,4,693,Joe Smith,1610612765.0,Detroit,Pistons,DET,0,0,,,,,,0,0,,,,,,0
0020000348,81,4,0,1,11:26 AM,2:58,,,Laettner REBOUND (Off:0 Def:1),,,5,363,Christian Laettner,1610612742.0,Dallas,Mavericks,DAL,0,0,,,,,,0,0,,,,,,0
0020000348,83,1,1,1,11:26 AM,2:48,,,Laettner 16' Jump Shot (2 PTS) (Eisley 1 AST),24 - 13,-11,5,363,Christian Laettner,1610612742.0,Dallas,Mavericks,DAL,5,458,Howard Eisley,1610612742.0,Dallas,Mavericks,DAL,0,0,,,,,,0
0020000348,84,2,1,1,11:27 AM,2:28,MISS Atkins 28' 3PT Jump Shot,,,,,4,1088,Chucky Atkins,1610612765.0,Detroit,Pistons,DET,0,0,,,,,,0,0,,,,,,0
0020000348,85,4,0,1,11:27 AM,2:26,,,Mavericks Rebound,,,3,1610612742,,,,,,0,0,,,,,,0,0,,,,,,0
0020000348,86,9,1,1,11:27 AM,2:26,,,Mavericks Timeout: Regular (Reg.1 Short 0),,,3,1610612742,,,,,,0,0,,,,,,0,0,,,,,,0
0020000348,88,8,0,1,11:29 AM,2:26,,,SUB: Alexander FOR Nash,,,5,959,Steve Nash,1610612742.0,Dallas,Mavericks,DAL,5,2042,Courtney Alexander,1610612742.0,Dallas,Mavericks,DAL,0,0,,,,,,0
0020000348,89,8,0,1,11:29 AM,2:26,,,SUB: Vaught FOR Nowitzki,,,5,1717,Dirk Nowitzki,1610612742.0,Dallas,Mavericks,DAL,5,919,Loy Vaught,1610612742.0,Dallas,Mavericks,DAL,0,0,,,,,,0
0020000348,90,8,0,1,11:29 AM,2:26,SUB: Moore FOR Wallace,,,,,4,1112,Ben Wallace,1610612765.0,Detroit,Pistons,DET,4,1630,Mikki Moore,1610612765.0,Detroit,Pistons,DET,0,0,,,,,,0
0020000348,91,8,0,1,11:30 AM,2:26,SUB: Cleaves FOR Atkins,,,,,4,1088,Chucky Atkins,1610612765.0,Detroit,Pistons,DET,4,2043,Mateen Cleaves,1610612765.0,Detroit,Pistons,DET,0,0,,,,,,0
0020000348,92,1,1,1,11:30 AM,2:09,,,Eisley 24' 3PT Jump Shot (6 PTS) (Alexander 1 AST),27 - 13,-14,5,458,Howard Eisley,1610612742.0,Dallas,Mavericks,DAL,5,2042,Courtney Alexander,1610612742.0,Dallas,Mavericks,DAL,0,0,,,,,,0
0020000348,93,6,4,1,11:30 AM,2:01,Curry OFF.Foul (P1),,,,,4,688,Michael Curry,1610612765.0,Detroit,Pistons,DET,0,0,,,,,,1,0,,,,,,0
0020000348,94,5,5,1,11:30 AM,2:01,Curry Foul Turnover (P1.T4),,,,,4,688,Michael Curry,1610612765.0,Detroit,Pistons,DET,0,0,,,,,,0,0,,,,,,0
0020000348,95,5,8,1,11:31 AM,1:39,,,Vaught 3 Second Violation Turnover (P1.T4),,,5,919,Loy Vaught,1610612742.0,Dallas,Mavericks,DAL,0,0,,,,,,1,0,,,,,,0
0020000348,96,6,2,1,11:31 AM,1:23,,,Finley S.FOUL (P1.PN),,,5,714,Michael Finley,1610612742.0,Dallas,Mavericks,DAL,0,0,,,,,,1,0,,,,,,0
0020000348,97,3,11,1,11:31 AM,1:23,MISS Smith Free Throw 1 of 2,,,,,4,693,Joe Smith,1610612765.0,Detroit,Pistons,DET,0,0,,,,,,0,0,,,,,,0
0020000348,98,4,1,1,11:31 AM,1:23,PISTONS Rebound,,,,,2,1610612765,,,,,,0,0,,,,,,0,0,,,,,,0
0020000348,99,8,0,1,11:31 AM,1:23,SUB: Cardinal FOR Curry,,,,,4,688,Michael Curry,1610612765.0,Detroit,Pistons,DET,4,2073,Brian Cardinal,1610612765.0,Detroit,Pistons,DET,0,0,,,,,,0
0020000348,100,3,12,1,11:32 AM,1:23,Smith Free Throw 2 of 2 (7 PTS),,,27 - 14,-13,4,693,Joe Smith,1610612765.0,Detroit,Pistons,DET,0,0,,,,,,0,0,,,,,,0
0020000348,101,2,1,1,11:32 AM,1:09,,,MISS Alexander 14' Jump Shot,,,5,2042,Courtney Alexander,1610612742.0,Dallas,Mavericks,DAL,0,0,,,,,,0,0,,,,,,0
0020000348,102,4,0,1,11:32 AM,1:07,Moore REBOUND (Off:0 Def:1),,,,,4,1630,Mikki Moore,1610612765.0,Detroit,Pistons,DET,0,0,,,,,,0,0,,,,,,0
0020000348,103,5,2,1,11:32 AM,0:59,Barros Lost Ball Turnover (P1.T5),,Eisley STEAL (2 STL),,,4,344,Dana Barros,1610612765.0,Detroit,Pistons,DET,5,458,Howard Eisley,1610612742.0,Dallas,Mavericks,DAL,0,0,,,,,,0
0020000348,104,1,5,1,11:32 AM,0:53,,,Laettner  Layup (4 PTS) (Finley 4 AST),29 - 14,-15,5,363,Christian Laettner,1610612742.0,Dallas,Mavericks,DAL,5,714,Michael Finley,1610612742.0,Dallas,Mavericks,DAL,0,0,,,,,,0
0020000348,106,6,2,1,11:33 AM,0:36,,,Vaught S.FOUL (P1.PN),,,5,919,Loy Vaught,1610612742.0,Dallas,Mavericks,DAL,0,0,,,,,,1,0,,,,,,0
0020000348,107,3,11,1,11:33 AM,0:36,Moore Free Throw 1 of 2 (1 PTS),,,29 - 15,-14,4,1630,Mikki Moore,1610612765.0,Detroit,Pistons,DET,0,0,,,,,,0,0,,,,,,0
0020000348,108,3,12,1,11:33 AM,0:36,Moore Free Throw 2 of 2 (2 PTS),,,29 - 16,-13,4,1630,Mikki Moore,1610612765.0,Detroit,Pistons,DET,0,0,,,,,,0,0,,,,,,0
0020000348,109,6,1,1,11:33 AM,0:30,Cardinal P.FOUL (P1.T4),,,,,4,2073,Brian Cardinal,1610612765.0,Detroit,Pistons,DET,0,0,,,,,,1,0,,,,,,0
0020000348,110,8,0,1,11:34 AM,0:30,SUB: Curry FOR Smith,,,,,4,693,Joe Smith,1610612765.0,Detroit,Pistons,DET,4,688,Michael Curry,1610612765.0,Detroit,Pistons,DET,0,0,,,,,,0
0020000348,111,1,1,1,11:34 AM,0:21,,,Finley 16' Jump Shot (4 PTS),31 - 16,-15,5,714,Michael Finley,1610612742.0,Dallas,Mavericks,DAL,0,0,,,,,,0,0,,,,,,0
0020000348,112,5,4,1,11:34 AM,0:04,Barros Traveling Turnover (P2.T6),,,,,4,344,Dana Barros,1610612765.0,Detroit,Pistons,DET,0,0,,,,,,1,0,,,,,,0
0020000348,113,8,0,1,11:35 AM,0:04,,,SUB: Davis FOR Laettner,,,5,363,Christian Laettner,1610612742.0,Dallas,Mavericks,DAL,5,93,Hubert Davis,1610612742.0,Dallas,Mavericks,DAL,0,0,,,,,,0
0020000348,114,2,1,1,11:35 AM,0:01,Cardinal BLOCK (1 BLK),,MISS Finley 41' 3PT Jump Shot,,,5,714,Michael Finley,1610612742.0,Dallas,Mavericks,DAL,0,0,,,,,,4,2073,Brian Cardinal,1610612765.0,Detroit,Pistons,DET,0
0020000348,115,4,0,1,11:35 AM,0:00,,,Mavericks Rebound,,,3,1610612742,,,,,,0,0,,,,,,0,0,,,,,,0
0020000348,116,13,0,1,11:35 AM,0:00,,,,31 - 16,-15,0,0,,,,,,0,0,,,,,,0,0,,,,,,0
0020000348,118,12,0,2,11:37 AM,12:00,,,,31 - 16,-15,0,0,,,,,,0,0,,,,,,0,0,,,,,,0
0020000348,119,1,1,2,11:37 AM,11:45,,,Laettner 18' Jump Shot (6 PTS) (Finley 5 AST),33 - 16,-17,5,363,Christian Laettner,1610612742.0,Dallas,Mavericks,DAL,5,714,Michael Finley,1610612742.0,Dallas,Mavericks,DAL,0,0,,,,,,0
0020000348,120,6,1,2,11:38 AM,11:36,,,Alexander P.FOUL (P1.T1),,,5,2042,Courtney Alexander,1610612742.0,Dallas,Mavericks,DAL,0,0,,,,,,1,0,,,,,,0
0020000348,121,6,1,2,11:38 AM,11:33,,,Eisley P.FOUL (P1.T2),,,5,458,Howard Eisley,1610612742.0,Dallas,Mavericks,DAL,0,0,,,,,,1,0,,,,,,0
0020000348,122,2,45,2,11:38 AM,11:22,MISS Stackhouse 15' Jump Shot,,,,,4,711,Jerry Stackhouse,1610612765.0,Detroit,Pistons,DET,0,0,,,,,,0,0,,,,,,0
0020000348,123,4,0,2,11:38 AM,11:20,Cardinal REBOUND (Off:1 Def:0),,,,,4,2073,Brian Cardinal,1610612765.0,Detroit,Pistons,DET,0,0,,,,,,0,0,,,,,,0
0020000348,124,2,40,2,11:38 AM,11:18,MISS Cardinal  Layup,,,,,4,2073,Brian Cardinal,1610612765.0,Detroit,Pistons,DET,0,0,,,,,,0,0,,,,,,0
0020000348,125,4,0,2,11:39 AM,11:17,Wallace REBOUND (Off:1 Def:1),,,,,4,1112,Ben Wallace,1610612765.0,Detroit,Pistons,DET,0,0,,,,,,0,0,,,,,,0
0020000348,126,2,53,2,11:39 AM,11:16,MISS Wallace  Tip Shot,,,,,4,1112,Ben Wallace,1610612765.0,Detroit,Pistons,DET,0,0,,,,,,0,0,,,,,,0
0020000348,127,4,0,2,11:39 AM,11:15,,,Finley REBOUND (Off:0 Def:2),,,5,714,Michael Finley,1610612742.0,Dallas,Mavericks,DAL,0,0,,,,,,0,0,,,,,,0
0020000348,128,2,5,2,11:39 AM,11:07,Wallace BLOCK (2 BLK),,MISS Laettner  Layup,,,5,363,Christian Laettner,1610612742.0,Dallas,Mavericks,DAL,0,0,,,,,,4,1112,Ben Wallace,1610612765.0,Detroit,Pistons,DET,0
0020000348,129,4,0,2,11:39 AM,11:06,PISTONS Rebound,,,,,2,1610612765,,,,,,0,0,,,,,,0,0,,,,,,0
0020000348,130,6,2,2,11:39 AM,10:59,,,Laettner S.FOUL (P3.T3),,,5,363,Christian Laettner,1610612742.0,Dallas,Mavericks,DAL,0,0,,,,,,1,0,,,,,,0
0020000348,131,3,11,2,11:39 AM,10:59,Stackhouse Free Throw 1 of 2 (1 PTS),,,33 - 17,-16,4,711,Jerry Stackhouse,1610612765.0,Detroit,Pistons,DET,0,0,,,,,,0,0,,,,,,0
0020000348,132,3,12,2,11:39 AM,10:59,Stackhouse Free Throw 2 of 2 (2 PTS),,,33 - 18,-15,4,711,Jerry Stackhouse,1610612765.0,Detroit,Pistons,DET,0,0,,,,,,0,0,,,,,,0
0020000348,133,6,1,2,11:40 AM,10:48,Cardinal P.FOUL (P2.T1),,,,,4,2073,Brian Cardinal,1610612765.0,Detroit,Pistons,DET,0,0,,,,,,1,0,,,,,,0
0020000348,135,6,4,2,11:40 AM,10:40,,,Finley OFF.Foul (P2),,,5,714,Michael Finley,1610612742.0,Dallas,Mavericks,DAL,0,0,,,,,,1,0,,,,,,0
0020000348,136,5,5,2,11:40 AM,10:40,,,Finley Foul Turnover (P3.T5),,,5,714,Michael Finley,1610612742.0,Dallas,Mavericks,DAL,0,0,,,,,,0,0,,,,,,0
0020000348,137,6,4,2,11:41 AM,10:26,Cardinal OFF.Foul (P3),,,,,4,2073,Brian Cardinal,1610612765.0,Detroit,Pistons,DET,0,0,,,,,,1,0,,,,,,0
0020000348,138,5,5,2,11:41 AM,10:26,Cardinal Foul Turnover (P1.T7),,,,,4,2073,Brian Cardinal,1610612765.0,Detroit,Pistons,DET,0,0,,,,,,0,0,,,,,,0
0020000348,139,8,0,2,11:41 AM,10:26,SUB: Owens FOR Cardinal,,,,,4,2073,Brian Cardinal,1610612765.0,Detroit,Pistons,DET,4,182,Billy Owens,1610612765.0,Detroit,Pistons,DET,0,0,,,,,,0
0020000348,140,5,1,2,11:42 AM,10:11,Cleaves STEAL (1 STL),,Laettner Bad Pass Turnover (P2.T6),,,5,363,Christian Laettner,1610612742.0,Dallas,Mavericks,DAL,4,2043,Mateen Cleaves,1610612765.0,Detroit,Pistons,DET,0,0,,,,,,0
0020000348,141,1,7,2,11:42 AM,10:07,Stackhouse  Dunk (4 PTS) (Cleaves 1 AST),,,33 - 20,-13,4,711,Jerry Stackhouse,1610612765.0,Detroit,Pistons,DET,4,2043,Mateen Cleaves,1610612765.0,Detroit,Pistons,DET,0,0,,,,,,0
0020000348,142,1,1,2,11:42 AM,9:56,,,Laettner 18' Jump Shot (8 PTS) (Eisley 2 AST),35 - 20,-15,5,363,Christian Laettner,1610612742.0,Dallas,Mavericks,DAL,5,458,Howard Eisley,1610612742.0,Dallas,Mavericks,DAL,0,0,,,,,,0
0020000348,143,6,1,2,11:42 AM,9:49,,,Alexander P.FOUL (P2.T4),,,5,2042,Courtney Alexander,1610612742.0,Dallas,Mavericks,DAL,0,0,,,,,,1,0,,,,,,0
0020000348,144,8,0,2,11:42 AM,9:49,,,SUB: Nash FOR Eisley,,,5,458,Howard Eisley,1610612742.0,Dallas,Mavericks,DAL,5,959,Steve Nash,1610612742.0,Dallas,Mavericks,DAL,0,0,,,,,,0
0020000348,145,6,1,2,11:42 AM,9:44,,,Alexander P.FOUL (P3.PN),,,5,2042,Courtney Alexander,1610612742.0,Dallas,Mavericks,DAL,0,0,,,,,,1,0,,,,,,0
0020000348,146,3,11,2,11:43 AM,9:44,Stackhouse Free Throw 1 of 2 (5 PTS),,,35 - 21,-14,4,711,Jerry Stackhouse,1610612765.0,Detroit,Pistons,DET,0,0,,,,,,0,0,,,,,,0
0020000348,147,8,0,2,11:43 AM,9:44,,,SUB: Davis FOR Alexander,,,5,2042,Courtney Alexander,1610612742.0,Dallas,Mavericks,DAL,5,93,Hubert Davis,1610612742.0,Dallas,Mavericks,DAL,0,0,,,,,,0
0020000348,148,3,12,2,11:43 AM,9:44,Stackhouse Free Throw 2 of 2 (6 PTS),,,35 - 22,-13,4,711,Jerry Stackhouse,1610612765.0,Detroit,Pistons,DET,0,0,,,,,,0,0,,,,,,0
0020000348,149,2,1,2,11:43 AM,9:34,,,MISS Finley 16' Jump Shot,,,5,714,Michael Finley,1610612742.0,Dallas,Mavericks,DAL,0,0,,,,,,0,0,,,,,,0
0020000348,150,4,0,2,11:43 AM,9:32,Cleaves REBOUND (Off:0 Def:1),,,,,4,2043,Mateen Cleaves,1610612765.0,Detroit,Pistons,DET,0,0,,,,,,0,0,,,,,,0
0020000348,151,2,5,2,11:43 AM,9:27,MISS Stackhouse  Layup,,,,,4,711,Jerry Stackhouse,1610612765.0,Detroit,Pistons,DET,0,0,,,,,,0,0,,,,,,0
0020000348,152,4,0,2,11:43 AM,9:25,,,Laettner REBOUND (Off:0 Def:2),,,5,363,Christian Laettner,1610612742.0,Dallas,Mavericks,DAL,0,0,,,,,,0,0,,,,,,0
0020000348,153,1,1,2,11:44 AM,9:09,,,Laettner 17' Jump Shot (10 PTS),37 - 22,-15,5,363,Christian Laettner,1610612742.0,Dallas,Mavericks,DAL,0,0,,,,,,0,0,,,,,,0
0020000348,154,2,1,2,11:44 AM,8:51,MISS Stackhouse 17' Jump Shot,,,,,4,711,Jerry Stackhouse,1610612765.0,Detroit,Pistons,DET,0,0,,,,,,0,0,,,,,,0
0020000348,155,4,0,2,11:44 AM,8:49,,,Nash REBOUND (Off:1 Def:1),,,5,959,Steve Nash,1610612742.0,Dallas,Mavericks,DAL,0,0,,,,,,0,0,,,,,,0
0020000348,156,5,21,2,11:44 AM,8:45,,,Nash Palming Turnover (P1.T7),,,5,959,Steve Nash,1610612742.0,Dallas,Mavericks,DAL,0,0,,,,,,1,0,,,,,,0
0020000348,157,9,4,2,11:45 AM,8:45,,,,,,1,0,,,,,,0,0,,,,,,0,0,,,,,,0
0020000348,159,8,0,2,11:46 AM,8:45,,,SUB: Nowitzki FOR Laettner,,,5,363,Christian Laettner,1610612742.0,Dallas,Mavericks,DAL,5,1717,Dirk Nowitzki,1610612742.0,Dallas,Mavericks,DAL,0,0,,,,,,0
0020000348,160,2,3,2,11:46 AM,8:31,MISS Owens 10' Hook Shot,,,,,4,182,Billy Owens,1610612765.0,Detroit,Pistons,DET,0,0,,,,,,0,0,,,,,,0
0020000348,161,4,0,2,11:46 AM,8:30,PISTONS Rebound,,,,,2,1610612765,,,,,,0,0,,,,,,0,0,,,,,,0
0020000348,162,6,1,2,11:47 AM,8:30,,,Vaught P.FOUL (P2.PN),,,5,919,Loy Vaught,1610612742.0,Dallas,Mavericks,DAL,0,0,,,,,,1,0,,,,,,0
0020000348,163,3,11,2,11:47 AM,8:30,Moore Free Throw 1 of 2 (3 PTS),,,37 - 23,-14,4,1630,Mikki Moore,1610612765.0,Detroit,Pistons,DET,0,0,,,,,,0,0,,,,,,0
0020000348,164,3,12,2,11:47 AM,8:30,Moore Free Throw 2 of 2 (4 PTS),,,37 - 24,-13,4,1630,Mikki Moore,1610612765.0,Detroit,Pistons,DET,0,0,,,,,,0,0,,,,,,0
0020000348,165,6,1,2,11:47 AM,8:16,Cleaves P.FOUL (P1.T2),,,,,4,2043,Mateen Cleaves,1610612765.0,Detroit,Pistons,DET,0,0,,,,,,1,0,,,,,,0
0020000348,166,1,1,2,11:48 AM,8:08,,,Nash 26' 3PT Jump Shot (7 PTS),40 - 24,-16,5,959,Steve Nash,1610612742.0,Dallas,Mavericks,DAL,0,0,,,,,,0,0,,,,,,0
0020000348,167,6,1,2,11:48 AM,8:01,,,Davis P.FOUL (P1.PN),,,5,93,Hubert Davis,1610612742.0,Dallas,Mavericks,DAL,0,0,,,,,,1,0,,,,,,0
0020000348,168,3,11,2,11:48 AM,8:01,Stackhouse Free Throw 1 of 2 (7 PTS),,,40 - 25,-15,4,711,Jerry Stackhouse,1610612765.0,Detroit,Pistons,DET,0,0,,,,,,0,0,,,,,,0
0020000348,169,3,12,2,11:48 AM,8:01,Stackhouse Free Throw 2 of 2 (8 PTS),,,40 - 26,-14,4,711,Jerry Stackhouse,1610612765.0,Detroit,Pistons,DET,0,0,,,,,,0,0,,,,,,0
0020000348,170,2,1,2,11:49 AM,7:37,,,MISS Davis 25' 3PT Jump Shot,,,5,93,Hubert Davis,1610612742.0,Dallas,Mavericks,DAL,0,0,,,,,,0,0,,,,,,0
0020000348,171,4,0,2,11:49 AM,7:35,,,Vaught REBOUND (Off:1 Def:0),,,5,919,Loy Vaught,1610612742.0,Dallas,Mavericks,DAL,0,0,,,,,,0,0,,,,,,0
0020000348,172,5,2,2,11:49 AM,7:25,,,Nash Lost Ball Turnover (P2.T8),,,5,959,Steve Nash,1610612742.0,Dallas,Mavericks,DAL,0,0,,,,,,1,0,,,,,,0
0020000348,173,1,52,2,11:49 AM,7:17,Stackhouse  Alley Oop Dunk (10 PTS) (Cleaves 2 AST),,,40 - 28,-12,4,711,Jerry Stackhouse,1610612765.0,Detroit,Pistons,DET,4,2043,Mateen Cleaves,1610612765.0,Detroit,Pistons,DET,0,0,,,,,,0
0020000348,174,2,1,2,11:49 AM,6:58,,,MISS Finley 18' Jump Shot,,,5,714,Michael Finley,1610612742.0,Dallas,Mavericks,DAL,0,0,,,,,,0,0,,,,,,0
0020000348,175,4,0,2,11:49 AM,6:56,Wallace REBOUND (Off:1 Def:2),,,,,4,1112,Ben Wallace,1610612765.0,Detroit,Pistons,DET,0,0,,,,,,0,0,,,,,,0
0020000348,176,1,5,2,11:50 AM,6:49,Owens  Layup (2 PTS) (Stackhouse 2 AST),,,40 - 30,-10,4,182,Billy Owens,1610612765.0,Detroit,Pistons,DET,4,711,Jerry Stackhouse,1610612765.0,Detroit,Pistons,DET,0,0,,,,,,0
0020000348,177,9,1,2,11:50 AM,6:40,,,Mavericks Timeout: Regular (Reg.2 Short 0),,,3,1610612742,,,,,,0,0,,,,,,0,0,,,,,,0
0020000348,179,8,0,2,11:52 AM,6:40,,,SUB: Bradley FOR Vaught,,,5,919,Loy Vaught,1610612742.0,Dallas,Mavericks,DAL,5,762,Shawn Bradley,1610612742.0,Dallas,Mavericks,DAL,0,0,,,,,,0
0020000348,180,5,4,2,11:52 AM,6:31,,,Nowitzki Traveling Turnover (P1.T9),,,5,1717,Dirk Nowitzki,1610612742.0,Dallas,Mavericks,DAL,0,0,,,,,,1,0,,,,,,0
0020000348,181,2,1,2,11:53 AM,6:16,MISS Owens 14' Jump Shot,,,,,4,182,Billy Owens,1610612765.0,Detroit,Pistons,DET,0,0,,,,,,0,0,,,,,,0
0020000348,182,4,0,2,11:53 AM,6:14,,,Finley REBOUND (Off:0 Def:3),,,5,714,Michael Finley,1610612742.0,Dallas,Mavericks,DAL,0,0,,,,,,0,0,,,,,,0
0020000348,183,2,1,2,11:53 AM,6:01,,,MISS Finley 25' 3PT Jump Shot,,,5,714,Michael Finley,1610612742.0,Dallas,Mavericks,DAL,0,0,,,,,,0,0,,,,,,0
0020000348,184,4,0,2,11:53 AM,5:59,Wallace REBOUND (Off:1 Def:3),,,,,4,1112,Ben Wallace,1610612765.0,Detroit,Pistons,DET,0,0,,,,,,0,0,,,,,,0
0020000348,185,2,1,2,11:53 AM,5:50,MISS Wallace 19' Jump Shot,,,,,4,1112,Ben Wallace,1610612765.0,Detroit,Pistons,DET,0,0,,,,,,0,0,,,,,,0
0020000348,186,4,0,2,11:53 AM,5:48,Owens REBOUND (Off:1 Def:0),,,,,4,182,Billy Owens,1610612765.0,Detroit,Pistons,DET,0,0,,,,,,0,0,,,,,,0
0020000348,187,1,1,2,11:53 AM,5:45,Cleaves 16' Jump Shot (2 PTS) (Wallace 1 AST),,,40 - 32,-8,4,2043,Mateen Cleaves,1610612765.0,Detroit,Pistons,DET,4,1112,Ben Wallace,1610612765.0,Detroit,Pistons,DET,0,0,,,,,,0
0020000348,188,6,1,2,11:54 AM,5:25,Owens P.FOUL (P1.T3),,,,,4,182,Billy Owens,1610612765.0,Detroit,Pistons,DET,0,0,,,,,,1,0,,,,,,0
0020000348,189,2,1,2,11:54 AM,5:12,,,MISS Nash 25' 3PT Jump Shot,,,5,959,Steve Nash,1610612742.0,Dallas,Mavericks,DAL,0,0,,,,,,0,0,,,,,,0
0020000348,190,4,0,2,11:54 AM,5:10,Owens REBOUND (Off:1 Def:1),,,,,4,182,Billy Owens,1610612765.0,Detroit,Pistons,DET,0,0,,,,,,0,0,,,,,,0
0020000348,191,1,5,2,11:54 AM,5:02,Stackhouse  Layup (12 PTS) (Cleaves 3 AST),,,40 - 34,-6,4,711,Jerry Stackhouse,1610612765.0,Detroit,Pistons,DET,4,2043,Mateen Cleaves,1610612765.0,Detroit,Pistons,DET,0,0,,,,,,0
0020000348,194,6,1,2,11:55 AM,4:49,Cleaves P.FOUL (P2.T4),,,,,4,2043,Mateen Cleaves,1610612765.0,Detroit,Pistons,DET,0,0,,,,,,1,0,,,,,,0
0020000348,195,1,3,2,11:55 AM,4:36,,,Bradley 6' Hook Shot (4 PTS) (Finley 6 AST),42 - 34,-8,5,762,Shawn Bradley,1610612742.0,Dallas,Mavericks,DAL,5,714,Michael Finley,1610612742.0,Dallas,Mavericks,DAL,0,0,,,,,,0
0020000348,196,2,5,2,11:55 AM,4:30,MISS Stackhouse  Layup,,,,,4,711,Jerry Stackhouse,1610612765.0,Detroit,Pistons,DET,0,0,,,,,,0,0,,,,,,0
0020000348,197,4,0,2,11:55 AM,4:29,Moore REBOUND (Off:1 Def:1),,,,,4,1630,Mikki Moore,1610612765.0,Detroit,Pistons,DET,0,0,,,,,,0,0,,,,,,0
0020000348,198,2,1,2,11:55 AM,4:25,MISS Stackhouse 17' Jump Shot,,,,,4,711,Jerry Stackhouse,1610612765.0,Detroit,Pistons,DET,0,0,,,,,,0,0,,,,,,0
0020000348,199,4,0,2,11:55 AM,4:24,PISTONS Rebound,,,,,2,1610612765,,,,,,0,0,,,,,,0,0,,,,,,0
0020000348,200,6,1,2,11:55 AM,4:24,,,Finley P.FOUL (P3.PN),,,5,714,Michael Finley,1610612742.0,Dallas,Mavericks,DAL,0,0,,,,,,1,0,,,,,,0
0020000348,201,3,11,2,11:56 AM,4:24,Wallace Free Throw 1 of 2 (2 PTS),,,42 - 35,-7,4,1112,Ben Wallace,1610612765.0,Detroit,Pistons,DET,0,0,,,,,,0,0,,,,,,0
0020000348,202,8,0,2,11:56 AM,4:24,SUB: Smith FOR Moore,,,,,4,1630,Mikki Moore,1610612765.0,Detroit,Pistons,DET,4,693,Joe Smith,1610612765.0,Detroit,Pistons,DET,0,0,,,,,,0
0020000348,203,8,0,2,11:56 AM,4:24,,,SUB: Trent FOR Finley,,,5,714,Michael Finley,1610612742.0,Dallas,Mavericks,DAL,5,718,Gary Trent,1610612742.0,Dallas,Mavericks,DAL,0,0,,,,,,0
0020000348,204,3,12,2,11:56 AM,4:24,MISS Wallace Free Throw 2 of 2,,,,,4,1112,Ben Wallace,1610612765.0,Detroit,Pistons,DET,0,0,,,,,,0,0,,,,,,0
0020000348,205,4,0,2,11:56 AM,4:22,,,Bradley REBOUND (Off:0 Def:3),,,5,762,Shawn Bradley,1610612742.0,Dallas,Mavericks,DAL,0,0,,,,,,0,0,,,,,,0
0020000348,206,1,5,2,11:57 AM,4:06,,,Trent  Layup (2 PTS) (Nash 2 AST),44 - 35,-9,5,718,Gary Trent,1610612742.0,Dallas,Mavericks,DAL,5,959,Steve Nash,1610612742.0,Dallas,Mavericks,DAL,0,0,,,,,,0
0020000348,207,2,1,2,11:57 AM,3:48,MISS Owens 19' Jump Shot,,,,,4,182,Billy Owens,1610612765.0,Detroit,Pistons,DET,0,0,,,,,,0,0,,,,,,0
0020000348,208,4,0,2,11:57 AM,3:46,,,Davis REBOUND (Off:0 Def:1),,,5,93,Hubert Davis,1610612742.0,Dallas,Mavericks,DAL,0,0,,,,,,0,0,,,,,,0
0020000348,209,5,2,2,11:57 AM,3:41,Owens STEAL (1 STL),,Davis Lost Ball Turnover (P1.T10),,,5,93,Hubert Davis,1610612742.0,Dallas,Mavericks,DAL,4,182,Billy Owens,1610612765.0,Detroit,Pistons,DET,0,0,,,,,,0
0020000348,210,5,4,2,11:57 AM,3:37,Cleaves Traveling Turnover (P1.T8),,,,,4,2043,Mateen Cleaves,1610612765.0,Detroit,Pistons,DET,0,0,,,,,,1,0,,,,,,0
0020000348,211,8,0,2,11:57 AM,3:37,SUB: Atkins FOR Cleaves,,,,,4,2043,Mateen Cleaves,1610612765.0,Detroit,Pistons,DET,4,1088,Chucky Atkins,1610612765.0,Detroit,Pistons,DET,0,0,,,,,,0
0020000348,212,2,55,2,11:58 AM,3:17,Wallace BLOCK (3 BLK),,MISS Trent 7' Hook Shot,,,5,718,Gary Trent,1610612742.0,Dallas,Mavericks,DAL,0,0,,,,,,4,1112,Ben Wallace,1610612765.0,Detroit,Pistons,DET,0
0020000348,214,4,0,2,11:58 AM,3:15,,,Nowitzki REBOUND (Off:1 Def:2),,,5,1717,Dirk Nowitzki,1610612742.0,Dallas,Mavericks,DAL,0,0,,,,,,0,0,,,,,,0
0020000348,213,2,45,2,11:58 AM,3:14,,,MISS Nowitzki 25' 3PT Jump Shot,,,5,1717,Dirk Nowitzki,1610612742.0,Dallas,Mavericks,DAL,0,0,,,,,,0,0,,,,,,0
0020000348,215,4,0,2,11:58 AM,3:13,,,Mavericks Rebound,,,3,1610612742,,,,,,0,0,,,,,,0,0,,,,,,0
0020000348,216,5,11,2,11:58 AM,3:13,,,Mavericks Turnover: Shot Clock (T#11),,,3,1610612742,,,,,,0,0,,,,,,0,0,,,,,,0
0020000348,217,1,7,2,11:58 AM,3:00,Wallace  Dunk (4 PTS) (Owens 1 AST),,,44 - 37,-7,4,1112,Ben Wallace,1610612765.0,Detroit,Pistons,DET,4,182,Billy Owens,1610612765.0,Detroit,Pistons,DET,0,0,,,,,,0
0020000348,218,6,1,2,11:59 AM,2:48,Atkins P.FOUL (P1.PN),,,,,4,1088,Chucky Atkins,1610612765.0,Detroit,Pistons,DET,0,0,,,,,,1,0,,,,,,0
0020000348,219,9,1,2,11:59 AM,2:48,PISTONS Timeout: Regular (Full 2 Short 0),,,,,2,1610612765,,,,,,0,0,,,,,,0,0,,,,,,0
0020000348,220,8,0,2,12:01 PM,2:48,,,SUB: Eisley FOR Davis,,,5,93,Hubert Davis,1610612742.0,Dallas,Mavericks,DAL,5,458,Howard Eisley,1610612742.0,Dallas,Mavericks,DAL,0,0,,,,,,0
0020000348,221,3,11,2,12:01 PM,2:48,,,MISS Nash Free Throw 1 of 2,,,5,959,Steve Nash,1610612742.0,Dallas,Mavericks,DAL,0,0,,,,,,0,0,,,,,,0
0020000348,222,4,1,2,12:01 PM,2:48,,,Mavericks Rebound,,,3,1610612742,,,,,,0,0,,,,,,0,0,,,,,,0
0020000348,223,3,12,2,12:01 PM,2:48,,,Nash Free Throw 2 of 2 (8 PTS),45 - 37,-8,5,959,Steve Nash,1610612742.0,Dallas,Mavericks,DAL,0,0,,,,,,0,0,,,,,,0
0020000348,224,1,1,2,12:01 PM,2:38,Atkins 26' 3PT Jump Shot (9 PTS) (Stackhouse 3 AST),,,45 - 40,-5,4,1088,Chucky Atkins,1610612765.0,Detroit,Pistons,DET,4,711,Jerry Stackhouse,1610612765.0,Detroit,Pistons,DET,0,0,,,,,,0
0020000348,225,2,1,2,12:02 PM,2:13,,,MISS Eisley 13' Jump Shot,,,5,458,Howard Eisley,1610612742.0,Dallas,Mavericks,DAL,0,0,,,,,,0,0,,,,,,0
0020000348,226,4,0,2,12:02 PM,2:11,Smith REBOUND (Off:4 Def:2),,,,,4,693,Joe Smith,1610612765.0,Detroit,Pistons,DET,0,0,,,,,,0,0,,,,,,0
0020000348,227,1,1,2,12:02 PM,1:54,Atkins 11' Jump Shot (11 PTS),,,45 - 42,-3,4,1088,Chucky Atkins,1610612765.0,Detroit,Pistons,DET,0,0,,,,,,0,0,,,,,,0
0020000348,228,6,1,2,12:03 PM,1:34,Smith P.FOUL (P1.PN),,,,,4,693,Joe Smith,1610612765.0,Detroit,Pistons,DET,0,0,,,,,,1,0,,,,,,0
0020000348,229,3,11,2,12:03 PM,1:34,,,Bradley Free Throw 1 of 2 (5 PTS),46 - 42,-4,5,762,Shawn Bradley,1610612742.0,Dallas,Mavericks,DAL,0,0,,,,,,0,0,,,,,,0
0020000348,230,3,12,2,12:03 PM,1:34,,,Bradley Free Throw 2 of 2 (6 PTS),47 - 42,-5,5,762,Shawn Bradley,1610612742.0,Dallas,Mavericks,DAL,0,0,,,,,,0,0,,,,,,0
0020000348,231,2,1,2,12:03 PM,1:22,MISS Atkins 27' 3PT Jump Shot,,,,,4,1088,Chucky Atkins,1610612765.0,Detroit,Pistons,DET,0,0,,,,,,0,0,,,,,,0
0020000348,232,4,0,2,12:03 PM,1:20,Smith REBOUND (Off:5 Def:2),,,,,4,693,Joe Smith,1610612765.0,Detroit,Pistons,DET,0,0,,,,,,0,0,,,,,,0
0020000348,233,1,1,2,12:04 PM,1:08,Atkins 24' 3PT Jump Shot (14 PTS) (Stackhouse 4 AST),,,47 - 45,-2,4,1088,Chucky Atkins,1610612765.0,Detroit,Pistons,DET,4,711,Jerry Stackhouse,1610612765.0,Detroit,Pistons,DET,0,0,,,,,,0
0020000348,234,2,1,2,12:04 PM,0:47,,,MISS Nowitzki 26' 3PT Jump Shot,,,5,1717,Dirk Nowitzki,1610612742.0,Dallas,Mavericks,DAL,0,0,,,,,,0,0,,,,,,0
0020000348,235,4,0,2,12:04 PM,0:45,Atkins REBOUND (Off:0 Def:3),,,,,4,1088,Chucky Atkins,1610612765.0,Detroit,Pistons,DET,0,0,,,,,,0,0,,,,,,0
0020000348,236,8,0,2,12:04 PM,0:43,SUB: Barros FOR Stackhouse,,,,,4,711,Jerry Stackhouse,1610612765.0,Detroit,Pistons,DET,4,344,Dana Barros,1610612765.0,Detroit,Pistons,DET,0,0,,,,,,0
0020000348,237,2,7,2,12:04 PM,0:37,MISS Smith  Dunk,,,,,4,693,Joe Smith,1610612765.0,Detroit,Pistons,DET,0,0,,,,,,0,0,,,,,,0
0020000348,238,4,0,2,12:04 PM,0:35,,,Nowitzki REBOUND (Off:1 Def:3),,,5,1717,Dirk Nowitzki,1610612742.0,Dallas,Mavericks,DAL,0,0,,,,,,0,0,,,,,,0
0020000348,239,2,1,2,12:05 PM,0:20,,,MISS Nowitzki 26' 3PT Jump Shot,,,5,1717,Dirk Nowitzki,1610612742.0,Dallas,Mavericks,DAL,0,0,,,,,,0,0,,,,,,0
0020000348,240,4,0,2,12:05 PM,0:18,Atkins REBOUND (Off:0 Def:4),,,,,4,1088,Chucky Atkins,1610612765.0,Detroit,Pistons,DET,0,0,,,,,,0,0,,,,,,0
0020000348,241,2,40,2,12:05 PM,0:01,MISS Atkins  Layup,,,,,4,1088,Chucky Atkins,1610612765.0,Detroit,Pistons,DET,0,0,,,,,,0,0,,,,,,0
0020000348,242,4,0,2,12:05 PM,0:00,,,Bradley REBOUND (Off:0 Def:4),,,5,762,Shawn Bradley,1610612742.0,Dallas,Mavericks,DAL,0,0,,,,,,0,0,,,,,,0
0020000348,243,13,0,2,12:05 PM,0:00,,,,47 - 45,-2,0,0,,,,,,0,0,,,,,,0,0,,,,,,0
0020000348,245,12,0,3,12:21 PM,12:00,,,,47 - 45,-2,0,0,,,,,,0,0,,,,,,0,0,,,,,,0
0020000348,246,2,42,3,12:22 PM,11:45,Stackhouse BLOCK (1 BLK),,MISS Finley  Driving Layup,,,5,714,Michael Finley,1610612742.0,Dallas,Mavericks,DAL,0,0,,,,,,4,711,Jerry Stackhouse,1610612765.0,Detroit,Pistons,DET,0
0020000348,247,4,0,3,12:22 PM,11:45,,,Mavericks Rebound,,,3,1610612742,,,,,,0,0,,,,,,0,0,,,,,,0
0020000348,248,2,1,3,12:22 PM,11:36,,,MISS Eisley 25' 3PT Jump Shot,,,5,458,Howard Eisley,1610612742.0,Dallas,Mavericks,DAL,0,0,,,,,,0,0,,,,,,0
0020000348,249,4,0,3,12:22 PM,11:34,Smith REBOUND (Off:5 Def:3),,,,,4,693,Joe Smith,1610612765.0,Detroit,Pistons,DET,0,0,,,,,,0,0,,,,,,0
0020000348,250,2,1,3,12:22 PM,11:26,MISS Smith 18' Jump Shot,,,,,4,693,Joe Smith,1610612765.0,Detroit,Pistons,DET,0,0,,,,,,0,0,,,,,,0
0020000348,251,4,0,3,12:22 PM,11:24,,,Bradley REBOUND (Off:0 Def:5),,,5,762,Shawn Bradley,1610612742.0,Dallas,Mavericks,DAL,0,0,,,,,,0,0,,,,,,0
0020000348,252,5,1,3,12:22 PM,11:12,,,Nash Bad Pass Turnover (P3.T12),,,5,959,Steve Nash,1610612742.0,Dallas,Mavericks,DAL,0,0,,,,,,1,0,,,,,,0
0020000348,253,2,1,3,12:23 PM,10:51,MISS Atkins 18' Jump Shot,,,,,4,1088,Chucky Atkins,1610612765.0,Detroit,Pistons,DET,0,0,,,,,,0,0,,,,,,0
0020000348,254,4,0,3,12:23 PM,10:49,Smith REBOUND (Off:6 Def:3),,,,,4,693,Joe Smith,1610612765.0,Detroit,Pistons,DET,0,0,,,,,,0,0,,,,,,0
0020000348,255,1,7,3,12:23 PM,10:45,Smith  Dunk (9 PTS),,,47 - 47,TIE,4,693,Joe Smith,1610612765.0,Detroit,Pistons,DET,0,0,,,,,,0,0,,,,,,0
0020000348,256,6,1,3,12:23 PM,10:26,Atkins P.FOUL (P2.T1),,,,,4,1088,Chucky Atkins,1610612765.0,Detroit,Pistons,DET,0,0,,,,,,1,0,,,,,,0
0020000348,257,5,2,3,12:24 PM,10:16,Stackhouse STEAL (1 STL),,Bradley Lost Ball Turnover (P1.T13),,,5,762,Shawn Bradley,1610612742.0,Dallas,Mavericks,DAL,4,711,Jerry Stackhouse,1610612765.0,Detroit,Pistons,DET,0,0,,,,,,0
0020000348,258,1,5,3,12:24 PM,10:11,Smith  Layup (11 PTS) (Stackhouse 5 AST),,,47 - 49,2,4,693,Joe Smith,1610612765.0,Detroit,Pistons,DET,4,711,Jerry Stackhouse,1610612765.0,Detroit,Pistons,DET,0,0,,,,,,0
0020000348,259,6,2,3,12:24 PM,10:11,,,Finley S.FOUL (P4.T1),,,5,714,Michael Finley,1610612742.0,Dallas,Mavericks,DAL,0,0,,,,,,1,0,,,,,,0
0020000348,260,3,10,3,12:24 PM,10:11,Smith Free Throw 1 of 1 (12 PTS),,,47 - 50,3,4,693,Joe Smith,1610612765.0,Detroit,Pistons,DET,0,0,,,,,,0,0,,,,,,0
0020000348,261,2,46,3,12:25 PM,9:57,,,MISS Nash 7' Running Jump Shot,,,5,959,Steve Nash,1610612742.0,Dallas,Mavericks,DAL,0,0,,,,,,0,0,,,,,,0
0020000348,262,4,0,3,12:25 PM,9:55,Stackhouse REBOUND (Off:1 Def:2),,,,,4,711,Jerry Stackhouse,1610612765.0,Detroit,Pistons,DET,0,0,,,,,,0,0,,,,,,0
0020000348,263,5,1,3,12:25 PM,9:42,Atkins Bad Pass Turnover (P2.T9),,,,,4,1088,Chucky Atkins,1610612765.0,Detroit,Pistons,DET,0,0,,,,,,1,0,,,,,,0
0020000348,264,6,1,3,12:25 PM,9:29,Curry P.FOUL (P2.T2),,,,,4,688,Michael Curry,1610612765.0,Detroit,Pistons,DET,0,0,,,,,,1,0,,,,,,0
0020000348,265,2,1,3,12:25 PM,9:22,,,MISS Nowitzki 13' Jump Shot,,,5,1717,Dirk Nowitzki,1610612742.0,Dallas,Mavericks,DAL,0,0,,,,,,0,0,,,,,,0
0020000348,266,4,0,3,12:25 PM,9:20,Wallace REBOUND (Off:1 Def:4),,,,,4,1112,Ben Wallace,1610612765.0,Detroit,Pistons,DET,0,0,,,,,,0,0,,,,,,0
0020000348,267,2,1,3,12:26 PM,9:02,MISS Curry 16' Jump Shot,,,,,4,688,Michael Curry,1610612765.0,Detroit,Pistons,DET,0,0,,,,,,0,0,,,,,,0
0020000348,268,4,0,3,12:26 PM,9:01,,,Bradley REBOUND (Off:0 Def:6),,,5,762,Shawn Bradley,1610612742.0,Dallas,Mavericks,DAL,0,0,,,,,,0,0,,,,,,0
0020000348,269,2,1,3,12:26 PM,8:43,,,MISS Bradley 14' Jump Shot,,,5,762,Shawn Bradley,1610612742.0,Dallas,Mavericks,DAL,0,0,,,,,,0,0,,,,,,0
0020000348,270,4,0,3,12:26 PM,8:41,Smith REBOUND (Off:6 Def:4),,,,,4,693,Joe Smith,1610612765.0,Detroit,Pistons,DET,0,0,,,,,,0,0,,,,,,0
0020000348,271,9,2,3,12:27 PM,8:22,PISTONS Timeout: Short (Full 2 Short 1),,,,,2,1610612765,,,,,,0,0,,,,,,0,0,,,,,,0
0020000348,272,1,1,3,12:27 PM,8:19,Stackhouse 24' 3PT Jump Shot (15 PTS) (Curry 2 AST),,,47 - 53,6,4,711,Jerry Stackhouse,1610612765.0,Detroit,Pistons,DET,4,688,Michael Curry,1610612765.0,Detroit,Pistons,DET,0,0,,,,,,0
0020000348,273,1,42,3,12:28 PM,8:03,,,Eisley  Driving Layup (8 PTS),49 - 53,4,5,458,Howard Eisley,1610612742.0,Dallas,Mavericks,DAL,0,0,,,,,,0,0,,,,,,0
0020000348,274,2,1,3,12:28 PM,7:53,MISS Stackhouse 19' Jump Shot,,,,,4,711,Jerry Stackhouse,1610612765.0,Detroit,Pistons,DET,0,0,,,,,,0,0,,,,,,0
0020000348,275,4,0,3,12:28 PM,7:51,,,Mavericks Rebound,,,3,1610612742,,,,,,0,0,,,,,,0,0,,,,,,0
0020000348,276,7,2,3,12:28 PM,7:30,PISTONS Violation: Def. Goaltending Violation,,,,,2,1610612765,,,,,,0,0,,,,,,1,0,,,,,,0
0020000348,277,6,1,3,12:29 PM,7:24,Curry P.FOUL (P3.T3),,,,,4,688,Michael Curry,1610612765.0,Detroit,Pistons,DET,0,0,,,,,,1,0,,,,,,0
0020000348,278,2,1,3,12:29 PM,7:15,,,MISS Eisley 16' Jump Shot,,,5,458,Howard Eisley,1610612742.0,Dallas,Mavericks,DAL,0,0,,,,,,0,0,,,,,,0
0020000348,279,4,0,3,12:29 PM,7:13,Curry REBOUND (Off:0 Def:1),,,,,4,688,Michael Curry,1610612765.0,Detroit,Pistons,DET,0,0,,,,,,0,0,,,,,,0
0020000348,280,1,1,3,12:30 PM,6:54,Stackhouse 26' 3PT Jump Shot (18 PTS),,,49 - 56,7,4,711,Jerry Stackhouse,1610612765.0,Detroit,Pistons,DET,0,0,,,,,,0,0,,,,,,0
0020000348,281,1,42,3,12:30 PM,6:37,,,Nowitzki  Driving Layup (13 PTS) (Nash 3 AST),51 - 56,5,5,1717,Dirk Nowitzki,1610612742.0,Dallas,Mavericks,DAL,5,959,Steve Nash,1610612742.0,Dallas,Mavericks,DAL,0,0,,,,,,0
0020000348,282,2,1,3,12:30 PM,6:27,MISS Stackhouse 19' Jump Shot,,,,,4,711,Jerry Stackhouse,1610612765.0,Detroit,Pistons,DET,0,0,,,,,,0,0,,,,,,0
0020000348,283,4,0,3,12:30 PM,6:25,,,Mavericks Rebound,,,3,1610612742,,,,,,0,0,,,,,,0,0,,,,,,0
0020000348,284,6,1,3,12:30 PM,6:25,Smith P.FOUL (P2.T4),,,,,4,693,Joe Smith,1610612765.0,Detroit,Pistons,DET,0,0,,,,,,1,0,,,,,,0
0020000348,285,1,1,3,12:31 PM,6:12,,,Nowitzki 25' 3PT Jump Shot (16 PTS) (Finley 7 AST),54 - 56,2,5,1717,Dirk Nowitzki,1610612742.0,Dallas,Mavericks,DAL,5,714,Michael Finley,1610612742.0,Dallas,Mavericks,DAL,0,0,,,,,,0
0020000348,286,1,1,3,12:31 PM,5:52,Smith 17' Jump Shot (14 PTS) (Curry 3 AST),,,54 - 58,4,4,693,Joe Smith,1610612765.0,Detroit,Pistons,DET,4,688,Michael Curry,1610612765.0,Detroit,Pistons,DET,0,0,,,,,,0
0020000348,287,6,10,3,12:32 PM,5:39,,,,,,4,688,Michael Curry,1610612765.0,Detroit,Pistons,DET,5,1717,Dirk Nowitzki,1610612742.0,Dallas,Mavericks,DAL,1,0,,,,,,0
0020000348,289,9,1,3,12:32 PM,5:39,PISTONS Timeout: Regular (Full 3 Short 1),,,,,2,1610612765,,,,,,0,0,,,,,,0,0,,,,,,0
0020000348,291,8,0,3,12:33 PM,5:39,SUB: Barros FOR Curry,,,,,4,688,Michael Curry,1610612765.0,Detroit,Pistons,DET,4,344,Dana Barros,1610612765.0,Detroit,Pistons,DET,0,0,,,,,,0
0020000348,293,8,0,3,12:34 PM,5:38,,,SUB: Davis FOR Nash,,,5,959,Steve Nash,1610612742.0,Dallas,Mavericks,DAL,5,93,Hubert Davis,1610612742.0,Dallas,Mavericks,DAL,0,0,,,,,,0
0020000348,294,2,46,3,12:34 PM,5:26,,,MISS Davis 10' Running Jump Shot,,,5,93,Hubert Davis,1610612742.0,Dallas,Mavericks,DAL,0,0,,,,,,0,0,,,,,,0
0020000348,296,4,0,3,12:34 PM,5:24,Smith REBOUND (Off:6 Def:5),,,,,4,693,Joe Smith,1610612765.0,Detroit,Pistons,DET,0,0,,,,,,0,0,,,,,,0
0020000348,298,6,1,3,12:35 PM,5:11,,,Eisley P.FOUL (P2.T2),,,5,458,Howard Eisley,1610612742.0,Dallas,Mavericks,DAL,0,0,,,,,,1,0,,,,,,0
0020000348,300,2,1,3,12:35 PM,5:02,MISS Smith 16' Jump Shot,,,,,4,693,Joe Smith,1610612765.0,Detroit,Pistons,DET,0,0,,,,,,0,0,,,,,,0
0020000348,301,4,0,3,12:35 PM,5:00,Smith REBOUND (Off:7 Def:5),,,,,4,693,Joe Smith,1610612765.0,Detroit,Pistons,DET,0,0,,,,,,0,0,,,,,,0
0020000348,302,5,13,3,12:35 PM,4:57,Smith Backcourt Turnover (P1.T10),,,,,4,693,Joe Smith,1610612765.0,Detroit,Pistons,DET,0,0,,,,,,1,0,,,,,,0
0020000348,304,1,1,3,12:36 PM,4:39,,,Finley 18' Jump Shot (6 PTS),56 - 58,2,5,714,Michael Finley,1610612742.0,Dallas,Mavericks,DAL,0,0,,,,,,0,0,,,,,,0
0020000348,305,6,2,3,12:36 PM,4:26,,,Nowitzki S.FOUL (P3.T3),,,5,1717,Dirk Nowitzki,1610612742.0,Dallas,Mavericks,DAL,0,0,,,,,,1,0,,,,,,0
0020000348,308,8,0,3,12:38 PM,4:26,SUB: Cleaves FOR Atkins,,,,,4,1088,Chucky Atkins,1610612765.0,Detroit,Pistons,DET,4,2043,Mateen Cleaves,1610612765.0,Detroit,Pistons,DET,0,0,,,,,,0
0020000348,309,3,11,3,12:38 PM,4:26,MISS Wallace Free Throw 1 of 2,,,,,4,1112,Ben Wallace,1610612765.0,Detroit,Pistons,DET,0,0,,,,,,0,0,,,,,,0
0020000348,311,4,0,3,12:39 PM,4:26,PISTONS Rebound,,,,,2,1610612765,,,,,,0,0,,,,,,0,0,,,,,,0
0020000348,310,3,12,3,12:39 PM,4:26,MISS Wallace Free Throw 2 of 2,,,,,4,1112,Ben Wallace,1610612765.0,Detroit,Pistons,DET,0,0,,,,,,0,0,,,,,,0
0020000348,312,4,0,3,12:39 PM,4:25,,,Bradley REBOUND (Off:0 Def:7),,,5,762,Shawn Bradley,1610612742.0,Dallas,Mavericks,DAL,0,0,,,,,,0,0,,,,,,0
0020000348,313,2,1,3,12:39 PM,4:08,,,MISS Finley 14' Jump Shot,,,5,714,Michael Finley,1610612742.0,Dallas,Mavericks,DAL,0,0,,,,,,0,0,,,,,,0
0020000348,314,4,0,3,12:39 PM,4:06,Wallace REBOUND (Off:1 Def:5),,,,,4,1112,Ben Wallace,1610612765.0,Detroit,Pistons,DET,0,0,,,,,,0,0,,,,,,0
0020000348,315,2,1,3,12:39 PM,3:56,MISS Smith 13' Jump Shot,,,,,4,693,Joe Smith,1610612765.0,Detroit,Pistons,DET,0,0,,,,,,0,0,,,,,,0
0020000348,316,4,0,3,12:39 PM,3:55,,,Eisley REBOUND (Off:0 Def:2),,,5,458,Howard Eisley,1610612742.0,Dallas,Mavericks,DAL,0,0,,,,,,0,0,,,,,,0
0020000348,317,2,1,3,12:39 PM,3:50,,,MISS Nowitzki 26' 3PT Jump Shot,,,5,1717,Dirk Nowitzki,1610612742.0,Dallas,Mavericks,DAL,0,0,,,,,,0,0,,,,,,0
0020000348,318,4,0,3,12:39 PM,3:48,Stackhouse REBOUND (Off:1 Def:3),,,,,4,711,Jerry Stackhouse,1610612765.0,Detroit,Pistons,DET,0,0,,,,,,0,0,,,,,,0
0020000348,319,1,44,3,12:40 PM,3:42,Cleaves  Reverse Layup (4 PTS) (Stackhouse 6 AST),,,56 - 60,4,4,2043,Mateen Cleaves,1610612765.0,Detroit,Pistons,DET,4,711,Jerry Stackhouse,1610612765.0,Detroit,Pistons,DET,0,0,,,,,,0
0020000348,320,6,1,3,12:40 PM,3:30,Cleaves P.FOUL (P3.PN),,,,,4,2043,Mateen Cleaves,1610612765.0,Detroit,Pistons,DET,0,0,,,,,,1,0,,,,,,0
0020000348,321,3,11,3,12:40 PM,3:30,,,Finley Free Throw 1 of 2 (7 PTS),57 - 60,3,5,714,Michael Finley,1610612742.0,Dallas,Mavericks,DAL,0,0,,,,,,0,0,,,,,,0
0020000348,322,8,0,3,12:40 PM,3:30,SUB: Moore FOR Smith,,,,,4,693,Joe Smith,1610612765.0,Detroit,Pistons,DET,4,1630,Mikki Moore,1610612765.0,Detroit,Pistons,DET,0,0,,,,,,0
0020000348,323,8,0,3,12:40 PM,3:30,,,SUB: Nash FOR Eisley,,,5,458,Howard Eisley,1610612742.0,Dallas,Mavericks,DAL,5,959,Steve Nash,1610612742.0,Dallas,Mavericks,DAL,0,0,,,,,,0
0020000348,324,3,12,3,12:40 PM,3:30,,,Finley Free Throw 2 of 2 (8 PTS),58 - 60,2,5,714,Michael Finley,1610612742.0,Dallas,Mavericks,DAL,0,0,,,,,,0,0,,,,,,0
0020000348,326,2,1,3,12:41 PM,3:17,MISS Cleaves 16' Jump Shot,,,,,4,2043,Mateen Cleaves,1610612765.0,Detroit,Pistons,DET,0,0,,,,,,0,0,,,,,,0
0020000348,327,4,0,3,12:41 PM,3:15,,,Bradley REBOUND (Off:0 Def:8),,,5,762,Shawn Bradley,1610612742.0,Dallas,Mavericks,DAL,0,0,,,,,,0,0,,,,,,0
0020000348,328,1,5,3,12:41 PM,3:11,,,Nowitzki  Layup (18 PTS) (Nash 4 AST),60 - 60,TIE,5,1717,Dirk Nowitzki,1610612742.0,Dallas,Mavericks,DAL,5,959,Steve Nash,1610612742.0,Dallas,Mavericks,DAL,0,0,,,,,,0
0020000348,329,2,1,3,12:41 PM,3:02,MISS Cleaves 15' Jump Shot,,,,,4,2043,Mateen Cleaves,1610612765.0,Detroit,Pistons,DET,0,0,,,,,,0,0,,,,,,0
0020000348,330,4,0,3,12:41 PM,3:01,,,Mavericks Rebound,,,3,1610612742,,,,,,0,0,,,,,,0,0,,,,,,0
0020000348,331,6,1,3,12:41 PM,3:01,Moore P.FOUL (P1.PN),,,,,4,1630,Mikki Moore,1610612765.0,Detroit,Pistons,DET,0,0,,,,,,1,0,,,,,,0
0020000348,332,8,0,3,12:41 PM,3:01,,,SUB: Alexander FOR Finley,,,5,714,Michael Finley,1610612742.0,Dallas,Mavericks,DAL,5,2042,Courtney Alexander,1610612742.0,Dallas,Mavericks,DAL,0,0,,,,,,0
0020000348,333,3,11,3,12:42 PM,3:01,,,Bradley Free Throw 1 of 2 (7 PTS),61 - 60,-1,5,762,Shawn Bradley,1610612742.0,Dallas,Mavericks,DAL,0,0,,,,,,0,0,,,,,,0
0020000348,334,3,12,3,12:42 PM,3:01,,,Bradley Free Throw 2 of 2 (8 PTS),62 - 60,-2,5,762,Shawn Bradley,1610612742.0,Dallas,Mavericks,DAL,0,0,,,,,,0,0,,,,,,0
0020000348,335,1,1,3,12:42 PM,2:52,Barros 25' 3PT Jump Shot (3 PTS),,,62 - 63,1,4,344,Dana Barros,1610612765.0,Detroit,Pistons,DET,0,0,,,,,,0,0,,,,,,0
0020000348,336,1,1,3,12:42 PM,2:36,,,Nowitzki 16' Jump Shot (20 PTS) (Nash 5 AST),64 - 63,-1,5,1717,Dirk Nowitzki,1610612742.0,Dallas,Mavericks,DAL,5,959,Steve Nash,1610612742.0,Dallas,Mavericks,DAL,0,0,,,,,,0
0020000348,337,2,1,3,12:43 PM,2:25,MISS Stackhouse 26' 3PT Jump Shot,,,,,4,711,Jerry Stackhouse,1610612765.0,Detroit,Pistons,DET,0,0,,,,,,0,0,,,,,,0
0020000348,338,4,0,3,12:43 PM,2:23,,,Alexander REBOUND (Off:0 Def:1),,,5,2042,Courtney Alexander,1610612742.0,Dallas,Mavericks,DAL,0,0,,,,,,0,0,,,,,,0
0020000348,339,2,1,3,12:43 PM,2:06,,,MISS Nowitzki 18' Jump Shot,,,5,1717,Dirk Nowitzki,1610612742.0,Dallas,Mavericks,DAL,0,0,,,,,,0,0,,,,,,0
0020000348,340,4,0,3,12:43 PM,2:04,Stackhouse REBOUND (Off:1 Def:4),,,,,4,711,Jerry Stackhouse,1610612765.0,Detroit,Pistons,DET,0,0,,,,,,0,0,,,,,,0
0020000348,341,6,3,3,12:43 PM,2:04,,,Alexander L.B.FOUL (P4.T4),,,5,2042,Courtney Alexander,1610612742.0,Dallas,Mavericks,DAL,0,0,,,,,,1,0,,,,,,0
0020000348,342,9,1,3,12:43 PM,2:04,,,Mavericks Timeout: Regular (Reg.3 Short 0),,,3,1610612742,,,,,,0,0,,,,,,0,0,,,,,,0
0020000348,344,2,1,3,12:46 PM,1:45,MISS Cleaves 17' Jump Shot,,,,,4,2043,Mateen Cleaves,1610612765.0,Detroit,Pistons,DET,0,0,,,,,,0,0,,,,,,0
0020000348,345,4,0,3,12:46 PM,1:43,,,Nowitzki REBOUND (Off:1 Def:4),,,5,1717,Dirk Nowitzki,1610612742.0,Dallas,Mavericks,DAL,0,0,,,,,,0,0,,,,,,0
0020000348,346,2,1,3,12:46 PM,1:32,,,MISS Alexander 16' Jump Shot,,,5,2042,Courtney Alexander,1610612742.0,Dallas,Mavericks,DAL,0,0,,,,,,0,0,,,,,,0
0020000348,347,4,0,3,12:46 PM,1:30,Wallace REBOUND (Off:1 Def:6),,,,,4,1112,Ben Wallace,1610612765.0,Detroit,Pistons,DET,0,0,,,,,,0,0,,,,,,0
0020000348,348,5,2,3,12:46 PM,1:25,Barros Lost Ball Turnover (P3.T11),,,,,4,344,Dana Barros,1610612765.0,Detroit,Pistons,DET,0,0,,,,,,1,0,,,,,,0
0020000348,349,1,1,3,12:46 PM,1:07,,,Alexander 15' Jump Shot (2 PTS) (Nash 6 AST),66 - 63,-3,5,2042,Courtney Alexander,1610612742.0,Dallas,Mavericks,DAL,5,959,Steve Nash,1610612742.0,Dallas,Mavericks,DAL,0,0,,,,,,0
0020000348,350,2,1,3,12:47 PM,0:43,MISS Cleaves 13' Jump Shot,,,,,4,2043,Mateen Cleaves,1610612765.0,Detroit,Pistons,DET,0,0,,,,,,0,0,,,,,,0
0020000348,351,4,0,3,12:47 PM,0:41,,,Davis REBOUND (Off:0 Def:2),,,5,93,Hubert Davis,1610612742.0,Dallas,Mavericks,DAL,0,0,,,,,,0,0,,,,,,0
0020000348,352,6,4,3,12:47 PM,0:35,,,Davis OFF.Foul (P2),,,5,93,Hubert Davis,1610612742.0,Dallas,Mavericks,DAL,0,0,,,,,,1,0,,,,,,0
0020000348,353,5,5,3,12:47 PM,0:35,,,Davis Foul Turnover (P2.T14),,,5,93,Hubert Davis,1610612742.0,Dallas,Mavericks,DAL,0,0,,,,,,0,0,,,,,,0
0020000348,354,8,0,3,12:47 PM,0:35,SUB: Atkins FOR Cleaves,,,,,4,2043,Mateen Cleaves,1610612765.0,Detroit,Pistons,DET,4,1088,Chucky Atkins,1610612765.0,Detroit,Pistons,DET,0,0,,,,,,0
0020000348,355,2,1,3,12:47 PM,0:28,MISS Barros 15' Jump Shot,,,,,4,344,Dana Barros,1610612765.0,Detroit,Pistons,DET,0,0,,,,,,0,0,,,,,,0
0020000348,356,4,0,3,12:47 PM,0:24,PISTONS Rebound,,,,,2,1610612765,,,,,,0,0,,,,,,0,0,,,,,,0
0020000348,357,8,0,3,12:48 PM,0:24,SUB: Smith FOR Wallace,,,,,4,1112,Ben Wallace,1610612765.0,Detroit,Pistons,DET,4,693,Joe Smith,1610612765.0,Detroit,Pistons,DET,0,0,,,,,,0
0020000348,358,6,1,3,12:48 PM,0:09,,,Davis P.FOUL (P3.PN),,,5,93,Hubert Davis,1610612742.0,Dallas,Mavericks,DAL,0,0,,,,,,1,0,,,,,,0
0020000348,359,8,0,3,12:48 PM,0:09,,,SUB: Trent FOR Nowitzki,,,5,1717,Dirk Nowitzki,1610612742.0,Dallas,Mavericks,DAL,5,718,Gary Trent,1610612742.0,Dallas,Mavericks,DAL,0,0,,,,,,0
0020000348,360,3,11,3,12:49 PM,0:09,Stackhouse Free Throw 1 of 2 (19 PTS),,,66 - 64,-2,4,711,Jerry Stackhouse,1610612765.0,Detroit,Pistons,DET,0,0,,,,,,0,0,,,,,,0
0020000348,361,8,0,3,12:49 PM,0:09,SUB: Cardinal FOR Smith,,,,,4,693,Joe Smith,1610612765.0,Detroit,Pistons,DET,4,2073,Brian Cardinal,1610612765.0,Detroit,Pistons,DET,0,0,,,,,,0
0020000348,363,8,0,3,12:49 PM,0:09,,,SUB: Finley FOR Bradley,,,5,762,Shawn Bradley,1610612742.0,Dallas,Mavericks,DAL,5,714,Michael Finley,1610612742.0,Dallas,Mavericks,DAL,0,0,,,,,,0
0020000348,364,3,12,3,12:49 PM,0:09,Stackhouse Free Throw 2 of 2 (20 PTS),,,66 - 65,-1,4,711,Jerry Stackhouse,1610612765.0,Detroit,Pistons,DET,0,0,,,,,,0,0,,,,,,0
0020000348,365,2,1,3,12:49 PM,0:01,,,MISS Finley 14' Jump Shot,,,5,714,Michael Finley,1610612742.0,Dallas,Mavericks,DAL,0,0,,,,,,0,0,,,,,,0
0020000348,366,4,0,3,12:49 PM,0:00,Moore REBOUND (Off:1 Def:2),,,,,4,1630,Mikki Moore,1610612765.0,Detroit,Pistons,DET,0,0,,,,,,0,0,,,,,,0
0020000348,367,13,0,3,12:50 PM,0:00,,,,66 - 65,-1,0,0,,,,,,0,0,,,,,,0,0,,,,,,0
0020000348,369,12,0,4,12:52 PM,12:00,,,,66 - 65,-1,0,0,,,,,,0,0,,,,,,0,0,,,,,,0
0020000348,370,6,2,4,12:52 PM,11:48,,,Trent S.FOUL (P1.T1),,,5,718,Gary Trent,1610612742.0,Dallas,Mavericks,DAL,0,0,,,,,,1,0,,,,,,0
0020000348,371,3,11,4,12:52 PM,11:48,MISS Cardinal Free Throw 1 of 2,,,,,4,2073,Brian Cardinal,1610612765.0,Detroit,Pistons,DET,0,0,,,,,,0,0,,,,,,0
0020000348,372,4,1,4,12:52 PM,11:48,PISTONS Rebound,,,,,2,1610612765,,,,,,0,0,,,,,,0,0,,,,,,0
0020000348,373,3,12,4,12:53 PM,11:48,MISS Cardinal Free Throw 2 of 2,,,,,4,2073,Brian Cardinal,1610612765.0,Detroit,Pistons,DET,0,0,,,,,,0,0,,,,,,0
0020000348,374,4,0,4,12:53 PM,11:47,,,Alexander REBOUND (Off:0 Def:2),,,5,2042,Courtney Alexander,1610612742.0,Dallas,Mavericks,DAL,0,0,,,,,,0,0,,,,,,0
0020000348,375,1,42,4,12:53 PM,11:31,,,Alexander  Driving Layup (4 PTS),68 - 65,-3,5,2042,Courtney Alexander,1610612742.0,Dallas,Mavericks,DAL,0,0,,,,,,0,0,,,,,,0
0020000348,376,2,40,4,12:53 PM,11:19,MISS Stackhouse  Layup,,,,,4,711,Jerry Stackhouse,1610612765.0,Detroit,Pistons,DET,0,0,,,,,,0,0,,,,,,0
0020000348,377,4,0,4,12:53 PM,11:17,Moore REBOUND (Off:2 Def:2),,,,,4,1630,Mikki Moore,1610612765.0,Detroit,Pistons,DET,0,0,,,,,,0,0,,,,,,0
0020000348,378,1,4,4,12:53 PM,11:15,Moore  Tip Shot (6 PTS),,,68 - 67,-1,4,1630,Mikki Moore,1610612765.0,Detroit,Pistons,DET,0,0,,,,,,0,0,,,,,,0
0020000348,379,2,1,4,12:53 PM,11:00,,,MISS Davis 26' 3PT Jump Shot,,,5,93,Hubert Davis,1610612742.0,Dallas,Mavericks,DAL,0,0,,,,,,0,0,,,,,,0
0020000348,380,4,0,4,12:54 PM,10:58,Cardinal REBOUND (Off:1 Def:1),,,,,4,2073,Brian Cardinal,1610612765.0,Detroit,Pistons,DET,0,0,,,,,,0,0,,,,,,0
0020000348,381,2,5,4,12:54 PM,10:55,MISS Barros  Layup,,,,,4,344,Dana Barros,1610612765.0,Detroit,Pistons,DET,0,0,,,,,,0,0,,,,,,0
0020000348,382,4,0,4,12:54 PM,10:53,,,Trent REBOUND (Off:0 Def:1),,,5,718,Gary Trent,1610612742.0,Dallas,Mavericks,DAL,0,0,,,,,,0,0,,,,,,0
0020000348,383,1,5,4,12:54 PM,10:48,,,Finley  Layup (10 PTS) (Alexander 2 AST),70 - 67,-3,5,714,Michael Finley,1610612742.0,Dallas,Mavericks,DAL,5,2042,Courtney Alexander,1610612742.0,Dallas,Mavericks,DAL,0,0,,,,,,0
0020000348,384,6,2,4,12:54 PM,10:48,Cardinal S.FOUL (P4.T1),,,,,4,2073,Brian Cardinal,1610612765.0,Detroit,Pistons,DET,0,0,,,,,,1,0,,,,,,0
0020000348,385,3,10,4,12:54 PM,10:48,,,Finley Free Throw 1 of 1 (11 PTS),71 - 67,-4,5,714,Michael Finley,1610612742.0,Dallas,Mavericks,DAL,0,0,,,,,,0,0,,,,,,0
0020000348,386,1,1,4,12:54 PM,10:31,Atkins 26' 3PT Jump Shot (17 PTS) (Moore 1 AST),,,71 - 70,-1,4,1088,Chucky Atkins,1610612765.0,Detroit,Pistons,DET,4,1630,Mikki Moore,1610612765.0,Detroit,Pistons,DET,0,0,,,,,,0
0020000348,387,6,4,4,12:55 PM,10:17,,,Trent OFF.Foul (P2),,,5,718,Gary Trent,1610612742.0,Dallas,Mavericks,DAL,0,0,,,,,,1,0,,,,,,0
0020000348,388,5,5,4,12:55 PM,10:17,,,Trent Foul Turnover (P1.T15),,,5,718,Gary Trent,1610612742.0,Dallas,Mavericks,DAL,0,0,,,,,,0,0,,,,,,0
0020000348,389,8,0,4,12:55 PM,10:17,SUB: Curry FOR Cardinal,,,,,4,2073,Brian Cardinal,1610612765.0,Detroit,Pistons,DET,4,688,Michael Curry,1610612765.0,Detroit,Pistons,DET,0,0,,,,,,0
0020000348,390,2,1,4,12:55 PM,10:00,MISS Atkins 26' 3PT Jump Shot,,,,,4,1088,Chucky Atkins,1610612765.0,Detroit,Pistons,DET,0,0,,,,,,0,0,,,,,,0
0020000348,391,4,0,4,12:55 PM,9:58,,,Finley REBOUND (Off:0 Def:4),,,5,714,Michael Finley,1610612742.0,Dallas,Mavericks,DAL,0,0,,,,,,0,0,,,,,,0
0020000348,392,6,1,4,12:55 PM,9:49,Barros P.FOUL (P1.T2),,,,,4,344,Dana Barros,1610612765.0,Detroit,Pistons,DET,0,0,,,,,,1,0,,,,,,0
0020000348,393,1,1,4,12:56 PM,9:36,,,Trent 12' Jump Shot (4 PTS),73 - 70,-3,5,718,Gary Trent,1610612742.0,Dallas,Mavericks,DAL,0,0,,,,,,0,0,,,,,,0
0020000348,394,6,2,4,12:56 PM,9:18,,,Trent S.FOUL (P3.T2),,,5,718,Gary Trent,1610612742.0,Dallas,Mavericks,DAL,0,0,,,,,,1,0,,,,,,0
0020000348,395,3,11,4,12:56 PM,9:18,Moore Free Throw 1 of 2 (7 PTS),,,73 - 71,-2,4,1630,Mikki Moore,1610612765.0,Detroit,Pistons,DET,0,0,,,,,,0,0,,,,,,0
0020000348,396,3,12,4,12:57 PM,9:18,Moore Free Throw 2 of 2 (8 PTS),,,73 - 72,-1,4,1630,Mikki Moore,1610612765.0,Detroit,Pistons,DET,0,0,,,,,,0,0,,,,,,0
0020000348,397,5,1,4,12:57 PM,9:09,Stackhouse STEAL (2 STL),,Nash Bad Pass Turnover (P4.T16),,,5,959,Steve Nash,1610612742.0,Dallas,Mavericks,DAL,4,711,Jerry Stackhouse,1610612765.0,Detroit,Pistons,DET,0,0,,,,,,0
0020000348,398,1,5,4,12:57 PM,9:05,Stackhouse  Layup (22 PTS) (Barros 1 AST),,,73 - 74,1,4,711,Jerry Stackhouse,1610612765.0,Detroit,Pistons,DET,4,344,Dana Barros,1610612765.0,Detroit,Pistons,DET,0,0,,,,,,0
0020000348,400,1,1,4,12:57 PM,8:52,,,Alexander 17' Jump Shot (6 PTS) (Nash 7 AST),75 - 74,-1,5,2042,Courtney Alexander,1610612742.0,Dallas,Mavericks,DAL,5,959,Steve Nash,1610612742.0,Dallas,Mavericks,DAL,0,0,,,,,,0
0020000348,401,6,4,4,12:58 PM,8:34,Moore OFF.Foul (P2),,,,,4,1630,Mikki Moore,1610612765.0,Detroit,Pistons,DET,0,0,,,,,,1,0,,,,,,0
0020000348,402,5,5,4,12:58 PM,8:34,Moore Foul Turnover (P1.T12),,,,,4,1630,Mikki Moore,1610612765.0,Detroit,Pistons,DET,0,0,,,,,,0,0,,,,,,0
0020000348,403,9,4,4,12:58 PM,8:34,,,,,,1,0,,,,,,0,0,,,,,,0,0,,,,,,0
0020000348,405,8,0,4,1:00 PM,8:34,SUB: Smith FOR Curry,,,,,4,688,Michael Curry,1610612765.0,Detroit,Pistons,DET,4,693,Joe Smith,1610612765.0,Detroit,Pistons,DET,0,0,,,,,,0
0020000348,406,6,17,4,1:01 PM,8:22,PISTONS Foul,,,,,2,1610612765,,,,,,0,0,,,,,,1,0,,,,,,0
0020000348,407,3,16,4,1:02 PM,8:22,,,Nash Free Throw Technical (9 PTS),76 - 74,-2,5,959,Steve Nash,1610612742.0,Dallas,Mavericks,DAL,0,0,,,,,,0,0,,,,,,0
0020000348,408,2,1,4,1:02 PM,8:09,,,MISS Alexander 16' Jump Shot,,,5,2042,Courtney Alexander,1610612742.0,Dallas,Mavericks,DAL,0,0,,,,,,0,0,,,,,,0
0020000348,409,4,0,4,1:02 PM,8:07,,,Finley REBOUND (Off:1 Def:4),,,5,714,Michael Finley,1610612742.0,Dallas,Mavericks,DAL,0,0,,,,,,0,0,,,,,,0
0020000348,410,2,1,4,1:02 PM,8:04,,,MISS Finley 10' Jump Shot,,,5,714,Michael Finley,1610612742.0,Dallas,Mavericks,DAL,0,0,,,,,,0,0,,,,,,0
0020000348,411,4,0,4,1:02 PM,8:02,,,Trent REBOUND (Off:1 Def:1),,,5,718,Gary Trent,1610612742.0,Dallas,Mavericks,DAL,0,0,,,,,,0,0,,,,,,0
0020000348,412,2,40,4,1:02 PM,7:50,Moore BLOCK (1 BLK),,MISS Alexander  Layup,,,5,2042,Courtney Alexander,1610612742.0,Dallas,Mavericks,DAL,0,0,,,,,,4,1630,Mikki Moore,1610612765.0,Detroit,Pistons,DET,0
0020000348,413,4,0,4,1:02 PM,7:48,Moore REBOUND (Off:2 Def:3),,,,,4,1630,Mikki Moore,1610612765.0,Detroit,Pistons,DET,0,0,,,,,,0,0,,,,,,0
0020000348,414,6,1,4,1:02 PM,7:40,,,Trent P.FOUL (P4.T3),,,5,718,Gary Trent,1610612742.0,Dallas,Mavericks,DAL,0,0,,,,,,1,0,,,,,,0
0020000348,415,8,0,4,1:03 PM,7:40,SUB: Wallace FOR Moore,,,,,4,1630,Mikki Moore,1610612765.0,Detroit,Pistons,DET,4,1112,Ben Wallace,1610612765.0,Detroit,Pistons,DET,0,0,,,,,,0
0020000348,416,3,11,4,1:03 PM,7:40,MISS Smith Free Throw 1 of 2,,,,,4,693,Joe Smith,1610612765.0,Detroit,Pistons,DET,0,0,,,,,,0,0,,,,,,0
0020000348,417,4,1,4,1:03 PM,7:40,PISTONS Rebound,,,,,2,1610612765,,,,,,0,0,,,,,,0,0,,,,,,0
0020000348,418,8,0,4,1:03 PM,7:40,,,SUB: Nowitzki FOR Alexander,,,5,2042,Courtney Alexander,1610612742.0,Dallas,Mavericks,DAL,5,1717,Dirk Nowitzki,1610612742.0,Dallas,Mavericks,DAL,0,0,,,,,,0
0020000348,419,3,12,4,1:03 PM,7:40,Smith Free Throw 2 of 2 (15 PTS),,,76 - 75,-1,4,693,Joe Smith,1610612765.0,Detroit,Pistons,DET,0,0,,,,,,0,0,,,,,,0
0020000348,420,2,1,4,1:04 PM,7:21,,,MISS Finley 26' 3PT Jump Shot,,,5,714,Michael Finley,1610612742.0,Dallas,Mavericks,DAL,0,0,,,,,,0,0,,,,,,0
0020000348,421,4,0,4,1:04 PM,7:19,PISTONS Rebound,,,,,2,1610612765,,,,,,0,0,,,,,,0,0,,,,,,0
0020000348,422,7,2,4,1:04 PM,7:06,,,Mavericks Violation: Def. Goaltending Violation,,,3,1610612742,,,,,,0,0,,,,,,1,0,,,,,,0
0020000348,423,8,0,4,1:04 PM,7:06,,,SUB: Bradley FOR Trent,,,5,718,Gary Trent,1610612742.0,Dallas,Mavericks,DAL,5,762,Shawn Bradley,1610612742.0,Dallas,Mavericks,DAL,0,0,,,,,,0
0020000348,424,2,5,4,1:05 PM,6:59,MISS Smith  Layup,,,,,4,693,Joe Smith,1610612765.0,Detroit,Pistons,DET,0,0,,,,,,0,0,,,,,,0
0020000348,425,4,0,4,1:05 PM,6:57,Smith REBOUND (Off:8 Def:5),,,,,4,693,Joe Smith,1610612765.0,Detroit,Pistons,DET,0,0,,,,,,0,0,,,,,,0
0020000348,426,1,5,4,1:05 PM,6:54,Smith  Layup (17 PTS),,,76 - 77,1,4,693,Joe Smith,1610612765.0,Detroit,Pistons,DET,0,0,,,,,,0,0,,,,,,0
0020000348,427,2,3,4,1:05 PM,6:31,,,MISS Bradley 6' Hook Shot,,,5,762,Shawn Bradley,1610612742.0,Dallas,Mavericks,DAL,0,0,,,,,,0,0,,,,,,0
0020000348,428,4,0,4,1:05 PM,6:29,Wallace REBOUND (Off:1 Def:7),,,,,4,1112,Ben Wallace,1610612765.0,Detroit,Pistons,DET,0,0,,,,,,0,0,,,,,,0
0020000348,429,8,0,4,1:06 PM,6:22,,,SUB: Laettner FOR Bradley,,,5,762,Shawn Bradley,1610612742.0,Dallas,Mavericks,DAL,5,363,Christian Laettner,1610612742.0,Dallas,Mavericks,DAL,0,0,,,,,,0
0020000348,431,8,0,4,1:06 PM,6:22,,,SUB: Eisley FOR Davis,,,5,93,Hubert Davis,1610612742.0,Dallas,Mavericks,DAL,5,458,Howard Eisley,1610612742.0,Dallas,Mavericks,DAL,0,0,,,,,,0
0020000348,430,5,1,4,1:06 PM,6:12,Stackhouse Bad Pass Turnover (P1.T13),,,,,4,711,Jerry Stackhouse,1610612765.0,Detroit,Pistons,DET,0,0,,,,,,1,0,,,,,,0
0020000348,432,1,1,4,1:06 PM,6:01,,,Laettner 17' Jump Shot (12 PTS) (Nash 8 AST),78 - 77,-1,5,363,Christian Laettner,1610612742.0,Dallas,Mavericks,DAL,5,959,Steve Nash,1610612742.0,Dallas,Mavericks,DAL,0,0,,,,,,0
0020000348,433,2,1,4,1:07 PM,5:44,MISS Stackhouse 17' Jump Shot,,,,,4,711,Jerry Stackhouse,1610612765.0,Detroit,Pistons,DET,0,0,,,,,,0,0,,,,,,0
0020000348,434,4,0,4,1:07 PM,5:42,Wallace REBOUND (Off:2 Def:7),,,,,4,1112,Ben Wallace,1610612765.0,Detroit,Pistons,DET,0,0,,,,,,0,0,,,,,,0
0020000348,435,1,5,4,1:07 PM,5:39,Wallace  Layup (6 PTS),,,78 - 79,1,4,1112,Ben Wallace,1610612765.0,Detroit,Pistons,DET,0,0,,,,,,0,0,,,,,,0
0020000348,436,1,42,4,1:07 PM,5:16,,,Nash  Driving Layup (11 PTS),80 - 79,-1,5,959,Steve Nash,1610612742.0,Dallas,Mavericks,DAL,0,0,,,,,,0,0,,,,,,0
0020000348,437,1,42,4,1:07 PM,5:05,Atkins  Driving Layup (19 PTS),,,80 - 81,1,4,1088,Chucky Atkins,1610612765.0,Detroit,Pistons,DET,0,0,,,,,,0,0,,,,,,0
0020000348,438,1,46,4,1:07 PM,4:50,,,Nash 7' Running Jump Shot (13 PTS),82 - 81,-1,5,959,Steve Nash,1610612742.0,Dallas,Mavericks,DAL,0,0,,,,,,0,0,,,,,,0
0020000348,439,5,1,4,1:08 PM,4:42,Barros Bad Pass Turnover (P4.T14),,Nash STEAL (1 STL),,,4,344,Dana Barros,1610612765.0,Detroit,Pistons,DET,5,959,Steve Nash,1610612742.0,Dallas,Mavericks,DAL,0,0,,,,,,0
0020000348,440,1,5,4,1:08 PM,4:36,,,Finley  Layup (13 PTS) (Nash 9 AST),84 - 81,-3,5,714,Michael Finley,1610612742.0,Dallas,Mavericks,DAL,5,959,Steve Nash,1610612742.0,Dallas,Mavericks,DAL,0,0,,,,,,0
0020000348,441,9,1,4,1:08 PM,4:36,PISTONS Timeout: Regular (Full 4 Short 1),,,,,2,1610612765,,,,,,0,0,,,,,,0,0,,,,,,0
0020000348,443,6,2,4,1:10 PM,4:24,,,Laettner S.FOUL (P4.T4),,,5,363,Christian Laettner,1610612742.0,Dallas,Mavericks,DAL,0,0,,,,,,1,0,,,,,,0
0020000348,444,3,11,4,1:10 PM,4:24,Barros Free Throw 1 of 2 (4 PTS),,,84 - 82,-2,4,344,Dana Barros,1610612765.0,Detroit,Pistons,DET,0,0,,,,,,0,0,,,,,,0
0020000348,445,3,12,4,1:10 PM,4:24,Barros Free Throw 2 of 2 (5 PTS),,,84 - 83,-1,4,344,Dana Barros,1610612765.0,Detroit,Pistons,DET,0,0,,,,,,0,0,,,,,,0
0020000348,446,1,1,4,1:11 PM,4:11,,,Nash 24' 3PT Jump Shot (16 PTS),87 - 83,-4,5,959,Steve Nash,1610612742.0,Dallas,Mavericks,DAL,0,0,,,,,,0,0,,,,,,0
0020000348,447,6,2,4,1:11 PM,3:59,,,Eisley S.FOUL (P3.PN),,,5,458,Howard Eisley,1610612742.0,Dallas,Mavericks,DAL,0,0,,,,,,1,0,,,,,,0
0020000348,448,3,11,4,1:11 PM,3:59,MISS Smith Free Throw 1 of 2,,,,,4,693,Joe Smith,1610612765.0,Detroit,Pistons,DET,0,0,,,,,,0,0,,,,,,0
0020000348,449,4,1,4,1:11 PM,3:59,PISTONS Rebound,,,,,2,1610612765,,,,,,0,0,,,,,,0,0,,,,,,0
0020000348,450,3,12,4,1:11 PM,3:59,Smith Free Throw 2 of 2 (18 PTS),,,87 - 84,-3,4,693,Joe Smith,1610612765.0,Detroit,Pistons,DET,0,0,,,,,,0,0,,,,,,0
0020000348,451,2,45,4,1:12 PM,3:47,Wallace BLOCK (4 BLK),,MISS Nash 13' Jump Shot,,,5,959,Steve Nash,1610612742.0,Dallas,Mavericks,DAL,0,0,,,,,,4,1112,Ben Wallace,1610612765.0,Detroit,Pistons,DET,0
0020000348,452,4,0,4,1:12 PM,3:46,,,Mavericks Rebound,,,3,1610612742,,,,,,0,0,,,,,,0,0,,,,,,0
0020000348,453,6,1,4,1:12 PM,3:46,Atkins P.FOUL (P3.T3),,,,,4,1088,Chucky Atkins,1610612765.0,Detroit,Pistons,DET,0,0,,,,,,1,0,,,,,,0
0020000348,454,2,55,4,1:12 PM,3:38,,,MISS Finley 7' Hook Shot,,,5,714,Michael Finley,1610612742.0,Dallas,Mavericks,DAL,0,0,,,,,,0,0,,,,,,0
0020000348,455,4,0,4,1:12 PM,3:37,,,Laettner REBOUND (Off:1 Def:2),,,5,363,Christian Laettner,1610612742.0,Dallas,Mavericks,DAL,0,0,,,,,,0,0,,,,,,0
0020000348,457,7,3,4,1:12 PM,3:36,Wallace Violation:Lane,,,,,4,1112,Ben Wallace,1610612765.0,Detroit,Pistons,DET,0,0,,,,,,0,0,,,,,,0
0020000348,456,1,5,4,1:12 PM,3:36,,,Laettner  Layup (14 PTS),89 - 84,-5,5,363,Christian Laettner,1610612742.0,Dallas,Mavericks,DAL,0,0,,,,,,0,0,,,,,,0
0020000348,458,2,1,4,1:13 PM,3:16,MISS Smith 12' Jump Shot,,,,,4,693,Joe Smith,1610612765.0,Detroit,Pistons,DET,0,0,,,,,,0,0,,,,,,0
0020000348,459,4,0,4,1:13 PM,3:15,,,Nowitzki REBOUND (Off:1 Def:5),,,5,1717,Dirk Nowitzki,1610612742.0,Dallas,Mavericks,DAL,0,0,,,,,,0,0,,,,,,0
0020000348,460,6,3,4,1:13 PM,3:15,Stackhouse L.B.FOUL (P3.T4),,,,,4,711,Jerry Stackhouse,1610612765.0,Detroit,Pistons,DET,0,0,,,,,,1,0,,,,,,0
0020000348,461,9,1,4,1:14 PM,2:57,,,Mavericks Timeout: Regular (Reg.4 Short 0),,,3,1610612742,,,,,,0,0,,,,,,0,0,,,,,,0
0020000348,463,10,0,4,1:16 PM,2:57,Jump Ball Barros vs. Nash: Tip to Eisley,,,,,4,344,Dana Barros,1610612765.0,Detroit,Pistons,DET,5,959,Steve Nash,1610612742.0,Dallas,Mavericks,DAL,5,458,Howard Eisley,1610612742.0,Dallas,Mavericks,DAL,0
0020000348,464,2,1,4,1:16 PM,2:43,,,MISS Laettner 19' Jump Shot,,,5,363,Christian Laettner,1610612742.0,Dallas,Mavericks,DAL,0,0,,,,,,0,0,,,,,,0
0020000348,465,4,0,4,1:16 PM,2:41,Stackhouse REBOUND (Off:1 Def:5),,,,,4,711,Jerry Stackhouse,1610612765.0,Detroit,Pistons,DET,0,0,,,,,,0,0,,,,,,0
0020000348,466,1,1,4,1:17 PM,2:24,Barros 17' Jump Shot (7 PTS) (Stackhouse 7 AST),,,89 - 86,-3,4,344,Dana Barros,1610612765.0,Detroit,Pistons,DET,4,711,Jerry Stackhouse,1610612765.0,Detroit,Pistons,DET,0,0,,,,,,0
0020000348,467,5,1,4,1:17 PM,1:58,Barros STEAL (1 STL),,Eisley Bad Pass Turnover (P1.T17),,,5,458,Howard Eisley,1610612742.0,Dallas,Mavericks,DAL,4,344,Dana Barros,1610612765.0,Detroit,Pistons,DET,0,0,,,,,,0
0020000348,468,6,1,4,1:17 PM,1:51,,,Laettner P.FOUL (P5.PN),,,5,363,Christian Laettner,1610612742.0,Dallas,Mavericks,DAL,0,0,,,,,,1,0,,,,,,0
0020000348,469,3,11,4,1:17 PM,1:51,Smith Free Throw 1 of 2 (19 PTS),,,89 - 87,-2,4,693,Joe Smith,1610612765.0,Detroit,Pistons,DET,0,0,,,,,,0,0,,,,,,0
0020000348,470,3,12,4,1:18 PM,1:51,Smith Free Throw 2 of 2 (20 PTS),,,89 - 88,-1,4,693,Joe Smith,1610612765.0,Detroit,Pistons,DET,0,0,,,,,,0,0,,,,,,0
0020000348,471,2,1,4,1:18 PM,1:31,,,MISS Finley 24' 3PT Jump Shot,,,5,714,Michael Finley,1610612742.0,Dallas,Mavericks,DAL,0,0,,,,,,0,0,,,,,,0
0020000348,472,4,0,4,1:18 PM,1:29,Wallace REBOUND (Off:2 Def:8),,,,,4,1112,Ben Wallace,1610612765.0,Detroit,Pistons,DET,0,0,,,,,,0,0,,,,,,0
0020000348,473,2,1,4,1:18 PM,1:22,MISS Barros 24' 3PT Jump Shot,,,,,4,344,Dana Barros,1610612765.0,Detroit,Pistons,DET,0,0,,,,,,0,0,,,,,,0
0020000348,474,4,0,4,1:18 PM,1:20,,,Laettner REBOUND (Off:1 Def:3),,,5,363,Christian Laettner,1610612742.0,Dallas,Mavericks,DAL,0,0,,,,,,0,0,,,,,,0
0020000348,475,1,1,4,1:19 PM,1:06,,,Nowitzki 28' 3PT Jump Shot (23 PTS) (Finley 8 AST),92 - 88,-4,5,1717,Dirk Nowitzki,1610612742.0,Dallas,Mavericks,DAL,5,714,Michael Finley,1610612742.0,Dallas,Mavericks,DAL,0,0,,,,,,0
0020000348,476,9,1,4,1:19 PM,1:06,PISTONS Timeout: Regular (Full 5 Short 1),,,,,2,1610612765,,,,,,0,0,,,,,,0,0,,,,,,0
0020000348,478,9,1,4,1:21 PM,1:06,PISTONS Timeout: Regular (Full 6 Short 1),,,,,2,1610612765,,,,,,0,0,,,,,,0,0,,,,,,0
0020000348,479,2,1,4,1:23 PM,0:58,MISS Smith 13' Jump Shot,,,,,4,693,Joe Smith,1610612765.0,Detroit,Pistons,DET,0,0,,,,,,0,0,,,,,,0
0020000348,480,4,0,4,1:23 PM,0:56,,,Nowitzki REBOUND (Off:1 Def:6),,,5,1717,Dirk Nowitzki,1610612742.0,Dallas,Mavericks,DAL,0,0,,,,,,0,0,,,,,,0
0020000348,481,6,1,4,1:23 PM,0:56,Stackhouse P.FOUL (P4.PN),,,,,4,711,Jerry Stackhouse,1610612765.0,Detroit,Pistons,DET,0,0,,,,,,1,0,,,,,,0
0020000348,482,3,11,4,1:23 PM,0:56,,,Nowitzki Free Throw 1 of 2 (24 PTS),93 - 88,-5,5,1717,Dirk Nowitzki,1610612742.0,Dallas,Mavericks,DAL,0,0,,,,,,0,0,,,,,,0
0020000348,483,8,0,4,1:23 PM,0:56,SUB: Moore FOR Wallace,,,,,4,1112,Ben Wallace,1610612765.0,Detroit,Pistons,DET,4,1630,Mikki Moore,1610612765.0,Detroit,Pistons,DET,0,0,,,,,,0
0020000348,484,3,12,4,1:24 PM,0:56,,,Nowitzki Free Throw 2 of 2 (25 PTS),94 - 88,-6,5,1717,Dirk Nowitzki,1610612742.0,Dallas,Mavericks,DAL,0,0,,,,,,0,0,,,,,,0
0020000348,485,1,1,4,1:24 PM,0:42,Stackhouse 20' Jump Shot (24 PTS) (Barros 2 AST),,,94 - 90,-4,4,711,Jerry Stackhouse,1610612765.0,Detroit,Pistons,DET,4,344,Dana Barros,1610612765.0,Detroit,Pistons,DET,0,0,,,,,,0
0020000348,486,1,1,4,1:24 PM,0:24,,,Eisley 27' 3PT Jump Shot (11 PTS) (Laettner 1 AST),97 - 90,-7,5,458,Howard Eisley,1610612742.0,Dallas,Mavericks,DAL,5,363,Christian Laettner,1610612742.0,Dallas,Mavericks,DAL,0,0,,,,,,0
0020000348,487,2,42,4,1:24 PM,0:16,MISS Barros  Driving Layup,,Laettner BLOCK (1 BLK),,,4,344,Dana Barros,1610612765.0,Detroit,Pistons,DET,0,0,,,,,,5,363,Christian Laettner,1610612742.0,Dallas,Mavericks,DAL,0
0020000348,488,4,0,4,1:25 PM,0:14,Stackhouse REBOUND (Off:2 Def:5),,,,,4,711,Jerry Stackhouse,1610612765.0,Detroit,Pistons,DET,0,0,,,,,,0,0,,,,,,0
0020000348,489,2,1,4,1:25 PM,0:12,MISS Stackhouse 24' 3PT Jump Shot,,,,,4,711,Jerry Stackhouse,1610612765.0,Detroit,Pistons,DET,0,0,,,,,,0,0,,,,,,0
0020000348,490,4,0,4,1:25 PM,0:11,,,Laettner REBOUND (Off:1 Def:4),,,5,363,Christian Laettner,1610612742.0,Dallas,Mavericks,DAL,0,0,,,,,,0,0,,,,,,0
0020000348,492,6,3,4,1:25 PM,0:11,Smith L.B.FOUL (P3.PN),,,,,4,693,Joe Smith,1610612765.0,Detroit,Pistons,DET,0,0,,,,,,1,0,,,,,,0
0020000348,493,3,11,4,1:25 PM,0:11,,,Laettner Free Throw 1 of 2 (15 PTS),98 - 90,-8,5,363,Christian Laettner,1610612742.0,Dallas,Mavericks,DAL,0,0,,,,,,0,0,,,,,,0
0020000348,494,3,12,4,1:25 PM,0:11,,,Laettner Free Throw 2 of 2 (16 PTS),99 - 90,-9,5,363,Christian Laettner,1610612742.0,Dallas,Mavericks,DAL,0,0,,,,,,0,0,,,,,,0
0020000348,495,2,1,4,1:25 PM,0:07,MISS Barros 17' Jump Shot,,,,,4,344,Dana Barros,1610612765.0,Detroit,Pistons,DET,0,0,,,,,,0,0,,,,,,0
0020000348,496,4,0,4,1:26 PM,0:06,,,Mavericks Rebound,,,3,1610612742,,,,,,0,0,,,,,,0,0,,,,,,0
0020000348,497,13,0,4,1:26 PM,0:00,,,,99 - 90,-9,0,0,,,,,,0,0,,,,,,0,0,,,,,,0
