GAME_ID,EVENTNUM,EVENTMSGTYPE,EVENTMSGACTIONTYPE,PERIOD,WCTIMESTRING,PCTIMESTRING,HOMEDESCRIPTION,NEUTRALDESCRIPTION,VISITORDESCRIPTION,SCORE,SCOREMARGIN
0020500019,0,12,0,1,10:58 PM,12:00,,,,,
0020500019,1,10,0,1,10:58 PM,12:00,Jump Ball Brown vs. Thomas: Tip to George,,,,
0020500019,2,2,1,1,10:58 PM,11:43,MISS Parker 10' Jump Shot,,,,
0020500019,3,4,0,1,10:58 PM,11:41,,,Marion REBOUND (Off:0 Def:1),,
0020500019,4,2,1,1,10:59 PM,11:29,,,MISS Thomas 14' Jump Shot,,
0020500019,5,4,0,1,10:59 PM,11:27,George REBOUND (Off:0 Def:1),,,,
0020500019,6,5,1,1,10:59 PM,11:16,Brown Bad Pass Turnover (P1.T1),,Nash STEAL (1 STL),,
0020500019,7,2,1,1,10:59 PM,11:09,,,MISS Jones  3PT Jump Shot,,
0020500019,8,4,0,1,10:59 PM,11:07,Odom REBOUND (Off:0 Def:1),,,,
0020500019,9,2,1,1,10:59 PM,10:59,MISS Bryant 19' Jump Shot,,,,
0020500019,10,4,0,1,10:59 PM,10:57,Parker REBOUND (Off:1 Def:0),,,,
0020500019,11,1,5,1,10:59 PM,10:56,Parker  Layup (2 PTS),,,0 - 2,2
0020500019,12,1,1,1,10:59 PM,10:50,,,Jones 23' Jump Shot (2 PTS) (Nash 1 AST),2 - 2,TIE
0020500019,13,5,1,1,11:00 PM,10:32,Bryant Bad Pass Turnover (P1.T2),,Nash STEAL (2 STL),,
0020500019,14,2,1,1,11:00 PM,10:23,,,MISS Thomas 19' Jump Shot,,
0020500019,15,4,0,1,11:00 PM,10:22,Odom REBOUND (Off:0 Def:2),,,,
0020500019,16,2,1,1,11:00 PM,10:05,MISS George 21' Jump Shot,,,,
0020500019,17,4,0,1,11:00 PM,10:03,,,Thomas REBOUND (Off:0 Def:1),,
0020500019,18,2,1,1,11:00 PM,9:57,,,MISS Jones 18' Jump Shot,,
0020500019,19,4,0,1,11:00 PM,9:55,,,Marion REBOUND (Off:1 Def:1),,
0020500019,20,2,1,1,11:00 PM,9:52,,,MISS Marion 16' Jump Shot,,
0020500019,21,4,0,1,11:00 PM,9:51,Odom REBOUND (Off:0 Def:3),,,,
0020500019,22,1,1,1,11:00 PM,9:45,Odom 21' Jump Shot (2 PTS),,,2 - 4,2
0020500019,24,2,1,1,11:01 PM,9:20,,,MISS Thomas 15' Jump Shot,,
0020500019,25,4,0,1,11:01 PM,9:19,George REBOUND (Off:0 Def:2),,,,
0020500019,26,6,2,1,11:01 PM,9:13,,,Bell S.FOUL (P1.T1),,
0020500019,27,3,11,1,11:01 PM,9:13,Bryant Free Throw 1 of 2 (1 PTS),,,2 - 5,3
0020500019,28,3,12,1,11:02 PM,9:13,Bryant Free Throw 2 of 2 (2 PTS),,,2 - 6,4
0020500019,29,1,1,1,11:02 PM,9:04,,,Jones 26' 3PT Jump Shot (5 PTS),5 - 6,1
0020500019,31,1,47,1,11:02 PM,8:45,Bryant 16' Turnaround Jump Shot (4 PTS),,,5 - 8,3
0020500019,32,1,5,1,11:02 PM,8:36,,,Marion  Layup (2 PTS) (Nash 2 AST),7 - 8,1
0020500019,33,2,1,1,11:03 PM,8:16,MISS George 25' 3PT Jump Shot,,,,
0020500019,34,4,0,1,11:03 PM,8:14,,,Thomas REBOUND (Off:0 Def:2),,
0020500019,35,1,5,1,11:03 PM,8:00,,,Thomas  Layup (2 PTS) (Nash 3 AST),9 - 8,-1
0020500019,36,9,1,1,11:03 PM,7:51,LAKERS Timeout: Regular (Full 1 Short 0),,,,
0020500019,39,1,1,1,11:07 PM,7:39,Parker 25' 3PT Jump Shot (5 PTS) (George 1 AST),,,9 - 11,2
0020500019,40,6,2,1,11:07 PM,7:25,George S.FOUL (P1.T1),,,,
0020500019,41,3,11,1,11:07 PM,7:25,,,Marion Free Throw 1 of 2 (3 PTS),10 - 11,1
0020500019,42,3,12,1,11:08 PM,7:25,,,MISS Marion Free Throw 2 of 2,,
0020500019,43,4,0,1,11:08 PM,7:24,Brown REBOUND (Off:0 Def:1),,,,
0020500019,44,1,5,1,11:08 PM,7:07,Brown  Layup (2 PTS) (Odom 1 AST),,,10 - 13,3
0020500019,45,1,1,1,11:08 PM,7:01,,,Jones 26' 3PT Jump Shot (8 PTS) (Nash 4 AST),13 - 13,TIE
0020500019,46,6,6,1,11:08 PM,7:01,Brown AWAY.FROM.PLAY.FOUL (P1.T2),,,,
0020500019,47,3,10,1,11:09 PM,7:01,,,MISS Thomas Free Throw 1 of 1,,
0020500019,48,4,0,1,11:09 PM,6:59,Brown REBOUND (Off:0 Def:2),,,,
0020500019,49,2,5,1,11:09 PM,6:49,MISS Brown  Layup,,Thomas BLOCK (1 BLK),,
0020500019,50,4,0,1,11:09 PM,6:49,LAKERS Rebound,,,,
0020500019,52,2,1,1,11:09 PM,6:41,MISS Bryant 7' Jump Shot,,,,
0020500019,53,4,0,1,11:09 PM,6:40,,,Bell REBOUND (Off:0 Def:1),,
0020500019,54,5,4,1,11:09 PM,6:32,,,Thomas Traveling Turnover (P1.T1),,
0020500019,55,2,7,1,11:10 PM,6:15,MISS Brown  Dunk,,,,
0020500019,56,4,0,1,11:10 PM,6:10,,,Nash REBOUND (Off:0 Def:1),,
0020500019,57,6,2,1,11:10 PM,6:08,Odom S.FOUL (P1.T3),,,,
0020500019,58,3,11,1,11:10 PM,6:08,,,Thomas Free Throw 1 of 2 (3 PTS),14 - 13,-1
0020500019,59,3,12,1,11:11 PM,6:08,,,Thomas Free Throw 2 of 2 (4 PTS),15 - 13,-2
0020500019,61,6,2,1,11:11 PM,5:58,,,Nash S.FOUL (P1.T2),,
0020500019,62,3,11,1,11:11 PM,5:58,Parker Free Throw 1 of 2 (6 PTS),,,15 - 14,-1
0020500019,63,8,0,1,11:12 PM,5:58,,,SUB: Jackson FOR Jones,,
0020500019,64,8,0,1,11:12 PM,5:58,,,SUB: Diaw FOR Thomas,,
0020500019,65,3,12,1,11:12 PM,5:58,Parker Free Throw 2 of 2 (7 PTS),,,15 - 15,TIE
0020500019,66,2,1,1,11:12 PM,5:41,,,MISS Marion 21' Jump Shot,,
0020500019,67,4,0,1,11:12 PM,5:39,,,Diaw REBOUND (Off:1 Def:0),,
0020500019,68,1,1,1,11:12 PM,5:34,,,Nash 26' 3PT Jump Shot (3 PTS) (Marion 1 AST),18 - 15,-3
0020500019,69,6,4,1,11:13 PM,5:18,Brown OFF.Foul (P2),,,,
0020500019,70,5,5,1,11:13 PM,5:18,Brown Foul Turnover (P2.T3),,,,
0020500019,71,8,0,1,11:13 PM,5:18,SUB: Mihm FOR Brown,,,,
0020500019,72,2,1,1,11:13 PM,5:05,,,MISS Jackson  3PT Jump Shot,,
0020500019,73,4,0,1,11:13 PM,5:01,Odom REBOUND (Off:0 Def:4),,,,
0020500019,74,2,1,1,11:13 PM,4:54,MISS George 6' Jump Shot,,,,
0020500019,75,4,0,1,11:13 PM,4:52,Bryant REBOUND (Off:1 Def:0),,,,
0020500019,76,1,1,1,11:14 PM,4:50,Bryant 9' Jump Shot (6 PTS),,,18 - 17,-1
0020500019,78,6,1,1,11:14 PM,4:42,Parker P.FOUL (P1.T4),,,,
0020500019,79,1,42,1,11:14 PM,4:30,,,Diaw  Driving Layup (2 PTS) (Nash 5 AST),20 - 17,-3
0020500019,80,1,47,1,11:15 PM,4:13,Bryant 15' Turnaround Jump Shot (8 PTS),,,20 - 19,-1
0020500019,81,2,1,1,11:15 PM,3:57,,,MISS Nash 13' Jump Shot,,
0020500019,83,4,0,1,11:15 PM,3:55,Odom REBOUND (Off:0 Def:5),,,,
0020500019,84,1,5,1,11:15 PM,3:53,Bryant  Layup (10 PTS) (Odom 2 AST),,,20 - 21,1
0020500019,85,6,2,1,11:15 PM,3:53,,,Diaw S.FOUL (P1.T3),,
0020500019,86,3,10,1,11:15 PM,3:53,Bryant Free Throw 1 of 1 (11 PTS),,,20 - 22,2
0020500019,87,2,1,1,11:16 PM,3:37,,,MISS Nash 14' Jump Shot,,
0020500019,88,4,0,1,11:16 PM,3:36,LAKERS Rebound,,,,
0020500019,89,5,1,1,11:16 PM,3:26,George Bad Pass Turnover (P1.T4),,Marion STEAL (1 STL),,
0020500019,90,1,5,1,11:16 PM,3:17,,,Marion  Layup (5 PTS) (Nash 6 AST),22 - 22,TIE
0020500019,91,9,2,1,11:16 PM,3:11,LAKERS Timeout: Short (Full 1 Short 1),,,,
0020500019,95,6,4,1,11:18 PM,3:02,Bryant OFF.Foul (P1),,,,
0020500019,96,5,5,1,11:18 PM,3:02,Bryant Foul Turnover (P2.T5),,,,
0020500019,97,8,0,1,11:18 PM,3:02,SUB: Profit FOR George,,,,
0020500019,98,5,8,1,11:19 PM,2:45,,,Marion 3 Second Violation Turnover (P1.T2),,
0020500019,99,9,1,1,11:19 PM,2:45,,,Suns Timeout: Regular (Reg.1 Short 0),,
0020500019,100,8,0,1,11:21 PM,2:45,SUB: Vujacic FOR Parker,,,,
0020500019,101,8,0,1,11:22 PM,2:45,,,SUB: Grant FOR Marion,,
0020500019,102,8,0,1,11:22 PM,2:45,,,SUB: Barbosa FOR Nash,,
0020500019,103,6,1,1,11:22 PM,2:29,,,Grant P.FOUL (P1.T4),,
0020500019,104,1,1,1,11:23 PM,2:20,Bryant 20' Jump Shot (13 PTS) (Odom 3 AST),,,22 - 24,2
0020500019,105,1,1,1,11:23 PM,2:07,,,Bell 20' Jump Shot (2 PTS) (Diaw 1 AST),24 - 24,TIE
0020500019,106,1,5,1,11:23 PM,1:53,Bryant  Layup (15 PTS) (Profit 1 AST),,,24 - 26,2
0020500019,107,1,1,1,11:23 PM,1:40,,,Grant 16' Jump Shot (2 PTS) (Barbosa 1 AST),26 - 26,TIE
0020500019,108,2,1,1,11:24 PM,1:21,MISS Mihm 8' Jump Shot,,,,
0020500019,109,4,0,1,11:24 PM,1:21,LAKERS Rebound,,,,
0020500019,110,6,1,1,11:24 PM,1:21,,,Bell P.FOUL (P2.PN),,
0020500019,111,6,11,1,11:25 PM,1:21,Bryant T.FOUL (P1.T4),,,,
0020500019,112,3,16,1,11:25 PM,1:21,,,MISS Jackson Free Throw Technical,,
0020500019,113,4,1,1,11:25 PM,1:21,LAKERS Rebound,,,,
0020500019,114,3,11,1,11:25 PM,1:21,Bryant Free Throw 1 of 2 (16 PTS),,,26 - 27,1
0020500019,115,3,12,1,11:26 PM,1:21,Bryant Free Throw 2 of 2 (17 PTS),,,26 - 28,2
0020500019,116,1,1,1,11:26 PM,1:09,,,Bell 24' 3PT Jump Shot (5 PTS) (Jackson 1 AST),29 - 28,-1
0020500019,117,2,1,1,11:27 PM,0:49,MISS Bryant 20' Jump Shot,,,,
0020500019,118,4,0,1,11:27 PM,0:47,,,Suns Rebound,,
0020500019,119,8,0,1,11:27 PM,0:47,SUB: McKie FOR Bryant,,,,
0020500019,120,8,0,1,11:27 PM,0:47,,,SUB: House FOR Bell,,
0020500019,121,1,1,1,11:27 PM,0:37,,,Grant 18' Jump Shot (4 PTS) (Barbosa 2 AST),31 - 28,-3
0020500019,122,1,66,1,11:28 PM,0:24,Mihm 7' Jump Bank Shot (2 PTS),,,31 - 30,-1
0020500019,123,2,5,1,11:28 PM,0:01,,,MISS Barbosa  Layup,,
0020500019,124,4,0,1,11:28 PM,0:00,Odom REBOUND (Off:0 Def:6),,,,
0020500019,125,2,1,1,11:28 PM,0:00,MISS Odom 68' 3PT Jump Shot,,,,
0020500019,126,4,0,1,11:28 PM,0:00,LAKERS Rebound,,,,
0020500019,127,13,0,1,11:29 PM,0:00,,,,31 - 30,-1
0020500019,129,12,0,2,11:32 PM,12:00,,,,31 - 30,-1
0020500019,130,1,1,2,11:33 PM,11:37,,,Jackson 26' 3PT Jump Shot (3 PTS) (Barbosa 3 AST),34 - 30,-4
0020500019,131,5,1,2,11:33 PM,11:22,Vujacic Bad Pass Turnover (P1.T6),,,,
0020500019,132,1,1,2,11:33 PM,11:13,,,House 16' Jump Shot (2 PTS) (Jackson 2 AST),36 - 30,-6
0020500019,133,2,1,2,11:34 PM,10:56,MISS Vujacic 26' 3PT Jump Shot,,,,
0020500019,134,4,0,2,11:34 PM,10:55,,,Suns Rebound,,
0020500019,135,6,1,2,11:34 PM,10:55,Profit P.FOUL (P1.T1),,,,
0020500019,136,6,1,2,11:34 PM,10:46,Mihm P.FOUL (P1.T2),,,,
0020500019,137,1,1,2,11:34 PM,10:39,,,House 26' 3PT Jump Shot (5 PTS) (Barbosa 4 AST),39 - 30,-9
0020500019,138,6,4,2,11:35 PM,10:27,George OFF.Foul (P2),,,,
0020500019,139,5,5,2,11:35 PM,10:27,George Foul Turnover (P2.T7),,,,
0020500019,140,8,0,2,11:35 PM,10:27,,,SUB: Jones FOR Jackson,,
0020500019,141,1,1,2,11:35 PM,10:14,,,Grant 18' Jump Shot (6 PTS) (House 1 AST),41 - 30,-11
0020500019,142,1,1,2,11:35 PM,9:59,Profit 22' Jump Shot (2 PTS),,,41 - 32,-9
0020500019,143,2,1,2,11:36 PM,9:46,,,MISS Barbosa 17' Jump Shot,,
0020500019,144,4,0,2,11:36 PM,9:44,George REBOUND (Off:0 Def:3),,,,
0020500019,145,7,5,2,11:36 PM,9:41,,,Barbosa Violation:Kicked Ball,,
0020500019,146,1,42,2,11:36 PM,9:35,George  Driving Layup (2 PTS) (Profit 2 AST),,,41 - 34,-7
0020500019,147,2,1,2,11:36 PM,9:27,,,MISS House 19' Jump Shot,,
0020500019,148,4,0,2,11:36 PM,9:22,McKie REBOUND (Off:0 Def:1),,,,
0020500019,149,6,2,2,11:36 PM,9:18,,,Jones S.FOUL (P1.T1),,
0020500019,150,3,11,2,11:37 PM,9:18,MISS Mihm Free Throw 1 of 2,,,,
0020500019,151,4,1,2,11:37 PM,9:18,LAKERS Rebound,,,,
0020500019,152,8,0,2,11:37 PM,9:18,,,SUB: Marion FOR Diaw,,
0020500019,153,8,0,2,11:37 PM,9:18,SUB: Odom FOR McKie,,,,
0020500019,154,3,12,2,11:37 PM,9:18,Mihm Free Throw 2 of 2 (3 PTS),,,41 - 35,-6
0020500019,155,1,46,2,11:38 PM,9:02,,,Barbosa 10' Running Jump Shot (2 PTS) (Grant 1 AST),43 - 35,-8
0020500019,156,2,1,2,11:38 PM,8:47,MISS Vujacic 26' 3PT Jump Shot,,,,
0020500019,157,4,0,2,11:38 PM,8:44,,,Jones REBOUND (Off:0 Def:1),,
0020500019,158,2,1,2,11:38 PM,8:38,,,MISS House 25' 3PT Jump Shot,,
0020500019,159,4,0,2,11:38 PM,8:36,Mihm REBOUND (Off:0 Def:1),,,,
0020500019,160,9,4,2,11:38 PM,8:28,,,,,
0020500019,163,8,0,2,11:41 PM,8:28,SUB: Bryant FOR Mihm,,,,
0020500019,164,8,0,2,11:41 PM,8:28,SUB: Parker FOR Profit,,,,
0020500019,165,8,0,2,11:41 PM,8:28,SUB: Cook FOR Vujacic,,,,
0020500019,166,7,5,2,11:42 PM,8:23,,,House Violation:Kicked Ball,,
0020500019,167,8,0,2,11:42 PM,8:23,,,SUB: Bell FOR Grant,,
0020500019,168,2,5,2,11:42 PM,8:15,MISS George  Layup,,,,
0020500019,169,4,0,2,11:42 PM,8:14,Odom REBOUND (Off:1 Def:6),,,,
0020500019,170,6,1,2,11:42 PM,8:14,,,Marion P.FOUL (P1.T2),,
0020500019,171,8,0,2,11:43 PM,8:14,SUB: Medvedenko FOR Odom,,,,
0020500019,172,2,1,2,11:44 PM,8:04,MISS George 6' Jump Shot,,,,
0020500019,173,4,0,2,11:44 PM,8:03,,,Marion REBOUND (Off:1 Def:2),,
0020500019,174,8,0,2,11:44 PM,8:03,,,SUB: Nash FOR House,,
0020500019,175,2,1,2,11:44 PM,7:50,,,MISS Jones 24' 3PT Jump Shot,,
0020500019,176,4,0,2,11:44 PM,7:46,Bryant REBOUND (Off:1 Def:1),,,,
0020500019,177,2,1,2,11:44 PM,7:40,MISS Bryant 9' Jump Shot,,,,
0020500019,179,4,0,2,11:44 PM,7:37,Cook REBOUND (Off:1 Def:0),,,,
0020500019,178,1,4,2,11:44 PM,7:37,Cook  Tip Shot (2 PTS),,,43 - 37,-6
0020500019,181,2,1,2,11:45 PM,7:23,,,MISS Nash 25' 3PT Jump Shot,,
0020500019,182,4,0,2,11:45 PM,7:21,George REBOUND (Off:0 Def:4),,,,
0020500019,183,2,1,2,11:45 PM,7:16,MISS Cook 18' Jump Shot,,,,
0020500019,184,4,0,2,11:45 PM,7:13,,,Bell REBOUND (Off:0 Def:2),,
0020500019,185,2,1,2,11:45 PM,6:59,,,MISS Marion 12' Jump Shot,,
0020500019,186,4,0,2,11:45 PM,6:58,LAKERS Rebound,,,,
0020500019,187,6,1,2,11:45 PM,6:58,,,Jones P.FOUL (P2.T3),,
0020500019,188,8,0,2,11:45 PM,6:58,,,SUB: Thomas FOR Barbosa,,
0020500019,189,2,1,2,11:46 PM,6:43,MISS Parker 24' 3PT Jump Shot,,,,
0020500019,190,4,0,2,11:46 PM,6:40,,,Marion REBOUND (Off:1 Def:3),,
0020500019,191,5,2,2,11:46 PM,6:36,Parker STEAL (1 STL),,Nash Lost Ball Turnover (P1.T3),,
0020500019,192,1,5,2,11:46 PM,6:31,Parker  Layup (9 PTS),,,43 - 39,-4
0020500019,195,6,1,2,11:47 PM,6:09,Cook P.FOUL (P1.T3),,,,
0020500019,196,6,1,2,11:47 PM,6:06,Medvedenko P.FOUL (P1.T4),,,,
0020500019,197,8,0,2,11:47 PM,6:06,SUB: Odom FOR Medvedenko,,,,
0020500019,198,1,7,2,11:47 PM,5:58,,,Thomas  Dunk (6 PTS) (Nash 7 AST),45 - 39,-6
0020500019,199,1,1,2,11:48 PM,5:35,George 21' Jump Shot (4 PTS) (Odom 4 AST),,,45 - 41,-4
0020500019,200,5,2,2,11:48 PM,5:25,Parker STEAL (2 STL),,Nash Lost Ball Turnover (P2.T4),,
0020500019,201,6,2,2,11:48 PM,5:21,,,Jones S.FOUL (P3.T4),,
0020500019,202,9,1,2,11:48 PM,5:21,LAKERS Timeout: Regular (Full 2 Short 1),,,,
0020500019,204,8,0,2,11:51 PM,5:21,SUB: Brown FOR Cook,,,,
0020500019,205,3,11,2,11:51 PM,5:21,Bryant Free Throw 1 of 2 (18 PTS),,,45 - 42,-3
0020500019,206,3,12,2,11:51 PM,5:21,Bryant Free Throw 2 of 2 (19 PTS),,,45 - 43,-2
0020500019,207,6,1,2,11:52 PM,5:05,Brown P.FOUL (P3.PN),,,,
0020500019,208,8,0,2,11:52 PM,5:05,,,SUB: Barbosa FOR Jones,,
0020500019,209,3,11,2,11:52 PM,5:05,,,Bell Free Throw 1 of 2 (6 PTS),46 - 43,-3
0020500019,210,8,0,2,11:52 PM,5:05,SUB: Mihm FOR Brown,,,,
0020500019,211,3,12,2,11:53 PM,5:05,,,Bell Free Throw 2 of 2 (7 PTS),47 - 43,-4
0020500019,213,2,1,2,11:53 PM,4:49,MISS Bryant 12' Jump Shot,,,,
0020500019,215,4,0,2,11:53 PM,4:47,George REBOUND (Off:1 Def:4),,,,
0020500019,214,2,7,2,11:53 PM,4:47,MISS George  Dunk,,,,
0020500019,216,4,0,2,11:53 PM,4:44,,,Nash REBOUND (Off:0 Def:2),,
0020500019,217,1,5,2,11:53 PM,4:42,,,Marion  Layup (7 PTS) (Barbosa 5 AST),49 - 43,-6
0020500019,218,6,2,2,11:53 PM,4:42,George S.FOUL (P3.PN),,,,
0020500019,220,8,0,2,11:54 PM,4:42,SUB: Profit FOR George,,,,
0020500019,221,3,10,2,11:54 PM,4:42,,,Marion Free Throw 1 of 1 (8 PTS),50 - 43,-7
0020500019,222,2,1,2,11:54 PM,4:28,MISS Odom 27' 3PT Jump Shot,,,,
0020500019,223,4,0,2,11:54 PM,4:25,,,Marion REBOUND (Off:1 Def:4),,
0020500019,224,1,7,2,11:54 PM,4:20,,,Marion  Dunk (10 PTS) (Nash 8 AST),52 - 43,-9
0020500019,225,2,1,2,11:55 PM,3:58,MISS Parker 14' Jump Shot,,,,
0020500019,226,4,0,2,11:55 PM,3:58,,,Suns Rebound,,
0020500019,227,6,3,2,11:55 PM,3:58,Mihm L.B.FOUL (P2.PN),,,,
0020500019,228,3,11,2,11:55 PM,3:58,,,Thomas Free Throw 1 of 2 (7 PTS),53 - 43,-10
0020500019,229,3,12,2,11:55 PM,3:58,,,Thomas Free Throw 2 of 2 (8 PTS),54 - 43,-11
0020500019,230,2,1,2,11:56 PM,3:46,MISS Odom 7' Jump Shot,,Marion BLOCK (1 BLK),,
0020500019,231,4,0,2,11:56 PM,3:44,,,Thomas REBOUND (Off:0 Def:3),,
0020500019,232,5,2,2,11:56 PM,3:32,Parker STEAL (3 STL),,Bell Lost Ball Turnover (P1.T5),,
0020500019,233,5,40,2,11:56 PM,3:32,Parker Out of Bounds Lost Ball Turnover (P1.T8),,,,
0020500019,234,5,1,2,11:56 PM,3:21,Odom STEAL (1 STL),,Nash Bad Pass Turnover (P3.T6),,
0020500019,235,6,2,2,11:56 PM,3:18,,,Thomas S.FOUL (P1.PN),,
0020500019,236,3,11,2,11:57 PM,3:18,Odom Free Throw 1 of 2 (3 PTS),,,54 - 44,-10
0020500019,237,3,12,2,11:57 PM,3:18,Odom Free Throw 2 of 2 (4 PTS),,,54 - 45,-9
0020500019,238,1,8,2,11:57 PM,3:06,,,Marion  Slam Dunk (12 PTS) (Nash 9 AST),56 - 45,-11
0020500019,239,1,7,2,11:58 PM,2:49,Odom  Dunk (6 PTS) (Profit 3 AST),,,56 - 47,-9
0020500019,240,1,1,2,11:58 PM,2:40,,,Bell 26' 3PT Jump Shot (10 PTS) (Nash 10 AST),59 - 47,-12
0020500019,241,6,1,2,11:58 PM,2:23,,,Barbosa P.FOUL (P1.PN),,
0020500019,242,9,1,2,11:58 PM,2:23,,,Suns Timeout: Regular (Reg.2 Short 0),,
0020500019,245,3,11,2,12:02 PM,2:23,Odom Free Throw 1 of 2 (7 PTS),,,59 - 48,-11
0020500019,246,3,12,2,12:02 PM,2:23,Odom Free Throw 2 of 2 (8 PTS),,,59 - 49,-10
0020500019,247,2,1,2,12:02 PM,2:03,,,MISS Barbosa 24' 3PT Jump Shot,,
0020500019,248,4,0,2,12:02 PM,2:01,Odom REBOUND (Off:1 Def:7),,,,
0020500019,249,1,1,2,12:03 PM,1:55,Profit 19' Jump Shot (4 PTS) (Odom 5 AST),,,59 - 51,-8
0020500019,250,2,5,2,12:03 PM,1:40,,,MISS Barbosa  Layup,,
0020500019,251,4,0,2,12:03 PM,1:39,Odom REBOUND (Off:1 Def:8),,,,
0020500019,252,1,49,2,12:03 PM,1:30,Parker  Driving Dunk (11 PTS) (Odom 6 AST),,,59 - 53,-6
0020500019,253,2,1,2,12:03 PM,1:14,,,MISS Nash 18' Jump Shot,,
0020500019,254,4,0,2,12:03 PM,1:12,Odom REBOUND (Off:1 Def:9),,,,
0020500019,255,2,1,2,12:03 PM,1:04,MISS Profit 26' 3PT Jump Shot,,,,
0020500019,256,4,0,2,12:03 PM,1:02,,,Bell REBOUND (Off:0 Def:3),,
0020500019,257,1,1,2,12:04 PM,0:49,,,Barbosa 25' 3PT Jump Shot (5 PTS) (Nash 11 AST),62 - 53,-9
0020500019,258,2,1,2,12:04 PM,0:30,MISS Bryant 19' Jump Shot,,,,
0020500019,259,4,0,2,12:04 PM,0:28,,,Thomas REBOUND (Off:0 Def:4),,
0020500019,260,1,5,2,12:04 PM,0:23,,,Barbosa  Layup (7 PTS) (Nash 12 AST),64 - 53,-11
0020500019,261,1,46,2,12:05 PM,0:05,Parker 8' Running Jump Shot (13 PTS),,,64 - 55,-9
0020500019,262,6,2,2,12:05 PM,0:05,,,Nash S.FOUL (P2.PN),,
0020500019,264,8,0,2,12:05 PM,0:05,SUB: Green FOR Mihm,,,,
0020500019,265,3,10,2,12:05 PM,0:05,Parker Free Throw 1 of 1 (14 PTS),,,64 - 56,-8
0020500019,266,6,1,2,12:06 PM,0:02,Bryant P.FOUL (P2.PN),,,,
0020500019,267,3,11,2,12:06 PM,0:02,,,Nash Free Throw 1 of 2 (4 PTS),65 - 56,-9
0020500019,268,3,12,2,12:06 PM,0:02,,,Nash Free Throw 2 of 2 (5 PTS),66 - 56,-10
0020500019,269,2,1,2,12:06 PM,0:01,MISS Bryant 26' 3PT Jump Shot,,,,
0020500019,270,4,0,2,12:06 PM,0:00,LAKERS Rebound,,,,
0020500019,271,13,0,2,12:07 PM,0:00,,,,66 - 56,-10
0020500019,273,12,0,3,12:27 PM,12:00,,,,66 - 56,-10
0020500019,274,1,47,3,12:27 PM,11:36,,,Marion 14' Turnaround Jump Shot (14 PTS),68 - 56,-12
0020500019,275,2,1,3,12:27 PM,11:09,MISS George 25' 3PT Jump Shot,,,,
0020500019,276,4,0,3,12:28 PM,11:07,,,Bell REBOUND (Off:0 Def:4),,
0020500019,277,1,5,3,12:28 PM,10:59,,,Thomas  Layup (10 PTS) (Nash 13 AST),70 - 56,-14
0020500019,278,1,1,3,12:28 PM,10:46,Odom 25' 3PT Jump Shot (11 PTS) (Bryant 1 AST),,,70 - 59,-11
0020500019,279,1,43,3,12:28 PM,10:39,,,Marion  Alley Oop Layup (16 PTS) (Nash 14 AST),72 - 59,-13
0020500019,280,6,2,3,12:28 PM,10:39,Odom S.FOUL (P2.T1),,,,
0020500019,281,3,10,3,12:28 PM,10:39,,,Marion Free Throw 1 of 1 (17 PTS),73 - 59,-14
0020500019,282,5,2,3,12:29 PM,10:27,Brown Lost Ball Turnover (P3.T9),,Nash STEAL (3 STL),,
0020500019,283,1,1,3,12:29 PM,10:10,,,Jones 15' Jump Shot (10 PTS),75 - 59,-16
0020500019,284,9,1,3,12:29 PM,10:06,LAKERS Timeout: Regular (Full 3 Short 1),,,,
0020500019,286,1,1,3,12:32 PM,9:56,Parker 17' Jump Shot (16 PTS) (Odom 7 AST),,,75 - 61,-14
0020500019,287,2,1,3,12:33 PM,9:39,,,MISS Bell 21' Jump Shot,,
0020500019,288,4,0,3,12:33 PM,9:37,George REBOUND (Off:1 Def:5),,,,
0020500019,289,6,1,3,12:33 PM,9:35,,,Thomas P.FOUL (P2.T1),,
0020500019,290,6,2,3,12:33 PM,9:26,,,Marion S.FOUL (P2.T2),,
0020500019,291,3,11,3,12:33 PM,9:26,Bryant Free Throw 1 of 2 (20 PTS),,,75 - 62,-13
0020500019,292,3,12,3,12:34 PM,9:26,Bryant Free Throw 2 of 2 (21 PTS),,,75 - 63,-12
0020500019,293,6,2,3,12:34 PM,9:13,Parker S.FOUL (P2.T2),,,,
0020500019,294,3,11,3,12:34 PM,9:13,,,Nash Free Throw 1 of 2 (6 PTS),76 - 63,-13
0020500019,295,3,12,3,12:34 PM,9:13,,,Nash Free Throw 2 of 2 (7 PTS),77 - 63,-14
0020500019,296,2,1,3,12:35 PM,8:58,MISS Parker 9' Jump Shot,,,,
0020500019,297,4,0,3,12:35 PM,8:57,,,Thomas REBOUND (Off:0 Def:5),,
0020500019,298,6,2,3,12:35 PM,8:52,George S.FOUL (P4.T3),,,,
0020500019,299,3,13,3,12:35 PM,8:52,,,Jones Free Throw 1 of 3 (11 PTS),78 - 63,-15
0020500019,300,3,14,3,12:36 PM,8:52,,,MISS Jones Free Throw 2 of 3,,
0020500019,301,4,1,3,12:36 PM,8:52,,,Suns Rebound,,
0020500019,302,3,15,3,12:36 PM,8:52,,,Jones Free Throw 3 of 3 (12 PTS),79 - 63,-16
0020500019,303,2,1,3,12:36 PM,8:35,MISS Bryant 19' Jump Shot,,,,
0020500019,304,4,0,3,12:36 PM,8:33,Odom REBOUND (Off:2 Def:9),,,,
0020500019,305,6,2,3,12:37 PM,8:33,,,Thomas S.FOUL (P3.T3),,
0020500019,306,3,11,3,12:37 PM,8:33,Odom Free Throw 1 of 2 (12 PTS),,,79 - 64,-15
0020500019,307,8,0,3,12:37 PM,8:33,SUB: Green FOR George,,,,
0020500019,308,3,12,3,12:37 PM,8:33,Odom Free Throw 2 of 2 (13 PTS),,,79 - 65,-14
0020500019,309,2,5,3,12:38 PM,8:14,,,MISS Marion  Layup,,
0020500019,310,4,0,3,12:38 PM,8:12,Bryant REBOUND (Off:1 Def:2),,,,
0020500019,311,1,8,3,12:38 PM,8:10,Parker  Slam Dunk (18 PTS) (Bryant 2 AST),,,79 - 67,-12
0020500019,312,2,1,3,12:38 PM,7:56,,,MISS Marion 12' Jump Shot,,
0020500019,313,4,0,3,12:38 PM,7:54,,,Thomas REBOUND (Off:1 Def:5),,
0020500019,314,2,1,3,12:38 PM,7:43,,,MISS Marion 24' 3PT Jump Shot,,
0020500019,315,4,0,3,12:38 PM,7:41,Bryant REBOUND (Off:1 Def:3),,,,
0020500019,316,1,1,3,12:38 PM,7:35,Parker 26' 3PT Jump Shot (21 PTS) (Bryant 3 AST),,,79 - 70,-9
0020500019,317,1,46,3,12:39 PM,7:17,,,Marion 8' Running Jump Shot (19 PTS) (Bell 1 AST),81 - 70,-11
0020500019,318,1,1,3,12:39 PM,6:50,Odom 25' 3PT Jump Shot (16 PTS),,,81 - 73,-8
0020500019,319,2,1,3,12:40 PM,6:24,,,MISS Marion 18' Jump Shot,,
0020500019,320,4,0,3,12:40 PM,6:22,Green REBOUND (Off:0 Def:1),,,,
0020500019,321,2,1,3,12:40 PM,6:07,MISS Parker 26' 3PT Jump Shot,,,,
0020500019,322,4,0,3,12:40 PM,6:05,,,Jones REBOUND (Off:0 Def:2),,
0020500019,323,9,1,3,12:40 PM,5:56,,,Suns Timeout: Regular (Reg.3 Short 0),,
0020500019,324,8,0,3,12:44 PM,5:56,,,SUB: Jackson FOR Jones,,
0020500019,326,5,11,3,12:44 PM,5:42,,,Suns Turnover: Shot Clock (T#7),,
0020500019,327,1,65,3,12:45 PM,5:23,Odom 8' Jump Hook Shot (18 PTS),,,81 - 75,-6
0020500019,328,1,1,3,12:45 PM,5:10,,,Marion 8' Jump Shot (21 PTS) (Jackson 3 AST),83 - 75,-8
0020500019,329,2,1,3,12:45 PM,4:57,MISS Brown 8' Jump Shot,,Thomas BLOCK (2 BLK),,
0020500019,330,4,0,3,12:46 PM,4:54,Brown REBOUND (Off:1 Def:2),,,,
0020500019,331,6,1,3,12:46 PM,4:48,,,Marion P.FOUL (P3.T4),,
0020500019,332,1,1,3,12:46 PM,4:35,Bryant 17' Jump Shot (23 PTS),,,83 - 77,-6
0020500019,333,1,1,3,12:46 PM,4:22,,,Bell 19' Jump Shot (12 PTS) (Thomas 1 AST),85 - 77,-8
0020500019,335,6,4,3,12:47 PM,4:03,Bryant OFF.Foul (P3),,,,
0020500019,336,5,5,3,12:47 PM,4:03,Bryant Foul Turnover (P3.T10),,,,
0020500019,337,5,1,3,12:47 PM,3:55,Brown STEAL (1 STL),,Jackson Bad Pass Turnover (P1.T8),,
0020500019,338,1,49,3,12:47 PM,3:52,Brown  Driving Dunk (4 PTS),,,85 - 79,-6
0020500019,339,2,1,3,12:47 PM,3:33,,,MISS Thomas 8' Jump Shot,,
0020500019,341,4,0,3,12:47 PM,3:30,,,Marion REBOUND (Off:2 Def:4),,
0020500019,340,1,64,3,12:47 PM,3:30,,,Marion  Follow Up Dunk (23 PTS),87 - 79,-8
0020500019,342,2,1,3,12:48 PM,3:07,MISS Parker 24' 3PT Jump Shot,,,,
0020500019,343,4,0,3,12:48 PM,3:05,,,Thomas REBOUND (Off:1 Def:6),,
0020500019,344,1,42,3,12:48 PM,3:03,,,Nash  Driving Layup (9 PTS),89 - 79,-10
0020500019,345,6,2,3,12:48 PM,3:03,Odom S.FOUL (P3.T4),,,,
0020500019,346,3,10,3,12:48 PM,3:03,,,Nash Free Throw 1 of 1 (10 PTS),90 - 79,-11
0020500019,347,2,1,3,12:49 PM,2:47,MISS Odom 25' 3PT Jump Shot,,,,
0020500019,348,4,0,3,12:49 PM,2:45,,,Bell REBOUND (Off:0 Def:5),,
0020500019,349,5,1,3,12:49 PM,2:40,Parker STEAL (4 STL),,Nash Bad Pass Turnover (P4.T9),,
0020500019,350,6,1,3,12:49 PM,2:39,,,Nash P.FOUL (P3.PN),,
0020500019,351,3,11,3,12:49 PM,2:39,MISS Parker Free Throw 1 of 2,,,,
0020500019,352,4,1,3,12:49 PM,2:39,LAKERS Rebound,,,,
0020500019,353,8,0,3,12:50 PM,2:39,SUB: Cook FOR Brown,,,,
0020500019,354,3,12,3,12:50 PM,2:39,MISS Parker Free Throw 2 of 2,,,,
0020500019,355,4,0,3,12:50 PM,2:38,,,Nash REBOUND (Off:0 Def:3),,
0020500019,356,2,1,3,12:50 PM,2:19,,,MISS Bell 21' Jump Shot,,
0020500019,357,4,0,3,12:50 PM,2:17,Odom REBOUND (Off:2 Def:10),,,,
0020500019,358,1,1,3,12:51 PM,2:08,Bryant 16' Jump Shot (25 PTS),,,90 - 81,-9
0020500019,359,2,1,3,12:51 PM,1:56,,,MISS Marion 25' 3PT Jump Shot,,
0020500019,361,4,0,3,12:51 PM,1:55,,,Suns Rebound,,
0020500019,360,8,0,3,12:51 PM,1:55,,,SUB: Barbosa FOR Nash,,
0020500019,362,8,0,3,12:51 PM,1:55,SUB: Vujacic FOR Parker,,,,
0020500019,363,10,0,3,12:51 PM,1:55,Jump Ball Bryant vs. Thomas: Tip to Barbosa,,,,
0020500019,364,2,5,3,12:52 PM,1:39,,,MISS Jackson  Layup,,
0020500019,366,4,0,3,12:52 PM,1:38,,,Thomas REBOUND (Off:2 Def:6),,
0020500019,365,2,53,3,12:52 PM,1:38,,,MISS Thomas  Tip Shot,,
0020500019,367,4,0,3,12:52 PM,1:37,Bryant REBOUND (Off:1 Def:4),,,,
0020500019,375,2,40,3,12:52 PM,1:29,MISS Bryant  Layup,,,,
0020500019,376,4,0,3,12:52 PM,1:29,,,Suns Rebound,,
0020500019,371,6,3,3,12:53 PM,1:29,Cook L.B.FOUL (P2.PN),,,,
0020500019,372,3,11,3,12:53 PM,1:29,,,Jackson Free Throw 1 of 2 (4 PTS),91 - 81,-10
0020500019,373,8,0,3,12:53 PM,1:29,,,SUB: Diaw FOR Thomas,,
0020500019,374,3,12,3,12:53 PM,1:29,,,Jackson Free Throw 2 of 2 (5 PTS),92 - 81,-11
0020500019,377,6,2,3,12:53 PM,1:24,,,Diaw S.FOUL (P2.PN),,
0020500019,380,3,11,3,12:53 PM,1:24,MISS Bryant Free Throw 1 of 2,,,,
0020500019,382,4,1,3,12:53 PM,1:24,LAKERS Rebound,,,,
0020500019,383,3,12,3,12:54 PM,1:24,Bryant Free Throw 2 of 2 (26 PTS),,,92 - 82,-10
0020500019,385,2,1,3,12:54 PM,1:00,,,MISS Jackson 25' 3PT Jump Shot,,
0020500019,386,4,0,3,12:54 PM,0:57,Odom REBOUND (Off:2 Def:11),,,,
0020500019,388,1,1,3,12:54 PM,0:52,Vujacic 25' 3PT Jump Shot (3 PTS) (Green 1 AST),,,92 - 85,-7
0020500019,389,6,1,3,12:55 PM,0:38,Cook P.FOUL (P3.PN),,,,
0020500019,390,3,11,3,12:55 PM,0:38,,,MISS Barbosa Free Throw 1 of 2,,
0020500019,391,4,1,3,12:55 PM,0:38,,,Suns Rebound,,
0020500019,392,3,12,3,12:55 PM,0:38,,,Barbosa Free Throw 2 of 2 (8 PTS),93 - 85,-8
0020500019,393,6,1,3,12:56 PM,0:29,,,Bell P.FOUL (P3.PN),,
0020500019,394,3,11,3,12:56 PM,0:29,Bryant Free Throw 1 of 2 (27 PTS),,,93 - 86,-7
0020500019,395,3,12,3,12:56 PM,0:29,Bryant Free Throw 2 of 2 (28 PTS),,,93 - 87,-6
0020500019,397,2,1,3,12:57 PM,0:14,,,MISS Barbosa 18' Jump Shot,,
0020500019,399,4,0,3,12:57 PM,0:12,,,Marion REBOUND (Off:3 Def:4),,
0020500019,398,2,4,3,12:57 PM,0:12,,,MISS Marion  Tip Shot,,
0020500019,401,4,0,3,12:57 PM,0:12,,,Marion REBOUND (Off:4 Def:4),,
0020500019,400,1,4,3,12:57 PM,0:12,,,Marion  Tip Shot (25 PTS),95 - 87,-8
0020500019,402,2,45,3,12:57 PM,0:00,MISS Bryant 8' Jump Shot,,,,
0020500019,403,4,0,3,12:57 PM,0:00,,,Jackson REBOUND (Off:0 Def:1),,
0020500019,405,13,0,3,12:57 PM,0:00,,,,95 - 87,-8
0020500019,407,12,0,4,13:01 PM,12:00,,,,95 - 87,-8
0020500019,408,2,1,4,13:02 PM,11:39,MISS George 20' Jump Shot,,,,
0020500019,409,4,0,4,13:02 PM,11:37,,,Marion REBOUND (Off:4 Def:5),,
0020500019,410,5,1,4,13:02 PM,11:27,,,Diaw Bad Pass Turnover (P1.T10),,
0020500019,411,1,1,4,13:02 PM,11:12,George 17' Jump Shot (6 PTS) (Odom 8 AST),,,95 - 89,-6
0020500019,412,1,52,4,13:02 PM,10:57,,,Marion  Alley Oop Dunk (27 PTS) (Diaw 2 AST),97 - 89,-8
0020500019,413,2,1,4,13:03 PM,10:39,MISS McKie 20' Jump Shot,,,,
0020500019,414,4,0,4,13:03 PM,10:38,,,Marion REBOUND (Off:4 Def:6),,
0020500019,415,6,1,4,13:03 PM,10:38,George P.FOUL (P5.T1),,,,
0020500019,416,1,1,4,13:03 PM,10:25,,,House 25' 3PT Jump Shot (8 PTS) (Diaw 3 AST),100 - 89,-11
0020500019,417,2,1,4,13:04 PM,10:05,MISS Odom  3PT Jump Shot,,,,
0020500019,418,4,0,4,13:04 PM,10:03,,,Diaw REBOUND (Off:1 Def:1),,
0020500019,419,6,1,4,13:04 PM,10:03,Vujacic P.FOUL (P1.T2),,,,
0020500019,420,1,42,4,13:04 PM,9:52,,,Barbosa  Driving Layup (10 PTS),102 - 89,-13
0020500019,421,5,1,4,13:04 PM,9:37,Odom Bad Pass Turnover (P1.T11),,Jones STEAL (1 STL),,
0020500019,422,1,1,4,13:04 PM,9:33,,,House 17' Jump Shot (10 PTS) (Diaw 4 AST),104 - 89,-15
0020500019,423,9,1,4,13:05 PM,9:31,LAKERS Timeout: Regular (Full 4 Short 1),,,,
0020500019,424,8,0,4,13:07 PM,9:31,SUB: Parker FOR George,,,,
0020500019,425,8,0,4,13:07 PM,9:31,SUB: Bryant FOR Vujacic,,,,
0020500019,426,8,0,4,13:07 PM,9:31,SUB: Medvedenko FOR McKie,,,,
0020500019,428,6,4,4,13:08 PM,9:20,Odom OFF.Foul (P4),,,,
0020500019,429,5,5,4,13:08 PM,9:20,Odom Foul Turnover (P2.T12),,,,
0020500019,431,1,52,4,13:09 PM,9:09,,,Marion  Alley Oop Dunk (29 PTS) (Diaw 5 AST),106 - 89,-17
0020500019,432,1,47,4,13:09 PM,8:56,Bryant 17' Turnaround Jump Shot (30 PTS) (Parker 1 AST),,,106 - 91,-15
0020500019,433,2,1,4,13:09 PM,8:47,,,MISS Jones 15' Jump Shot,,
0020500019,434,4,0,4,13:09 PM,8:44,,,Jones REBOUND (Off:1 Def:2),,
0020500019,435,1,42,4,13:09 PM,8:35,,,Barbosa  Driving Layup (12 PTS),108 - 91,-17
0020500019,436,1,65,4,13:09 PM,8:18,Odom 10' Jump Hook Shot (20 PTS),,,108 - 93,-15
0020500019,437,6,1,4,13:09 PM,8:17,Parker P.FOUL (P3.T3),,,,
0020500019,438,2,1,4,13:10 PM,8:06,,,MISS House  3PT Jump Shot,,
0020500019,439,4,0,4,13:10 PM,8:04,Odom REBOUND (Off:2 Def:12),,,,
0020500019,440,1,5,4,13:10 PM,7:58,Medvedenko  Layup (2 PTS) (Parker 2 AST),,,108 - 95,-13
0020500019,441,1,47,4,13:11 PM,7:32,,,Jones 20' Turnaround Jump Shot (14 PTS),110 - 95,-15
0020500019,442,1,46,4,13:11 PM,7:24,Bryant 10' Running Jump Shot (32 PTS),,,110 - 97,-13
0020500019,443,6,2,4,13:11 PM,7:24,,,Marion S.FOUL (P4.T1),,
0020500019,444,8,0,4,13:11 PM,7:24,,,SUB: Nash FOR House,,
0020500019,445,8,0,4,13:11 PM,7:24,,,SUB: Bell FOR Marion,,
0020500019,446,3,10,4,13:11 PM,7:24,Bryant Free Throw 1 of 1 (33 PTS),,,110 - 98,-12
0020500019,447,2,1,4,13:12 PM,7:13,,,MISS Jones 24' 3PT Jump Shot,,
0020500019,448,4,0,4,13:12 PM,7:11,Profit REBOUND (Off:0 Def:1),,,,
0020500019,449,6,1,4,13:12 PM,7:05,,,Barbosa P.FOUL (P2.T2),,
0020500019,450,1,63,4,13:12 PM,6:56,Bryant 18' Fadeaway Jumper (35 PTS) (Medvedenko 1 AST),,,110 - 100,-10
0020500019,451,2,5,4,13:13 PM,6:30,,,MISS Nash  Layup,,
0020500019,452,4,0,4,13:13 PM,6:29,Odom REBOUND (Off:2 Def:13),,,,
0020500019,453,5,2,4,13:13 PM,6:25,Parker Lost Ball Turnover (P2.T13),,Nash STEAL (4 STL),,
0020500019,454,2,1,4,13:13 PM,6:19,,,MISS Bell 18' Jump Shot,,
0020500019,455,4,0,4,13:13 PM,6:19,,,Suns Rebound,,
0020500019,456,6,1,4,13:13 PM,6:19,Profit P.FOUL (P2.T4),,,,
0020500019,457,2,1,4,13:14 PM,6:06,,,MISS Diaw 15' Jump Shot,,
0020500019,458,4,0,4,13:14 PM,6:04,Bryant REBOUND (Off:1 Def:5),,,,
0020500019,459,2,3,4,13:14 PM,5:51,MISS Medvedenko 6' Hook Shot,,,,
0020500019,460,4,0,4,13:14 PM,5:48,Bryant REBOUND (Off:2 Def:5),,,,
0020500019,461,1,1,4,13:14 PM,5:40,Profit 25' 3PT Jump Shot (7 PTS) (Bryant 4 AST),,,110 - 103,-7
0020500019,462,9,1,4,13:14 PM,5:36,,,Suns Timeout: Regular (Reg.4 Short 0),,
0020500019,464,8,0,4,13:17 PM,5:36,,,SUB: Marion FOR Diaw,,
0020500019,465,8,0,4,13:17 PM,5:36,,,SUB: Thomas FOR Barbosa,,
0020500019,466,8,0,4,13:17 PM,5:36,SUB: Brown FOR Medvedenko,,,,
0020500019,467,7,5,4,13:18 PM,5:29,Parker Violation:Kicked Ball,,,,
0020500019,468,1,5,4,13:18 PM,5:14,,,Thomas  Layup (12 PTS) (Nash 15 AST),112 - 103,-9
0020500019,469,1,63,4,13:19 PM,4:58,Bryant 13' Fadeaway Jumper (37 PTS),,,112 - 105,-7
0020500019,470,1,5,4,13:19 PM,4:44,,,Thomas  Layup (14 PTS) (Nash 16 AST),114 - 105,-9
0020500019,471,1,1,4,13:19 PM,4:27,Bryant 20' Jump Shot (39 PTS),,,114 - 107,-7
0020500019,472,2,1,4,13:19 PM,4:09,,,MISS Nash 25' 3PT Jump Shot,,
0020500019,473,4,0,4,13:19 PM,4:07,Profit REBOUND (Off:0 Def:2),,,,
0020500019,474,2,1,4,13:19 PM,4:00,MISS Profit 25' 3PT Jump Shot,,,,
0020500019,475,4,0,4,13:20 PM,3:58,,,Nash REBOUND (Off:0 Def:4),,
0020500019,476,6,2,4,13:20 PM,3:48,Brown S.FOUL (P4.PN),,,,
0020500019,477,3,11,4,13:20 PM,3:48,,,MISS Marion Free Throw 1 of 2,,
0020500019,478,4,1,4,13:20 PM,3:48,,,Suns Rebound,,
0020500019,479,3,12,4,13:20 PM,3:48,,,Marion Free Throw 2 of 2 (30 PTS),115 - 107,-8
0020500019,480,2,1,4,13:21 PM,3:40,MISS Bryant 20' Jump Shot,,,,
0020500019,481,4,0,4,13:21 PM,3:38,Parker REBOUND (Off:2 Def:0),,,,
0020500019,482,6,2,4,13:21 PM,3:27,,,Bell S.FOUL (P4.T3),,
0020500019,483,3,11,4,13:22 PM,3:27,Odom Free Throw 1 of 2 (21 PTS),,,115 - 108,-7
0020500019,484,3,12,4,13:22 PM,3:27,MISS Odom Free Throw 2 of 2,,,,
0020500019,485,4,0,4,13:22 PM,3:23,,,Bell REBOUND (Off:0 Def:6),,
0020500019,486,2,1,4,13:22 PM,3:10,,,MISS Marion 14' Jump Shot,,
0020500019,487,4,0,4,13:22 PM,3:08,Brown REBOUND (Off:1 Def:3),,,,
0020500019,488,2,1,4,13:23 PM,2:59,MISS Bryant 17' Jump Shot,,Bell BLOCK (1 BLK),,
0020500019,489,4,0,4,13:23 PM,2:59,LAKERS Rebound,,,,
0020500019,490,9,4,4,13:23 PM,2:59,,,,,
0020500019,494,1,56,4,13:26 PM,2:56,Odom 6' Running Hook Shot (23 PTS) (Brown 1 AST),,,115 - 110,-5
0020500019,495,2,1,4,13:27 PM,2:29,,,MISS Thomas 10' Jump Shot,,
0020500019,496,4,0,4,13:27 PM,2:27,Brown REBOUND (Off:1 Def:4),,,,
0020500019,497,1,44,4,13:27 PM,2:11,Profit  Reverse Layup (9 PTS) (Bryant 5 AST),,,115 - 112,-3
0020500019,498,1,1,4,13:27 PM,1:57,,,Jones 26' 3PT Jump Shot (17 PTS) (Nash 17 AST),118 - 112,-6
0020500019,499,2,1,4,13:28 PM,1:43,MISS Odom 26' 3PT Jump Shot,,,,
0020500019,500,4,0,4,13:28 PM,1:41,,,Marion REBOUND (Off:4 Def:7),,
0020500019,501,2,1,4,13:28 PM,1:25,,,MISS Nash 26' 3PT Jump Shot,,
0020500019,502,4,0,4,13:28 PM,1:22,Odom REBOUND (Off:2 Def:14),,,,
0020500019,503,2,1,4,13:28 PM,1:15,MISS Bryant 25' 3PT Jump Shot,,,,
0020500019,504,4,0,4,13:28 PM,1:13,,,Nash REBOUND (Off:0 Def:5),,
0020500019,505,2,1,4,13:28 PM,0:54,,,MISS Marion 16' Jump Shot,,
0020500019,506,4,0,4,13:28 PM,0:52,,,Bell REBOUND (Off:1 Def:6),,
0020500019,507,1,1,4,13:28 PM,0:51,,,Bell 17' Jump Shot (14 PTS),120 - 112,-8
0020500019,508,6,1,4,13:29 PM,0:45,,,Bell P.FOUL (P5.T4),,
0020500019,509,9,1,4,13:29 PM,0:45,LAKERS Timeout: Regular (Full 5 Short 1),,,,
0020500019,511,8,0,4,13:31 PM,0:45,SUB: George FOR Brown,,,,
0020500019,512,2,1,4,13:32 PM,0:41,MISS Odom 25' 3PT Jump Shot,,,,
0020500019,513,4,0,4,13:32 PM,0:39,,,Nash REBOUND (Off:0 Def:6),,
0020500019,514,6,1,4,13:32 PM,0:29,Parker P.FOUL (P4.PN),,,,
0020500019,515,3,11,4,13:32 PM,0:29,,,Nash Free Throw 1 of 2 (11 PTS),121 - 112,-9
0020500019,516,3,12,4,13:32 PM,0:29,,,Nash Free Throw 2 of 2 (12 PTS),122 - 112,-10
0020500019,517,2,1,4,13:33 PM,0:18,MISS Odom 6' Jump Shot,,,,
0020500019,518,4,0,4,13:33 PM,0:16,,,Thomas REBOUND (Off:2 Def:7),,
0020500019,519,13,0,4,13:33 PM,0:00,,,,122 - 112,-10
