GAME_ID,EVENTNUM,EVENTMSGTYPE,EVENTMSGACTIONTYPE,PERIOD,WCTIMESTRING,PCTIMESTRING,HOMEDESCRIPTION,NEUTRALDESCRIPTION,VISITORDESCRIPTION,SCORE,SCOREMARGIN,PERSON1TYPE,PLAYER1_ID,PLAYER1_NAME,PLAYER1_TEAM_ID,PLAYER1_TEAM_CITY,PLAYER1_TEAM_NICKNAME,PLAYER1_TEAM_ABBREVIATION,PERSON2TYPE,PLAYER2_ID,PLAYER2_NAME,PLAYER2_TEAM_ID,PLAYER2_TEAM_CITY,PLAYER2_TEAM_NICKNAME,PLAYER2_TEAM_ABBREVIATION,PERSON3TYPE,PLAYER3_ID,PLAYER3_NAME,PLAYER3_TEAM_ID,PLAYER3_TEAM_CITY,PLAYER3_TEAM_NICKNAME,PLAYER3_TEAM_ABBREVIATION,VIDEO_AVAILABLE_FLAG
0021200768,0,12,0,1,8:52 PM,12:00,,,,,,0.0,0,,,,,,0,0,,,,,,0,0,,,,,,0
0021200768,1,10,0,1,8:53 PM,12:00,Jump Ball James vs. Smith: Tip to Nowitzki,,,,,4.0,203108,Bernard James,1610612742.0,Dallas,Mavericks,DAL,5,2746,Josh Smith,1610612737.0,Atlanta,Hawks,ATL,4,1717,Dirk Nowitzki,1610612742.0,Dallas,Mavericks,DAL,0
0021200768,2,2,1,1,8:53 PM,11:41,MISS Marion 13' Jump Shot,,,,,4.0,1890,Shawn Marion,1610612742.0,Dallas,Mavericks,DAL,0,0,,,,,,0,0,,,,,,0
0021200768,3,4,0,1,8:53 PM,11:40,,,Smith REBOUND (Off:0 Def:1),,,5.0,2746,Josh Smith,1610612737.0,Atlanta,Hawks,ATL,0,0,,,,,,0,0,,,,,,0
0021200768,4,1,66,1,8:53 PM,11:32,,,Horford 6' Jump Bank Shot (2 PTS) (Harris 1 AST),2 - 0,-2,5.0,201143,Al Horford,1610612737.0,Atlanta,Hawks,ATL,5,2734,Devin Harris,1610612737.0,Atlanta,Hawks,ATL,0,0,,,,,,0
0021200768,5,5,1,1,8:53 PM,11:19,Marion Bad Pass Turnover (P1.T1),,Horford STEAL (1 STL),,,4.0,1890,Shawn Marion,1610612742.0,Dallas,Mavericks,DAL,5,201143,Al Horford,1610612737.0,Atlanta,Hawks,ATL,0,0,,,,,,0
0021200768,6,5,1,1,8:53 PM,11:13,James STEAL (1 STL),,Smith Bad Pass Turnover (P1.T1),,,5.0,2746,Josh Smith,1610612737.0,Atlanta,Hawks,ATL,4,203108,Bernard James,1610612742.0,Dallas,Mavericks,DAL,0,0,,,,,,0
0021200768,7,5,39,1,8:53 PM,11:08,Mayo Step Out of Bounds Turnover (P1.T2),,,,,4.0,201564,O.J. Mayo,1610612742.0,Dallas,Mavericks,DAL,0,0,,,,,,1,0,,,,,,0
0021200768,8,2,1,1,8:54 PM,10:48,,,MISS Harris 25' 3PT Jump Shot,,,5.0,2734,Devin Harris,1610612737.0,Atlanta,Hawks,ATL,0,0,,,,,,0,0,,,,,,0
0021200768,9,4,0,1,8:54 PM,10:47,Nowitzki REBOUND (Off:0 Def:1),,,,,4.0,1717,Dirk Nowitzki,1610612742.0,Dallas,Mavericks,DAL,0,0,,,,,,0,0,,,,,,0
0021200768,10,2,82,1,8:54 PM,10:41,MISS Mayo 11' Driving Bank Shot,,,,,4.0,201564,O.J. Mayo,1610612742.0,Dallas,Mavericks,DAL,0,0,,,,,,0,0,,,,,,0
0021200768,11,4,0,1,8:54 PM,10:39,,,Teague REBOUND (Off:0 Def:1),,,5.0,201952,Jeff Teague,1610612737.0,Atlanta,Hawks,ATL,0,0,,,,,,0,0,,,,,,0
0021200768,12,1,42,1,8:54 PM,10:35,,,Teague  Driving Layup (2 PTS),4 - 0,-4,5.0,201952,Jeff Teague,1610612737.0,Atlanta,Hawks,ATL,0,0,,,,,,0,0,,,,,,0
0021200768,13,2,1,1,8:54 PM,10:17,MISS Mayo 24' 3PT Jump Shot,,,,,4.0,201564,O.J. Mayo,1610612742.0,Dallas,Mavericks,DAL,0,0,,,,,,0,0,,,,,,0
0021200768,14,4,0,1,8:54 PM,10:16,,,Teague REBOUND (Off:0 Def:2),,,5.0,201952,Jeff Teague,1610612737.0,Atlanta,Hawks,ATL,0,0,,,,,,0,0,,,,,,0
0021200768,15,1,44,1,8:55 PM,10:08,,,Horford 1' Reverse Layup (4 PTS) (Tolliver 1 AST),6 - 0,-6,5.0,201143,Al Horford,1610612737.0,Atlanta,Hawks,ATL,5,201229,Anthony Tolliver,1610612737.0,Atlanta,Hawks,ATL,0,0,,,,,,0
0021200768,16,9,2,1,8:55 PM,10:06,MAVERICKS Timeout: Short (Full 0 Short 1),,,,,2.0,1610612742,,,,,,0,0,,,,,,0,0,,,,,,0
0021200768,20,2,42,1,8:56 PM,9:53,MISS Collison 3' Driving Layup,,Horford BLOCK (1 BLK),,,4.0,201954,Darren Collison,1610612742.0,Dallas,Mavericks,DAL,0,0,,,,,,5,201143,Al Horford,1610612737.0,Atlanta,Hawks,ATL,0
0021200768,21,4,0,1,8:56 PM,9:51,,,Horford REBOUND (Off:0 Def:1),,,5.0,201143,Al Horford,1610612737.0,Atlanta,Hawks,ATL,0,0,,,,,,0,0,,,,,,0
0021200768,22,2,46,1,8:56 PM,9:47,,,MISS Teague 4' Running Jump Shot,,,5.0,201952,Jeff Teague,1610612737.0,Atlanta,Hawks,ATL,0,0,,,,,,0,0,,,,,,0
0021200768,23,4,0,1,8:56 PM,9:46,James REBOUND (Off:0 Def:1),,,,,4.0,203108,Bernard James,1610612742.0,Dallas,Mavericks,DAL,0,0,,,,,,0,0,,,,,,0
0021200768,24,6,2,1,8:56 PM,9:40,,,Horford S.FOUL (P1.T1),,,5.0,201143,Al Horford,1610612737.0,Atlanta,Hawks,ATL,4,203108,Bernard James,1610612742.0,Dallas,Mavericks,DAL,1,0,,,,,,0
0021200768,25,3,11,1,8:56 PM,9:40,MISS James Free Throw 1 of 2,,,,,4.0,203108,Bernard James,1610612742.0,Dallas,Mavericks,DAL,0,0,,,,,,0,0,,,,,,0
0021200768,26,4,1,1,8:56 PM,9:40,MAVERICKS Rebound,,,,,2.0,1610612742,,,,,,0,0,,,,,,0,0,,,,,,0
0021200768,27,3,12,1,8:56 PM,9:40,MISS James Free Throw 2 of 2,,,,,4.0,203108,Bernard James,1610612742.0,Dallas,Mavericks,DAL,0,0,,,,,,0,0,,,,,,0
0021200768,29,4,0,1,8:57 PM,9:40,,,Smith REBOUND (Off:0 Def:2),,,5.0,2746,Josh Smith,1610612737.0,Atlanta,Hawks,ATL,0,0,,,,,,0,0,,,,,,0
0021200768,30,6,1,1,8:57 PM,9:27,Nowitzki P.FOUL (P1.T1),,,,,4.0,1717,Dirk Nowitzki,1610612742.0,Dallas,Mavericks,DAL,5,2734,Devin Harris,1610612737.0,Atlanta,Hawks,ATL,1,0,,,,,,0
0021200768,31,2,65,1,8:57 PM,9:16,,,MISS Smith 4' Jump Hook Shot,,,5.0,2746,Josh Smith,1610612737.0,Atlanta,Hawks,ATL,0,0,,,,,,0,0,,,,,,0
0021200768,32,4,0,1,8:57 PM,9:15,James REBOUND (Off:0 Def:2),,,,,4.0,203108,Bernard James,1610612742.0,Dallas,Mavericks,DAL,0,0,,,,,,0,0,,,,,,0
0021200768,33,2,1,1,8:58 PM,9:06,MISS James 4' Jump Shot,,Horford BLOCK (2 BLK),,,4.0,203108,Bernard James,1610612742.0,Dallas,Mavericks,DAL,0,0,,,,,,5,201143,Al Horford,1610612737.0,Atlanta,Hawks,ATL,0
0021200768,34,4,0,1,8:58 PM,9:04,,,Horford REBOUND (Off:0 Def:2),,,5.0,201143,Al Horford,1610612737.0,Atlanta,Hawks,ATL,0,0,,,,,,0,0,,,,,,0
0021200768,35,1,42,1,8:58 PM,9:00,,,Harris 2' Driving Layup (2 PTS),8 - 0,-8,5.0,2734,Devin Harris,1610612737.0,Atlanta,Hawks,ATL,0,0,,,,,,0,0,,,,,,0
0021200768,36,2,1,1,8:58 PM,8:49,MISS Collison 24' 3PT Jump Shot,,,,,4.0,201954,Darren Collison,1610612742.0,Dallas,Mavericks,DAL,0,0,,,,,,0,0,,,,,,0
0021200768,37,4,0,1,8:58 PM,8:48,,,Tolliver REBOUND (Off:0 Def:1),,,5.0,201229,Anthony Tolliver,1610612737.0,Atlanta,Hawks,ATL,0,0,,,,,,0,0,,,,,,0
0021200768,38,1,42,1,8:58 PM,8:42,,,Harris 1' Driving Layup (4 PTS),10 - 0,-10,5.0,2734,Devin Harris,1610612737.0,Atlanta,Hawks,ATL,0,0,,,,,,0,0,,,,,,0
0021200768,39,9,1,1,8:58 PM,8:35,MAVERICKS Timeout: Regular (Full 1 Short 1),,,,,2.0,1610612742,,,,,,0,0,,,,,,0,0,,,,,,0
0021200768,43,1,1,1,9:01 PM,8:27,Mayo 17' Jump Shot (2 PTS) (Collison 1 AST),,,10 - 2,-8,4.0,201564,O.J. Mayo,1610612742.0,Dallas,Mavericks,DAL,4,201954,Darren Collison,1610612742.0,Dallas,Mavericks,DAL,0,0,,,,,,0
0021200768,44,1,1,1,9:01 PM,8:03,,,Harris 24' 3PT Jump Shot (7 PTS) (Teague 1 AST),13 - 2,-11,5.0,2734,Devin Harris,1610612737.0,Atlanta,Hawks,ATL,5,201952,Jeff Teague,1610612737.0,Atlanta,Hawks,ATL,0,0,,,,,,0
0021200768,45,1,80,1,9:01 PM,7:53,Mayo 17' Step Back Jump Shot (4 PTS),,,13 - 4,-9,4.0,201564,O.J. Mayo,1610612742.0,Dallas,Mavericks,DAL,0,0,,,,,,0,0,,,,,,0
0021200768,46,2,85,1,9:01 PM,7:37,,,MISS Horford 6' Turnaround Bank Shot,,,5.0,201143,Al Horford,1610612737.0,Atlanta,Hawks,ATL,0,0,,,,,,0,0,,,,,,0
0021200768,47,4,0,1,9:01 PM,7:36,Nowitzki REBOUND (Off:0 Def:2),,,,,4.0,1717,Dirk Nowitzki,1610612742.0,Dallas,Mavericks,DAL,0,0,,,,,,0,0,,,,,,0
0021200768,48,1,42,1,9:01 PM,7:31,Collison 2' Driving Layup (2 PTS),,,13 - 6,-7,4.0,201954,Darren Collison,1610612742.0,Dallas,Mavericks,DAL,0,0,,,,,,0,0,,,,,,0
0021200768,49,1,73,1,9:02 PM,7:20,,,Teague 1' Driving Reverse Layup (4 PTS),15 - 6,-9,5.0,201952,Jeff Teague,1610612737.0,Atlanta,Hawks,ATL,0,0,,,,,,0,0,,,,,,0
0021200768,50,1,1,1,9:02 PM,7:04,Mayo 22' Jump Shot (6 PTS) (James 1 AST),,,15 - 8,-7,4.0,201564,O.J. Mayo,1610612742.0,Dallas,Mavericks,DAL,4,203108,Bernard James,1610612742.0,Dallas,Mavericks,DAL,0,0,,,,,,0
0021200768,51,2,1,1,9:02 PM,6:47,,,MISS Harris 25' 3PT Jump Shot,,,5.0,2734,Devin Harris,1610612737.0,Atlanta,Hawks,ATL,0,0,,,,,,0,0,,,,,,0
0021200768,52,4,0,1,9:02 PM,6:46,MAVERICKS Rebound,,,,,2.0,1610612742,,,,,,0,0,,,,,,0,0,,,,,,0
0021200768,53,8,0,1,9:02 PM,6:46,,,SUB: Korver FOR Harris,,,5.0,2734,Devin Harris,1610612737.0,Atlanta,Hawks,ATL,5,2594,Kyle Korver,1610612737.0,Atlanta,Hawks,ATL,0,0,,,,,,0
0021200768,55,2,63,1,9:03 PM,6:36,MISS Nowitzki 18' Fadeaway Jumper,,,,,4.0,1717,Dirk Nowitzki,1610612742.0,Dallas,Mavericks,DAL,0,0,,,,,,0,0,,,,,,0
0021200768,56,4,0,1,9:03 PM,6:35,,,Smith REBOUND (Off:0 Def:3),,,5.0,2746,Josh Smith,1610612737.0,Atlanta,Hawks,ATL,0,0,,,,,,0,0,,,,,,0
0021200768,57,1,88,1,9:03 PM,6:29,,,Smith 1' Driving Slam Dunk (2 PTS),17 - 8,-9,5.0,2746,Josh Smith,1610612737.0,Atlanta,Hawks,ATL,0,0,,,,,,0,0,,,,,,0
0021200768,58,1,42,1,9:03 PM,6:20,Collison  Driving Layup (4 PTS),,,17 - 10,-7,4.0,201954,Darren Collison,1610612742.0,Dallas,Mavericks,DAL,0,0,,,,,,0,0,,,,,,0
0021200768,59,2,1,1,9:03 PM,6:03,,,MISS Teague 24' 3PT Jump Shot,,,5.0,201952,Jeff Teague,1610612737.0,Atlanta,Hawks,ATL,0,0,,,,,,0,0,,,,,,0
0021200768,60,4,0,1,9:03 PM,6:02,Nowitzki REBOUND (Off:0 Def:3),,,,,4.0,1717,Dirk Nowitzki,1610612742.0,Dallas,Mavericks,DAL,0,0,,,,,,0,0,,,,,,0
0021200768,61,1,1,1,9:03 PM,5:52,Nowitzki 18' Jump Shot (2 PTS) (Collison 2 AST),,,17 - 12,-5,4.0,1717,Dirk Nowitzki,1610612742.0,Dallas,Mavericks,DAL,4,201954,Darren Collison,1610612742.0,Dallas,Mavericks,DAL,0,0,,,,,,0
0021200768,62,1,73,1,9:04 PM,5:34,,,Teague 1' Driving Reverse Layup (6 PTS),19 - 12,-7,5.0,201952,Jeff Teague,1610612737.0,Atlanta,Hawks,ATL,0,0,,,,,,0,0,,,,,,0
0021200768,63,2,58,1,9:04 PM,5:18,MISS Marion 7' Turnaround Hook Shot,,,,,4.0,1890,Shawn Marion,1610612742.0,Dallas,Mavericks,DAL,0,0,,,,,,0,0,,,,,,0
0021200768,64,4,0,1,9:04 PM,5:17,,,Korver REBOUND (Off:0 Def:1),,,5.0,2594,Kyle Korver,1610612737.0,Atlanta,Hawks,ATL,0,0,,,,,,0,0,,,,,,0
0021200768,65,2,1,1,9:04 PM,5:09,,,MISS Korver 25' 3PT Jump Shot,,,5.0,2594,Kyle Korver,1610612737.0,Atlanta,Hawks,ATL,0,0,,,,,,0,0,,,,,,0
0021200768,66,4,0,1,9:04 PM,5:08,James REBOUND (Off:0 Def:3),,,,,4.0,203108,Bernard James,1610612742.0,Dallas,Mavericks,DAL,0,0,,,,,,0,0,,,,,,0
0021200768,67,2,1,1,9:04 PM,4:49,MISS Nowitzki 12' Jump Shot,,,,,4.0,1717,Dirk Nowitzki,1610612742.0,Dallas,Mavericks,DAL,0,0,,,,,,0,0,,,,,,0
0021200768,68,4,0,1,9:04 PM,4:47,Collison REBOUND (Off:1 Def:0),,,,,4.0,201954,Darren Collison,1610612742.0,Dallas,Mavericks,DAL,0,0,,,,,,0,0,,,,,,0
0021200768,69,2,1,1,9:04 PM,4:43,MISS Collison 17' Jump Shot,,,,,4.0,201954,Darren Collison,1610612742.0,Dallas,Mavericks,DAL,0,0,,,,,,0,0,,,,,,0
0021200768,70,4,0,1,9:05 PM,4:42,Nowitzki REBOUND (Off:1 Def:3),,,,,4.0,1717,Dirk Nowitzki,1610612742.0,Dallas,Mavericks,DAL,0,0,,,,,,0,0,,,,,,0
0021200768,71,1,72,1,9:05 PM,4:41,Nowitzki  Putback Layup (4 PTS),,,19 - 14,-5,4.0,1717,Dirk Nowitzki,1610612742.0,Dallas,Mavericks,DAL,0,0,,,,,,0,0,,,,,,0
0021200768,72,7,1,1,9:05 PM,4:41,MAVERICKS Violation: Delay of game Violation,,,,,2.0,1610612742,,,,,,0,0,,,,,,1,0,,,,,,0
0021200768,73,9,1,1,9:05 PM,4:41,,,Hawks Timeout: Regular (Reg.1 Short 0),,,3.0,1610612737,,,,,,0,0,,,,,,0,0,,,,,,0
0021200768,74,8,0,1,9:07 PM,4:41,SUB: Carter FOR Nowitzki,,,,,4.0,1717,Dirk Nowitzki,1610612742.0,Dallas,Mavericks,DAL,4,1713,Vince Carter,1610612742.0,Dallas,Mavericks,DAL,0,0,,,,,,0
0021200768,76,8,0,1,9:07 PM,4:41,SUB: Brand FOR James,,,,,4.0,203108,Bernard James,1610612742.0,Dallas,Mavericks,DAL,4,1882,Elton Brand,1610612742.0,Dallas,Mavericks,DAL,0,0,,,,,,0
0021200768,77,1,57,1,9:07 PM,4:24,,,Horford 5' Driving Hook Shot (6 PTS),21 - 14,-7,5.0,201143,Al Horford,1610612737.0,Atlanta,Hawks,ATL,0,0,,,,,,0,0,,,,,,0
0021200768,78,1,76,1,9:08 PM,4:09,Collison 1' Running Finger Roll Layup (6 PTS),,,21 - 16,-5,4.0,201954,Darren Collison,1610612742.0,Dallas,Mavericks,DAL,0,0,,,,,,0,0,,,,,,0
0021200768,80,2,73,1,9:08 PM,3:49,,,MISS Teague 1' Driving Reverse Layup,,,5.0,201952,Jeff Teague,1610612737.0,Atlanta,Hawks,ATL,0,0,,,,,,0,0,,,,,,0
0021200768,82,4,0,1,9:08 PM,3:48,Marion REBOUND (Off:0 Def:1),,,,,4.0,1890,Shawn Marion,1610612742.0,Dallas,Mavericks,DAL,0,0,,,,,,0,0,,,,,,0
0021200768,83,5,1,1,9:08 PM,3:47,Marion Bad Pass Turnover (P2.T3),,Horford STEAL (2 STL),,,4.0,1890,Shawn Marion,1610612742.0,Dallas,Mavericks,DAL,5,201143,Al Horford,1610612737.0,Atlanta,Hawks,ATL,0,0,,,,,,0
0021200768,84,6,2,1,9:09 PM,3:46,Carter S.FOUL (P1.T2),,,,,4.0,1713,Vince Carter,1610612742.0,Dallas,Mavericks,DAL,5,201143,Al Horford,1610612737.0,Atlanta,Hawks,ATL,1,0,,,,,,0
0021200768,85,3,11,1,9:09 PM,3:46,,,MISS Horford Free Throw 1 of 2,,,5.0,201143,Al Horford,1610612737.0,Atlanta,Hawks,ATL,0,0,,,,,,0,0,,,,,,0
0021200768,86,4,1,1,9:09 PM,3:46,,,Hawks Rebound,,,3.0,1610612737,,,,,,0,0,,,,,,0,0,,,,,,0
0021200768,87,8,0,1,9:09 PM,3:46,,,SUB: Jenkins FOR Tolliver,,,5.0,201229,Anthony Tolliver,1610612737.0,Atlanta,Hawks,ATL,5,203098,John Jenkins,1610612737.0,Atlanta,Hawks,ATL,0,0,,,,,,0
0021200768,88,3,12,1,9:09 PM,3:46,,,Horford Free Throw 2 of 2 (7 PTS),22 - 16,-6,5.0,201143,Al Horford,1610612737.0,Atlanta,Hawks,ATL,0,0,,,,,,0,0,,,,,,0
0021200768,90,6,1,1,9:09 PM,3:41,,,Teague P.FOUL (P1.T2),,,5.0,201952,Jeff Teague,1610612737.0,Atlanta,Hawks,ATL,4,201954,Darren Collison,1610612742.0,Dallas,Mavericks,DAL,1,0,,,,,,0
0021200768,91,8,0,1,9:09 PM,3:41,,,SUB: Pachulia FOR Horford,,,5.0,201143,Al Horford,1610612737.0,Atlanta,Hawks,ATL,5,2585,Zaza Pachulia,1610612737.0,Atlanta,Hawks,ATL,0,0,,,,,,0
0021200768,92,5,1,1,9:10 PM,3:36,Carter Bad Pass Turnover (P1.T4),,,,,4.0,1713,Vince Carter,1610612742.0,Dallas,Mavericks,DAL,0,0,,,,,,1,0,,,,,,0
0021200768,93,1,1,1,9:10 PM,3:13,,,Jenkins 21' Jump Shot (2 PTS),24 - 16,-8,5.0,203098,John Jenkins,1610612737.0,Atlanta,Hawks,ATL,0,0,,,,,,0,0,,,,,,0
0021200768,94,5,1,1,9:10 PM,3:05,Collison Bad Pass Turnover (P1.T5),,Smith STEAL (1 STL),,,4.0,201954,Darren Collison,1610612742.0,Dallas,Mavericks,DAL,5,2746,Josh Smith,1610612737.0,Atlanta,Hawks,ATL,0,0,,,,,,0
0021200768,95,1,1,1,9:10 PM,2:58,,,Korver  3PT Jump Shot (3 PTS) (Teague 2 AST),27 - 16,-11,5.0,2594,Kyle Korver,1610612737.0,Atlanta,Hawks,ATL,5,201952,Jeff Teague,1610612737.0,Atlanta,Hawks,ATL,0,0,,,,,,0
0021200768,96,2,73,1,9:11 PM,2:40,MISS Carter 3' Driving Reverse Layup,,,,,4.0,1713,Vince Carter,1610612742.0,Dallas,Mavericks,DAL,0,0,,,,,,0,0,,,,,,0
0021200768,97,4,0,1,9:11 PM,2:38,,,Korver REBOUND (Off:0 Def:2),,,5.0,2594,Kyle Korver,1610612737.0,Atlanta,Hawks,ATL,0,0,,,,,,0,0,,,,,,0
0021200768,98,2,58,1,9:11 PM,2:24,,,MISS Smith 6' Turnaround Hook Shot,,,5.0,2746,Josh Smith,1610612737.0,Atlanta,Hawks,ATL,0,0,,,,,,0,0,,,,,,0
0021200768,99,4,0,1,9:11 PM,2:23,,,Smith REBOUND (Off:1 Def:3),,,5.0,2746,Josh Smith,1610612737.0,Atlanta,Hawks,ATL,0,0,,,,,,0,0,,,,,,0
0021200768,100,1,72,1,9:11 PM,2:22,,,Smith 2' Putback Layup (4 PTS),29 - 16,-13,5.0,2746,Josh Smith,1610612737.0,Atlanta,Hawks,ATL,0,0,,,,,,0,0,,,,,,0
0021200768,101,9,1,1,9:11 PM,2:20,MAVERICKS Timeout: Regular (Full 2 Short 1),,,,,2.0,1610612742,,,,,,0,0,,,,,,0,0,,,,,,0
0021200768,103,8,0,1,9:13 PM,2:20,SUB: Beaubois FOR Marion,,,,,4.0,1890,Shawn Marion,1610612742.0,Dallas,Mavericks,DAL,4,201958,Rodrigue Beaubois,1610612742.0,Dallas,Mavericks,DAL,0,0,,,,,,0
0021200768,104,8,0,1,9:13 PM,2:20,SUB: Nowitzki FOR Collison,,,,,4.0,201954,Darren Collison,1610612742.0,Dallas,Mavericks,DAL,4,1717,Dirk Nowitzki,1610612742.0,Dallas,Mavericks,DAL,0,0,,,,,,0
0021200768,106,1,1,1,9:13 PM,2:06,Mayo 22' Jump Shot (8 PTS),,,29 - 18,-11,4.0,201564,O.J. Mayo,1610612742.0,Dallas,Mavericks,DAL,0,0,,,,,,0,0,,,,,,0
0021200768,107,2,1,1,9:14 PM,1:40,Nowitzki BLOCK (1 BLK),,MISS Pachulia 14' Jump Shot,,,5.0,2585,Zaza Pachulia,1610612737.0,Atlanta,Hawks,ATL,0,0,,,,,,4,1717,Dirk Nowitzki,1610612742.0,Dallas,Mavericks,DAL,0
0021200768,108,4,0,1,9:14 PM,1:37,Brand REBOUND (Off:0 Def:1),,,,,4.0,1882,Elton Brand,1610612742.0,Dallas,Mavericks,DAL,0,0,,,,,,0,0,,,,,,0
0021200768,109,1,1,1,9:14 PM,1:30,Brand 16' Jump Shot (2 PTS) (Beaubois 1 AST),,,29 - 20,-9,4.0,1882,Elton Brand,1610612742.0,Dallas,Mavericks,DAL,4,201958,Rodrigue Beaubois,1610612742.0,Dallas,Mavericks,DAL,0,0,,,,,,0
0021200768,110,2,1,1,9:14 PM,1:15,,,MISS Smith 17' Jump Shot,,,5.0,2746,Josh Smith,1610612737.0,Atlanta,Hawks,ATL,0,0,,,,,,0,0,,,,,,0
0021200768,111,4,0,1,9:14 PM,1:14,Carter REBOUND (Off:0 Def:1),,,,,4.0,1713,Vince Carter,1610612742.0,Dallas,Mavericks,DAL,0,0,,,,,,0,0,,,,,,0
0021200768,112,2,56,1,9:14 PM,1:05,MISS Carter 8' Running Hook Shot,,,,,4.0,1713,Vince Carter,1610612742.0,Dallas,Mavericks,DAL,0,0,,,,,,0,0,,,,,,0
0021200768,113,4,0,1,9:14 PM,1:04,,,Pachulia REBOUND (Off:0 Def:1),,,5.0,2585,Zaza Pachulia,1610612737.0,Atlanta,Hawks,ATL,0,0,,,,,,0,0,,,,,,0
0021200768,114,6,2,1,9:15 PM,0:58,Carter S.FOUL (P2.T3),,,,,4.0,1713,Vince Carter,1610612742.0,Dallas,Mavericks,DAL,5,2585,Zaza Pachulia,1610612737.0,Atlanta,Hawks,ATL,1,0,,,,,,0
0021200768,115,3,11,1,9:15 PM,0:58,,,MISS Pachulia Free Throw 1 of 2,,,5.0,2585,Zaza Pachulia,1610612737.0,Atlanta,Hawks,ATL,0,0,,,,,,0,0,,,,,,0
0021200768,116,4,1,1,9:15 PM,0:58,,,Hawks Rebound,,,3.0,1610612737,,,,,,0,0,,,,,,0,0,,,,,,0
0021200768,117,8,0,1,9:15 PM,0:58,SUB: Crowder FOR Carter,,,,,4.0,1713,Vince Carter,1610612742.0,Dallas,Mavericks,DAL,4,203109,Jae Crowder,1610612742.0,Dallas,Mavericks,DAL,0,0,,,,,,0
0021200768,118,8,0,1,9:15 PM,0:58,,,SUB: Harris FOR Teague,,,5.0,201952,Jeff Teague,1610612737.0,Atlanta,Hawks,ATL,5,2734,Devin Harris,1610612737.0,Atlanta,Hawks,ATL,0,0,,,,,,0
0021200768,119,3,12,1,9:15 PM,0:58,,,Pachulia Free Throw 2 of 2 (1 PTS),30 - 20,-10,5.0,2585,Zaza Pachulia,1610612737.0,Atlanta,Hawks,ATL,0,0,,,,,,0,0,,,,,,0
0021200768,121,1,1,1,9:16 PM,0:37,Nowitzki 24' 3PT Jump Shot (7 PTS) (Crowder 1 AST),,,30 - 23,-7,4.0,1717,Dirk Nowitzki,1610612742.0,Dallas,Mavericks,DAL,4,203109,Jae Crowder,1610612742.0,Dallas,Mavericks,DAL,0,0,,,,,,0
0021200768,122,6,2,1,9:16 PM,0:27,Crowder S.FOUL (P1.PN),,,,,4.0,203109,Jae Crowder,1610612742.0,Dallas,Mavericks,DAL,5,2585,Zaza Pachulia,1610612737.0,Atlanta,Hawks,ATL,1,0,,,,,,0
0021200768,123,3,11,1,9:16 PM,0:27,,,Pachulia Free Throw 1 of 2 (2 PTS),31 - 23,-8,5.0,2585,Zaza Pachulia,1610612737.0,Atlanta,Hawks,ATL,0,0,,,,,,0,0,,,,,,0
0021200768,125,3,12,1,9:16 PM,0:27,,,MISS Pachulia Free Throw 2 of 2,,,5.0,2585,Zaza Pachulia,1610612737.0,Atlanta,Hawks,ATL,0,0,,,,,,0,0,,,,,,0
0021200768,127,4,0,1,9:17 PM,0:26,,,Korver REBOUND (Off:1 Def:2),,,5.0,2594,Kyle Korver,1610612737.0,Atlanta,Hawks,ATL,0,0,,,,,,0,0,,,,,,0
0021200768,128,2,1,1,9:17 PM,0:01,,,MISS Jenkins  3PT Jump Shot,,,5.0,203098,John Jenkins,1610612737.0,Atlanta,Hawks,ATL,0,0,,,,,,0,0,,,,,,0
0021200768,129,4,0,1,9:17 PM,0:00,Beaubois REBOUND (Off:0 Def:1),,,,,4.0,201958,Rodrigue Beaubois,1610612742.0,Dallas,Mavericks,DAL,0,0,,,,,,0,0,,,,,,0
0021200768,130,13,0,1,9:17 PM,0:00,,,,31 - 23,-8,0.0,0,,,,,,0,0,,,,,,0,0,,,,,,0
0021200768,132,12,0,2,9:20 PM,12:00,,,,31 - 23,-8,0.0,0,,,,,,0,0,,,,,,0,0,,,,,,0
0021200768,133,1,79,2,9:20 PM,11:42,,,Korver 19' Pullup Jump Shot (5 PTS) (Pachulia 1 AST),33 - 23,-10,5.0,2594,Kyle Korver,1610612737.0,Atlanta,Hawks,ATL,5,2585,Zaza Pachulia,1610612737.0,Atlanta,Hawks,ATL,0,0,,,,,,0
0021200768,134,2,63,2,9:20 PM,11:28,MISS Brand 15' Fadeaway Jumper,,,,,4.0,1882,Elton Brand,1610612742.0,Dallas,Mavericks,DAL,0,0,,,,,,0,0,,,,,,0
0021200768,135,4,0,2,9:20 PM,11:27,MAVERICKS Rebound,,,,,2.0,1610612742,,,,,,0,0,,,,,,0,0,,,,,,0
0021200768,136,2,77,2,9:21 PM,11:15,MISS James 6' Driving Jump Shot,,,,,4.0,2229,Mike James,1610612742.0,Dallas,Mavericks,DAL,0,0,,,,,,0,0,,,,,,0
0021200768,137,4,0,2,9:21 PM,11:14,,,Pachulia REBOUND (Off:0 Def:2),,,5.0,2585,Zaza Pachulia,1610612737.0,Atlanta,Hawks,ATL,0,0,,,,,,0,0,,,,,,0
0021200768,138,2,1,2,9:21 PM,11:08,,,MISS Jenkins  3PT Jump Shot,,,5.0,203098,John Jenkins,1610612737.0,Atlanta,Hawks,ATL,0,0,,,,,,0,0,,,,,,0
0021200768,139,4,0,2,9:21 PM,11:07,Brand REBOUND (Off:0 Def:2),,,,,4.0,1882,Elton Brand,1610612742.0,Dallas,Mavericks,DAL,0,0,,,,,,0,0,,,,,,0
0021200768,140,1,75,2,9:21 PM,10:56,Crowder 1' Driving Finger Roll Layup (2 PTS) (James 1 AST),,,33 - 25,-8,4.0,203109,Jae Crowder,1610612742.0,Dallas,Mavericks,DAL,4,2229,Mike James,1610612742.0,Dallas,Mavericks,DAL,0,0,,,,,,0
0021200768,141,6,1,2,9:21 PM,10:44,Crowder P.FOUL (P2.T1),,,,,4.0,203109,Jae Crowder,1610612742.0,Dallas,Mavericks,DAL,5,2594,Kyle Korver,1610612737.0,Atlanta,Hawks,ATL,1,0,,,,,,0
0021200768,142,2,1,2,9:22 PM,10:39,,,MISS Horford 18' Jump Shot,,,5.0,201143,Al Horford,1610612737.0,Atlanta,Hawks,ATL,0,0,,,,,,0,0,,,,,,0
0021200768,143,4,0,2,9:22 PM,10:38,,,Pachulia REBOUND (Off:1 Def:2),,,5.0,2585,Zaza Pachulia,1610612737.0,Atlanta,Hawks,ATL,0,0,,,,,,0,0,,,,,,0
0021200768,144,2,77,2,9:22 PM,10:28,Brand BLOCK (1 BLK),,MISS Pachulia 6' Driving Jump Shot,,,5.0,2585,Zaza Pachulia,1610612737.0,Atlanta,Hawks,ATL,0,0,,,,,,4,1882,Elton Brand,1610612742.0,Dallas,Mavericks,DAL,0
0021200768,145,4,0,2,9:22 PM,10:27,MAVERICKS Rebound,,,,,2.0,1610612742,,,,,,0,0,,,,,,0,0,,,,,,0
0021200768,146,6,1,2,9:23 PM,10:17,,,Horford P.FOUL (P2.T1),,,5.0,201143,Al Horford,1610612737.0,Atlanta,Hawks,ATL,4,1717,Dirk Nowitzki,1610612742.0,Dallas,Mavericks,DAL,1,0,,,,,,0
0021200768,147,2,1,2,9:23 PM,10:09,MISS Nowitzki 16' Jump Shot,,,,,4.0,1717,Dirk Nowitzki,1610612742.0,Dallas,Mavericks,DAL,0,0,,,,,,0,0,,,,,,0
0021200768,148,4,0,2,9:23 PM,10:08,,,Pachulia REBOUND (Off:1 Def:3),,,5.0,2585,Zaza Pachulia,1610612737.0,Atlanta,Hawks,ATL,0,0,,,,,,0,0,,,,,,0
0021200768,149,1,1,2,9:23 PM,10:00,,,Horford 19' Jump Shot (9 PTS) (Harris 2 AST),35 - 25,-10,5.0,201143,Al Horford,1610612737.0,Atlanta,Hawks,ATL,5,2734,Devin Harris,1610612737.0,Atlanta,Hawks,ATL,0,0,,,,,,0
0021200768,150,2,1,2,9:23 PM,9:45,MISS Beaubois 21' Jump Shot,,,,,4.0,201958,Rodrigue Beaubois,1610612742.0,Dallas,Mavericks,DAL,0,0,,,,,,0,0,,,,,,0
0021200768,151,4,0,2,9:23 PM,9:45,,,Hawks Rebound,,,3.0,1610612737,,,,,,0,0,,,,,,0,0,,,,,,0
0021200768,152,2,65,2,9:24 PM,9:23,,,MISS Horford 7' Jump Hook Shot,,,5.0,201143,Al Horford,1610612737.0,Atlanta,Hawks,ATL,0,0,,,,,,0,0,,,,,,0
0021200768,153,4,0,2,9:24 PM,9:22,,,Pachulia REBOUND (Off:2 Def:3),,,5.0,2585,Zaza Pachulia,1610612737.0,Atlanta,Hawks,ATL,0,0,,,,,,0,0,,,,,,0
0021200768,154,1,1,2,9:24 PM,9:13,,,Pachulia 11' Jump Shot (4 PTS) (Harris 3 AST),37 - 25,-12,5.0,2585,Zaza Pachulia,1610612737.0,Atlanta,Hawks,ATL,5,2734,Devin Harris,1610612737.0,Atlanta,Hawks,ATL,0,0,,,,,,0
0021200768,155,2,1,2,9:24 PM,8:50,MISS Crowder 24' 3PT Jump Shot,,,,,4.0,203109,Jae Crowder,1610612742.0,Dallas,Mavericks,DAL,0,0,,,,,,0,0,,,,,,0
0021200768,156,4,0,2,9:25 PM,8:49,,,Jenkins REBOUND (Off:0 Def:1),,,5.0,203098,John Jenkins,1610612737.0,Atlanta,Hawks,ATL,0,0,,,,,,0,0,,,,,,0
0021200768,157,5,1,2,9:25 PM,8:44,,,Harris Bad Pass Turnover (P1.T2),,,5.0,2734,Devin Harris,1610612737.0,Atlanta,Hawks,ATL,0,0,,,,,,1,0,,,,,,0
0021200768,158,9,4,2,9:25 PM,8:44,,,,,,1.0,0,,,,,,0,0,,,,,,0,0,,,,,,0
0021200768,159,8,0,2,9:27 PM,8:44,SUB: Marion FOR Nowitzki,,,,,4.0,1717,Dirk Nowitzki,1610612742.0,Dallas,Mavericks,DAL,4,1890,Shawn Marion,1610612742.0,Dallas,Mavericks,DAL,0,0,,,,,,0
0021200768,160,8,0,2,9:27 PM,8:44,SUB: Carter FOR Crowder,,,,,4.0,203109,Jae Crowder,1610612742.0,Dallas,Mavericks,DAL,4,1713,Vince Carter,1610612742.0,Dallas,Mavericks,DAL,0,0,,,,,,0
0021200768,163,1,1,2,9:28 PM,8:28,Brand 13' Jump Shot (4 PTS) (Beaubois 2 AST),,,37 - 27,-10,4.0,1882,Elton Brand,1610612742.0,Dallas,Mavericks,DAL,4,201958,Rodrigue Beaubois,1610612742.0,Dallas,Mavericks,DAL,0,0,,,,,,0
0021200768,164,2,1,2,9:28 PM,8:13,,,MISS Harris 25' 3PT Jump Shot,,,5.0,2734,Devin Harris,1610612737.0,Atlanta,Hawks,ATL,0,0,,,,,,0,0,,,,,,0
0021200768,165,4,0,2,9:28 PM,8:12,Carter REBOUND (Off:0 Def:2),,,,,4.0,1713,Vince Carter,1610612742.0,Dallas,Mavericks,DAL,0,0,,,,,,0,0,,,,,,0
0021200768,166,1,1,2,9:28 PM,8:03,Carter 25' 3PT Jump Shot (3 PTS) (Beaubois 3 AST),,,37 - 30,-7,4.0,1713,Vince Carter,1610612742.0,Dallas,Mavericks,DAL,4,201958,Rodrigue Beaubois,1610612742.0,Dallas,Mavericks,DAL,0,0,,,,,,0
0021200768,167,2,1,2,9:28 PM,7:43,,,MISS Pachulia 13' Jump Shot,,,5.0,2585,Zaza Pachulia,1610612737.0,Atlanta,Hawks,ATL,0,0,,,,,,0,0,,,,,,0
0021200768,169,4,0,2,9:28 PM,7:41,,,Horford REBOUND (Off:1 Def:2),,,5.0,201143,Al Horford,1610612737.0,Atlanta,Hawks,ATL,0,0,,,,,,0,0,,,,,,0
0021200768,168,1,72,2,9:28 PM,7:41,,,Horford 3' Putback Layup (11 PTS),39 - 30,-9,5.0,201143,Al Horford,1610612737.0,Atlanta,Hawks,ATL,0,0,,,,,,0,0,,,,,,0
0021200768,170,2,1,2,9:29 PM,7:23,MISS James  3PT Jump Shot,,,,,4.0,2229,Mike James,1610612742.0,Dallas,Mavericks,DAL,0,0,,,,,,0,0,,,,,,0
0021200768,171,4,0,2,9:29 PM,7:22,,,Pachulia REBOUND (Off:2 Def:4),,,5.0,2585,Zaza Pachulia,1610612737.0,Atlanta,Hawks,ATL,0,0,,,,,,0,0,,,,,,0
0021200768,172,6,1,2,9:29 PM,7:20,James P.FOUL (P1.T2),,,,,4.0,2229,Mike James,1610612742.0,Dallas,Mavericks,DAL,5,2734,Devin Harris,1610612737.0,Atlanta,Hawks,ATL,1,0,,,,,,0
0021200768,173,8,0,2,9:29 PM,7:20,,,SUB: Teague FOR Jenkins,,,5.0,203098,John Jenkins,1610612737.0,Atlanta,Hawks,ATL,5,201952,Jeff Teague,1610612737.0,Atlanta,Hawks,ATL,0,0,,,,,,0
0021200768,174,8,0,2,9:29 PM,7:20,SUB: Collison FOR Beaubois,,,,,4.0,201958,Rodrigue Beaubois,1610612742.0,Dallas,Mavericks,DAL,4,201954,Darren Collison,1610612742.0,Dallas,Mavericks,DAL,0,0,,,,,,0
0021200768,175,8,0,2,9:29 PM,7:20,SUB: Mayo FOR James,,,,,4.0,2229,Mike James,1610612742.0,Dallas,Mavericks,DAL,4,201564,O.J. Mayo,1610612742.0,Dallas,Mavericks,DAL,0,0,,,,,,0
0021200768,176,1,5,2,9:29 PM,7:09,,,Pachulia 2' Layup (6 PTS) (Teague 3 AST),41 - 30,-11,5.0,2585,Zaza Pachulia,1610612737.0,Atlanta,Hawks,ATL,5,201952,Jeff Teague,1610612737.0,Atlanta,Hawks,ATL,0,0,,,,,,0
0021200768,177,6,1,2,9:30 PM,7:00,,,Korver P.FOUL (P1.T2),,,5.0,2594,Kyle Korver,1610612737.0,Atlanta,Hawks,ATL,4,1713,Vince Carter,1610612742.0,Dallas,Mavericks,DAL,1,0,,,,,,0
0021200768,178,1,1,2,9:30 PM,6:50,Mayo 24' 3PT Jump Shot (11 PTS) (Carter 1 AST),,,41 - 33,-8,4.0,201564,O.J. Mayo,1610612742.0,Dallas,Mavericks,DAL,4,1713,Vince Carter,1610612742.0,Dallas,Mavericks,DAL,0,0,,,,,,0
0021200768,179,5,4,2,9:30 PM,6:28,,,Horford Traveling Turnover (P1.T3),,,5.0,201143,Al Horford,1610612737.0,Atlanta,Hawks,ATL,0,0,,,,,,1,0,,,,,,0
0021200768,180,8,0,2,9:30 PM,6:28,,,SUB: Smith FOR Horford,,,5.0,201143,Al Horford,1610612737.0,Atlanta,Hawks,ATL,5,2746,Josh Smith,1610612737.0,Atlanta,Hawks,ATL,0,0,,,,,,0
0021200768,181,8,0,2,9:31 PM,6:28,,,SUB: Tolliver FOR Korver,,,5.0,2594,Kyle Korver,1610612737.0,Atlanta,Hawks,ATL,5,201229,Anthony Tolliver,1610612737.0,Atlanta,Hawks,ATL,0,0,,,,,,0
0021200768,182,2,1,2,9:31 PM,6:13,MISS Brand 14' Jump Shot,,,,,4.0,1882,Elton Brand,1610612742.0,Dallas,Mavericks,DAL,0,0,,,,,,0,0,,,,,,0
0021200768,183,4,0,2,9:31 PM,6:12,,,Smith REBOUND (Off:1 Def:4),,,5.0,2746,Josh Smith,1610612737.0,Atlanta,Hawks,ATL,0,0,,,,,,0,0,,,,,,0
0021200768,184,1,5,2,9:31 PM,6:06,,,Pachulia  Layup (8 PTS) (Smith 1 AST),43 - 33,-10,5.0,2585,Zaza Pachulia,1610612737.0,Atlanta,Hawks,ATL,5,2746,Josh Smith,1610612737.0,Atlanta,Hawks,ATL,0,0,,,,,,0
0021200768,185,1,5,2,9:31 PM,5:51,Marion 2' Layup (2 PTS),,,43 - 35,-8,4.0,1890,Shawn Marion,1610612742.0,Dallas,Mavericks,DAL,0,0,,,,,,0,0,,,,,,0
0021200768,186,6,2,2,9:31 PM,5:51,,,Tolliver S.FOUL (P1.T3),,,5.0,201229,Anthony Tolliver,1610612737.0,Atlanta,Hawks,ATL,4,1890,Shawn Marion,1610612742.0,Dallas,Mavericks,DAL,1,0,,,,,,0
0021200768,188,9,1,2,9:32 PM,5:51,MAVERICKS Timeout: Regular (Full 3 Short 1),,,,,2.0,1610612742,,,,,,0,0,,,,,,0,0,,,,,,0
0021200768,189,8,0,2,9:34 PM,5:51,SUB: Wright FOR Brand,,,,,4.0,1882,Elton Brand,1610612742.0,Dallas,Mavericks,DAL,4,201148,Brandan Wright,1610612742.0,Dallas,Mavericks,DAL,0,0,,,,,,0
0021200768,190,8,0,2,9:34 PM,5:51,,,SUB: Stevenson FOR Harris,,,5.0,2734,Devin Harris,1610612737.0,Atlanta,Hawks,ATL,5,2052,DeShawn Stevenson,1610612737.0,Atlanta,Hawks,ATL,0,0,,,,,,0
0021200768,191,3,10,2,9:34 PM,5:51,Marion Free Throw 1 of 1 (3 PTS),,,43 - 36,-7,4.0,1890,Shawn Marion,1610612742.0,Dallas,Mavericks,DAL,0,0,,,,,,0,0,,,,,,0
0021200768,193,2,1,2,9:35 PM,5:25,,,MISS Tolliver  3PT Jump Shot,,,5.0,201229,Anthony Tolliver,1610612737.0,Atlanta,Hawks,ATL,0,0,,,,,,0,0,,,,,,0
0021200768,194,4,0,2,9:35 PM,5:24,Mayo REBOUND (Off:0 Def:1),,,,,4.0,201564,O.J. Mayo,1610612742.0,Dallas,Mavericks,DAL,0,0,,,,,,0,0,,,,,,0
0021200768,195,1,82,2,9:35 PM,5:14,Mayo 8' Driving Bank Shot (13 PTS),,,43 - 38,-5,4.0,201564,O.J. Mayo,1610612742.0,Dallas,Mavericks,DAL,0,0,,,,,,0,0,,,,,,0
0021200768,196,1,82,2,9:35 PM,4:49,,,Teague 12' Driving Bank Shot (8 PTS),45 - 38,-7,5.0,201952,Jeff Teague,1610612737.0,Atlanta,Hawks,ATL,0,0,,,,,,0,0,,,,,,0
0021200768,197,6,1,2,9:36 PM,4:27,,,Smith P.FOUL (P1.T4),,,5.0,2746,Josh Smith,1610612737.0,Atlanta,Hawks,ATL,4,201954,Darren Collison,1610612742.0,Dallas,Mavericks,DAL,1,0,,,,,,0
0021200768,198,8,0,2,9:36 PM,4:27,,,SUB: Johnson FOR Pachulia,,,5.0,2585,Zaza Pachulia,1610612737.0,Atlanta,Hawks,ATL,5,201274,Ivan Johnson,1610612737.0,Atlanta,Hawks,ATL,0,0,,,,,,0
0021200768,199,2,1,2,9:36 PM,4:19,MISS Marion 8' Jump Shot,,,,,4.0,1890,Shawn Marion,1610612742.0,Dallas,Mavericks,DAL,0,0,,,,,,0,0,,,,,,0
0021200768,200,4,0,2,9:36 PM,4:17,,,Smith REBOUND (Off:1 Def:5),,,5.0,2746,Josh Smith,1610612737.0,Atlanta,Hawks,ATL,0,0,,,,,,0,0,,,,,,0
0021200768,201,2,1,2,9:36 PM,4:11,,,MISS Stevenson  3PT Jump Shot,,,5.0,2052,DeShawn Stevenson,1610612737.0,Atlanta,Hawks,ATL,0,0,,,,,,0,0,,,,,,0
0021200768,202,4,0,2,9:36 PM,4:10,Carter REBOUND (Off:0 Def:3),,,,,4.0,1713,Vince Carter,1610612742.0,Dallas,Mavericks,DAL,0,0,,,,,,0,0,,,,,,0
0021200768,203,2,7,2,9:36 PM,4:01,MISS Marion 2' Dunk,,,,,4.0,1890,Shawn Marion,1610612742.0,Dallas,Mavericks,DAL,0,0,,,,,,0,0,,,,,,0
0021200768,204,4,0,2,9:36 PM,4:00,,,Johnson REBOUND (Off:0 Def:1),,,5.0,201274,Ivan Johnson,1610612737.0,Atlanta,Hawks,ATL,0,0,,,,,,0,0,,,,,,0
0021200768,205,6,26,2,9:37 PM,3:56,,,Teague Offensive Charge Foul (P2.PN),,,5.0,201952,Jeff Teague,1610612737.0,Atlanta,Hawks,ATL,4,201954,Darren Collison,1610612742.0,Dallas,Mavericks,DAL,1,0,,,,,,0
0021200768,206,5,5,2,9:37 PM,3:56,,,Teague Foul Turnover (P1.T4),,,5.0,201952,Jeff Teague,1610612737.0,Atlanta,Hawks,ATL,0,0,,,,,,1,0,,,,,,0
0021200768,207,8,0,2,9:37 PM,3:56,SUB: Nowitzki FOR Carter,,,,,4.0,1713,Vince Carter,1610612742.0,Dallas,Mavericks,DAL,4,1717,Dirk Nowitzki,1610612742.0,Dallas,Mavericks,DAL,0,0,,,,,,0
0021200768,208,1,1,2,9:37 PM,3:41,Marion  3PT Jump Shot (6 PTS) (Collison 3 AST),,,45 - 41,-4,4.0,1890,Shawn Marion,1610612742.0,Dallas,Mavericks,DAL,4,201954,Darren Collison,1610612742.0,Dallas,Mavericks,DAL,0,0,,,,,,0
0021200768,209,1,73,2,9:37 PM,3:19,,,Teague  Driving Reverse Layup (10 PTS),47 - 41,-6,5.0,201952,Jeff Teague,1610612737.0,Atlanta,Hawks,ATL,0,0,,,,,,0,0,,,,,,0
0021200768,210,2,1,2,9:38 PM,2:52,MISS Mayo 24' 3PT Jump Shot,,,,,4.0,201564,O.J. Mayo,1610612742.0,Dallas,Mavericks,DAL,0,0,,,,,,0,0,,,,,,0
0021200768,211,4,0,2,9:38 PM,2:52,Marion REBOUND (Off:1 Def:1),,,,,4.0,1890,Shawn Marion,1610612742.0,Dallas,Mavericks,DAL,0,0,,,,,,0,0,,,,,,0
0021200768,212,2,5,2,9:38 PM,2:49,MISS Marion 3' Layup,,,,,4.0,1890,Shawn Marion,1610612742.0,Dallas,Mavericks,DAL,0,0,,,,,,0,0,,,,,,0
0021200768,213,4,0,2,9:38 PM,2:47,,,Tolliver REBOUND (Off:0 Def:2),,,5.0,201229,Anthony Tolliver,1610612737.0,Atlanta,Hawks,ATL,0,0,,,,,,0,0,,,,,,0
0021200768,214,6,1,2,9:38 PM,2:47,Collison P.FOUL (P1.T3),,,,,4.0,201954,Darren Collison,1610612742.0,Dallas,Mavericks,DAL,5,2746,Josh Smith,1610612737.0,Atlanta,Hawks,ATL,1,0,,,,,,0
0021200768,215,9,1,2,9:39 PM,2:47,,,Hawks Timeout: Regular (Reg.2 Short 0),,,3.0,1610612737,,,,,,0,0,,,,,,0,0,,,,,,0
0021200768,216,8,0,2,9:40 PM,2:47,SUB: Carter FOR Marion,,,,,4.0,1890,Shawn Marion,1610612742.0,Dallas,Mavericks,DAL,4,1713,Vince Carter,1610612742.0,Dallas,Mavericks,DAL,0,0,,,,,,0
0021200768,217,8,0,2,9:40 PM,2:47,,,SUB: Harris FOR Teague,,,5.0,201952,Jeff Teague,1610612737.0,Atlanta,Hawks,ATL,5,2734,Devin Harris,1610612737.0,Atlanta,Hawks,ATL,0,0,,,,,,0
0021200768,218,1,1,2,9:41 PM,2:28,,,Smith 17' Jump Shot (6 PTS) (Johnson 1 AST),49 - 41,-8,5.0,2746,Josh Smith,1610612737.0,Atlanta,Hawks,ATL,5,201274,Ivan Johnson,1610612737.0,Atlanta,Hawks,ATL,0,0,,,,,,0
0021200768,219,1,52,2,9:41 PM,2:11,Wright 1' Alley Oop Dunk (2 PTS) (Collison 4 AST),,,49 - 43,-6,4.0,201148,Brandan Wright,1610612742.0,Dallas,Mavericks,DAL,4,201954,Darren Collison,1610612742.0,Dallas,Mavericks,DAL,0,0,,,,,,0
0021200768,220,5,1,2,9:42 PM,1:51,,,Harris Bad Pass Turnover (P2.T5),,,5.0,2734,Devin Harris,1610612737.0,Atlanta,Hawks,ATL,0,0,,,,,,1,0,,,,,,0
0021200768,221,1,1,2,9:42 PM,1:32,Carter 25' 3PT Jump Shot (6 PTS),,,49 - 46,-3,4.0,1713,Vince Carter,1610612742.0,Dallas,Mavericks,DAL,0,0,,,,,,0,0,,,,,,0
0021200768,222,2,77,2,9:42 PM,1:06,,,MISS Johnson 5' Driving Jump Shot,,,5.0,201274,Ivan Johnson,1610612737.0,Atlanta,Hawks,ATL,0,0,,,,,,0,0,,,,,,0
0021200768,223,4,0,2,9:42 PM,1:05,Carter REBOUND (Off:0 Def:4),,,,,4.0,1713,Vince Carter,1610612742.0,Dallas,Mavericks,DAL,0,0,,,,,,0,0,,,,,,0
0021200768,224,2,1,2,9:43 PM,0:57,MISS Collison  3PT Jump Shot,,,,,4.0,201954,Darren Collison,1610612742.0,Dallas,Mavericks,DAL,0,0,,,,,,0,0,,,,,,0
0021200768,225,4,0,2,9:43 PM,0:56,Wright REBOUND (Off:1 Def:0),,,,,4.0,201148,Brandan Wright,1610612742.0,Dallas,Mavericks,DAL,0,0,,,,,,0,0,,,,,,0
0021200768,226,1,47,2,9:43 PM,0:55,Nowitzki 8' Turnaround Jump Shot (9 PTS) (Wright 1 AST),,,49 - 48,-1,4.0,1717,Dirk Nowitzki,1610612742.0,Dallas,Mavericks,DAL,4,201148,Brandan Wright,1610612742.0,Dallas,Mavericks,DAL,0,0,,,,,,0
0021200768,227,2,1,2,9:43 PM,0:36,,,MISS Tolliver 25' 3PT Jump Shot,,,5.0,201229,Anthony Tolliver,1610612737.0,Atlanta,Hawks,ATL,0,0,,,,,,0,0,,,,,,0
0021200768,228,4,0,2,9:43 PM,0:35,Wright REBOUND (Off:1 Def:1),,,,,4.0,201148,Brandan Wright,1610612742.0,Dallas,Mavericks,DAL,0,0,,,,,,0,0,,,,,,0
0021200768,229,6,26,2,9:43 PM,0:26,Collison Offensive Charge Foul (P2.T4),,,,,4.0,201954,Darren Collison,1610612742.0,Dallas,Mavericks,DAL,5,2734,Devin Harris,1610612737.0,Atlanta,Hawks,ATL,1,0,,,,,,0
0021200768,230,5,5,2,9:43 PM,0:26,Collison Foul Turnover (P2.T6),,,,,4.0,201954,Darren Collison,1610612742.0,Dallas,Mavericks,DAL,0,0,,,,,,1,0,,,,,,0
0021200768,231,9,2,2,9:43 PM,0:26,,,Hawks Timeout: Short (Reg.2 Short 1),,,3.0,1610612737,,,,,,0,0,,,,,,0,0,,,,,,0
0021200768,232,8,0,2,9:44 PM,0:26,SUB: Marion FOR Nowitzki,,,,,4.0,1717,Dirk Nowitzki,1610612742.0,Dallas,Mavericks,DAL,4,1890,Shawn Marion,1610612742.0,Dallas,Mavericks,DAL,0,0,,,,,,0
0021200768,233,8,0,2,9:44 PM,0:26,SUB: Jones FOR Carter,,,,,4.0,1713,Vince Carter,1610612742.0,Dallas,Mavericks,DAL,4,2563,Dahntay Jones,1610612742.0,Dallas,Mavericks,DAL,0,0,,,,,,0
0021200768,235,5,40,2,9:45 PM,0:05,,,Johnson Out of Bounds Lost Ball Turnover (P1.T6),,,5.0,201274,Ivan Johnson,1610612737.0,Atlanta,Hawks,ATL,0,0,,,,,,1,0,,,,,,0
0021200768,236,2,1,2,9:45 PM,0:00,MISS Collison 25' 3PT Jump Shot,,,,,4.0,201954,Darren Collison,1610612742.0,Dallas,Mavericks,DAL,0,0,,,,,,0,0,,,,,,0
0021200768,237,4,0,2,9:45 PM,0:00,,,Smith REBOUND (Off:1 Def:6),,,5.0,2746,Josh Smith,1610612737.0,Atlanta,Hawks,ATL,0,0,,,,,,0,0,,,,,,0
0021200768,239,13,0,2,9:45 PM,0:00,,,,49 - 48,-1,0.0,0,,,,,,0,0,,,,,,0,0,,,,,,0
0021200768,241,12,0,3,10:02 PM,12:00,,,,49 - 48,-1,0.0,0,,,,,,0,0,,,,,,0,0,,,,,,0
0021200768,242,1,46,3,10:03 PM,11:49,,,Teague 12' Running Jump Shot (12 PTS),51 - 48,-3,5.0,201952,Jeff Teague,1610612737.0,Atlanta,Hawks,ATL,0,0,,,,,,0,0,,,,,,0
0021200768,243,2,63,3,10:03 PM,11:26,MISS Mayo 17' Fadeaway Jumper,,,,,4.0,201564,O.J. Mayo,1610612742.0,Dallas,Mavericks,DAL,0,0,,,,,,0,0,,,,,,0
0021200768,244,4,0,3,10:03 PM,11:25,Marion REBOUND (Off:2 Def:1),,,,,4.0,1890,Shawn Marion,1610612742.0,Dallas,Mavericks,DAL,0,0,,,,,,0,0,,,,,,0
0021200768,245,1,58,3,10:03 PM,11:22,Marion 5' Turnaround Hook Shot (8 PTS),,,51 - 50,-1,4.0,1890,Shawn Marion,1610612742.0,Dallas,Mavericks,DAL,0,0,,,,,,0,0,,,,,,0
0021200768,246,1,46,3,10:03 PM,11:08,,,Teague 8' Running Jump Shot (14 PTS),53 - 50,-3,5.0,201952,Jeff Teague,1610612737.0,Atlanta,Hawks,ATL,0,0,,,,,,0,0,,,,,,0
0021200768,247,1,1,3,10:04 PM,10:49,Nowitzki 17' Jump Shot (11 PTS) (Collison 5 AST),,,53 - 52,-1,4.0,1717,Dirk Nowitzki,1610612742.0,Dallas,Mavericks,DAL,4,201954,Darren Collison,1610612742.0,Dallas,Mavericks,DAL,0,0,,,,,,0
0021200768,248,1,1,3,10:04 PM,10:27,,,Smith 24' 3PT Jump Shot (9 PTS) (Teague 4 AST),56 - 52,-4,5.0,2746,Josh Smith,1610612737.0,Atlanta,Hawks,ATL,5,201952,Jeff Teague,1610612737.0,Atlanta,Hawks,ATL,0,0,,,,,,0
0021200768,249,2,47,3,10:04 PM,10:03,MISS Marion 12' Turnaround Jump Shot,,,,,4.0,1890,Shawn Marion,1610612742.0,Dallas,Mavericks,DAL,0,0,,,,,,0,0,,,,,,0
0021200768,250,4,0,3,10:04 PM,10:02,,,Tolliver REBOUND (Off:0 Def:3),,,5.0,201229,Anthony Tolliver,1610612737.0,Atlanta,Hawks,ATL,0,0,,,,,,0,0,,,,,,0
0021200768,251,6,1,3,10:04 PM,9:56,Brand P.FOUL (P1.T1),,,,,4.0,1882,Elton Brand,1610612742.0,Dallas,Mavericks,DAL,5,201952,Jeff Teague,1610612737.0,Atlanta,Hawks,ATL,1,0,,,,,,0
0021200768,252,2,1,3,10:05 PM,9:41,,,MISS Harris 24' 3PT Jump Shot,,,5.0,2734,Devin Harris,1610612737.0,Atlanta,Hawks,ATL,0,0,,,,,,0,0,,,,,,0
0021200768,253,4,0,3,10:05 PM,9:40,Mayo REBOUND (Off:0 Def:2),,,,,4.0,201564,O.J. Mayo,1610612742.0,Dallas,Mavericks,DAL,0,0,,,,,,0,0,,,,,,0
0021200768,254,2,81,3,10:05 PM,9:29,MISS Nowitzki 10' Pullup Bank Shot,,,,,4.0,1717,Dirk Nowitzki,1610612742.0,Dallas,Mavericks,DAL,0,0,,,,,,0,0,,,,,,0
0021200768,255,4,0,3,10:05 PM,9:29,,,Tolliver REBOUND (Off:0 Def:4),,,5.0,201229,Anthony Tolliver,1610612737.0,Atlanta,Hawks,ATL,0,0,,,,,,0,0,,,,,,0
0021200768,256,2,1,3,10:05 PM,9:18,,,MISS Teague 24' 3PT Jump Shot,,,5.0,201952,Jeff Teague,1610612737.0,Atlanta,Hawks,ATL,0,0,,,,,,0,0,,,,,,0
0021200768,257,4,0,3,10:05 PM,9:17,Brand REBOUND (Off:0 Def:3),,,,,4.0,1882,Elton Brand,1610612742.0,Dallas,Mavericks,DAL,0,0,,,,,,0,0,,,,,,0
0021200768,258,1,41,3,10:05 PM,9:13,Mayo 1' Running Layup (15 PTS) (Collison 6 AST),,,56 - 54,-2,4.0,201564,O.J. Mayo,1610612742.0,Dallas,Mavericks,DAL,4,201954,Darren Collison,1610612742.0,Dallas,Mavericks,DAL,0,0,,,,,,0
0021200768,259,6,1,3,10:06 PM,8:47,Marion P.FOUL (P1.T2),,,,,4.0,1890,Shawn Marion,1610612742.0,Dallas,Mavericks,DAL,5,201952,Jeff Teague,1610612737.0,Atlanta,Hawks,ATL,1,0,,,,,,0
0021200768,260,1,1,3,10:06 PM,8:43,,,Harris 24' 3PT Jump Shot (10 PTS) (Smith 2 AST),59 - 54,-5,5.0,2734,Devin Harris,1610612737.0,Atlanta,Hawks,ATL,5,2746,Josh Smith,1610612737.0,Atlanta,Hawks,ATL,0,0,,,,,,0
0021200768,261,2,1,3,10:07 PM,8:23,MISS Mayo 20' Jump Shot,,,,,4.0,201564,O.J. Mayo,1610612742.0,Dallas,Mavericks,DAL,0,0,,,,,,0,0,,,,,,0
0021200768,262,4,0,3,10:07 PM,8:22,,,Horford REBOUND (Off:1 Def:3),,,5.0,201143,Al Horford,1610612737.0,Atlanta,Hawks,ATL,0,0,,,,,,0,0,,,,,,0
0021200768,263,2,1,3,10:07 PM,8:15,,,MISS Harris 24' 3PT Jump Shot,,,5.0,2734,Devin Harris,1610612737.0,Atlanta,Hawks,ATL,0,0,,,,,,0,0,,,,,,0
0021200768,264,4,0,3,10:07 PM,8:14,Collison REBOUND (Off:1 Def:1),,,,,4.0,201954,Darren Collison,1610612742.0,Dallas,Mavericks,DAL,0,0,,,,,,0,0,,,,,,0
0021200768,265,6,2,3,10:07 PM,8:11,,,Harris S.FOUL (P1.T1),,,5.0,2734,Devin Harris,1610612737.0,Atlanta,Hawks,ATL,4,1890,Shawn Marion,1610612742.0,Dallas,Mavericks,DAL,1,0,,,,,,0
0021200768,266,3,11,3,10:07 PM,8:11,Marion Free Throw 1 of 2 (9 PTS),,,59 - 55,-4,4.0,1890,Shawn Marion,1610612742.0,Dallas,Mavericks,DAL,0,0,,,,,,0,0,,,,,,0
0021200768,268,3,12,3,10:07 PM,8:11,Marion Free Throw 2 of 2 (10 PTS),,,59 - 56,-3,4.0,1890,Shawn Marion,1610612742.0,Dallas,Mavericks,DAL,0,0,,,,,,0,0,,,,,,0
0021200768,270,1,71,3,10:08 PM,7:54,,,Horford 1' Finger Roll Layup (13 PTS) (Smith 3 AST),61 - 56,-5,5.0,201143,Al Horford,1610612737.0,Atlanta,Hawks,ATL,5,2746,Josh Smith,1610612737.0,Atlanta,Hawks,ATL,0,0,,,,,,0
0021200768,271,1,1,3,10:08 PM,7:44,Nowitzki 24' 3PT Jump Shot (14 PTS) (Collison 7 AST),,,61 - 59,-2,4.0,1717,Dirk Nowitzki,1610612742.0,Dallas,Mavericks,DAL,4,201954,Darren Collison,1610612742.0,Dallas,Mavericks,DAL,0,0,,,,,,0
0021200768,272,1,1,3,10:08 PM,7:20,,,Smith 19' Jump Shot (11 PTS) (Horford 1 AST),63 - 59,-4,5.0,2746,Josh Smith,1610612737.0,Atlanta,Hawks,ATL,5,201143,Al Horford,1610612737.0,Atlanta,Hawks,ATL,0,0,,,,,,0
0021200768,273,6,2,3,10:08 PM,7:12,,,Smith S.FOUL (P2.T2),,,5.0,2746,Josh Smith,1610612737.0,Atlanta,Hawks,ATL,4,1882,Elton Brand,1610612742.0,Dallas,Mavericks,DAL,1,0,,,,,,0
0021200768,274,3,11,3,10:09 PM,7:12,Brand Free Throw 1 of 2 (5 PTS),,,63 - 60,-3,4.0,1882,Elton Brand,1610612742.0,Dallas,Mavericks,DAL,0,0,,,,,,0,0,,,,,,0
0021200768,276,3,12,3,10:09 PM,7:12,Brand Free Throw 2 of 2 (6 PTS),,,63 - 61,-2,4.0,1882,Elton Brand,1610612742.0,Dallas,Mavericks,DAL,0,0,,,,,,0,0,,,,,,0
0021200768,278,6,17,3,10:10 PM,6:56,MAVERICKS T.Foul (Def. 3 Sec Mayo ),,,,,4.0,201564,O.J. Mayo,1610612742.0,Dallas,Mavericks,DAL,0,0,,,,,,1,0,,,,,,0
0021200768,279,3,16,3,10:10 PM,6:56,,,Teague Free Throw Technical (15 PTS),64 - 61,-3,5.0,201952,Jeff Teague,1610612737.0,Atlanta,Hawks,ATL,0,0,,,,,,0,0,,,,,,0
0021200768,281,2,77,3,10:10 PM,6:45,,,MISS Horford 6' Driving Jump Shot,,,5.0,201143,Al Horford,1610612737.0,Atlanta,Hawks,ATL,0,0,,,,,,0,0,,,,,,0
0021200768,282,4,0,3,10:10 PM,6:44,Nowitzki REBOUND (Off:1 Def:4),,,,,4.0,1717,Dirk Nowitzki,1610612742.0,Dallas,Mavericks,DAL,0,0,,,,,,0,0,,,,,,0
0021200768,283,2,1,3,10:10 PM,6:31,MISS Collison  3PT Jump Shot,,,,,4.0,201954,Darren Collison,1610612742.0,Dallas,Mavericks,DAL,0,0,,,,,,0,0,,,,,,0
0021200768,284,4,0,3,10:10 PM,6:30,,,Horford REBOUND (Off:1 Def:4),,,5.0,201143,Al Horford,1610612737.0,Atlanta,Hawks,ATL,0,0,,,,,,0,0,,,,,,0
0021200768,285,5,40,3,10:11 PM,6:25,,,Smith Out of Bounds Lost Ball Turnover (P2.T7),,,5.0,2746,Josh Smith,1610612737.0,Atlanta,Hawks,ATL,0,0,,,,,,1,0,,,,,,0
0021200768,286,1,79,3,10:11 PM,6:07,Collison 15' Pullup Jump Shot (8 PTS) (Nowitzki 1 AST),,,64 - 63,-1,4.0,201954,Darren Collison,1610612742.0,Dallas,Mavericks,DAL,4,1717,Dirk Nowitzki,1610612742.0,Dallas,Mavericks,DAL,0,0,,,,,,0
0021200768,287,6,2,3,10:11 PM,6:07,,,Horford S.FOUL (P3.T3),,,5.0,201143,Al Horford,1610612737.0,Atlanta,Hawks,ATL,4,201954,Darren Collison,1610612742.0,Dallas,Mavericks,DAL,1,0,,,,,,0
0021200768,288,8,0,3,10:11 PM,6:07,SUB: Carter FOR Nowitzki,,,,,4.0,1717,Dirk Nowitzki,1610612742.0,Dallas,Mavericks,DAL,4,1713,Vince Carter,1610612742.0,Dallas,Mavericks,DAL,0,0,,,,,,0
0021200768,289,8,0,3,10:11 PM,6:07,SUB: Wright FOR Brand,,,,,4.0,1882,Elton Brand,1610612742.0,Dallas,Mavericks,DAL,4,201148,Brandan Wright,1610612742.0,Dallas,Mavericks,DAL,0,0,,,,,,0
0021200768,290,8,0,3,10:12 PM,6:07,,,SUB: Korver FOR Tolliver,,,5.0,201229,Anthony Tolliver,1610612737.0,Atlanta,Hawks,ATL,5,2594,Kyle Korver,1610612737.0,Atlanta,Hawks,ATL,0,0,,,,,,0
0021200768,291,3,10,3,10:12 PM,6:07,Collison Free Throw 1 of 1 (9 PTS),,,64 - 64,TIE,4.0,201954,Darren Collison,1610612742.0,Dallas,Mavericks,DAL,0,0,,,,,,0,0,,,,,,0
0021200768,293,1,1,3,10:12 PM,5:52,,,Harris 24' 3PT Jump Shot (13 PTS) (Horford 2 AST),67 - 64,-3,5.0,2734,Devin Harris,1610612737.0,Atlanta,Hawks,ATL,5,201143,Al Horford,1610612737.0,Atlanta,Hawks,ATL,0,0,,,,,,0
0021200768,294,6,1,3,10:12 PM,5:41,,,Harris P.FOUL (P2.T4),,,5.0,2734,Devin Harris,1610612737.0,Atlanta,Hawks,ATL,4,201564,O.J. Mayo,1610612742.0,Dallas,Mavericks,DAL,1,0,,,,,,0
0021200768,295,9,1,3,10:13 PM,5:41,MAVERICKS Timeout: Regular (Full 4 Short 1),,,,,2.0,1610612742,,,,,,0,0,,,,,,0,0,,,,,,0
0021200768,299,2,1,3,10:15 PM,5:25,MISS Collison 22' Jump Shot,,,,,4.0,201954,Darren Collison,1610612742.0,Dallas,Mavericks,DAL,0,0,,,,,,0,0,,,,,,0
0021200768,300,4,0,3,10:15 PM,5:25,MAVERICKS Rebound,,,,,2.0,1610612742,,,,,,0,0,,,,,,0,0,,,,,,0
0021200768,301,5,11,3,10:15 PM,5:25,MAVERICKS Turnover: Shot Clock (T#7),,,,,2.0,1610612742,,,,,,0,0,,,,,,1,0,,,,,,0
0021200768,302,6,2,3,10:16 PM,5:17,Mayo S.FOUL (P1.T3),,,,,4.0,201564,O.J. Mayo,1610612742.0,Dallas,Mavericks,DAL,5,201952,Jeff Teague,1610612737.0,Atlanta,Hawks,ATL,1,0,,,,,,0
0021200768,303,3,11,3,10:16 PM,5:17,,,Teague Free Throw 1 of 2 (16 PTS),68 - 64,-4,5.0,201952,Jeff Teague,1610612737.0,Atlanta,Hawks,ATL,0,0,,,,,,0,0,,,,,,0
0021200768,305,3,12,3,10:16 PM,5:17,,,MISS Teague Free Throw 2 of 2,,,5.0,201952,Jeff Teague,1610612737.0,Atlanta,Hawks,ATL,0,0,,,,,,0,0,,,,,,0
0021200768,307,4,0,3,10:16 PM,5:16,Marion REBOUND (Off:2 Def:2),,,,,4.0,1890,Shawn Marion,1610612742.0,Dallas,Mavericks,DAL,0,0,,,,,,0,0,,,,,,0
0021200768,308,1,82,3,10:16 PM,5:13,Collison 7' Driving Bank Shot (11 PTS),,,68 - 66,-2,4.0,201954,Darren Collison,1610612742.0,Dallas,Mavericks,DAL,0,0,,,,,,0,0,,,,,,0
0021200768,309,6,2,3,10:16 PM,5:13,,,Teague S.FOUL (P3.PN),,,5.0,201952,Jeff Teague,1610612737.0,Atlanta,Hawks,ATL,4,201954,Darren Collison,1610612742.0,Dallas,Mavericks,DAL,1,0,,,,,,0
0021200768,310,3,10,3,10:17 PM,5:13,Collison Free Throw 1 of 1 (12 PTS),,,68 - 67,-1,4.0,201954,Darren Collison,1610612742.0,Dallas,Mavericks,DAL,0,0,,,,,,0,0,,,,,,0
0021200768,312,1,1,3,10:17 PM,4:56,,,Smith 22' Jump Shot (13 PTS) (Korver 1 AST),70 - 67,-3,5.0,2746,Josh Smith,1610612737.0,Atlanta,Hawks,ATL,5,2594,Kyle Korver,1610612737.0,Atlanta,Hawks,ATL,0,0,,,,,,0
0021200768,313,2,1,3,10:17 PM,4:40,MISS Marion 9' Jump Shot,,,,,4.0,1890,Shawn Marion,1610612742.0,Dallas,Mavericks,DAL,0,0,,,,,,0,0,,,,,,0
0021200768,314,4,0,3,10:17 PM,4:38,Marion REBOUND (Off:3 Def:2),,,,,4.0,1890,Shawn Marion,1610612742.0,Dallas,Mavericks,DAL,0,0,,,,,,0,0,,,,,,0
0021200768,315,6,26,3,10:18 PM,4:33,Mayo Offensive Charge Foul (P2.T4),,,,,4.0,201564,O.J. Mayo,1610612742.0,Dallas,Mavericks,DAL,5,2746,Josh Smith,1610612737.0,Atlanta,Hawks,ATL,1,0,,,,,,0
0021200768,316,5,5,3,10:18 PM,4:33,Mayo Foul Turnover (P2.T8),,,,,4.0,201564,O.J. Mayo,1610612742.0,Dallas,Mavericks,DAL,0,0,,,,,,1,0,,,,,,0
0021200768,317,8,0,3,10:18 PM,4:33,,,SUB: Jenkins FOR Harris,,,5.0,2734,Devin Harris,1610612737.0,Atlanta,Hawks,ATL,5,203098,John Jenkins,1610612737.0,Atlanta,Hawks,ATL,0,0,,,,,,0
0021200768,318,1,1,3,10:18 PM,4:14,,,Smith 25' 3PT Jump Shot (16 PTS) (Teague 5 AST),73 - 67,-6,5.0,2746,Josh Smith,1610612737.0,Atlanta,Hawks,ATL,5,201952,Jeff Teague,1610612737.0,Atlanta,Hawks,ATL,0,0,,,,,,0
0021200768,319,1,1,3,10:18 PM,3:54,Carter  3PT Jump Shot (9 PTS) (Mayo 1 AST),,,73 - 70,-3,4.0,1713,Vince Carter,1610612742.0,Dallas,Mavericks,DAL,4,201564,O.J. Mayo,1610612742.0,Dallas,Mavericks,DAL,0,0,,,,,,0
0021200768,320,1,1,3,10:19 PM,3:32,,,Horford 20' Jump Shot (15 PTS) (Teague 6 AST),75 - 70,-5,5.0,201143,Al Horford,1610612737.0,Atlanta,Hawks,ATL,5,201952,Jeff Teague,1610612737.0,Atlanta,Hawks,ATL,0,0,,,,,,0
0021200768,321,2,1,3,10:19 PM,3:18,MISS Mayo 14' Jump Shot,,,,,4.0,201564,O.J. Mayo,1610612742.0,Dallas,Mavericks,DAL,0,0,,,,,,0,0,,,,,,0
0021200768,322,4,0,3,10:19 PM,3:17,,,Horford REBOUND (Off:1 Def:5),,,5.0,201143,Al Horford,1610612737.0,Atlanta,Hawks,ATL,0,0,,,,,,0,0,,,,,,0
0021200768,323,5,1,3,10:19 PM,3:13,Collison STEAL (1 STL),,Jenkins Bad Pass Turnover (P1.T8),,,5.0,203098,John Jenkins,1610612737.0,Atlanta,Hawks,ATL,4,201954,Darren Collison,1610612742.0,Dallas,Mavericks,DAL,0,0,,,,,,0
0021200768,324,6,3,3,10:19 PM,3:13,,,Jenkins L.B.FOUL (P1.PN),,,5.0,203098,John Jenkins,1610612737.0,Atlanta,Hawks,ATL,4,201954,Darren Collison,1610612742.0,Dallas,Mavericks,DAL,1,0,,,,,,0
0021200768,325,3,11,3,10:20 PM,3:13,Collison Free Throw 1 of 2 (13 PTS),,,75 - 71,-4,4.0,201954,Darren Collison,1610612742.0,Dallas,Mavericks,DAL,0,0,,,,,,0,0,,,,,,0
0021200768,327,8,0,3,10:20 PM,3:13,SUB: Crowder FOR Mayo,,,,,4.0,201564,O.J. Mayo,1610612742.0,Dallas,Mavericks,DAL,4,203109,Jae Crowder,1610612742.0,Dallas,Mavericks,DAL,0,0,,,,,,0
0021200768,328,3,12,3,10:20 PM,3:13,Collison Free Throw 2 of 2 (14 PTS),,,75 - 72,-3,4.0,201954,Darren Collison,1610612742.0,Dallas,Mavericks,DAL,0,0,,,,,,0,0,,,,,,0
0021200768,330,6,2,3,10:20 PM,3:02,Collison S.FOUL (P3.PN),,,,,4.0,201954,Darren Collison,1610612742.0,Dallas,Mavericks,DAL,5,201952,Jeff Teague,1610612737.0,Atlanta,Hawks,ATL,1,0,,,,,,0
0021200768,331,3,11,3,10:21 PM,3:02,,,Teague Free Throw 1 of 2 (17 PTS),76 - 72,-4,5.0,201952,Jeff Teague,1610612737.0,Atlanta,Hawks,ATL,0,0,,,,,,0,0,,,,,,0
0021200768,333,8,0,3,10:21 PM,3:02,,,SUB: Pachulia FOR Horford,,,5.0,201143,Al Horford,1610612737.0,Atlanta,Hawks,ATL,5,2585,Zaza Pachulia,1610612737.0,Atlanta,Hawks,ATL,0,0,,,,,,0
0021200768,334,8,0,3,10:21 PM,3:02,SUB: Beaubois FOR Collison,,,,,4.0,201954,Darren Collison,1610612742.0,Dallas,Mavericks,DAL,4,201958,Rodrigue Beaubois,1610612742.0,Dallas,Mavericks,DAL,0,0,,,,,,0
0021200768,335,8,0,3,10:21 PM,3:02,SUB: Nowitzki FOR Marion,,,,,4.0,1890,Shawn Marion,1610612742.0,Dallas,Mavericks,DAL,4,1717,Dirk Nowitzki,1610612742.0,Dallas,Mavericks,DAL,0,0,,,,,,0
0021200768,336,3,12,3,10:21 PM,3:02,,,Teague Free Throw 2 of 2 (18 PTS),77 - 72,-5,5.0,201952,Jeff Teague,1610612737.0,Atlanta,Hawks,ATL,0,0,,,,,,0,0,,,,,,0
0021200768,338,1,46,3,10:21 PM,2:48,Wright 6' Running Jump Shot (4 PTS) (Carter 2 AST),,,77 - 74,-3,4.0,201148,Brandan Wright,1610612742.0,Dallas,Mavericks,DAL,4,1713,Vince Carter,1610612742.0,Dallas,Mavericks,DAL,0,0,,,,,,0
0021200768,339,2,42,3,10:22 PM,2:26,Wright BLOCK (1 BLK),,MISS Teague 1' Driving Layup,,,5.0,201952,Jeff Teague,1610612737.0,Atlanta,Hawks,ATL,0,0,,,,,,4,201148,Brandan Wright,1610612742.0,Dallas,Mavericks,DAL,0
0021200768,340,4,0,3,10:22 PM,2:23,,,Smith REBOUND (Off:2 Def:6),,,5.0,2746,Josh Smith,1610612737.0,Atlanta,Hawks,ATL,0,0,,,,,,0,0,,,,,,0
0021200768,341,2,1,3,10:22 PM,2:22,,,MISS Smith 25' 3PT Jump Shot,,,5.0,2746,Josh Smith,1610612737.0,Atlanta,Hawks,ATL,0,0,,,,,,0,0,,,,,,0
0021200768,342,4,0,3,10:22 PM,2:20,Wright REBOUND (Off:1 Def:2),,,,,4.0,201148,Brandan Wright,1610612742.0,Dallas,Mavericks,DAL,0,0,,,,,,0,0,,,,,,0
0021200768,343,2,42,3,10:22 PM,2:07,MISS Carter 2' Driving Layup,,,,,4.0,1713,Vince Carter,1610612742.0,Dallas,Mavericks,DAL,0,0,,,,,,0,0,,,,,,0
0021200768,344,4,0,3,10:22 PM,2:05,,,Pachulia REBOUND (Off:2 Def:5),,,5.0,2585,Zaza Pachulia,1610612737.0,Atlanta,Hawks,ATL,0,0,,,,,,0,0,,,,,,0
0021200768,345,1,1,3,10:22 PM,2:01,,,Korver 25' 3PT Jump Shot (8 PTS) (Teague 7 AST),80 - 74,-6,5.0,2594,Kyle Korver,1610612737.0,Atlanta,Hawks,ATL,5,201952,Jeff Teague,1610612737.0,Atlanta,Hawks,ATL,0,0,,,,,,0
0021200768,346,2,1,3,10:22 PM,1:42,MISS Crowder  3PT Jump Shot,,,,,4.0,203109,Jae Crowder,1610612742.0,Dallas,Mavericks,DAL,0,0,,,,,,0,0,,,,,,0
0021200768,347,4,0,3,10:23 PM,1:41,,,Smith REBOUND (Off:2 Def:7),,,5.0,2746,Josh Smith,1610612737.0,Atlanta,Hawks,ATL,0,0,,,,,,0,0,,,,,,0
0021200768,348,1,42,3,10:23 PM,1:35,,,Jenkins 2' Driving Layup (4 PTS) (Smith 4 AST),82 - 74,-8,5.0,203098,John Jenkins,1610612737.0,Atlanta,Hawks,ATL,5,2746,Josh Smith,1610612737.0,Atlanta,Hawks,ATL,0,0,,,,,,0
0021200768,349,9,2,3,10:23 PM,1:32,MAVERICKS Timeout: Short (Full 4 Short 2),,,,,2.0,1610612742,,,,,,0,0,,,,,,0,0,,,,,,0
0021200768,350,9,1,3,10:23 PM,1:32,,,Hawks Timeout: Regular (Reg.3 Short 1),,,3.0,1610612737,,,,,,0,0,,,,,,0,0,,,,,,0
0021200768,353,2,78,3,10:26 PM,1:21,MISS Carter 18' Floating Jump Shot,,,,,4.0,1713,Vince Carter,1610612742.0,Dallas,Mavericks,DAL,0,0,,,,,,0,0,,,,,,0
0021200768,354,4,0,3,10:26 PM,1:20,,,Pachulia REBOUND (Off:2 Def:6),,,5.0,2585,Zaza Pachulia,1610612737.0,Atlanta,Hawks,ATL,0,0,,,,,,0,0,,,,,,0
0021200768,355,5,4,3,10:26 PM,1:15,,,Jenkins Traveling Turnover (P2.T9),,,5.0,203098,John Jenkins,1610612737.0,Atlanta,Hawks,ATL,0,0,,,,,,1,0,,,,,,0
0021200768,356,1,1,3,10:26 PM,1:04,Carter 25' 3PT Jump Shot (12 PTS) (Beaubois 4 AST),,,82 - 77,-5,4.0,1713,Vince Carter,1610612742.0,Dallas,Mavericks,DAL,4,201958,Rodrigue Beaubois,1610612742.0,Dallas,Mavericks,DAL,0,0,,,,,,0
0021200768,357,6,4,3,10:27 PM,0:48,,,Korver OFF.Foul (P2),,,5.0,2594,Kyle Korver,1610612737.0,Atlanta,Hawks,ATL,4,1713,Vince Carter,1610612742.0,Dallas,Mavericks,DAL,1,0,,,,,,0
0021200768,358,5,5,3,10:27 PM,0:48,,,Korver Foul Turnover (P1.T10),,,5.0,2594,Kyle Korver,1610612737.0,Atlanta,Hawks,ATL,0,0,,,,,,1,0,,,,,,0
0021200768,359,2,1,3,10:27 PM,0:35,MISS Carter 25' 3PT Jump Shot,,,,,4.0,1713,Vince Carter,1610612742.0,Dallas,Mavericks,DAL,0,0,,,,,,0,0,,,,,,0
0021200768,360,4,0,3,10:27 PM,0:34,,,Smith REBOUND (Off:2 Def:8),,,5.0,2746,Josh Smith,1610612737.0,Atlanta,Hawks,ATL,0,0,,,,,,0,0,,,,,,0
0021200768,361,5,1,3,10:27 PM,0:31,Beaubois STEAL (1 STL),,Smith Bad Pass Turnover (P3.T11),,,5.0,2746,Josh Smith,1610612737.0,Atlanta,Hawks,ATL,4,201958,Rodrigue Beaubois,1610612742.0,Dallas,Mavericks,DAL,0,0,,,,,,0
0021200768,362,1,8,3,10:28 PM,0:13,Wright  Slam Dunk (6 PTS) (Beaubois 5 AST),,,82 - 79,-3,4.0,201148,Brandan Wright,1610612742.0,Dallas,Mavericks,DAL,4,201958,Rodrigue Beaubois,1610612742.0,Dallas,Mavericks,DAL,0,0,,,,,,0
0021200768,363,2,1,3,10:28 PM,0:01,,,MISS Teague 4' Jump Shot,,,5.0,201952,Jeff Teague,1610612737.0,Atlanta,Hawks,ATL,0,0,,,,,,0,0,,,,,,0
0021200768,364,4,0,3,10:28 PM,0:01,,,Pachulia REBOUND (Off:3 Def:6),,,5.0,2585,Zaza Pachulia,1610612737.0,Atlanta,Hawks,ATL,0,0,,,,,,0,0,,,,,,0
0021200768,365,2,5,3,10:28 PM,0:01,,,MISS Pachulia 2' Layup,,,5.0,2585,Zaza Pachulia,1610612737.0,Atlanta,Hawks,ATL,0,0,,,,,,0,0,,,,,,0
0021200768,366,4,0,3,10:28 PM,0:00,Nowitzki REBOUND (Off:1 Def:5),,,,,4.0,1717,Dirk Nowitzki,1610612742.0,Dallas,Mavericks,DAL,0,0,,,,,,0,0,,,,,,0
0021200768,367,6,3,3,10:28 PM,0:00,,,Pachulia L.B.FOUL (P1.PN),,,5.0,2585,Zaza Pachulia,1610612737.0,Atlanta,Hawks,ATL,4,1717,Dirk Nowitzki,1610612742.0,Dallas,Mavericks,DAL,1,0,,,,,,0
0021200768,368,18,0,3,10:28 PM,0:00,,,,,,,367,,,,,,0,0,,,,,,1,0,,,,,,0
0021200768,369,3,11,3,10:29 PM,0:00,Nowitzki Free Throw 1 of 2 (15 PTS),,,82 - 80,-2,4.0,1717,Dirk Nowitzki,1610612742.0,Dallas,Mavericks,DAL,0,0,,,,,,0,0,,,,,,0
0021200768,371,8,0,3,10:30 PM,0:00,SUB: Jones FOR Carter,,,,,4.0,1713,Vince Carter,1610612742.0,Dallas,Mavericks,DAL,4,2563,Dahntay Jones,1610612742.0,Dallas,Mavericks,DAL,0,0,,,,,,0
0021200768,372,3,12,3,10:30 PM,0:00,Nowitzki Free Throw 2 of 2 (16 PTS),,,82 - 81,-1,4.0,1717,Dirk Nowitzki,1610612742.0,Dallas,Mavericks,DAL,0,0,,,,,,0,0,,,,,,0
0021200768,374,13,0,3,10:30 PM,0:00,,,,82 - 81,-1,0.0,0,,,,,,0,0,,,,,,0,0,,,,,,0
0021200768,376,12,0,4,10:33 PM,12:00,,,,82 - 81,-1,0.0,0,,,,,,0,0,,,,,,0,0,,,,,,0
0021200768,377,6,2,4,10:33 PM,11:46,,,Pachulia S.FOUL (P2.T1),,,5.0,2585,Zaza Pachulia,1610612737.0,Atlanta,Hawks,ATL,4,1713,Vince Carter,1610612742.0,Dallas,Mavericks,DAL,1,0,,,,,,0
0021200768,378,3,11,4,10:33 PM,11:46,MISS Carter Free Throw 1 of 2,,,,,4.0,1713,Vince Carter,1610612742.0,Dallas,Mavericks,DAL,0,0,,,,,,0,0,,,,,,0
0021200768,379,4,1,4,10:33 PM,11:46,MAVERICKS Rebound,,,,,2.0,1610612742,,,,,,0,0,,,,,,0,0,,,,,,0
0021200768,380,3,12,4,10:34 PM,11:46,Carter Free Throw 2 of 2 (13 PTS),,,82 - 82,TIE,4.0,1713,Vince Carter,1610612742.0,Dallas,Mavericks,DAL,0,0,,,,,,0,0,,,,,,0
0021200768,382,2,1,4,10:34 PM,11:32,,,MISS Korver 24' Jump Shot,,,5.0,2594,Kyle Korver,1610612737.0,Atlanta,Hawks,ATL,0,0,,,,,,0,0,,,,,,0
0021200768,383,4,0,4,10:34 PM,11:32,,,Hawks Rebound,,,3.0,1610612737,,,,,,0,0,,,,,,0,0,,,,,,0
0021200768,384,5,1,4,10:34 PM,11:22,Nowitzki STEAL (1 STL),,Harris Bad Pass Turnover (P3.T12),,,5.0,2734,Devin Harris,1610612737.0,Atlanta,Hawks,ATL,4,1717,Dirk Nowitzki,1610612742.0,Dallas,Mavericks,DAL,0,0,,,,,,0
0021200768,385,1,1,4,10:35 PM,11:10,Crowder 20' Jump Shot (4 PTS),,,82 - 84,2,4.0,203109,Jae Crowder,1610612742.0,Dallas,Mavericks,DAL,0,0,,,,,,0,0,,,,,,0
0021200768,386,5,1,4,10:35 PM,10:48,Wright STEAL (1 STL),,Pachulia Bad Pass Turnover (P1.T13),,,5.0,2585,Zaza Pachulia,1610612737.0,Atlanta,Hawks,ATL,4,201148,Brandan Wright,1610612742.0,Dallas,Mavericks,DAL,0,0,,,,,,0
0021200768,387,2,43,4,10:35 PM,10:40,MISS Wright 3' Alley Oop Layup,,,,,4.0,201148,Brandan Wright,1610612742.0,Dallas,Mavericks,DAL,0,0,,,,,,0,0,,,,,,0
0021200768,388,4,0,4,10:35 PM,10:39,,,Pachulia REBOUND (Off:3 Def:7),,,5.0,2585,Zaza Pachulia,1610612737.0,Atlanta,Hawks,ATL,0,0,,,,,,0,0,,,,,,0
0021200768,389,5,1,4,10:35 PM,10:26,Crowder STEAL (1 STL),,Pachulia Bad Pass Turnover (P2.T14),,,5.0,2585,Zaza Pachulia,1610612737.0,Atlanta,Hawks,ATL,4,203109,Jae Crowder,1610612742.0,Dallas,Mavericks,DAL,0,0,,,,,,0
0021200768,390,2,73,4,10:36 PM,10:17,MISS Carter  Driving Reverse Layup,,,,,4.0,1713,Vince Carter,1610612742.0,Dallas,Mavericks,DAL,0,0,,,,,,0,0,,,,,,0
0021200768,391,4,0,4,10:36 PM,10:14,Wright REBOUND (Off:2 Def:2),,,,,4.0,201148,Brandan Wright,1610612742.0,Dallas,Mavericks,DAL,0,0,,,,,,0,0,,,,,,0
0021200768,392,2,1,4,10:36 PM,10:04,MISS Crowder 25' 3PT Jump Shot,,,,,4.0,203109,Jae Crowder,1610612742.0,Dallas,Mavericks,DAL,0,0,,,,,,0,0,,,,,,0
0021200768,393,4,0,4,10:36 PM,10:03,,,Horford REBOUND (Off:1 Def:6),,,5.0,201143,Al Horford,1610612737.0,Atlanta,Hawks,ATL,0,0,,,,,,0,0,,,,,,0
0021200768,394,9,1,4,10:36 PM,10:03,,,Hawks Timeout: Regular (Reg.4 Short 1),,,3.0,1610612737,,,,,,0,0,,,,,,0,0,,,,,,0
0021200768,396,8,0,4,10:38 PM,10:03,SUB: Mayo FOR Carter,,,,,4.0,1713,Vince Carter,1610612742.0,Dallas,Mavericks,DAL,4,201564,O.J. Mayo,1610612742.0,Dallas,Mavericks,DAL,0,0,,,,,,0
0021200768,397,8,0,4,10:38 PM,10:03,,,SUB: Tolliver FOR Pachulia,,,5.0,2585,Zaza Pachulia,1610612737.0,Atlanta,Hawks,ATL,5,201229,Anthony Tolliver,1610612737.0,Atlanta,Hawks,ATL,0,0,,,,,,0
0021200768,398,2,5,4,10:38 PM,9:50,,,MISS Tolliver 2' Layup,,,5.0,201229,Anthony Tolliver,1610612737.0,Atlanta,Hawks,ATL,0,0,,,,,,0,0,,,,,,0
0021200768,399,4,0,4,10:38 PM,9:49,Nowitzki REBOUND (Off:1 Def:6),,,,,4.0,1717,Dirk Nowitzki,1610612742.0,Dallas,Mavericks,DAL,0,0,,,,,,0,0,,,,,,0
0021200768,400,2,1,4,10:39 PM,9:34,MISS Beaubois 23' Jump Shot,,,,,4.0,201958,Rodrigue Beaubois,1610612742.0,Dallas,Mavericks,DAL,0,0,,,,,,0,0,,,,,,0
0021200768,401,4,0,4,10:39 PM,9:34,,,Hawks Rebound,,,3.0,1610612737,,,,,,0,0,,,,,,0,0,,,,,,0
0021200768,402,2,42,4,10:39 PM,9:12,,,MISS Harris 1' Driving Layup,,,5.0,2734,Devin Harris,1610612737.0,Atlanta,Hawks,ATL,0,0,,,,,,0,0,,,,,,0
0021200768,403,4,0,4,10:39 PM,9:10,Crowder REBOUND (Off:0 Def:1),,,,,4.0,203109,Jae Crowder,1610612742.0,Dallas,Mavericks,DAL,0,0,,,,,,0,0,,,,,,0
0021200768,404,2,77,4,10:39 PM,9:05,MISS Mayo 8' Driving Jump Shot,,,,,4.0,201564,O.J. Mayo,1610612742.0,Dallas,Mavericks,DAL,0,0,,,,,,0,0,,,,,,0
0021200768,405,4,0,4,10:39 PM,9:04,MAVERICKS Rebound,,,,,2.0,1610612742,,,,,,0,0,,,,,,0,0,,,,,,0
0021200768,406,8,0,4,10:40 PM,9:04,,,SUB: Smith FOR Jenkins,,,5.0,203098,John Jenkins,1610612737.0,Atlanta,Hawks,ATL,5,2746,Josh Smith,1610612737.0,Atlanta,Hawks,ATL,0,0,,,,,,0
0021200768,407,8,0,4,10:40 PM,9:04,,,SUB: Teague FOR Tolliver,,,5.0,201229,Anthony Tolliver,1610612737.0,Atlanta,Hawks,ATL,5,201952,Jeff Teague,1610612737.0,Atlanta,Hawks,ATL,0,0,,,,,,0
0021200768,408,2,79,4,10:40 PM,8:55,MISS Beaubois 13' Pullup Jump Shot,,,,,4.0,201958,Rodrigue Beaubois,1610612742.0,Dallas,Mavericks,DAL,0,0,,,,,,0,0,,,,,,0
0021200768,409,4,0,4,10:40 PM,8:53,,,Smith REBOUND (Off:2 Def:9),,,5.0,2746,Josh Smith,1610612737.0,Atlanta,Hawks,ATL,0,0,,,,,,0,0,,,,,,0
0021200768,410,1,5,4,10:40 PM,8:48,,,Horford 2' Layup (17 PTS) (Smith 5 AST),84 - 84,TIE,5.0,201143,Al Horford,1610612737.0,Atlanta,Hawks,ATL,5,2746,Josh Smith,1610612737.0,Atlanta,Hawks,ATL,0,0,,,,,,0
0021200768,411,2,1,4,10:40 PM,8:22,MISS Mayo 23' Jump Shot,,,,,4.0,201564,O.J. Mayo,1610612742.0,Dallas,Mavericks,DAL,0,0,,,,,,0,0,,,,,,0
0021200768,412,4,0,4,10:41 PM,8:21,,,Horford REBOUND (Off:1 Def:7),,,5.0,201143,Al Horford,1610612737.0,Atlanta,Hawks,ATL,0,0,,,,,,0,0,,,,,,0
0021200768,413,5,1,4,10:41 PM,8:12,Nowitzki STEAL (2 STL),,Teague Bad Pass Turnover (P2.T15),,,5.0,201952,Jeff Teague,1610612737.0,Atlanta,Hawks,ATL,4,1717,Dirk Nowitzki,1610612742.0,Dallas,Mavericks,DAL,0,0,,,,,,0
0021200768,414,1,90,4,10:41 PM,8:08,Mayo  Running Slam Dunk (17 PTS) (Nowitzki 2 AST),,,84 - 86,2,4.0,201564,O.J. Mayo,1610612742.0,Dallas,Mavericks,DAL,4,1717,Dirk Nowitzki,1610612742.0,Dallas,Mavericks,DAL,0,0,,,,,,0
0021200768,415,2,1,4,10:41 PM,7:48,,,MISS Smith 17' Jump Shot,,,5.0,2746,Josh Smith,1610612737.0,Atlanta,Hawks,ATL,0,0,,,,,,0,0,,,,,,0
0021200768,416,4,0,4,10:41 PM,7:47,Wright REBOUND (Off:2 Def:3),,,,,4.0,201148,Brandan Wright,1610612742.0,Dallas,Mavericks,DAL,0,0,,,,,,0,0,,,,,,0
0021200768,417,2,1,4,10:41 PM,7:34,MISS Nowitzki 20' Jump Shot,,,,,4.0,1717,Dirk Nowitzki,1610612742.0,Dallas,Mavericks,DAL,0,0,,,,,,0,0,,,,,,0
0021200768,418,4,0,4,10:41 PM,7:33,,,Horford REBOUND (Off:1 Def:8),,,5.0,201143,Al Horford,1610612737.0,Atlanta,Hawks,ATL,0,0,,,,,,0,0,,,,,,0
0021200768,419,6,2,4,10:42 PM,7:17,Beaubois S.FOUL (P1.T1),,,,,4.0,201958,Rodrigue Beaubois,1610612742.0,Dallas,Mavericks,DAL,5,2734,Devin Harris,1610612737.0,Atlanta,Hawks,ATL,1,0,,,,,,0
0021200768,420,3,11,4,10:42 PM,7:17,,,Harris Free Throw 1 of 2 (14 PTS),85 - 86,1,5.0,2734,Devin Harris,1610612737.0,Atlanta,Hawks,ATL,0,0,,,,,,0,0,,,,,,0
0021200768,422,8,0,4,10:42 PM,7:17,SUB: Marion FOR Nowitzki,,,,,4.0,1717,Dirk Nowitzki,1610612742.0,Dallas,Mavericks,DAL,4,1890,Shawn Marion,1610612742.0,Dallas,Mavericks,DAL,0,0,,,,,,0
0021200768,423,8,0,4,10:42 PM,7:17,SUB: Collison FOR Beaubois,,,,,4.0,201958,Rodrigue Beaubois,1610612742.0,Dallas,Mavericks,DAL,4,201954,Darren Collison,1610612742.0,Dallas,Mavericks,DAL,0,0,,,,,,0
0021200768,424,8,0,4,10:42 PM,7:17,SUB: Carter FOR Crowder,,,,,4.0,203109,Jae Crowder,1610612742.0,Dallas,Mavericks,DAL,4,1713,Vince Carter,1610612742.0,Dallas,Mavericks,DAL,0,0,,,,,,0
0021200768,425,3,12,4,10:42 PM,7:17,,,Harris Free Throw 2 of 2 (15 PTS),86 - 86,TIE,5.0,2734,Devin Harris,1610612737.0,Atlanta,Hawks,ATL,0,0,,,,,,0,0,,,,,,0
0021200768,427,1,75,4,10:43 PM,7:05,Wright 1' Driving Finger Roll Layup (8 PTS) (Carter 3 AST),,,86 - 88,2,4.0,201148,Brandan Wright,1610612742.0,Dallas,Mavericks,DAL,4,1713,Vince Carter,1610612742.0,Dallas,Mavericks,DAL,0,0,,,,,,0
0021200768,428,6,2,4,10:43 PM,7:05,,,Harris S.FOUL (P3.T2),,,5.0,2734,Devin Harris,1610612737.0,Atlanta,Hawks,ATL,4,201148,Brandan Wright,1610612742.0,Dallas,Mavericks,DAL,1,0,,,,,,0
0021200768,429,3,10,4,10:43 PM,7:05,Wright Free Throw 1 of 1 (9 PTS),,,86 - 89,3,4.0,201148,Brandan Wright,1610612742.0,Dallas,Mavericks,DAL,0,0,,,,,,0,0,,,,,,0
0021200768,431,2,1,4,10:44 PM,6:50,,,MISS Korver  3PT Jump Shot,,,5.0,2594,Kyle Korver,1610612737.0,Atlanta,Hawks,ATL,0,0,,,,,,0,0,,,,,,0
0021200768,432,4,0,4,10:44 PM,6:49,Collison REBOUND (Off:1 Def:2),,,,,4.0,201954,Darren Collison,1610612742.0,Dallas,Mavericks,DAL,0,0,,,,,,0,0,,,,,,0
0021200768,433,1,1,4,10:44 PM,6:29,Wright 15' Jump Shot (11 PTS) (Collison 8 AST),,,86 - 91,5,4.0,201148,Brandan Wright,1610612742.0,Dallas,Mavericks,DAL,4,201954,Darren Collison,1610612742.0,Dallas,Mavericks,DAL,0,0,,,,,,0
0021200768,434,1,8,4,10:44 PM,6:11,,,Smith 1' Slam Dunk (18 PTS) (Teague 8 AST),88 - 91,3,5.0,2746,Josh Smith,1610612737.0,Atlanta,Hawks,ATL,5,201952,Jeff Teague,1610612737.0,Atlanta,Hawks,ATL,0,0,,,,,,0
0021200768,435,5,2,4,10:45 PM,5:50,Carter Lost Ball Turnover (P2.T9),,Korver STEAL (1 STL),,,4.0,1713,Vince Carter,1610612742.0,Dallas,Mavericks,DAL,5,2594,Kyle Korver,1610612737.0,Atlanta,Hawks,ATL,0,0,,,,,,0
0021200768,436,1,1,4,10:45 PM,5:44,,,Smith 25' 3PT Jump Shot (21 PTS) (Teague 9 AST),91 - 91,TIE,5.0,2746,Josh Smith,1610612737.0,Atlanta,Hawks,ATL,5,201952,Jeff Teague,1610612737.0,Atlanta,Hawks,ATL,0,0,,,,,,0
0021200768,437,9,1,4,10:45 PM,5:43,MAVERICKS Timeout: Regular (Full 5 Short 2),,,,,2.0,1610612742,,,,,,0,0,,,,,,0,0,,,,,,0
0021200768,438,8,0,4,10:47 PM,5:43,SUB: Nowitzki FOR Carter,,,,,4.0,1713,Vince Carter,1610612742.0,Dallas,Mavericks,DAL,4,1717,Dirk Nowitzki,1610612742.0,Dallas,Mavericks,DAL,0,0,,,,,,0
0021200768,439,8,0,4,10:47 PM,5:43,SUB: Brand FOR Wright,,,,,4.0,201148,Brandan Wright,1610612742.0,Dallas,Mavericks,DAL,4,1882,Elton Brand,1610612742.0,Dallas,Mavericks,DAL,0,0,,,,,,0
0021200768,440,8,0,4,10:47 PM,5:43,,,SUB: Tolliver FOR Harris,,,5.0,2734,Devin Harris,1610612737.0,Atlanta,Hawks,ATL,5,201229,Anthony Tolliver,1610612737.0,Atlanta,Hawks,ATL,0,0,,,,,,0
0021200768,441,2,80,4,10:48 PM,5:21,MISS Mayo 18' Step Back Jump Shot,,,,,4.0,201564,O.J. Mayo,1610612742.0,Dallas,Mavericks,DAL,0,0,,,,,,0,0,,,,,,0
0021200768,442,4,0,4,10:48 PM,5:18,Collison REBOUND (Off:2 Def:2),,,,,4.0,201954,Darren Collison,1610612742.0,Dallas,Mavericks,DAL,0,0,,,,,,0,0,,,,,,0
0021200768,443,6,1,4,10:48 PM,5:17,,,Smith P.FOUL (P3.T3),,,5.0,2746,Josh Smith,1610612737.0,Atlanta,Hawks,ATL,4,201954,Darren Collison,1610612742.0,Dallas,Mavericks,DAL,1,0,,,,,,0
0021200768,444,2,1,4,10:48 PM,5:07,MISS Collison 21' Jump Shot,,,,,4.0,201954,Darren Collison,1610612742.0,Dallas,Mavericks,DAL,0,0,,,,,,0,0,,,,,,0
0021200768,445,4,0,4,10:48 PM,5:06,,,Tolliver REBOUND (Off:0 Def:5),,,5.0,201229,Anthony Tolliver,1610612737.0,Atlanta,Hawks,ATL,0,0,,,,,,0,0,,,,,,0
0021200768,446,6,2,4,10:49 PM,4:41,Brand S.FOUL (P2.T2),,,,,4.0,1882,Elton Brand,1610612742.0,Dallas,Mavericks,DAL,5,201229,Anthony Tolliver,1610612737.0,Atlanta,Hawks,ATL,1,0,,,,,,0
0021200768,447,3,11,4,10:49 PM,4:41,,,MISS Tolliver Free Throw 1 of 2,,,5.0,201229,Anthony Tolliver,1610612737.0,Atlanta,Hawks,ATL,0,0,,,,,,0,0,,,,,,0
0021200768,448,4,1,4,10:49 PM,4:41,,,Hawks Rebound,,,3.0,1610612737,,,,,,0,0,,,,,,0,0,,,,,,0
0021200768,449,3,12,4,10:49 PM,4:41,,,Tolliver Free Throw 2 of 2 (1 PTS),92 - 91,-1,5.0,201229,Anthony Tolliver,1610612737.0,Atlanta,Hawks,ATL,0,0,,,,,,0,0,,,,,,0
0021200768,451,6,2,4,10:50 PM,4:24,,,Smith S.FOUL (P4.T4),,,5.0,2746,Josh Smith,1610612737.0,Atlanta,Hawks,ATL,4,1717,Dirk Nowitzki,1610612742.0,Dallas,Mavericks,DAL,1,0,,,,,,0
0021200768,452,3,11,4,10:50 PM,4:24,Nowitzki Free Throw 1 of 2 (17 PTS),,,92 - 92,TIE,4.0,1717,Dirk Nowitzki,1610612742.0,Dallas,Mavericks,DAL,0,0,,,,,,0,0,,,,,,0
0021200768,454,3,12,4,10:50 PM,4:24,MISS Nowitzki Free Throw 2 of 2,,,,,4.0,1717,Dirk Nowitzki,1610612742.0,Dallas,Mavericks,DAL,0,0,,,,,,0,0,,,,,,0
0021200768,456,4,0,4,10:50 PM,4:23,,,Smith REBOUND (Off:2 Def:10),,,5.0,2746,Josh Smith,1610612737.0,Atlanta,Hawks,ATL,0,0,,,,,,0,0,,,,,,0
0021200768,457,5,2,4,10:50 PM,4:12,Brand STEAL (1 STL),,Teague Lost Ball Turnover (P3.T16),,,5.0,201952,Jeff Teague,1610612737.0,Atlanta,Hawks,ATL,4,1882,Elton Brand,1610612742.0,Dallas,Mavericks,DAL,0,0,,,,,,0
0021200768,458,2,5,4,10:50 PM,4:08,MISS Brand 1' Layup,,,,,4.0,1882,Elton Brand,1610612742.0,Dallas,Mavericks,DAL,0,0,,,,,,0,0,,,,,,0
0021200768,459,4,0,4,10:50 PM,4:06,,,Teague REBOUND (Off:0 Def:3),,,5.0,201952,Jeff Teague,1610612737.0,Atlanta,Hawks,ATL,0,0,,,,,,0,0,,,,,,0
0021200768,460,6,1,4,10:51 PM,3:59,Collison P.FOUL (P4.T3),,,,,4.0,201954,Darren Collison,1610612742.0,Dallas,Mavericks,DAL,5,201952,Jeff Teague,1610612737.0,Atlanta,Hawks,ATL,1,0,,,,,,0
0021200768,461,2,1,4,10:51 PM,3:45,,,MISS Tolliver 25' 3PT Jump Shot,,,5.0,201229,Anthony Tolliver,1610612737.0,Atlanta,Hawks,ATL,0,0,,,,,,0,0,,,,,,0
0021200768,462,4,0,4,10:51 PM,3:44,Collison REBOUND (Off:2 Def:3),,,,,4.0,201954,Darren Collison,1610612742.0,Dallas,Mavericks,DAL,0,0,,,,,,0,0,,,,,,0
0021200768,463,2,42,4,10:51 PM,3:26,MISS Mayo 2' Driving Layup,,,,,4.0,201564,O.J. Mayo,1610612742.0,Dallas,Mavericks,DAL,0,0,,,,,,0,0,,,,,,0
0021200768,464,4,0,4,10:51 PM,3:24,,,Smith REBOUND (Off:2 Def:11),,,5.0,2746,Josh Smith,1610612737.0,Atlanta,Hawks,ATL,0,0,,,,,,0,0,,,,,,0
0021200768,465,5,4,4,10:52 PM,3:21,,,Smith Traveling Turnover (P4.T17),,,5.0,2746,Josh Smith,1610612737.0,Atlanta,Hawks,ATL,0,0,,,,,,1,0,,,,,,0
0021200768,466,2,1,4,10:52 PM,3:05,MISS Mayo 23' Jump Shot,,,,,4.0,201564,O.J. Mayo,1610612742.0,Dallas,Mavericks,DAL,0,0,,,,,,0,0,,,,,,0
0021200768,467,4,0,4,10:52 PM,3:04,,,Horford REBOUND (Off:1 Def:9),,,5.0,201143,Al Horford,1610612737.0,Atlanta,Hawks,ATL,0,0,,,,,,0,0,,,,,,0
0021200768,468,6,2,4,10:53 PM,2:55,Mayo S.FOUL (P3.T4),,,,,4.0,201564,O.J. Mayo,1610612742.0,Dallas,Mavericks,DAL,5,2746,Josh Smith,1610612737.0,Atlanta,Hawks,ATL,1,0,,,,,,0
0021200768,469,9,4,4,10:53 PM,2:55,,,,,,1.0,0,,,,,,0,0,,,,,,0,0,,,,,,0
0021200768,471,8,0,4,10:55 PM,2:55,SUB: Carter FOR Marion,,,,,4.0,1890,Shawn Marion,1610612742.0,Dallas,Mavericks,DAL,4,1713,Vince Carter,1610612742.0,Dallas,Mavericks,DAL,0,0,,,,,,0
0021200768,472,8,0,4,10:55 PM,2:55,SUB: Wright FOR Brand,,,,,4.0,1882,Elton Brand,1610612742.0,Dallas,Mavericks,DAL,4,201148,Brandan Wright,1610612742.0,Dallas,Mavericks,DAL,0,0,,,,,,0
0021200768,473,8,0,4,10:55 PM,2:55,,,SUB: Harris FOR Tolliver,,,5.0,201229,Anthony Tolliver,1610612737.0,Atlanta,Hawks,ATL,5,2734,Devin Harris,1610612737.0,Atlanta,Hawks,ATL,0,0,,,,,,0
0021200768,474,3,11,4,10:55 PM,2:55,,,MISS Smith Free Throw 1 of 2,,,5.0,2746,Josh Smith,1610612737.0,Atlanta,Hawks,ATL,0,0,,,,,,0,0,,,,,,0
0021200768,475,4,1,4,10:55 PM,2:55,,,Hawks Rebound,,,3.0,1610612737,,,,,,0,0,,,,,,0,0,,,,,,0
0021200768,476,3,12,4,10:55 PM,2:55,,,MISS Smith Free Throw 2 of 2,,,5.0,2746,Josh Smith,1610612737.0,Atlanta,Hawks,ATL,0,0,,,,,,0,0,,,,,,0
0021200768,478,4,0,4,10:56 PM,2:54,,,Korver REBOUND (Off:2 Def:2),,,5.0,2594,Kyle Korver,1610612737.0,Atlanta,Hawks,ATL,0,0,,,,,,0,0,,,,,,0
0021200768,479,1,42,4,10:56 PM,2:41,,,Horford 2' Driving Layup (19 PTS) (Harris 4 AST),94 - 92,-2,5.0,201143,Al Horford,1610612737.0,Atlanta,Hawks,ATL,5,2734,Devin Harris,1610612737.0,Atlanta,Hawks,ATL,0,0,,,,,,0
0021200768,480,2,1,4,10:56 PM,2:19,MISS Nowitzki 24' 3PT Jump Shot,,,,,4.0,1717,Dirk Nowitzki,1610612742.0,Dallas,Mavericks,DAL,0,0,,,,,,0,0,,,,,,0
0021200768,481,4,0,4,10:56 PM,2:18,,,Teague REBOUND (Off:0 Def:4),,,5.0,201952,Jeff Teague,1610612737.0,Atlanta,Hawks,ATL,0,0,,,,,,0,0,,,,,,0
0021200768,482,1,8,4,10:56 PM,2:06,,,Horford  Slam Dunk (21 PTS) (Smith 6 AST),96 - 92,-4,5.0,201143,Al Horford,1610612737.0,Atlanta,Hawks,ATL,5,2746,Josh Smith,1610612737.0,Atlanta,Hawks,ATL,0,0,,,,,,0
0021200768,483,1,90,4,10:57 PM,1:51,Mayo  Running Slam Dunk (19 PTS) (Collison 9 AST),,,96 - 94,-2,4.0,201564,O.J. Mayo,1610612742.0,Dallas,Mavericks,DAL,4,201954,Darren Collison,1610612742.0,Dallas,Mavericks,DAL,0,0,,,,,,0
0021200768,484,1,1,4,10:57 PM,1:29,,,Smith 25' 3PT Jump Shot (24 PTS) (Harris 5 AST),99 - 94,-5,5.0,2746,Josh Smith,1610612737.0,Atlanta,Hawks,ATL,5,2734,Devin Harris,1610612737.0,Atlanta,Hawks,ATL,0,0,,,,,,0
0021200768,485,6,1,4,10:57 PM,1:14,,,Smith P.FOUL (P5.PN),,,5.0,2746,Josh Smith,1610612737.0,Atlanta,Hawks,ATL,4,1717,Dirk Nowitzki,1610612742.0,Dallas,Mavericks,DAL,1,0,,,,,,0
0021200768,486,3,11,4,10:58 PM,1:14,Nowitzki Free Throw 1 of 2 (18 PTS),,,99 - 95,-4,4.0,1717,Dirk Nowitzki,1610612742.0,Dallas,Mavericks,DAL,0,0,,,,,,0,0,,,,,,0
0021200768,488,8,0,4,10:58 PM,1:14,SUB: Brand FOR Wright,,,,,4.0,201148,Brandan Wright,1610612742.0,Dallas,Mavericks,DAL,4,1882,Elton Brand,1610612742.0,Dallas,Mavericks,DAL,0,0,,,,,,0
0021200768,489,3,12,4,10:58 PM,1:14,Nowitzki Free Throw 2 of 2 (19 PTS),,,99 - 96,-3,4.0,1717,Dirk Nowitzki,1610612742.0,Dallas,Mavericks,DAL,0,0,,,,,,0,0,,,,,,0
0021200768,491,2,1,4,10:58 PM,1:00,,,MISS Teague  3PT Jump Shot,,,5.0,201952,Jeff Teague,1610612737.0,Atlanta,Hawks,ATL,0,0,,,,,,0,0,,,,,,0
0021200768,492,4,0,4,10:58 PM,0:59,Carter REBOUND (Off:0 Def:5),,,,,4.0,1713,Vince Carter,1610612742.0,Dallas,Mavericks,DAL,0,0,,,,,,0,0,,,,,,0
0021200768,493,1,66,4,10:59 PM,0:44,Nowitzki 3' Jump Bank Shot (21 PTS),,,99 - 98,-1,4.0,1717,Dirk Nowitzki,1610612742.0,Dallas,Mavericks,DAL,0,0,,,,,,0,0,,,,,,0
0021200768,494,9,1,4,10:59 PM,0:44,,,Hawks Timeout: Regular (Reg.5 Short 1),,,3.0,1610612737,,,,,,0,0,,,,,,0,0,,,,,,0
0021200768,497,5,1,4,11:01 PM,0:29,Brand STEAL (2 STL),,Smith Bad Pass Turnover (P5.T18),,,5.0,2746,Josh Smith,1610612737.0,Atlanta,Hawks,ATL,4,1882,Elton Brand,1610612742.0,Dallas,Mavericks,DAL,0,0,,,,,,0
0021200768,498,5,1,4,11:01 PM,0:23,Mayo Bad Pass Turnover (P3.T10),,Harris STEAL (1 STL),,,4.0,201564,O.J. Mayo,1610612742.0,Dallas,Mavericks,DAL,5,2734,Devin Harris,1610612737.0,Atlanta,Hawks,ATL,0,0,,,,,,0
0021200768,499,6,28,4,11:01 PM,0:22,Nowitzki Personal Take Foul (P2.PN),,,,,4.0,1717,Dirk Nowitzki,1610612742.0,Dallas,Mavericks,DAL,5,2746,Josh Smith,1610612737.0,Atlanta,Hawks,ATL,1,0,,,,,,0
0021200768,500,3,11,4,11:02 PM,0:22,,,Smith Free Throw 1 of 2 (25 PTS),100 - 98,-2,5.0,2746,Josh Smith,1610612737.0,Atlanta,Hawks,ATL,0,0,,,,,,0,0,,,,,,0
0021200768,502,3,12,4,11:02 PM,0:22,,,Smith Free Throw 2 of 2 (26 PTS),101 - 98,-3,5.0,2746,Josh Smith,1610612737.0,Atlanta,Hawks,ATL,0,0,,,,,,0,0,,,,,,0
0021200768,504,9,1,4,11:02 PM,0:22,MAVERICKS Timeout: Regular (Full 6 Short 2),,,,,2.0,1610612742,,,,,,0,0,,,,,,0,0,,,,,,0
0021200768,507,5,1,4,11:04 PM,0:14,Mayo Bad Pass Turnover (P4.T11),,Teague STEAL (1 STL),,,4.0,201564,O.J. Mayo,1610612742.0,Dallas,Mavericks,DAL,5,201952,Jeff Teague,1610612737.0,Atlanta,Hawks,ATL,0,0,,,,,,0
0021200768,508,6,28,4,11:04 PM,0:13,Brand Personal Take Foul (P3.PN),,,,,4.0,1882,Elton Brand,1610612742.0,Dallas,Mavericks,DAL,5,201952,Jeff Teague,1610612737.0,Atlanta,Hawks,ATL,1,0,,,,,,0
0021200768,509,3,11,4,11:05 PM,0:13,,,Teague Free Throw 1 of 2 (19 PTS),102 - 98,-4,5.0,201952,Jeff Teague,1610612737.0,Atlanta,Hawks,ATL,0,0,,,,,,0,0,,,,,,0
0021200768,511,3,12,4,11:05 PM,0:13,,,Teague Free Throw 2 of 2 (20 PTS),103 - 98,-5,5.0,201952,Jeff Teague,1610612737.0,Atlanta,Hawks,ATL,0,0,,,,,,0,0,,,,,,0
0021200768,513,1,1,4,11:05 PM,0:06,Nowitzki 24' 3PT Jump Shot (24 PTS) (Collison 10 AST),,,103 - 101,-2,4.0,1717,Dirk Nowitzki,1610612742.0,Dallas,Mavericks,DAL,4,201954,Darren Collison,1610612742.0,Dallas,Mavericks,DAL,0,0,,,,,,0
0021200768,514,18,1,4,11:06 PM,0:06,,,,,,,513,,,,,,0,0,,,,,,1,0,,,,,,0
0021200768,515,9,2,4,11:07 PM,0:06,,,Hawks Timeout: Short (Reg.5 Short 2),,,3.0,1610612737,,,,,,0,0,,,,,,0,0,,,,,,0
0021200768,516,8,0,4,11:07 PM,0:06,SUB: Marion FOR Nowitzki,,,,,4.0,1717,Dirk Nowitzki,1610612742.0,Dallas,Mavericks,DAL,4,1890,Shawn Marion,1610612742.0,Dallas,Mavericks,DAL,0,0,,,,,,0
0021200768,517,8,0,4,11:07 PM,0:06,SUB: Crowder FOR Brand,,,,,4.0,1882,Elton Brand,1610612742.0,Dallas,Mavericks,DAL,4,203109,Jae Crowder,1610612742.0,Dallas,Mavericks,DAL,0,0,,,,,,0
0021200768,519,6,28,4,11:08 PM,0:05,Mayo Personal Take Foul (P4.PN),,,,,4.0,201564,O.J. Mayo,1610612742.0,Dallas,Mavericks,DAL,5,2594,Kyle Korver,1610612737.0,Atlanta,Hawks,ATL,1,0,,,,,,0
0021200768,520,3,11,4,11:08 PM,0:05,,,Korver Free Throw 1 of 2 (9 PTS),104 - 101,-3,5.0,2594,Kyle Korver,1610612737.0,Atlanta,Hawks,ATL,0,0,,,,,,0,0,,,,,,0
0021200768,522,8,0,4,11:08 PM,0:05,SUB: Nowitzki FOR Marion,,,,,4.0,1890,Shawn Marion,1610612742.0,Dallas,Mavericks,DAL,4,1717,Dirk Nowitzki,1610612742.0,Dallas,Mavericks,DAL,0,0,,,,,,0
0021200768,523,3,12,4,11:08 PM,0:05,,,Korver Free Throw 2 of 2 (10 PTS),105 - 101,-4,5.0,2594,Kyle Korver,1610612737.0,Atlanta,Hawks,ATL,0,0,,,,,,0,0,,,,,,0
0021200768,525,5,1,4,11:09 PM,0:04,Crowder Bad Pass Turnover (P1.T12),,Horford STEAL (3 STL),,,4.0,203109,Jae Crowder,1610612742.0,Dallas,Mavericks,DAL,5,201143,Al Horford,1610612737.0,Atlanta,Hawks,ATL,0,0,,,,,,0
0021200768,526,13,0,4,11:09 PM,0:00,,,,105 - 101,-4,0.0,0,,,,,,0,0,,,,,,0,0,,,,,,0
