GAME_ID,EVENTNUM,EVENTMSGTYPE,EVENTMSGACTIONTYPE,PERIOD,WCTIMESTRING,PCTIMESTRING,HOMEDESCRIPTION,NEUTRALDESCRIPTION,VISITORDESCRIPTION,SCORE,SCOREMARGIN,PERSON1TYPE,PLAYER1_ID,PLAYER1_NAME,PLAYER1_TEAM_ID,PLAYER1_TEAM_CITY,PLAYER1_TEAM_NICKNAME,PLAYER1_TEAM_ABBREVIATION,PERSON2TYPE,PLAYER2_ID,PLAYER2_NAME,PLAYER2_TEAM_ID,PLAYER2_TEAM_CITY,PLAYER2_TEAM_NICKNAME,PLAYER2_TEAM_ABBREVIATION,PERSON3TYPE,PLAYER3_ID,PLAYER3_NAME,PLAYER3_TEAM_ID,PLAYER3_TEAM_CITY,PLAYER3_TEAM_NICKNAME,PLAYER3_TEAM_ABBREVIATION,VIDEO_AVAILABLE_FLAG
0029600311,52,10,0,1,11:43 PM,12:00,Jump Ball Parish vs. Divac: Tip to Mason,,,,,4.0,305,Robert Parish,1610612741.0,Chicago,Bulls,CHI,5,124,Vlade Divac,1610612766.0,Charlotte,Hornets,CHH,5,193,Anthony Mason,1610612766.0,Charlotte,Hornets,CHH,0
0029600311,2,2,1,1,11:43 PM,11:39,,,MISS Rice 18' Jump Shot,,,5.0,779,Glen Rice,1610612766.0,Charlotte,Hornets,CHH,0,0,,,,,,0,0,,,,,,0
0029600311,3,4,0,1,11:44 PM,11:37,Jordan REBOUND (Off:0 Def:1),,,,,4.0,893,Michael Jordan,1610612741.0,Chicago,Bulls,CHI,0,0,,,,,,0,0,,,,,,0
0029600311,4,2,1,1,11:44 PM,11:33,MISS Jordan 24' 3PT Jump Shot,,,,,4.0,893,Michael Jordan,1610612741.0,Chicago,Bulls,CHI,0,0,,,,,,0,0,,,,,,0
0029600311,5,4,0,1,11:44 PM,11:31,,,Divac REBOUND (Off:0 Def:1),,,5.0,124,Vlade Divac,1610612766.0,Charlotte,Hornets,CHH,0,0,,,,,,0,0,,,,,,0
0029600311,6,2,1,1,11:44 PM,11:22,,,MISS Curry 17' Jump Shot,,,5.0,209,Dell Curry,1610612766.0,Charlotte,Hornets,CHH,0,0,,,,,,0,0,,,,,,0
0029600311,7,4,0,1,11:44 PM,11:19,Jordan REBOUND (Off:0 Def:2),,,,,4.0,893,Michael Jordan,1610612741.0,Chicago,Bulls,CHI,0,0,,,,,,0,0,,,,,,0
0029600311,8,2,1,1,11:44 PM,11:13,MISS Pippen 18' Jump Shot,,,,,4.0,937,Scottie Pippen,1610612741.0,Chicago,Bulls,CHI,0,0,,,,,,0,0,,,,,,0
0029600311,9,4,0,1,11:44 PM,11:10,,,Curry REBOUND (Off:0 Def:1),,,5.0,209,Dell Curry,1610612766.0,Charlotte,Hornets,CHH,0,0,,,,,,0,0,,,,,,0
0029600311,19,2,1,1,11:45 PM,10:53,Harper BLOCK (1 BLK),,MISS Curry 14' Jump Shot,,,5.0,209,Dell Curry,1610612766.0,Charlotte,Hornets,CHH,0,0,,,,,,4,166,Ron Harper,1610612741.0,Chicago,Bulls,CHI,0
0029600311,23,4,0,1,11:45 PM,10:53,,,Curry REBOUND (Off:1 Def:1),,,5.0,209,Dell Curry,1610612766.0,Charlotte,Hornets,CHH,0,0,,,,,,0,0,,,,,,0
0029600311,11,2,5,1,11:45 PM,10:53,,,MISS Mason  Layup,,,5.0,193,Anthony Mason,1610612766.0,Charlotte,Hornets,CHH,0,0,,,,,,0,0,,,,,,0
0029600311,12,4,0,1,11:45 PM,10:51,Rodman REBOUND (Off:0 Def:1),,,,,4.0,23,Dennis Rodman,1610612741.0,Chicago,Bulls,CHI,0,0,,,,,,0,0,,,,,,0
0029600311,13,2,1,1,11:45 PM,10:40,MISS Jordan 19' Jump Shot,,,,,4.0,893,Michael Jordan,1610612741.0,Chicago,Bulls,CHI,0,0,,,,,,0,0,,,,,,0
0029600311,14,4,0,1,11:45 PM,10:38,,,Mason REBOUND (Off:0 Def:1),,,5.0,193,Anthony Mason,1610612766.0,Charlotte,Hornets,CHH,0,0,,,,,,0,0,,,,,,0
0029600311,15,1,8,1,11:45 PM,10:29,,,Rice  Slam Dunk (2 PTS) (Smith 1 AST),2 - 0,-2,5.0,779,Glen Rice,1610612766.0,Charlotte,Hornets,CHH,5,380,Tony Smith,1610612766.0,Charlotte,Hornets,CHH,0,0,,,,,,0
0029600311,16,2,1,1,11:45 PM,10:11,MISS Rodman 18' Jump Shot,,,,,4.0,23,Dennis Rodman,1610612741.0,Chicago,Bulls,CHI,0,0,,,,,,0,0,,,,,,0
0029600311,17,4,0,1,11:45 PM,10:09,,,Mason REBOUND (Off:0 Def:2),,,5.0,193,Anthony Mason,1610612766.0,Charlotte,Hornets,CHH,0,0,,,,,,0,0,,,,,,0
0029600311,18,1,3,1,11:46 PM,9:54,,,Divac 6' Hook Shot (2 PTS),4 - 0,-4,5.0,124,Vlade Divac,1610612766.0,Charlotte,Hornets,CHH,0,0,,,,,,0,0,,,,,,0
0029600311,20,2,1,1,11:46 PM,9:31,MISS Harper 20' Jump Shot,,,,,4.0,166,Ron Harper,1610612741.0,Chicago,Bulls,CHI,0,0,,,,,,0,0,,,,,,0
0029600311,22,4,0,1,11:46 PM,9:30,,,Hornets Rebound,,,3.0,1610612740,,,,,,0,0,,,,,,0,0,,,,,,0
0029600311,24,6,1,1,11:46 PM,9:14,Parish P.FOUL (P1.T1),,,,,4.0,305,Robert Parish,1610612741.0,Chicago,Bulls,CHI,0,0,,,,,,0,0,,,,,,0
0029600311,25,5,4,1,11:47 PM,9:10,,,Rice Traveling Turnover (P1.T1),,,5.0,779,Glen Rice,1610612766.0,Charlotte,Hornets,CHH,0,0,,,,,,0,0,,,,,,0
0029600311,26,2,1,1,11:47 PM,8:51,MISS Pippen 18' Jump Shot,,,,,4.0,937,Scottie Pippen,1610612741.0,Chicago,Bulls,CHI,0,0,,,,,,0,0,,,,,,0
0029600311,27,4,0,1,11:47 PM,8:48,,,Mason REBOUND (Off:0 Def:3),,,5.0,193,Anthony Mason,1610612766.0,Charlotte,Hornets,CHH,0,0,,,,,,0,0,,,,,,0
0029600311,28,1,1,1,11:47 PM,8:41,,,Curry 18' Jump Shot (2 PTS) (Divac 1 AST),6 - 0,-6,5.0,209,Dell Curry,1610612766.0,Charlotte,Hornets,CHH,5,124,Vlade Divac,1610612766.0,Charlotte,Hornets,CHH,0,0,,,,,,0
0029600311,29,1,1,1,11:48 PM,8:24,Pippen 24' 3PT Jump Shot (3 PTS) (Jordan 1 AST),,,6 - 3,-3,4.0,937,Scottie Pippen,1610612741.0,Chicago,Bulls,CHI,4,893,Michael Jordan,1610612741.0,Chicago,Bulls,CHI,0,0,,,,,,0
0029600311,30,2,5,1,11:48 PM,8:04,Rodman BLOCK (1 BLK),,MISS Divac  Layup,,,5.0,124,Vlade Divac,1610612766.0,Charlotte,Hornets,CHH,0,0,,,,,,4,23,Dennis Rodman,1610612741.0,Chicago,Bulls,CHI,0
0029600311,31,4,0,1,11:48 PM,8:02,Harper REBOUND (Off:0 Def:1),,,,,4.0,166,Ron Harper,1610612741.0,Chicago,Bulls,CHI,0,0,,,,,,0,0,,,,,,0
0029600311,32,2,5,1,11:48 PM,7:59,MISS Pippen  Layup,,,,,4.0,937,Scottie Pippen,1610612741.0,Chicago,Bulls,CHI,0,0,,,,,,0,0,,,,,,0
0029600311,65,4,0,1,11:48 PM,7:56,Parish REBOUND (Off:1 Def:0),,,,,4.0,305,Robert Parish,1610612741.0,Chicago,Bulls,CHI,0,0,,,,,,0,0,,,,,,0
0029600311,33,1,4,1,11:48 PM,7:56,Parish  Tip Shot (2 PTS),,,6 - 5,-1,4.0,305,Robert Parish,1610612741.0,Chicago,Bulls,CHI,0,0,,,,,,0,0,,,,,,0
0029600311,34,2,1,1,11:48 PM,7:41,,,MISS Divac 3' Jump Shot,,,5.0,124,Vlade Divac,1610612766.0,Charlotte,Hornets,CHH,0,0,,,,,,0,0,,,,,,0
0029600311,35,4,0,1,11:48 PM,7:38,Rodman REBOUND (Off:0 Def:2),,,,,4.0,23,Dennis Rodman,1610612741.0,Chicago,Bulls,CHI,0,0,,,,,,0,0,,,,,,0
0029600311,36,1,1,1,11:49 PM,7:25,Jordan 9' Jump Shot (2 PTS),,,6 - 7,1,4.0,893,Michael Jordan,1610612741.0,Chicago,Bulls,CHI,0,0,,,,,,0,0,,,,,,0
0029600311,37,1,5,1,11:49 PM,7:05,,,Mason  Layup (2 PTS) (Rice 1 AST),8 - 7,-1,5.0,193,Anthony Mason,1610612766.0,Charlotte,Hornets,CHH,5,779,Glen Rice,1610612766.0,Charlotte,Hornets,CHH,0,0,,,,,,0
0029600311,38,2,1,1,11:49 PM,6:45,MISS Jordan 16' Jump Shot,,,,,4.0,893,Michael Jordan,1610612741.0,Chicago,Bulls,CHI,0,0,,,,,,0,0,,,,,,0
0029600311,39,4,0,1,11:49 PM,6:42,,,Mason REBOUND (Off:0 Def:4),,,5.0,193,Anthony Mason,1610612766.0,Charlotte,Hornets,CHH,0,0,,,,,,0,0,,,,,,0
0029600311,40,2,1,1,11:49 PM,6:34,,,MISS Rice 19' Jump Shot,,,5.0,779,Glen Rice,1610612766.0,Charlotte,Hornets,CHH,0,0,,,,,,0,0,,,,,,0
0029600311,41,4,0,1,11:50 PM,6:32,,,Divac REBOUND (Off:1 Def:1),,,5.0,124,Vlade Divac,1610612766.0,Charlotte,Hornets,CHH,0,0,,,,,,0,0,,,,,,0
0029600311,42,5,2,1,11:50 PM,6:30,Jordan STEAL (1 STL),,Divac Lost Ball Turnover (P1.T2),,,5.0,124,Vlade Divac,1610612766.0,Charlotte,Hornets,CHH,4,893,Michael Jordan,1610612741.0,Chicago,Bulls,CHI,0,0,,,,,,0
0029600311,43,1,7,1,11:50 PM,6:25,Jordan  Dunk (4 PTS),,,8 - 9,1,4.0,893,Michael Jordan,1610612741.0,Chicago,Bulls,CHI,0,0,,,,,,0,0,,,,,,0
0029600311,44,2,1,1,11:50 PM,6:09,,,MISS Smith  3PT Jump Shot,,,5.0,380,Tony Smith,1610612766.0,Charlotte,Hornets,CHH,0,0,,,,,,0,0,,,,,,0
0029600311,45,4,0,1,11:50 PM,6:07,BULLS Rebound,,,,,2.0,1610612741,,,,,,0,0,,,,,,0,0,,,,,,0
0029600311,46,9,1,1,11:50 PM,6:07,BULLS Timeout: Regular (Full 1 Short 0),,,,,2.0,1610612741,,,,,,0,0,,,,,,0,0,,,,,,0
0029600311,47,2,5,1,11:52 PM,5:53,MISS Jordan  Layup,,,,,4.0,893,Michael Jordan,1610612741.0,Chicago,Bulls,CHI,0,0,,,,,,0,0,,,,,,0
0029600311,48,4,0,1,11:52 PM,5:51,,,Divac REBOUND (Off:1 Def:2),,,5.0,124,Vlade Divac,1610612766.0,Charlotte,Hornets,CHH,0,0,,,,,,0,0,,,,,,0
0029600311,49,2,1,1,11:53 PM,5:45,,,MISS Curry 18' Jump Shot,,,5.0,209,Dell Curry,1610612766.0,Charlotte,Hornets,CHH,0,0,,,,,,0,0,,,,,,0
0029600311,50,4,0,1,11:53 PM,5:43,Jordan REBOUND (Off:0 Def:3),,,,,4.0,893,Michael Jordan,1610612741.0,Chicago,Bulls,CHI,0,0,,,,,,0,0,,,,,,0
0029600311,51,1,1,1,11:53 PM,5:31,Jordan 19' Jump Shot (6 PTS) (Pippen 1 AST),,,8 - 11,3,4.0,893,Michael Jordan,1610612741.0,Chicago,Bulls,CHI,4,937,Scottie Pippen,1610612741.0,Chicago,Bulls,CHI,0,0,,,,,,0
0029600311,53,5,4,1,11:53 PM,5:10,,,Divac Traveling Turnover (P2.T3),,,5.0,124,Vlade Divac,1610612766.0,Charlotte,Hornets,CHH,0,0,,,,,,0,0,,,,,,0
0029600311,54,2,1,1,11:53 PM,5:00,MISS Pippen  3PT Jump Shot,,,,,4.0,937,Scottie Pippen,1610612741.0,Chicago,Bulls,CHI,0,0,,,,,,0,0,,,,,,0
0029600311,55,4,0,1,11:53 PM,4:56,BULLS Rebound,,,,,2.0,1610612741,,,,,,0,0,,,,,,0,0,,,,,,0
0029600311,56,2,1,1,11:54 PM,4:53,MISS Parish 8' Jump Shot,,,,,4.0,305,Robert Parish,1610612741.0,Chicago,Bulls,CHI,0,0,,,,,,0,0,,,,,,0
0029600311,57,4,0,1,11:54 PM,4:50,,,Curry REBOUND (Off:1 Def:2),,,5.0,209,Dell Curry,1610612766.0,Charlotte,Hornets,CHH,0,0,,,,,,0,0,,,,,,0
0029600311,58,1,5,1,11:54 PM,4:44,,,Divac  Layup (4 PTS) (Curry 1 AST),10 - 11,1,5.0,124,Vlade Divac,1610612766.0,Charlotte,Hornets,CHH,5,209,Dell Curry,1610612766.0,Charlotte,Hornets,CHH,0,0,,,,,,0
0029600311,59,2,1,1,11:54 PM,4:28,MISS Parish 13' Jump Shot,,,,,4.0,305,Robert Parish,1610612741.0,Chicago,Bulls,CHI,0,0,,,,,,0,0,,,,,,0
0029600311,61,4,0,1,11:54 PM,4:26,,,Curry REBOUND (Off:1 Def:3),,,5.0,209,Dell Curry,1610612766.0,Charlotte,Hornets,CHH,0,0,,,,,,0,0,,,,,,0
0029600311,62,6,4,1,11:54 PM,4:21,,,Divac OFF.Foul (P1),,,5.0,124,Vlade Divac,1610612766.0,Charlotte,Hornets,CHH,5,0,,1610612766.0,Charlotte,Hornets,CHH,0,0,,,,,,0
0029600311,63,5,5,1,11:54 PM,4:21,,,Divac Foul Turnover (P3.T4),,,5.0,124,Vlade Divac,1610612766.0,Charlotte,Hornets,CHH,0,0,,,,,,0,0,,,,,,0
0029600311,66,5,1,1,11:55 PM,4:12,Pippen Bad Pass Turnover (P1.T1),,Divac STEAL (1 STL),,,4.0,937,Scottie Pippen,1610612741.0,Chicago,Bulls,CHI,5,124,Vlade Divac,1610612766.0,Charlotte,Hornets,CHH,0,0,,,,,,0
0029600311,67,2,1,1,11:55 PM,3:54,Pippen BLOCK (1 BLK),,MISS Smith 6' Jump Shot,,,5.0,380,Tony Smith,1610612766.0,Charlotte,Hornets,CHH,0,0,,,,,,4,937,Scottie Pippen,1610612741.0,Chicago,Bulls,CHI,0
0029600311,68,4,0,1,11:55 PM,3:50,Rodman REBOUND (Off:0 Def:3),,,,,4.0,23,Dennis Rodman,1610612741.0,Chicago,Bulls,CHI,0,0,,,,,,0,0,,,,,,0
0029600311,69,1,5,1,11:55 PM,3:43,Parish  Layup (4 PTS) (Jordan 2 AST),,,10 - 13,3,4.0,305,Robert Parish,1610612741.0,Chicago,Bulls,CHI,4,893,Michael Jordan,1610612741.0,Chicago,Bulls,CHI,0,0,,,,,,0
0029600311,70,5,4,1,11:56 PM,3:29,,,Mason Traveling Turnover (P1.T5),,,5.0,193,Anthony Mason,1610612766.0,Charlotte,Hornets,CHH,0,0,,,,,,0,0,,,,,,0
0029600311,71,2,1,1,11:56 PM,3:16,MISS Jordan 12' Jump Shot,,,,,4.0,893,Michael Jordan,1610612741.0,Chicago,Bulls,CHI,0,0,,,,,,0,0,,,,,,0
0029600311,72,4,0,1,11:56 PM,3:12,,,Mason REBOUND (Off:0 Def:5),,,5.0,193,Anthony Mason,1610612766.0,Charlotte,Hornets,CHH,0,0,,,,,,0,0,,,,,,0
0029600311,73,1,1,1,11:56 PM,3:05,,,Curry 24' 3PT Jump Shot (5 PTS) (Mason 1 AST),13 - 13,TIE,5.0,209,Dell Curry,1610612766.0,Charlotte,Hornets,CHH,5,193,Anthony Mason,1610612766.0,Charlotte,Hornets,CHH,0,0,,,,,,0
0029600311,74,6,1,1,11:57 PM,2:48,,,Curry P.FOUL (P1.T1),,,5.0,209,Dell Curry,1610612766.0,Charlotte,Hornets,CHH,5,0,,1610612766.0,Charlotte,Hornets,CHH,0,0,,,,,,0
0029600311,75,9,1,1,11:57 PM,2:48,,,Hornets Timeout: Regular (Reg.1 Short 0),,,3.0,1610612740,,,,,,0,0,,,,,,0,0,,,,,,0
0029600311,76,8,0,1,11:59 PM,2:48,SUB: Kukoc FOR Parish,,,,,4.0,305,Robert Parish,1610612741.0,Chicago,Bulls,CHI,4,389,Toni Kukoc,1610612741.0,Chicago,Bulls,CHI,0,0,,,,,,0
0029600311,77,1,1,1,11:59 PM,2:33,Jordan 15' Jump Shot (8 PTS) (Kukoc 1 AST),,,13 - 15,2,4.0,893,Michael Jordan,1610612741.0,Chicago,Bulls,CHI,4,389,Toni Kukoc,1610612741.0,Chicago,Bulls,CHI,0,0,,,,,,0
0029600311,78,1,5,1,11:59 PM,2:13,,,Rice  Layup (4 PTS) (Curry 2 AST),15 - 15,TIE,5.0,779,Glen Rice,1610612766.0,Charlotte,Hornets,CHH,5,209,Dell Curry,1610612766.0,Charlotte,Hornets,CHH,0,0,,,,,,0
0029600311,79,1,1,1,12:00 PM,1:56,Kukoc 14' Jump Shot (2 PTS) (Harper 1 AST),,,15 - 17,2,4.0,389,Toni Kukoc,1610612741.0,Chicago,Bulls,CHI,4,166,Ron Harper,1610612741.0,Chicago,Bulls,CHI,0,0,,,,,,0
0029600311,80,2,5,1,12:00 PM,1:36,Pippen BLOCK (2 BLK),,MISS Rice  Layup,,,5.0,779,Glen Rice,1610612766.0,Charlotte,Hornets,CHH,0,0,,,,,,4,937,Scottie Pippen,1610612741.0,Chicago,Bulls,CHI,0
0029600311,81,4,0,1,12:00 PM,1:32,Rodman REBOUND (Off:0 Def:4),,,,,4.0,23,Dennis Rodman,1610612741.0,Chicago,Bulls,CHI,0,0,,,,,,0,0,,,,,,0
0029600311,82,2,1,1,12:00 PM,1:29,MISS Kukoc  3PT Jump Shot,,,,,4.0,389,Toni Kukoc,1610612741.0,Chicago,Bulls,CHI,0,0,,,,,,0,0,,,,,,0
0029600311,83,4,0,1,12:00 PM,1:26,,,Curry REBOUND (Off:1 Def:4),,,5.0,209,Dell Curry,1610612766.0,Charlotte,Hornets,CHH,0,0,,,,,,0,0,,,,,,0
0029600311,84,2,1,1,12:00 PM,1:16,,,MISS Curry 24' 3PT Jump Shot,,,5.0,209,Dell Curry,1610612766.0,Charlotte,Hornets,CHH,0,0,,,,,,0,0,,,,,,0
0029600311,85,4,0,1,12:00 PM,1:14,Rodman REBOUND (Off:0 Def:5),,,,,4.0,23,Dennis Rodman,1610612741.0,Chicago,Bulls,CHI,0,0,,,,,,0,0,,,,,,0
0029600311,86,6,2,1,12:01 PM,1:05,,,Curry S.FOUL (P2.T2),,,5.0,209,Dell Curry,1610612766.0,Charlotte,Hornets,CHH,5,0,,1610612766.0,Charlotte,Hornets,CHH,0,0,,,,,,0
0029600311,87,3,11,1,12:01 PM,1:05,Harper Free Throw 1 of 2 (1 PTS),,,15 - 18,3,4.0,166,Ron Harper,1610612741.0,Chicago,Bulls,CHI,0,0,,,,,,0,0,,,,,,0
0029600311,88,8,0,1,12:01 PM,1:05,SUB: Kerr FOR Jordan,,,,,4.0,893,Michael Jordan,1610612741.0,Chicago,Bulls,CHI,4,70,Steve Kerr,1610612741.0,Chicago,Bulls,CHI,0,0,,,,,,0
0029600311,90,6,11,1,12:01 PM,1:05,,,Mason T.FOUL (P0.T2),,,5.0,193,Anthony Mason,1610612766.0,Charlotte,Hornets,CHH,5,0,,1610612766.0,Charlotte,Hornets,CHH,1,0,,,,,,0
0029600311,91,3,16,1,12:02 PM,1:05,Kerr Free Throw Technical (1 PTS),,,15 - 19,4,4.0,70,Steve Kerr,1610612741.0,Chicago,Bulls,CHI,0,0,,,,,,0,0,,,,,,0
0029600311,92,3,12,1,12:02 PM,1:05,Harper Free Throw 2 of 2 (2 PTS),,,15 - 20,5,4.0,166,Ron Harper,1610612741.0,Chicago,Bulls,CHI,0,0,,,,,,0,0,,,,,,0
0029600311,93,5,3,1,12:02 PM,1:03,,,Smith Out Of Bounds Turnover (P1.T6),,,5.0,380,Tony Smith,1610612766.0,Charlotte,Hornets,CHH,0,0,,,,,,0,0,,,,,,0
0029600311,94,5,2,1,12:03 PM,0:48,Pippen Lost Ball Turnover (P2.T2),,Smith STEAL (1 STL),,,4.0,937,Scottie Pippen,1610612741.0,Chicago,Bulls,CHI,5,380,Tony Smith,1610612766.0,Charlotte,Hornets,CHH,0,0,,,,,,0
0029600311,95,2,1,1,12:03 PM,0:28,,,MISS Divac 8' Jump Shot,,,5.0,124,Vlade Divac,1610612766.0,Charlotte,Hornets,CHH,0,0,,,,,,0,0,,,,,,0
0029600311,96,4,0,1,12:03 PM,0:26,Kukoc REBOUND (Off:0 Def:1),,,,,4.0,389,Toni Kukoc,1610612741.0,Chicago,Bulls,CHI,0,0,,,,,,0,0,,,,,,0
0029600311,97,5,2,1,12:03 PM,0:06,Kukoc Lost Ball Turnover (P1.T3),,Divac STEAL (2 STL),,,4.0,389,Toni Kukoc,1610612741.0,Chicago,Bulls,CHI,5,124,Vlade Divac,1610612766.0,Charlotte,Hornets,CHH,0,0,,,,,,0
0029600311,98,1,7,1,12:03 PM,0:03,,,Rice  Dunk (6 PTS) (Divac 2 AST),17 - 20,3,5.0,779,Glen Rice,1610612766.0,Charlotte,Hornets,CHH,5,124,Vlade Divac,1610612766.0,Charlotte,Hornets,CHH,0,0,,,,,,0
0029600311,99,2,5,1,12:04 PM,0:00,MISS Kukoc  Layup,,,,,4.0,389,Toni Kukoc,1610612741.0,Chicago,Bulls,CHI,0,0,,,,,,0,0,,,,,,0
0029600311,101,4,0,1,12:04 PM,0:00,BULLS Rebound,,,,,2.0,1610612741,,,,,,0,0,,,,,,0,0,,,,,,0
0029600311,100,13,0,1,12:04 PM,0:00,,,,17 - 20,3,0.0,0,,,,,,0,0,,,,,,0,0,,,,,,0
0029600311,102,12,0,2,12:06 PM,12:00,,,,17 - 20,3,0.0,0,,,,,,0,0,,,,,,0,0,,,,,,0
0029600311,103,2,1,2,12:07 PM,11:44,MISS Jordan 15' Jump Shot,,,,,4.0,893,Michael Jordan,1610612741.0,Chicago,Bulls,CHI,0,0,,,,,,0,0,,,,,,0
0029600311,104,4,0,2,12:07 PM,11:41,,,Hornets Rebound,,,3.0,1610612740,,,,,,0,0,,,,,,0,0,,,,,,0
0029600311,105,2,5,2,12:07 PM,11:26,Wennington BLOCK (1 BLK),,MISS Divac  Layup,,,5.0,124,Vlade Divac,1610612766.0,Charlotte,Hornets,CHH,0,0,,,,,,4,82,Bill Wennington,1610612741.0,Chicago,Bulls,CHI,0
0029600311,106,4,0,2,12:07 PM,11:23,Jordan REBOUND (Off:0 Def:4),,,,,4.0,893,Michael Jordan,1610612741.0,Chicago,Bulls,CHI,0,0,,,,,,0,0,,,,,,0
0029600311,107,1,1,2,12:07 PM,11:08,Wennington 12' Jump Shot (2 PTS) (Rodman 1 AST),,,17 - 22,5,4.0,82,Bill Wennington,1610612741.0,Chicago,Bulls,CHI,4,23,Dennis Rodman,1610612741.0,Chicago,Bulls,CHI,0,0,,,,,,0
0029600311,108,7,2,2,12:08 PM,10:48,BULLS Violation: Def. Goaltending Violation,,,,,2.0,1610612741,,,,,,0,0,,,,,,1,0,,,,,,0
0029600311,109,6,1,2,12:08 PM,10:40,Rodman P.FOUL (P1.T1),,,,,4.0,23,Dennis Rodman,1610612741.0,Chicago,Bulls,CHI,0,0,,,,,,0,0,,,,,,0
0029600311,110,1,1,2,12:09 PM,10:25,,,Mason 16' Jump Shot (4 PTS),19 - 22,3,5.0,193,Anthony Mason,1610612766.0,Charlotte,Hornets,CHH,0,0,,,,,,4,0,,1610612741.0,Chicago,Bulls,CHI,0
0029600311,111,6,2,2,12:09 PM,10:25,Kerr S.FOUL (P1.T2),,,,,4.0,70,Steve Kerr,1610612741.0,Chicago,Bulls,CHI,0,0,,,,,,0,0,,,,,,0
0029600311,112,3,10,2,12:09 PM,10:25,,,Mason Free Throw 1 of 1 (5 PTS),20 - 22,2,5.0,193,Anthony Mason,1610612766.0,Charlotte,Hornets,CHH,0,0,,,,,,0,0,,,,,,0
0029600311,113,1,1,2,12:09 PM,10:12,Kerr 15' Jump Shot (3 PTS) (Jordan 3 AST),,,20 - 24,4,4.0,70,Steve Kerr,1610612741.0,Chicago,Bulls,CHI,4,893,Michael Jordan,1610612741.0,Chicago,Bulls,CHI,0,0,,,,,,0
0029600311,114,1,6,2,12:09 PM,9:57,,,Mason  Driving Layup (7 PTS) (Curry 3 AST),22 - 24,2,5.0,193,Anthony Mason,1610612766.0,Charlotte,Hornets,CHH,5,209,Dell Curry,1610612766.0,Charlotte,Hornets,CHH,0,0,,,,,,0
0029600311,115,2,1,2,12:10 PM,9:47,MISS Jordan 9' Jump Shot,,,,,4.0,893,Michael Jordan,1610612741.0,Chicago,Bulls,CHI,0,0,,,,,,0,0,,,,,,0
0029600311,116,4,0,2,12:10 PM,9:45,Rodman REBOUND (Off:1 Def:5),,,,,4.0,23,Dennis Rodman,1610612741.0,Chicago,Bulls,CHI,0,0,,,,,,0,0,,,,,,0
0029600311,117,1,1,2,12:10 PM,9:43,Wennington 9' Jump Shot (4 PTS) (Rodman 2 AST),,,22 - 26,4,4.0,82,Bill Wennington,1610612741.0,Chicago,Bulls,CHI,4,23,Dennis Rodman,1610612741.0,Chicago,Bulls,CHI,0,0,,,,,,0
0029600311,118,6,1,2,12:10 PM,9:28,Rodman P.FOUL (P2.T3),,,,,4.0,23,Dennis Rodman,1610612741.0,Chicago,Bulls,CHI,0,0,,,,,,0,0,,,,,,0
0029600311,119,8,0,2,12:10 PM,9:28,SUB: Caffey FOR Rodman,,,,,4.0,23,Dennis Rodman,1610612741.0,Chicago,Bulls,CHI,4,679,Jason Caffey,1610612741.0,Chicago,Bulls,CHI,0,0,,,,,,0
0029600311,120,1,1,2,12:11 PM,9:25,,,Curry  3PT Jump Shot (8 PTS) (Divac 3 AST),25 - 26,1,5.0,209,Dell Curry,1610612766.0,Charlotte,Hornets,CHH,5,124,Vlade Divac,1610612766.0,Charlotte,Hornets,CHH,0,0,,,,,,0
0029600311,121,2,1,2,12:11 PM,9:06,MISS Wennington 16' Jump Shot,,,,,4.0,82,Bill Wennington,1610612741.0,Chicago,Bulls,CHI,0,0,,,,,,0,0,,,,,,0
0029600311,122,4,0,2,12:11 PM,9:04,Jordan REBOUND (Off:1 Def:4),,,,,4.0,893,Michael Jordan,1610612741.0,Chicago,Bulls,CHI,0,0,,,,,,0,0,,,,,,0
0029600311,123,2,1,2,12:11 PM,8:52,MISS Caffey 8' Jump Shot,,,,,4.0,679,Jason Caffey,1610612741.0,Chicago,Bulls,CHI,0,0,,,,,,0,0,,,,,,0
0029600311,124,4,0,2,12:11 PM,8:50,Wennington REBOUND (Off:1 Def:0),,,,,4.0,82,Bill Wennington,1610612741.0,Chicago,Bulls,CHI,0,0,,,,,,0,0,,,,,,0
0029600311,125,2,1,2,12:11 PM,8:48,MISS Kukoc 16' Jump Shot,,,,,4.0,389,Toni Kukoc,1610612741.0,Chicago,Bulls,CHI,0,0,,,,,,0,0,,,,,,0
0029600311,126,4,0,2,12:11 PM,8:45,Kukoc REBOUND (Off:1 Def:1),,,,,4.0,389,Toni Kukoc,1610612741.0,Chicago,Bulls,CHI,0,0,,,,,,0,0,,,,,,0
0029600311,127,2,5,2,12:11 PM,8:40,MISS Wennington  Layup,,Divac BLOCK (1 BLK),,,4.0,82,Bill Wennington,1610612741.0,Chicago,Bulls,CHI,0,0,,,,,,5,124,Vlade Divac,1610612766.0,Charlotte,Hornets,CHH,0
0029600311,128,4,0,2,12:12 PM,8:38,Wennington REBOUND (Off:2 Def:0),,,,,4.0,82,Bill Wennington,1610612741.0,Chicago,Bulls,CHI,0,0,,,,,,0,0,,,,,,0
0029600311,129,1,1,2,12:12 PM,8:25,Kerr 17' Jump Shot (5 PTS) (Kukoc 2 AST),,,25 - 28,3,4.0,70,Steve Kerr,1610612741.0,Chicago,Bulls,CHI,4,389,Toni Kukoc,1610612741.0,Chicago,Bulls,CHI,0,0,,,,,,0
0029600311,130,5,1,2,12:12 PM,8:19,Kukoc STEAL (1 STL),,Goldwire Bad Pass Turnover (P1.T7),,,5.0,924,Anthony Goldwire,1610612766.0,Charlotte,Hornets,CHH,4,389,Toni Kukoc,1610612741.0,Chicago,Bulls,CHI,0,0,,,,,,0
0029600311,131,2,1,2,12:12 PM,8:08,MISS Kerr  3PT Jump Shot,,,,,4.0,70,Steve Kerr,1610612741.0,Chicago,Bulls,CHI,0,0,,,,,,0,0,,,,,,0
0029600311,132,4,0,2,12:12 PM,8:06,,,Mason REBOUND (Off:0 Def:6),,,5.0,193,Anthony Mason,1610612766.0,Charlotte,Hornets,CHH,0,0,,,,,,0,0,,,,,,0
0029600311,133,1,1,2,12:13 PM,7:52,,,Rice 24' 3PT Jump Shot (9 PTS) (Divac 4 AST),28 - 28,TIE,5.0,779,Glen Rice,1610612766.0,Charlotte,Hornets,CHH,5,124,Vlade Divac,1610612766.0,Charlotte,Hornets,CHH,0,0,,,,,,0
0029600311,134,5,1,2,12:13 PM,7:36,Wennington Bad Pass Turnover (P1.T4),,Divac STEAL (3 STL),,,4.0,82,Bill Wennington,1610612741.0,Chicago,Bulls,CHI,5,124,Vlade Divac,1610612766.0,Charlotte,Hornets,CHH,0,0,,,,,,0
0029600311,135,6,2,2,12:13 PM,7:33,Kerr S.FOUL (P2.T4),,,,,4.0,70,Steve Kerr,1610612741.0,Chicago,Bulls,CHI,0,0,,,,,,0,0,,,,,,0
0029600311,136,3,11,2,12:13 PM,7:33,,,Goldwire Free Throw 1 of 2 (1 PTS),29 - 28,-1,5.0,924,Anthony Goldwire,1610612766.0,Charlotte,Hornets,CHH,0,0,,,,,,0,0,,,,,,0
0029600311,137,9,1,2,12:13 PM,7:33,BULLS Timeout: Regular (Full 2 Short 0),,,,,2.0,1610612741,,,,,,0,0,,,,,,0,0,,,,,,0
0029600311,138,8,0,2,12:15 PM,7:33,SUB: Pippen FOR Kukoc,,,,,4.0,389,Toni Kukoc,1610612741.0,Chicago,Bulls,CHI,4,937,Scottie Pippen,1610612741.0,Chicago,Bulls,CHI,0,0,,,,,,0
0029600311,140,3,12,2,12:16 PM,7:33,,,Goldwire Free Throw 2 of 2 (2 PTS),30 - 28,-2,5.0,924,Anthony Goldwire,1610612766.0,Charlotte,Hornets,CHH,0,0,,,,,,0,0,,,,,,0
0029600311,141,2,1,2,12:16 PM,7:22,MISS Kerr  3PT Jump Shot,,,,,4.0,70,Steve Kerr,1610612741.0,Chicago,Bulls,CHI,0,0,,,,,,0,0,,,,,,0
0029600311,142,4,0,2,12:16 PM,7:20,Wennington REBOUND (Off:3 Def:0),,,,,4.0,82,Bill Wennington,1610612741.0,Chicago,Bulls,CHI,0,0,,,,,,0,0,,,,,,0
0029600311,143,2,5,2,12:16 PM,7:17,MISS Wennington  Layup,,,,,4.0,82,Bill Wennington,1610612741.0,Chicago,Bulls,CHI,0,0,,,,,,0,0,,,,,,0
0029600311,144,4,0,2,12:16 PM,7:16,,,Rice REBOUND (Off:0 Def:1),,,5.0,779,Glen Rice,1610612766.0,Charlotte,Hornets,CHH,0,0,,,,,,0,0,,,,,,0
0029600311,145,6,2,2,12:17 PM,7:01,Wennington S.FOUL (P1.PN),,,,,4.0,82,Bill Wennington,1610612741.0,Chicago,Bulls,CHI,0,0,,,,,,0,0,,,,,,0
0029600311,146,3,11,2,12:17 PM,7:01,,,Curry Free Throw 1 of 2 (9 PTS),31 - 28,-3,5.0,209,Dell Curry,1610612766.0,Charlotte,Hornets,CHH,0,0,,,,,,0,0,,,,,,0
0029600311,147,3,12,2,12:17 PM,7:01,,,MISS Curry Free Throw 2 of 2,,,5.0,209,Dell Curry,1610612766.0,Charlotte,Hornets,CHH,0,0,,,,,,0,0,,,,,,0
0029600311,148,4,0,2,12:17 PM,7:01,Wennington REBOUND (Off:3 Def:1),,,,,4.0,82,Bill Wennington,1610612741.0,Chicago,Bulls,CHI,0,0,,,,,,0,0,,,,,,0
0029600311,149,1,1,2,12:17 PM,6:46,Kerr 14' Jump Shot (7 PTS) (Wennington 1 AST),,,31 - 30,-1,4.0,70,Steve Kerr,1610612741.0,Chicago,Bulls,CHI,4,82,Bill Wennington,1610612741.0,Chicago,Bulls,CHI,0,0,,,,,,0
0029600311,150,6,2,2,12:18 PM,6:28,Caffey S.FOUL (P1.PN),,,,,4.0,679,Jason Caffey,1610612741.0,Chicago,Bulls,CHI,0,0,,,,,,0,0,,,,,,0
0029600311,151,3,11,2,12:18 PM,6:28,,,Mason Free Throw 1 of 2 (8 PTS),32 - 30,-2,5.0,193,Anthony Mason,1610612766.0,Charlotte,Hornets,CHH,0,0,,,,,,0,0,,,,,,0
0029600311,152,3,12,2,12:18 PM,6:28,,,Mason Free Throw 2 of 2 (9 PTS),33 - 30,-3,5.0,193,Anthony Mason,1610612766.0,Charlotte,Hornets,CHH,0,0,,,,,,0,0,,,,,,0
0029600311,153,2,1,2,12:18 PM,6:15,MISS Jordan 17' Jump Shot,,,,,4.0,893,Michael Jordan,1610612741.0,Chicago,Bulls,CHI,0,0,,,,,,0,0,,,,,,0
0029600311,154,4,0,2,12:18 PM,6:11,,,Mason REBOUND (Off:0 Def:7),,,5.0,193,Anthony Mason,1610612766.0,Charlotte,Hornets,CHH,0,0,,,,,,0,0,,,,,,0
0029600311,155,1,1,2,12:19 PM,6:03,,,Rice 9' Jump Shot (11 PTS),35 - 30,-5,5.0,779,Glen Rice,1610612766.0,Charlotte,Hornets,CHH,0,0,,,,,,0,0,,,,,,0
0029600311,156,2,1,2,12:19 PM,5:47,MISS Wennington 15' Jump Shot,,,,,4.0,82,Bill Wennington,1610612741.0,Chicago,Bulls,CHI,0,0,,,,,,0,0,,,,,,0
0029600311,157,4,0,2,12:19 PM,5:45,,,Mason REBOUND (Off:0 Def:8),,,5.0,193,Anthony Mason,1610612766.0,Charlotte,Hornets,CHH,0,0,,,,,,0,0,,,,,,0
0029600311,158,2,5,2,12:19 PM,5:29,,,MISS Goldwire  Layup,,,5.0,924,Anthony Goldwire,1610612766.0,Charlotte,Hornets,CHH,0,0,,,,,,0,0,,,,,,0
0029600311,159,4,0,2,12:19 PM,5:28,Wennington REBOUND (Off:3 Def:2),,,,,4.0,82,Bill Wennington,1610612741.0,Chicago,Bulls,CHI,0,0,,,,,,0,0,,,,,,0
0029600311,160,1,1,2,12:19 PM,5:15,Caffey 10' Jump Shot (2 PTS) (Pippen 2 AST),,,35 - 32,-3,4.0,679,Jason Caffey,1610612741.0,Chicago,Bulls,CHI,4,937,Scottie Pippen,1610612741.0,Chicago,Bulls,CHI,0,0,,,,,,0
0029600311,161,5,7,2,12:20 PM,5:01,,,Goldwire Discontinue Dribble Turnover (P2.T8),,,5.0,924,Anthony Goldwire,1610612766.0,Charlotte,Hornets,CHH,0,0,,,,,,0,0,,,,,,0
0029600311,162,1,1,2,12:20 PM,4:47,Wennington 15' Jump Shot (6 PTS) (Pippen 3 AST),,,35 - 34,-1,4.0,82,Bill Wennington,1610612741.0,Chicago,Bulls,CHI,4,937,Scottie Pippen,1610612741.0,Chicago,Bulls,CHI,0,0,,,,,,0
0029600311,163,1,1,2,12:20 PM,4:28,,,Rice 13' Jump Shot (13 PTS),37 - 34,-3,5.0,779,Glen Rice,1610612766.0,Charlotte,Hornets,CHH,0,0,,,,,,0,0,,,,,,0
0029600311,164,2,1,2,12:21 PM,4:14,MISS Caffey 8' Jump Shot,,,,,4.0,679,Jason Caffey,1610612741.0,Chicago,Bulls,CHI,0,0,,,,,,0,0,,,,,,0
0029600311,165,4,0,2,12:21 PM,4:12,,,Mason REBOUND (Off:0 Def:9),,,5.0,193,Anthony Mason,1610612766.0,Charlotte,Hornets,CHH,0,0,,,,,,0,0,,,,,,0
0029600311,166,2,1,2,12:21 PM,4:00,,,MISS Rice  3PT Jump Shot,,,5.0,779,Glen Rice,1610612766.0,Charlotte,Hornets,CHH,0,0,,,,,,0,0,,,,,,0
0029600311,167,4,0,2,12:21 PM,3:56,Jordan REBOUND (Off:1 Def:5),,,,,4.0,893,Michael Jordan,1610612741.0,Chicago,Bulls,CHI,0,0,,,,,,0,0,,,,,,0
0029600311,168,2,1,2,12:21 PM,3:48,MISS Pippen  3PT Jump Shot,,,,,4.0,937,Scottie Pippen,1610612741.0,Chicago,Bulls,CHI,0,0,,,,,,0,0,,,,,,0
0029600311,169,4,0,2,12:21 PM,3:44,,,Divac REBOUND (Off:1 Def:3),,,5.0,124,Vlade Divac,1610612766.0,Charlotte,Hornets,CHH,0,0,,,,,,0,0,,,,,,0
0029600311,170,1,1,2,12:21 PM,3:34,,,Rice 19' Jump Shot (15 PTS),39 - 34,-5,5.0,779,Glen Rice,1610612766.0,Charlotte,Hornets,CHH,0,0,,,,,,0,0,,,,,,0
0029600311,171,8,0,2,12:22 PM,3:19,SUB: Rodman FOR Caffey,,,,,4.0,679,Jason Caffey,1610612741.0,Chicago,Bulls,CHI,4,23,Dennis Rodman,1610612741.0,Chicago,Bulls,CHI,0,0,,,,,,0
0029600311,172,8,0,2,12:22 PM,3:19,,,SUB: Smith FOR Goldwire,,,5.0,924,Anthony Goldwire,1610612766.0,Charlotte,Hornets,CHH,5,380,Tony Smith,1610612766.0,Charlotte,Hornets,CHH,0,0,,,,,,0
0029600311,173,8,0,2,12:22 PM,3:19,SUB: Buechler FOR Jordan,,,,,4.0,893,Michael Jordan,1610612741.0,Chicago,Bulls,CHI,4,146,Jud Buechler,1610612741.0,Chicago,Bulls,CHI,0,0,,,,,,0
0029600311,174,8,0,2,12:22 PM,3:19,,,SUB: Burrell FOR Rice,,,5.0,779,Glen Rice,1610612766.0,Charlotte,Hornets,CHH,5,197,Scott Burrell,1610612766.0,Charlotte,Hornets,CHH,0,0,,,,,,0
0029600311,175,2,1,2,12:22 PM,3:13,MISS Pippen 18' Jump Shot,,,,,4.0,937,Scottie Pippen,1610612741.0,Chicago,Bulls,CHI,0,0,,,,,,0,0,,,,,,0
0029600311,176,4,0,2,12:22 PM,3:11,,,Curry REBOUND (Off:1 Def:5),,,5.0,209,Dell Curry,1610612766.0,Charlotte,Hornets,CHH,0,0,,,,,,0,0,,,,,,0
0029600311,177,2,1,2,12:22 PM,3:06,,,MISS Burrell 24' 3PT Jump Shot,,,5.0,197,Scott Burrell,1610612766.0,Charlotte,Hornets,CHH,0,0,,,,,,0,0,,,,,,0
0029600311,178,4,0,2,12:22 PM,3:02,,,Divac REBOUND (Off:2 Def:3),,,5.0,124,Vlade Divac,1610612766.0,Charlotte,Hornets,CHH,0,0,,,,,,0,0,,,,,,0
0029600311,179,9,1,2,12:23 PM,3:02,,,Hornets Timeout: Regular (Reg.2 Short 0),,,3.0,1610612740,,,,,,0,0,,,,,,0,0,,,,,,0
0029600311,180,8,0,2,12:25 PM,3:02,,,SUB: Geiger FOR Divac,,,5.0,124,Vlade Divac,1610612766.0,Charlotte,Hornets,CHH,5,761,Matt Geiger,1610612766.0,Charlotte,Hornets,CHH,0,0,,,,,,0
0029600311,181,8,0,2,12:25 PM,3:02,SUB: Kukoc FOR Wennington,,,,,4.0,82,Bill Wennington,1610612741.0,Chicago,Bulls,CHI,4,389,Toni Kukoc,1610612741.0,Chicago,Bulls,CHI,0,0,,,,,,0
0029600311,182,2,1,2,12:25 PM,2:43,,,MISS Curry  3PT Jump Shot,,,5.0,209,Dell Curry,1610612766.0,Charlotte,Hornets,CHH,0,0,,,,,,0,0,,,,,,0
0029600311,183,4,0,2,12:25 PM,2:41,Buechler REBOUND (Off:0 Def:1),,,,,4.0,146,Jud Buechler,1610612741.0,Chicago,Bulls,CHI,0,0,,,,,,0,0,,,,,,0
0029600311,184,1,1,2,12:25 PM,2:30,Kukoc 16' Jump Shot (4 PTS) (Rodman 3 AST),,,39 - 36,-3,4.0,389,Toni Kukoc,1610612741.0,Chicago,Bulls,CHI,4,23,Dennis Rodman,1610612741.0,Chicago,Bulls,CHI,0,0,,,,,,0
0029600311,185,2,1,2,12:26 PM,2:15,,,MISS Mason 12' Jump Shot,,,5.0,193,Anthony Mason,1610612766.0,Charlotte,Hornets,CHH,0,0,,,,,,0,0,,,,,,0
0029600311,186,4,0,2,12:26 PM,2:12,Kukoc REBOUND (Off:1 Def:2),,,,,4.0,389,Toni Kukoc,1610612741.0,Chicago,Bulls,CHI,0,0,,,,,,0,0,,,,,,0
0029600311,187,2,1,2,12:26 PM,2:03,MISS Pippen 24' 3PT Jump Shot,,,,,4.0,937,Scottie Pippen,1610612741.0,Chicago,Bulls,CHI,0,0,,,,,,0,0,,,,,,0
0029600311,188,4,0,2,12:26 PM,2:00,Rodman REBOUND (Off:2 Def:5),,,,,4.0,23,Dennis Rodman,1610612741.0,Chicago,Bulls,CHI,0,0,,,,,,0,0,,,,,,0
0029600311,189,5,1,2,12:26 PM,2:00,Rodman Bad Pass Turnover (P1.T5),,,,,4.0,23,Dennis Rodman,1610612741.0,Chicago,Bulls,CHI,0,0,,,,,,0,0,,,,,,0
0029600311,190,2,1,2,12:26 PM,1:46,,,MISS Geiger 10' Jump Shot,,,5.0,761,Matt Geiger,1610612766.0,Charlotte,Hornets,CHH,0,0,,,,,,0,0,,,,,,0
0029600311,191,4,0,2,12:26 PM,1:44,Rodman REBOUND (Off:2 Def:6),,,,,4.0,23,Dennis Rodman,1610612741.0,Chicago,Bulls,CHI,0,0,,,,,,0,0,,,,,,0
0029600311,192,2,1,2,12:27 PM,1:34,MISS Pippen 25' 3PT Jump Shot,,,,,4.0,937,Scottie Pippen,1610612741.0,Chicago,Bulls,CHI,0,0,,,,,,0,0,,,,,,0
0029600311,193,4,0,2,12:27 PM,1:33,,,Burrell REBOUND (Off:0 Def:1),,,5.0,197,Scott Burrell,1610612766.0,Charlotte,Hornets,CHH,0,0,,,,,,0,0,,,,,,0
0029600311,194,1,5,2,12:27 PM,1:27,,,Geiger  Layup (2 PTS) (Curry 4 AST),41 - 36,-5,5.0,761,Matt Geiger,1610612766.0,Charlotte,Hornets,CHH,5,209,Dell Curry,1610612766.0,Charlotte,Hornets,CHH,0,0,,,,,,0
0029600311,195,1,1,2,12:27 PM,1:05,Kerr 15' Jump Shot (9 PTS) (Pippen 4 AST),,,41 - 38,-3,4.0,70,Steve Kerr,1610612741.0,Chicago,Bulls,CHI,4,937,Scottie Pippen,1610612741.0,Chicago,Bulls,CHI,0,0,,,,,,0
0029600311,196,2,5,2,12:27 PM,0:53,,,MISS Burrell  Layup,,,5.0,197,Scott Burrell,1610612766.0,Charlotte,Hornets,CHH,0,0,,,,,,0,0,,,,,,0
0029600311,197,4,0,2,12:27 PM,0:51,Rodman REBOUND (Off:2 Def:7),,,,,4.0,23,Dennis Rodman,1610612741.0,Chicago,Bulls,CHI,0,0,,,,,,0,0,,,,,,0
0029600311,198,5,1,2,12:27 PM,0:50,Rodman Bad Pass Turnover (P2.T6),,,,,4.0,23,Dennis Rodman,1610612741.0,Chicago,Bulls,CHI,0,0,,,,,,0,0,,,,,,0
0029600311,199,8,0,2,12:27 PM,0:50,,,SUB: Delk FOR Curry,,,5.0,209,Dell Curry,1610612766.0,Charlotte,Hornets,CHH,5,960,Tony Delk,1610612766.0,Charlotte,Hornets,CHH,0,0,,,,,,0
0029600311,200,1,1,2,12:28 PM,0:28,,,Smith 18' Jump Shot (2 PTS) (Mason 2 AST),43 - 38,-5,5.0,380,Tony Smith,1610612766.0,Charlotte,Hornets,CHH,5,193,Anthony Mason,1610612766.0,Charlotte,Hornets,CHH,0,0,,,,,,0
0029600311,201,6,1,2,12:29 PM,0:15,,,Burrell P.FOUL (P1.T1),,,5.0,197,Scott Burrell,1610612766.0,Charlotte,Hornets,CHH,5,0,,1610612766.0,Charlotte,Hornets,CHH,0,0,,,,,,0
0029600311,202,9,2,2,12:29 PM,0:15,BULLS Timeout: Short (Full 2 Short 1),,,,,2.0,1610612741,,,,,,0,0,,,,,,0,0,,,,,,0
0029600311,203,5,16,2,12:30 PM,0:07,BULLS Turnover: Isolation Violation (T#7),,,,,2.0,1610612741,,,,,,0,0,,,,,,0,0,,,,,,0
0029600311,204,5,1,2,12:31 PM,0:03,Kukoc STEAL (2 STL),,Smith Bad Pass Turnover (P2.T9),,,5.0,380,Tony Smith,1610612766.0,Charlotte,Hornets,CHH,4,389,Toni Kukoc,1610612741.0,Chicago,Bulls,CHI,0,0,,,,,,0
0029600311,205,1,1,2,12:32 PM,0:00,Pippen 20' Jump Shot (5 PTS),,,43 - 40,-3,4.0,937,Scottie Pippen,1610612741.0,Chicago,Bulls,CHI,0,0,,,,,,0,0,,,,,,0
0029600311,206,13,0,2,12:32 PM,0:00,,,,43 - 40,-3,0.0,0,,,,,,0,0,,,,,,0,0,,,,,,0
0029600311,213,12,0,3,12:48 PM,11:50,,,,,,,1,,,,,,0,0,,,,,,0,0,,,,,,0
0029600311,207,2,1,3,12:48 PM,11:50,MISS Rodman 6' Jump Shot,,,,,4.0,23,Dennis Rodman,1610612741.0,Chicago,Bulls,CHI,0,0,,,,,,0,0,,,,,,0
0029600311,208,4,0,3,12:48 PM,11:47,Rodman REBOUND (Off:3 Def:7),,,,,4.0,23,Dennis Rodman,1610612741.0,Chicago,Bulls,CHI,0,0,,,,,,0,0,,,,,,0
0029600311,209,6,2,3,12:49 PM,11:42,,,Smith S.FOUL (P1.T1),,,5.0,380,Tony Smith,1610612766.0,Charlotte,Hornets,CHH,5,0,,1610612766.0,Charlotte,Hornets,CHH,0,0,,,,,,0
0029600311,210,3,11,3,12:49 PM,11:42,MISS Jordan Free Throw 1 of 2,,,,,4.0,893,Michael Jordan,1610612741.0,Chicago,Bulls,CHI,0,0,,,,,,0,0,,,,,,0
0029600311,211,4,0,3,12:49 PM,11:42,BULLS Rebound,,,,,2.0,1610612741,,,,,,0,0,,,,,,0,0,,,,,,0
0029600311,212,3,12,3,12:49 PM,11:42,Jordan Free Throw 2 of 2 (9 PTS),,,43 - 41,-2,4.0,893,Michael Jordan,1610612741.0,Chicago,Bulls,CHI,0,0,,,,,,0,0,,,,,,0
0029600311,214,1,1,3,12:50 PM,11:27,,,Curry 16' Jump Shot (11 PTS),45 - 41,-4,5.0,209,Dell Curry,1610612766.0,Charlotte,Hornets,CHH,0,0,,,,,,0,0,,,,,,0
0029600311,215,2,1,3,12:50 PM,11:06,MISS Jordan 11' Jump Shot,,,,,4.0,893,Michael Jordan,1610612741.0,Chicago,Bulls,CHI,0,0,,,,,,0,0,,,,,,0
0029600311,216,4,0,3,12:50 PM,11:04,,,Divac REBOUND (Off:2 Def:4),,,5.0,124,Vlade Divac,1610612766.0,Charlotte,Hornets,CHH,0,0,,,,,,0,0,,,,,,0
0029600311,217,1,5,3,12:50 PM,10:59,,,Rice  Layup (17 PTS) (Curry 5 AST),47 - 41,-6,5.0,779,Glen Rice,1610612766.0,Charlotte,Hornets,CHH,5,209,Dell Curry,1610612766.0,Charlotte,Hornets,CHH,0,0,,,,,,0
0029600311,218,1,1,3,12:51 PM,10:38,Harper 24' 3PT Jump Shot (5 PTS) (Rodman 4 AST),,,47 - 44,-3,4.0,166,Ron Harper,1610612741.0,Chicago,Bulls,CHI,4,23,Dennis Rodman,1610612741.0,Chicago,Bulls,CHI,0,0,,,,,,0
0029600311,219,6,3,3,12:51 PM,10:38,,,Smith L.B.FOUL (P2.T2),,,5.0,380,Tony Smith,1610612766.0,Charlotte,Hornets,CHH,5,0,,1610612766.0,Charlotte,Hornets,CHH,0,0,,,,,,0
0029600311,220,3,10,3,12:51 PM,10:38,Jordan Free Throw 1 of 1 (10 PTS),,,47 - 45,-2,4.0,893,Michael Jordan,1610612741.0,Chicago,Bulls,CHI,0,0,,,,,,0,0,,,,,,0
0029600311,221,5,4,3,12:52 PM,10:23,,,Divac Traveling Turnover (P4.T10),,,5.0,124,Vlade Divac,1610612766.0,Charlotte,Hornets,CHH,0,0,,,,,,0,0,,,,,,0
0029600311,222,6,4,3,12:52 PM,10:04,Wennington OFF.Foul (P2),,,,,4.0,82,Bill Wennington,1610612741.0,Chicago,Bulls,CHI,0,0,,,,,,0,0,,,,,,0
0029600311,223,5,5,3,12:52 PM,10:04,Wennington Foul Turnover (P2.T8),,,,,4.0,82,Bill Wennington,1610612741.0,Chicago,Bulls,CHI,0,0,,,,,,0,0,,,,,,0
0029600311,224,5,1,3,12:53 PM,9:50,,,Smith Bad Pass Turnover (P3.T11),,,5.0,380,Tony Smith,1610612766.0,Charlotte,Hornets,CHH,0,0,,,,,,0,0,,,,,,0
0029600311,225,2,1,3,12:53 PM,9:43,MISS Harper 18' Jump Shot,,,,,4.0,166,Ron Harper,1610612741.0,Chicago,Bulls,CHI,0,0,,,,,,0,0,,,,,,0
0029600311,226,4,0,3,12:53 PM,9:40,,,Smith REBOUND (Off:0 Def:1),,,5.0,380,Tony Smith,1610612766.0,Charlotte,Hornets,CHH,0,0,,,,,,0,0,,,,,,0
0029600311,227,5,2,3,12:53 PM,9:36,Jordan STEAL (2 STL),,Mason Lost Ball Turnover (P2.T12),,,5.0,193,Anthony Mason,1610612766.0,Charlotte,Hornets,CHH,4,893,Michael Jordan,1610612741.0,Chicago,Bulls,CHI,0,0,,,,,,0
0029600311,228,6,1,3,12:53 PM,9:36,,,Mason P.FOUL (P1.T3),,,5.0,193,Anthony Mason,1610612766.0,Charlotte,Hornets,CHH,5,0,,1610612766.0,Charlotte,Hornets,CHH,0,0,,,,,,0
0029600311,229,6,2,3,12:53 PM,9:21,,,Curry S.FOUL (P3.T4),,,5.0,209,Dell Curry,1610612766.0,Charlotte,Hornets,CHH,5,0,,1610612766.0,Charlotte,Hornets,CHH,0,0,,,,,,0
0029600311,230,3,11,3,12:54 PM,9:21,Jordan Free Throw 1 of 2 (11 PTS),,,47 - 46,-1,4.0,893,Michael Jordan,1610612741.0,Chicago,Bulls,CHI,0,0,,,,,,0,0,,,,,,0
0029600311,231,8,0,3,12:54 PM,9:21,,,SUB: Burrell FOR Curry,,,5.0,209,Dell Curry,1610612766.0,Charlotte,Hornets,CHH,5,197,Scott Burrell,1610612766.0,Charlotte,Hornets,CHH,0,0,,,,,,0
0029600311,232,3,12,3,12:54 PM,9:21,Jordan Free Throw 2 of 2 (12 PTS),,,47 - 47,TIE,4.0,893,Michael Jordan,1610612741.0,Chicago,Bulls,CHI,0,0,,,,,,0,0,,,,,,0
0029600311,233,1,1,3,12:54 PM,9:09,,,Burrell 17' Jump Shot (2 PTS) (Divac 5 AST),49 - 47,-2,5.0,197,Scott Burrell,1610612766.0,Charlotte,Hornets,CHH,5,124,Vlade Divac,1610612766.0,Charlotte,Hornets,CHH,0,0,,,,,,0
0029600311,234,9,1,3,12:55 PM,9:06,BULLS Timeout: Regular (Full 3 Short 1),,,,,2.0,1610612741,,,,,,0,0,,,,,,0,0,,,,,,0
0029600311,235,2,1,3,12:57 PM,8:54,MISS Jordan 16' Jump Shot,,,,,4.0,893,Michael Jordan,1610612741.0,Chicago,Bulls,CHI,0,0,,,,,,0,0,,,,,,0
0029600311,236,4,0,3,12:57 PM,8:51,BULLS Rebound,,,,,2.0,1610612741,,,,,,0,0,,,,,,0,0,,,,,,0
0029600311,237,2,1,3,12:57 PM,8:39,MISS Pippen 24' 3PT Jump Shot,,,,,4.0,937,Scottie Pippen,1610612741.0,Chicago,Bulls,CHI,0,0,,,,,,0,0,,,,,,0
0029600311,238,4,0,3,12:57 PM,8:36,Rodman REBOUND (Off:4 Def:7),,,,,4.0,23,Dennis Rodman,1610612741.0,Chicago,Bulls,CHI,0,0,,,,,,0,0,,,,,,0
0029600311,239,7,2,3,12:58 PM,8:28,,,Hornets Violation: Def. Goaltending Violation,,,3.0,1610612740,,,,,,0,0,,,,,,1,0,,,,,,0
0029600311,240,2,1,3,12:58 PM,8:24,MISS Pippen  3PT Jump Shot,,,,,4.0,937,Scottie Pippen,1610612741.0,Chicago,Bulls,CHI,0,0,,,,,,0,0,,,,,,0
0029600311,241,4,0,3,12:58 PM,8:21,Jordan REBOUND (Off:2 Def:5),,,,,4.0,893,Michael Jordan,1610612741.0,Chicago,Bulls,CHI,0,0,,,,,,0,0,,,,,,0
0029600311,242,2,1,3,12:58 PM,8:18,MISS Harper  3PT Jump Shot,,,,,4.0,166,Ron Harper,1610612741.0,Chicago,Bulls,CHI,0,0,,,,,,0,0,,,,,,0
0029600311,243,4,0,3,12:58 PM,8:15,,,Mason REBOUND (Off:0 Def:10),,,5.0,193,Anthony Mason,1610612766.0,Charlotte,Hornets,CHH,0,0,,,,,,0,0,,,,,,0
0029600311,244,5,1,3,12:58 PM,8:11,,,Burrell Bad Pass Turnover (P1.T13),,,5.0,197,Scott Burrell,1610612766.0,Charlotte,Hornets,CHH,0,0,,,,,,0,0,,,,,,0
0029600311,245,5,8,3,12:59 PM,7:55,Rodman 3 Second Violation Turnover (P3.T9),,,,,4.0,23,Dennis Rodman,1610612741.0,Chicago,Bulls,CHI,0,0,,,,,,0,0,,,,,,0
0029600311,246,2,1,3,12:59 PM,7:42,,,MISS Rice  3PT Jump Shot,,,5.0,779,Glen Rice,1610612766.0,Charlotte,Hornets,CHH,0,0,,,,,,0,0,,,,,,0
0029600311,247,4,0,3,12:59 PM,7:39,,,Burrell REBOUND (Off:1 Def:1),,,5.0,197,Scott Burrell,1610612766.0,Charlotte,Hornets,CHH,0,0,,,,,,0,0,,,,,,0
0029600311,248,2,5,3,12:59 PM,7:37,,,MISS Burrell  Layup,,,5.0,197,Scott Burrell,1610612766.0,Charlotte,Hornets,CHH,0,0,,,,,,0,0,,,,,,0
0029600311,249,4,0,3,12:59 PM,7:35,Rodman REBOUND (Off:4 Def:8),,,,,4.0,23,Dennis Rodman,1610612741.0,Chicago,Bulls,CHI,0,0,,,,,,0,0,,,,,,0
0029600311,250,2,1,3,12:59 PM,7:29,MISS Jordan  3PT Jump Shot,,,,,4.0,893,Michael Jordan,1610612741.0,Chicago,Bulls,CHI,0,0,,,,,,0,0,,,,,,0
0029600311,251,4,0,3,12:59 PM,7:25,,,Rice REBOUND (Off:0 Def:2),,,5.0,779,Glen Rice,1610612766.0,Charlotte,Hornets,CHH,0,0,,,,,,0,0,,,,,,0
0029600311,252,5,1,3,13:00 PM,7:23,Jordan STEAL (3 STL),,Smith Bad Pass Turnover (P4.T14),,,5.0,380,Tony Smith,1610612766.0,Charlotte,Hornets,CHH,4,893,Michael Jordan,1610612741.0,Chicago,Bulls,CHI,0,0,,,,,,0
0029600311,253,8,0,3,13:00 PM,7:08,SUB: Kukoc FOR Wennington,,,,,4.0,82,Bill Wennington,1610612741.0,Chicago,Bulls,CHI,4,389,Toni Kukoc,1610612741.0,Chicago,Bulls,CHI,0,0,,,,,,0
0029600311,254,1,1,3,13:00 PM,7:05,Pippen 24' 3PT Jump Shot (8 PTS) (Kukoc 3 AST),,,49 - 50,1,4.0,937,Scottie Pippen,1610612741.0,Chicago,Bulls,CHI,4,389,Toni Kukoc,1610612741.0,Chicago,Bulls,CHI,0,0,,,,,,0
0029600311,255,6,2,3,13:01 PM,6:47,Kukoc S.FOUL (P1.T1),,,,,4.0,389,Toni Kukoc,1610612741.0,Chicago,Bulls,CHI,0,0,,,,,,0,0,,,,,,0
0029600311,256,3,11,3,13:01 PM,6:47,,,MISS Divac Free Throw 1 of 2,,,5.0,124,Vlade Divac,1610612766.0,Charlotte,Hornets,CHH,0,0,,,,,,0,0,,,,,,0
0029600311,257,4,0,3,13:01 PM,6:47,,,Hornets Rebound,,,3.0,1610612740,,,,,,0,0,,,,,,0,0,,,,,,0
0029600311,258,8,0,3,13:01 PM,6:47,,,SUB: Curry FOR Burrell,,,5.0,197,Scott Burrell,1610612766.0,Charlotte,Hornets,CHH,5,209,Dell Curry,1610612766.0,Charlotte,Hornets,CHH,0,0,,,,,,0
0029600311,259,3,12,3,13:01 PM,6:47,,,Divac Free Throw 2 of 2 (5 PTS),50 - 50,TIE,5.0,124,Vlade Divac,1610612766.0,Charlotte,Hornets,CHH,0,0,,,,,,0,0,,,,,,0
0029600311,260,2,5,3,13:02 PM,6:25,MISS Jordan  Layup,,,,,4.0,893,Michael Jordan,1610612741.0,Chicago,Bulls,CHI,0,0,,,,,,0,0,,,,,,0
0029600311,262,4,0,3,13:02 PM,6:23,Rodman REBOUND (Off:5 Def:8),,,,,4.0,23,Dennis Rodman,1610612741.0,Chicago,Bulls,CHI,0,0,,,,,,0,0,,,,,,0
0029600311,261,2,5,3,13:02 PM,6:23,MISS Rodman  Layup,,,,,4.0,23,Dennis Rodman,1610612741.0,Chicago,Bulls,CHI,0,0,,,,,,0,0,,,,,,0
0029600311,263,4,0,3,13:02 PM,6:21,,,Mason REBOUND (Off:0 Def:11),,,5.0,193,Anthony Mason,1610612766.0,Charlotte,Hornets,CHH,0,0,,,,,,0,0,,,,,,0
0029600311,264,1,5,3,13:02 PM,6:14,,,Rice  Layup (19 PTS) (Curry 6 AST),52 - 50,-2,5.0,779,Glen Rice,1610612766.0,Charlotte,Hornets,CHH,5,209,Dell Curry,1610612766.0,Charlotte,Hornets,CHH,0,0,,,,,,0
0029600311,265,5,1,3,13:02 PM,5:56,Rodman Bad Pass Turnover (P4.T10),,Rice STEAL (1 STL),,,4.0,23,Dennis Rodman,1610612741.0,Chicago,Bulls,CHI,5,779,Glen Rice,1610612766.0,Charlotte,Hornets,CHH,0,0,,,,,,0
0029600311,266,2,1,3,13:02 PM,5:51,,,MISS Divac 18' Jump Shot,,,5.0,124,Vlade Divac,1610612766.0,Charlotte,Hornets,CHH,0,0,,,,,,0,0,,,,,,0
0029600311,267,4,0,3,13:02 PM,5:48,,,Mason REBOUND (Off:1 Def:11),,,5.0,193,Anthony Mason,1610612766.0,Charlotte,Hornets,CHH,0,0,,,,,,0,0,,,,,,0
0029600311,268,2,1,3,13:03 PM,5:41,,,MISS Curry 24' 3PT Jump Shot,,,5.0,209,Dell Curry,1610612766.0,Charlotte,Hornets,CHH,0,0,,,,,,0,0,,,,,,0
0029600311,269,4,0,3,13:03 PM,5:38,,,Mason REBOUND (Off:2 Def:11),,,5.0,193,Anthony Mason,1610612766.0,Charlotte,Hornets,CHH,0,0,,,,,,0,0,,,,,,0
0029600311,270,1,1,3,13:03 PM,5:34,,,Rice  3PT Jump Shot (22 PTS) (Divac 6 AST),55 - 50,-5,5.0,779,Glen Rice,1610612766.0,Charlotte,Hornets,CHH,5,124,Vlade Divac,1610612766.0,Charlotte,Hornets,CHH,0,0,,,,,,0
0029600311,271,2,1,3,13:03 PM,5:14,MISS Harper  3PT Jump Shot,,,,,4.0,166,Ron Harper,1610612741.0,Chicago,Bulls,CHI,0,0,,,,,,0,0,,,,,,0
0029600311,272,4,0,3,13:03 PM,5:11,,,Smith REBOUND (Off:0 Def:2),,,5.0,380,Tony Smith,1610612766.0,Charlotte,Hornets,CHH,0,0,,,,,,0,0,,,,,,0
0029600311,273,8,0,3,13:03 PM,5:00,SUB: Kerr FOR Harper,,,,,4.0,166,Ron Harper,1610612741.0,Chicago,Bulls,CHI,4,70,Steve Kerr,1610612741.0,Chicago,Bulls,CHI,0,0,,,,,,0
0029600311,274,2,1,3,13:04 PM,4:53,,,MISS Smith 9' Jump Shot,,,5.0,380,Tony Smith,1610612766.0,Charlotte,Hornets,CHH,0,0,,,,,,0,0,,,,,,0
0029600311,275,4,0,3,13:04 PM,4:50,Rodman REBOUND (Off:5 Def:9),,,,,4.0,23,Dennis Rodman,1610612741.0,Chicago,Bulls,CHI,0,0,,,,,,0,0,,,,,,0
0029600311,276,6,1,3,13:04 PM,4:48,,,Smith P.FOUL (P3.PN),,,5.0,380,Tony Smith,1610612766.0,Charlotte,Hornets,CHH,5,0,,1610612766.0,Charlotte,Hornets,CHH,0,0,,,,,,0
0029600311,277,3,11,3,13:04 PM,4:48,MISS Rodman Free Throw 1 of 2,,,,,4.0,23,Dennis Rodman,1610612741.0,Chicago,Bulls,CHI,0,0,,,,,,0,0,,,,,,0
0029600311,278,4,0,3,13:04 PM,4:48,BULLS Rebound,,,,,2.0,1610612741,,,,,,0,0,,,,,,0,0,,,,,,0
0029600311,279,8,0,3,13:04 PM,4:48,,,SUB: Goldwire FOR Smith,,,5.0,380,Tony Smith,1610612766.0,Charlotte,Hornets,CHH,5,924,Anthony Goldwire,1610612766.0,Charlotte,Hornets,CHH,0,0,,,,,,0
0029600311,280,3,12,3,13:04 PM,4:48,MISS Rodman Free Throw 2 of 2,,,,,4.0,23,Dennis Rodman,1610612741.0,Chicago,Bulls,CHI,0,0,,,,,,0,0,,,,,,0
0029600311,281,4,0,3,13:05 PM,4:47,,,Hornets Rebound,,,3.0,1610612740,,,,,,0,0,,,,,,0,0,,,,,,0
0029600311,282,2,1,3,13:05 PM,4:30,,,MISS Goldwire 24' 3PT Jump Shot,,,5.0,924,Anthony Goldwire,1610612766.0,Charlotte,Hornets,CHH,0,0,,,,,,0,0,,,,,,0
0029600311,283,4,0,3,13:05 PM,4:27,Rodman REBOUND (Off:5 Def:10),,,,,4.0,23,Dennis Rodman,1610612741.0,Chicago,Bulls,CHI,0,0,,,,,,0,0,,,,,,0
0029600311,284,2,1,3,13:05 PM,4:14,MISS Jordan  3PT Jump Shot,,,,,4.0,893,Michael Jordan,1610612741.0,Chicago,Bulls,CHI,0,0,,,,,,0,0,,,,,,0
0029600311,285,4,0,3,13:05 PM,4:10,Kerr REBOUND (Off:1 Def:0),,,,,4.0,70,Steve Kerr,1610612741.0,Chicago,Bulls,CHI,0,0,,,,,,0,0,,,,,,0
0029600311,286,2,1,3,13:06 PM,4:04,MISS Rodman 11' Jump Shot,,,,,4.0,23,Dennis Rodman,1610612741.0,Chicago,Bulls,CHI,0,0,,,,,,0,0,,,,,,0
0029600311,287,4,0,3,13:06 PM,4:01,,,Divac REBOUND (Off:2 Def:5),,,5.0,124,Vlade Divac,1610612766.0,Charlotte,Hornets,CHH,0,0,,,,,,0,0,,,,,,0
0029600311,288,2,1,3,13:06 PM,3:56,,,MISS Curry 16' Jump Shot,,,5.0,209,Dell Curry,1610612766.0,Charlotte,Hornets,CHH,0,0,,,,,,0,0,,,,,,0
0029600311,289,4,0,3,13:06 PM,3:53,Jordan REBOUND (Off:2 Def:6),,,,,4.0,893,Michael Jordan,1610612741.0,Chicago,Bulls,CHI,0,0,,,,,,0,0,,,,,,0
0029600311,290,2,1,3,13:06 PM,3:46,MISS Kukoc 12' Jump Shot,,,,,4.0,389,Toni Kukoc,1610612741.0,Chicago,Bulls,CHI,0,0,,,,,,0,0,,,,,,0
0029600311,292,4,0,3,13:06 PM,3:43,Rodman REBOUND (Off:6 Def:10),,,,,4.0,23,Dennis Rodman,1610612741.0,Chicago,Bulls,CHI,0,0,,,,,,0,0,,,,,,0
0029600311,291,2,4,3,13:06 PM,3:43,MISS Rodman  Tip Shot,,,,,4.0,23,Dennis Rodman,1610612741.0,Chicago,Bulls,CHI,0,0,,,,,,0,0,,,,,,0
0029600311,293,4,0,3,13:06 PM,3:41,,,Divac REBOUND (Off:2 Def:6),,,5.0,124,Vlade Divac,1610612766.0,Charlotte,Hornets,CHH,0,0,,,,,,0,0,,,,,,0
0029600311,294,2,5,3,13:06 PM,3:21,,,MISS Divac  Layup,,,5.0,124,Vlade Divac,1610612766.0,Charlotte,Hornets,CHH,0,0,,,,,,0,0,,,,,,0
0029600311,295,4,0,3,13:06 PM,3:19,Rodman REBOUND (Off:6 Def:11),,,,,4.0,23,Dennis Rodman,1610612741.0,Chicago,Bulls,CHI,0,0,,,,,,0,0,,,,,,0
0029600311,296,2,1,3,13:06 PM,3:13,MISS Kukoc  3PT Jump Shot,,,,,4.0,389,Toni Kukoc,1610612741.0,Chicago,Bulls,CHI,0,0,,,,,,0,0,,,,,,0
0029600311,297,4,0,3,13:06 PM,3:10,,,Curry REBOUND (Off:1 Def:6),,,5.0,209,Dell Curry,1610612766.0,Charlotte,Hornets,CHH,0,0,,,,,,0,0,,,,,,0
0029600311,298,2,1,3,13:07 PM,2:56,,,MISS Rice 24' 3PT Jump Shot,,,5.0,779,Glen Rice,1610612766.0,Charlotte,Hornets,CHH,0,0,,,,,,0,0,,,,,,0
0029600311,299,4,0,3,13:07 PM,2:54,Rodman REBOUND (Off:6 Def:12),,,,,4.0,23,Dennis Rodman,1610612741.0,Chicago,Bulls,CHI,0,0,,,,,,0,0,,,,,,0
0029600311,300,1,6,3,13:07 PM,2:45,Jordan  Driving Layup (14 PTS),,,55 - 52,-3,4.0,893,Michael Jordan,1610612741.0,Chicago,Bulls,CHI,0,0,,,,,,0,0,,,,,,0
0029600311,301,9,1,3,13:07 PM,2:40,,,Hornets Timeout: Regular (Reg.3 Short 0),,,3.0,1610612740,,,,,,0,0,,,,,,0,0,,,,,,0
0029600311,302,8,0,3,13:09 PM,2:40,SUB: Parish FOR Pippen,,,,,4.0,937,Scottie Pippen,1610612741.0,Chicago,Bulls,CHI,4,305,Robert Parish,1610612741.0,Chicago,Bulls,CHI,0,0,,,,,,0
0029600311,303,5,1,3,13:10 PM,2:18,Kerr STEAL (1 STL),,Curry Bad Pass Turnover (P1.T15),,,5.0,209,Dell Curry,1610612766.0,Charlotte,Hornets,CHH,4,70,Steve Kerr,1610612741.0,Chicago,Bulls,CHI,0,0,,,,,,0
0029600311,304,1,5,3,13:10 PM,2:13,Jordan  Layup (16 PTS) (Kukoc 4 AST),,,55 - 54,-1,4.0,893,Michael Jordan,1610612741.0,Chicago,Bulls,CHI,4,389,Toni Kukoc,1610612741.0,Chicago,Bulls,CHI,5,0,,1610612766.0,Charlotte,Hornets,CHH,0
0029600311,305,6,2,3,13:10 PM,2:13,,,Curry S.FOUL (P4.PN),,,5.0,209,Dell Curry,1610612766.0,Charlotte,Hornets,CHH,0,0,,,,,,0,0,,,,,,0
0029600311,306,3,10,3,13:10 PM,2:13,Jordan Free Throw 1 of 1 (17 PTS),,,55 - 55,TIE,4.0,893,Michael Jordan,1610612741.0,Chicago,Bulls,CHI,0,0,,,,,,0,0,,,,,,0
0029600311,307,6,1,3,13:11 PM,1:57,Rodman P.FOUL (P3.T2),,,,,4.0,23,Dennis Rodman,1610612741.0,Chicago,Bulls,CHI,0,0,,,,,,0,0,,,,,,0
0029600311,308,2,1,3,13:12 PM,1:44,,,MISS Goldwire 11' Jump Shot,,,5.0,924,Anthony Goldwire,1610612766.0,Charlotte,Hornets,CHH,0,0,,,,,,0,0,,,,,,0
0029600311,309,4,0,3,13:12 PM,1:42,Rodman REBOUND (Off:6 Def:13),,,,,4.0,23,Dennis Rodman,1610612741.0,Chicago,Bulls,CHI,0,0,,,,,,0,0,,,,,,0
0029600311,310,2,1,3,13:12 PM,1:34,MISS Jordan 11' Jump Shot,,,,,4.0,893,Michael Jordan,1610612741.0,Chicago,Bulls,CHI,0,0,,,,,,0,0,,,,,,0
0029600311,311,4,0,3,13:12 PM,1:32,,,Divac REBOUND (Off:2 Def:7),,,5.0,124,Vlade Divac,1610612766.0,Charlotte,Hornets,CHH,0,0,,,,,,0,0,,,,,,0
0029600311,312,2,1,3,13:12 PM,1:14,,,MISS Mason 17' Jump Shot,,,5.0,193,Anthony Mason,1610612766.0,Charlotte,Hornets,CHH,0,0,,,,,,0,0,,,,,,0
0029600311,313,4,0,3,13:12 PM,1:12,Rodman REBOUND (Off:6 Def:14),,,,,4.0,23,Dennis Rodman,1610612741.0,Chicago,Bulls,CHI,0,0,,,,,,0,0,,,,,,0
0029600311,314,1,5,3,13:12 PM,0:55,Jordan  Layup (19 PTS),,,55 - 57,2,4.0,893,Michael Jordan,1610612741.0,Chicago,Bulls,CHI,0,0,,,,,,0,0,,,,,,0
0029600311,315,1,5,3,13:13 PM,0:40,,,Rice  Layup (24 PTS),57 - 57,TIE,5.0,779,Glen Rice,1610612766.0,Charlotte,Hornets,CHH,0,0,,,,,,4,0,,1610612741.0,Chicago,Bulls,CHI,0
0029600311,316,6,2,3,13:13 PM,0:40,Kukoc S.FOUL (P2.PN),,,,,4.0,389,Toni Kukoc,1610612741.0,Chicago,Bulls,CHI,0,0,,,,,,0,0,,,,,,0
0029600311,317,3,10,3,13:13 PM,0:40,,,Rice Free Throw 1 of 1 (25 PTS),58 - 57,-1,5.0,779,Glen Rice,1610612766.0,Charlotte,Hornets,CHH,0,0,,,,,,0,0,,,,,,0
0029600311,318,1,1,3,13:14 PM,0:24,Jordan 10' Jump Shot (21 PTS),,,58 - 59,1,4.0,893,Michael Jordan,1610612741.0,Chicago,Bulls,CHI,0,0,,,,,,0,0,,,,,,0
0029600311,319,6,4,3,13:14 PM,0:06,,,Goldwire OFF.Foul (P1),,,5.0,924,Anthony Goldwire,1610612766.0,Charlotte,Hornets,CHH,5,0,,1610612766.0,Charlotte,Hornets,CHH,0,0,,,,,,0
0029600311,320,5,5,3,13:14 PM,0:06,,,Goldwire Foul Turnover (P3.T16),,,5.0,924,Anthony Goldwire,1610612766.0,Charlotte,Hornets,CHH,0,0,,,,,,0,0,,,,,,0
0029600311,321,8,0,3,13:14 PM,0:06,SUB: Buechler FOR Rodman,,,,,4.0,23,Dennis Rodman,1610612741.0,Chicago,Bulls,CHI,4,146,Jud Buechler,1610612741.0,Chicago,Bulls,CHI,0,0,,,,,,0
0029600311,322,13,0,3,13:14 PM,0:00,,,,58 - 59,1,0.0,0,,,,,,0,0,,,,,,0,0,,,,,,0
0029600311,323,12,0,4,13:17 PM,12:00,,,,58 - 59,1,0.0,0,,,,,,0,0,,,,,,0,0,,,,,,0
0029600311,324,5,4,4,13:18 PM,11:42,,,Geiger Traveling Turnover (P1.T17),,,5.0,761,Matt Geiger,1610612766.0,Charlotte,Hornets,CHH,0,0,,,,,,0,0,,,,,,0
0029600311,325,2,5,4,13:18 PM,11:24,MISS Pippen  Layup,,,,,4.0,937,Scottie Pippen,1610612741.0,Chicago,Bulls,CHI,0,0,,,,,,0,0,,,,,,0
0029600311,327,4,0,4,13:18 PM,11:22,Rodman REBOUND (Off:7 Def:14),,,,,4.0,23,Dennis Rodman,1610612741.0,Chicago,Bulls,CHI,0,0,,,,,,0,0,,,,,,0
0029600311,326,2,4,4,13:18 PM,11:22,MISS Rodman  Tip Shot,,,,,4.0,23,Dennis Rodman,1610612741.0,Chicago,Bulls,CHI,0,0,,,,,,0,0,,,,,,0
0029600311,328,4,0,4,13:18 PM,11:20,,,Geiger REBOUND (Off:0 Def:1),,,5.0,761,Matt Geiger,1610612766.0,Charlotte,Hornets,CHH,0,0,,,,,,0,0,,,,,,0
0029600311,329,2,1,4,13:18 PM,11:04,,,MISS Geiger 10' Jump Shot,,,5.0,761,Matt Geiger,1610612766.0,Charlotte,Hornets,CHH,0,0,,,,,,0,0,,,,,,0
0029600311,330,4,0,4,13:19 PM,11:01,,,Mason REBOUND (Off:3 Def:11),,,5.0,193,Anthony Mason,1610612766.0,Charlotte,Hornets,CHH,0,0,,,,,,0,0,,,,,,0
0029600311,331,6,2,4,13:19 PM,11:01,Kukoc S.FOUL (P3.T1),,,,,4.0,389,Toni Kukoc,1610612741.0,Chicago,Bulls,CHI,0,0,,,,,,0,0,,,,,,0
0029600311,332,3,11,4,13:19 PM,11:01,,,Mason Free Throw 1 of 2 (10 PTS),59 - 59,TIE,5.0,193,Anthony Mason,1610612766.0,Charlotte,Hornets,CHH,0,0,,,,,,0,0,,,,,,0
0029600311,333,3,12,4,13:19 PM,11:01,,,Mason Free Throw 2 of 2 (11 PTS),60 - 59,-1,5.0,193,Anthony Mason,1610612766.0,Charlotte,Hornets,CHH,0,0,,,,,,0,0,,,,,,0
0029600311,334,6,2,4,13:19 PM,10:50,,,Mason S.FOUL (P2.T1),,,5.0,193,Anthony Mason,1610612766.0,Charlotte,Hornets,CHH,5,0,,1610612766.0,Charlotte,Hornets,CHH,0,0,,,,,,0
0029600311,335,3,11,4,13:19 PM,10:50,Kukoc Free Throw 1 of 2 (5 PTS),,,60 - 60,TIE,4.0,389,Toni Kukoc,1610612741.0,Chicago,Bulls,CHI,0,0,,,,,,0,0,,,,,,0
0029600311,336,3,12,4,13:20 PM,10:50,Kukoc Free Throw 2 of 2 (6 PTS),,,60 - 61,1,4.0,389,Toni Kukoc,1610612741.0,Chicago,Bulls,CHI,0,0,,,,,,0,0,,,,,,0
0029600311,337,1,7,4,13:20 PM,10:33,,,Geiger  Dunk (4 PTS) (Rice 2 AST),62 - 61,-1,5.0,761,Matt Geiger,1610612766.0,Charlotte,Hornets,CHH,5,779,Glen Rice,1610612766.0,Charlotte,Hornets,CHH,0,0,,,,,,0
0029600311,338,2,1,4,13:21 PM,10:18,MISS Kerr 12' Jump Shot,,Curry BLOCK (1 BLK),,,4.0,70,Steve Kerr,1610612741.0,Chicago,Bulls,CHI,0,0,,,,,,5,209,Dell Curry,1610612766.0,Charlotte,Hornets,CHH,0
0029600311,339,4,0,4,13:21 PM,10:16,,,Hornets Rebound,,,3.0,1610612740,,,,,,0,0,,,,,,0,0,,,,,,0
0029600311,340,5,2,4,13:21 PM,9:53,Pippen STEAL (1 STL),,Geiger Lost Ball Turnover (P2.T18),,,5.0,761,Matt Geiger,1610612766.0,Charlotte,Hornets,CHH,4,937,Scottie Pippen,1610612741.0,Chicago,Bulls,CHI,0,0,,,,,,0
0029600311,341,6,1,4,13:22 PM,9:34,,,Rice P.FOUL (P1.T2),,,5.0,779,Glen Rice,1610612766.0,Charlotte,Hornets,CHH,5,0,,1610612766.0,Charlotte,Hornets,CHH,0,0,,,,,,0
0029600311,342,8,0,4,13:22 PM,9:34,SUB: Jordan FOR Kukoc,,,,,4.0,389,Toni Kukoc,1610612741.0,Chicago,Bulls,CHI,4,893,Michael Jordan,1610612741.0,Chicago,Bulls,CHI,0,0,,,,,,0
0029600311,343,1,7,4,13:22 PM,9:27,Jordan  Dunk (23 PTS),,,62 - 63,1,4.0,893,Michael Jordan,1610612741.0,Chicago,Bulls,CHI,0,0,,,,,,0,0,,,,,,0
0029600311,344,1,5,4,13:23 PM,9:13,,,Geiger  Layup (6 PTS) (Curry 7 AST),64 - 63,-1,5.0,761,Matt Geiger,1610612766.0,Charlotte,Hornets,CHH,5,209,Dell Curry,1610612766.0,Charlotte,Hornets,CHH,4,0,,1610612741.0,Chicago,Bulls,CHI,0
0029600311,345,6,2,4,13:23 PM,9:13,Pippen S.FOUL (P1.T2),,,,,4.0,937,Scottie Pippen,1610612741.0,Chicago,Bulls,CHI,0,0,,,,,,0,0,,,,,,0
0029600311,346,3,10,4,13:23 PM,9:13,,,Geiger Free Throw 1 of 1 (7 PTS),65 - 63,-2,5.0,761,Matt Geiger,1610612766.0,Charlotte,Hornets,CHH,0,0,,,,,,0,0,,,,,,0
0029600311,347,1,9,4,13:23 PM,9:02,Brown  Driving Dunk (2 PTS) (Pippen 5 AST),,,65 - 65,TIE,4.0,753,Randy Brown,1610612741.0,Chicago,Bulls,CHI,4,937,Scottie Pippen,1610612741.0,Chicago,Bulls,CHI,0,0,,,,,,0
0029600311,348,1,5,4,13:24 PM,8:48,,,Geiger  Layup (9 PTS),67 - 65,-2,5.0,761,Matt Geiger,1610612766.0,Charlotte,Hornets,CHH,0,0,,,,,,0,0,,,,,,0
0029600311,349,6,1,4,13:24 PM,8:33,,,Geiger P.FOUL (P1.T3),,,5.0,761,Matt Geiger,1610612766.0,Charlotte,Hornets,CHH,5,0,,1610612766.0,Charlotte,Hornets,CHH,0,0,,,,,,0
0029600311,350,5,2,4,13:24 PM,8:28,Jordan Lost Ball Turnover (P1.T11),,,,,4.0,893,Michael Jordan,1610612741.0,Chicago,Bulls,CHI,0,0,,,,,,0,0,,,,,,0
0029600311,351,6,1,4,13:25 PM,8:18,Pippen P.FOUL (P2.T3),,,,,4.0,937,Scottie Pippen,1610612741.0,Chicago,Bulls,CHI,0,0,,,,,,0,0,,,,,,0
0029600311,352,1,1,4,13:25 PM,8:09,,,Geiger 11' Jump Shot (11 PTS) (Curry 8 AST),69 - 65,-4,5.0,761,Matt Geiger,1610612766.0,Charlotte,Hornets,CHH,5,209,Dell Curry,1610612766.0,Charlotte,Hornets,CHH,0,0,,,,,,0
0029600311,353,1,1,4,13:26 PM,7:42,Jordan 16' Jump Shot (25 PTS),,,69 - 67,-2,4.0,893,Michael Jordan,1610612741.0,Chicago,Bulls,CHI,0,0,,,,,,0,0,,,,,,0
0029600311,354,1,1,4,13:26 PM,7:20,,,Geiger 5' Jump Shot (13 PTS) (Rice 3 AST),71 - 67,-4,5.0,761,Matt Geiger,1610612766.0,Charlotte,Hornets,CHH,5,779,Glen Rice,1610612766.0,Charlotte,Hornets,CHH,0,0,,,,,,0
0029600311,355,2,1,4,13:26 PM,6:59,MISS Brown 12' Jump Shot,,,,,4.0,753,Randy Brown,1610612741.0,Chicago,Bulls,CHI,0,0,,,,,,0,0,,,,,,0
0029600311,356,4,0,4,13:26 PM,6:57,Brown REBOUND (Off:1 Def:0),,,,,4.0,753,Randy Brown,1610612741.0,Chicago,Bulls,CHI,0,0,,,,,,0,0,,,,,,0
0029600311,357,1,1,4,13:26 PM,6:55,Kerr  3PT Jump Shot (12 PTS) (Brown 1 AST),,,71 - 70,-1,4.0,70,Steve Kerr,1610612741.0,Chicago,Bulls,CHI,4,753,Randy Brown,1610612741.0,Chicago,Bulls,CHI,0,0,,,,,,0
0029600311,358,2,1,4,13:27 PM,6:33,,,MISS Geiger 11' Jump Shot,,,5.0,761,Matt Geiger,1610612766.0,Charlotte,Hornets,CHH,0,0,,,,,,0,0,,,,,,0
0029600311,359,4,0,4,13:27 PM,6:30,Pippen REBOUND (Off:0 Def:1),,,,,4.0,937,Scottie Pippen,1610612741.0,Chicago,Bulls,CHI,0,0,,,,,,0,0,,,,,,0
0029600311,360,2,1,4,13:27 PM,6:26,MISS Brown 14' Jump Shot,,,,,4.0,753,Randy Brown,1610612741.0,Chicago,Bulls,CHI,0,0,,,,,,0,0,,,,,,0
0029600311,361,4,0,4,13:27 PM,6:23,,,Smith REBOUND (Off:0 Def:3),,,5.0,380,Tony Smith,1610612766.0,Charlotte,Hornets,CHH,0,0,,,,,,0,0,,,,,,0
0029600311,362,2,1,4,13:27 PM,6:12,,,MISS Mason 15' Jump Shot,,,5.0,193,Anthony Mason,1610612766.0,Charlotte,Hornets,CHH,0,0,,,,,,0,0,,,,,,0
0029600311,363,4,0,4,13:27 PM,6:10,Jordan REBOUND (Off:2 Def:7),,,,,4.0,893,Michael Jordan,1610612741.0,Chicago,Bulls,CHI,0,0,,,,,,0,0,,,,,,0
0029600311,364,6,2,4,13:27 PM,6:05,,,Mason S.FOUL (P3.T4),,,5.0,193,Anthony Mason,1610612766.0,Charlotte,Hornets,CHH,5,0,,1610612766.0,Charlotte,Hornets,CHH,0,0,,,,,,0
0029600311,365,9,1,4,13:27 PM,6:05,BULLS Timeout: Regular (Full 4 Short 1),,,,,2.0,1610612741,,,,,,0,0,,,,,,0,0,,,,,,0
0029600311,366,3,11,4,13:29 PM,6:05,Rodman Free Throw 1 of 2 (1 PTS),,,71 - 71,TIE,4.0,23,Dennis Rodman,1610612741.0,Chicago,Bulls,CHI,0,0,,,,,,0,0,,,,,,0
0029600311,367,3,12,4,13:30 PM,6:05,MISS Rodman Free Throw 2 of 2,,,,,4.0,23,Dennis Rodman,1610612741.0,Chicago,Bulls,CHI,0,0,,,,,,0,0,,,,,,0
0029600311,368,4,0,4,13:30 PM,6:01,Rodman REBOUND (Off:8 Def:14),,,,,4.0,23,Dennis Rodman,1610612741.0,Chicago,Bulls,CHI,0,0,,,,,,0,0,,,,,,0
0029600311,369,2,4,4,13:30 PM,5:59,MISS Rodman  Tip Shot,,,,,4.0,23,Dennis Rodman,1610612741.0,Chicago,Bulls,CHI,0,0,,,,,,0,0,,,,,,0
0029600311,370,4,0,4,13:30 PM,5:56,Kerr REBOUND (Off:2 Def:0),,,,,4.0,70,Steve Kerr,1610612741.0,Chicago,Bulls,CHI,0,0,,,,,,0,0,,,,,,0
0029600311,371,6,1,4,13:30 PM,5:47,,,Geiger P.FOUL (P2.PN),,,5.0,761,Matt Geiger,1610612766.0,Charlotte,Hornets,CHH,5,0,,1610612766.0,Charlotte,Hornets,CHH,0,0,,,,,,0
0029600311,372,3,11,4,13:30 PM,5:47,MISS Jordan Free Throw 1 of 2,,,,,4.0,893,Michael Jordan,1610612741.0,Chicago,Bulls,CHI,0,0,,,,,,0,0,,,,,,0
0029600311,373,4,0,4,13:30 PM,5:47,BULLS Rebound,,,,,2.0,1610612741,,,,,,0,0,,,,,,0,0,,,,,,0
0029600311,374,3,12,4,13:31 PM,5:47,MISS Jordan Free Throw 2 of 2,,,,,4.0,893,Michael Jordan,1610612741.0,Chicago,Bulls,CHI,0,0,,,,,,0,0,,,,,,0
0029600311,375,4,0,4,13:31 PM,5:47,,,Mason REBOUND (Off:3 Def:12),,,5.0,193,Anthony Mason,1610612766.0,Charlotte,Hornets,CHH,0,0,,,,,,0,0,,,,,,0
0029600311,376,1,1,4,13:31 PM,5:29,,,Geiger 10' Jump Shot (15 PTS),73 - 71,-2,5.0,761,Matt Geiger,1610612766.0,Charlotte,Hornets,CHH,0,0,,,,,,0,0,,,,,,0
0029600311,377,2,1,4,13:32 PM,5:12,MISS Jordan 14' Jump Shot,,,,,4.0,893,Michael Jordan,1610612741.0,Chicago,Bulls,CHI,0,0,,,,,,0,0,,,,,,0
0029600311,379,4,0,4,13:32 PM,5:10,Rodman REBOUND (Off:9 Def:14),,,,,4.0,23,Dennis Rodman,1610612741.0,Chicago,Bulls,CHI,0,0,,,,,,0,0,,,,,,0
0029600311,378,1,4,4,13:32 PM,5:10,Rodman  Tip Shot (3 PTS),,,73 - 73,TIE,4.0,23,Dennis Rodman,1610612741.0,Chicago,Bulls,CHI,0,0,,,,,,0,0,,,,,,0
0029600311,380,5,2,4,13:32 PM,4:47,Jordan STEAL (4 STL),,Rice Lost Ball Turnover (P2.T19),,,5.0,779,Glen Rice,1610612766.0,Charlotte,Hornets,CHH,4,893,Michael Jordan,1610612741.0,Chicago,Bulls,CHI,0,0,,,,,,0
0029600311,381,6,2,4,13:32 PM,4:44,,,Smith S.FOUL (P4.PN),,,5.0,380,Tony Smith,1610612766.0,Charlotte,Hornets,CHH,5,0,,1610612766.0,Charlotte,Hornets,CHH,0,0,,,,,,0
0029600311,382,3,11,4,13:32 PM,4:44,Jordan Free Throw 1 of 2 (26 PTS),,,73 - 74,1,4.0,893,Michael Jordan,1610612741.0,Chicago,Bulls,CHI,0,0,,,,,,0,0,,,,,,0
0029600311,383,8,0,4,13:33 PM,4:44,SUB: Kukoc FOR Brown,,,,,4.0,753,Randy Brown,1610612741.0,Chicago,Bulls,CHI,4,389,Toni Kukoc,1610612741.0,Chicago,Bulls,CHI,0,0,,,,,,0
0029600311,384,3,12,4,13:33 PM,4:44,Jordan Free Throw 2 of 2 (27 PTS),,,73 - 75,2,4.0,893,Michael Jordan,1610612741.0,Chicago,Bulls,CHI,0,0,,,,,,0,0,,,,,,0
0029600311,385,2,5,4,13:33 PM,4:29,,,MISS Geiger  Layup,,,5.0,761,Matt Geiger,1610612766.0,Charlotte,Hornets,CHH,0,0,,,,,,0,0,,,,,,0
0029600311,386,4,0,4,13:33 PM,4:27,,,Geiger REBOUND (Off:1 Def:1),,,5.0,761,Matt Geiger,1610612766.0,Charlotte,Hornets,CHH,0,0,,,,,,0,0,,,,,,0
0029600311,387,6,1,4,13:34 PM,4:27,Rodman P.FOUL (P4.T4),,,,,4.0,23,Dennis Rodman,1610612741.0,Chicago,Bulls,CHI,0,0,,,,,,0,0,,,,,,0
0029600311,388,2,1,4,13:34 PM,4:07,,,MISS Mason 9' Jump Shot,,,5.0,193,Anthony Mason,1610612766.0,Charlotte,Hornets,CHH,0,0,,,,,,0,0,,,,,,0
0029600311,389,4,0,4,13:34 PM,4:04,Kerr REBOUND (Off:2 Def:1),,,,,4.0,70,Steve Kerr,1610612741.0,Chicago,Bulls,CHI,0,0,,,,,,0,0,,,,,,0
0029600311,390,2,1,4,13:35 PM,3:52,MISS Pippen 16' Jump Shot,,,,,4.0,937,Scottie Pippen,1610612741.0,Chicago,Bulls,CHI,0,0,,,,,,0,0,,,,,,0
0029600311,391,4,0,4,13:35 PM,3:49,,,Geiger REBOUND (Off:1 Def:2),,,5.0,761,Matt Geiger,1610612766.0,Charlotte,Hornets,CHH,0,0,,,,,,0,0,,,,,,0
0029600311,392,2,1,4,13:35 PM,3:38,Kukoc BLOCK (1 BLK),,MISS Mason 10' Jump Shot,,,5.0,193,Anthony Mason,1610612766.0,Charlotte,Hornets,CHH,0,0,,,,,,4,389,Toni Kukoc,1610612741.0,Chicago,Bulls,CHI,0
0029600311,393,4,0,4,13:35 PM,3:34,,,Curry REBOUND (Off:2 Def:6),,,5.0,209,Dell Curry,1610612766.0,Charlotte,Hornets,CHH,0,0,,,,,,0,0,,,,,,0
0029600311,394,6,2,4,13:35 PM,3:33,Pippen S.FOUL (P3.PN),,,,,4.0,937,Scottie Pippen,1610612741.0,Chicago,Bulls,CHI,0,0,,,,,,0,0,,,,,,0
0029600311,395,3,11,4,13:35 PM,3:33,,,MISS Geiger Free Throw 1 of 2,,,5.0,761,Matt Geiger,1610612766.0,Charlotte,Hornets,CHH,0,0,,,,,,0,0,,,,,,0
0029600311,396,4,0,4,13:35 PM,3:33,,,Hornets Rebound,,,3.0,1610612740,,,,,,0,0,,,,,,0,0,,,,,,0
0029600311,397,3,12,4,13:35 PM,3:33,,,Geiger Free Throw 2 of 2 (16 PTS),74 - 75,1,5.0,761,Matt Geiger,1610612766.0,Charlotte,Hornets,CHH,0,0,,,,,,0,0,,,,,,0
0029600311,398,1,1,4,13:36 PM,3:18,Kukoc  3PT Jump Shot (9 PTS) (Kerr 1 AST),,,74 - 78,4,4.0,389,Toni Kukoc,1610612741.0,Chicago,Bulls,CHI,4,70,Steve Kerr,1610612741.0,Chicago,Bulls,CHI,0,0,,,,,,0
0029600311,399,9,1,4,13:36 PM,3:14,,,Hornets Timeout: Regular (Reg.4 Short 0),,,3.0,1610612740,,,,,,0,0,,,,,,0,0,,,,,,0
0029600311,400,8,0,4,13:38 PM,3:14,SUB: Parish FOR Kukoc,,,,,4.0,389,Toni Kukoc,1610612741.0,Chicago,Bulls,CHI,4,305,Robert Parish,1610612741.0,Chicago,Bulls,CHI,0,0,,,,,,0
0029600311,401,1,5,4,13:39 PM,2:50,,,Geiger  Layup (18 PTS) (Rice 4 AST),76 - 78,2,5.0,761,Matt Geiger,1610612766.0,Charlotte,Hornets,CHH,5,779,Glen Rice,1610612766.0,Charlotte,Hornets,CHH,0,0,,,,,,0
0029600311,402,2,1,4,13:39 PM,2:28,MISS Parish 10' Jump Shot,,,,,4.0,305,Robert Parish,1610612741.0,Chicago,Bulls,CHI,0,0,,,,,,0,0,,,,,,0
0029600311,403,4,0,4,13:39 PM,2:26,,,Smith REBOUND (Off:0 Def:4),,,5.0,380,Tony Smith,1610612766.0,Charlotte,Hornets,CHH,0,0,,,,,,0,0,,,,,,0
0029600311,404,1,5,4,13:39 PM,2:17,,,Mason  Layup (13 PTS) (Geiger 1 AST),78 - 78,TIE,5.0,193,Anthony Mason,1610612766.0,Charlotte,Hornets,CHH,5,761,Matt Geiger,1610612766.0,Charlotte,Hornets,CHH,4,0,,1610612741.0,Chicago,Bulls,CHI,0
0029600311,405,6,2,4,13:39 PM,2:17,Kerr S.FOUL (P3.PN),,,,,4.0,70,Steve Kerr,1610612741.0,Chicago,Bulls,CHI,0,0,,,,,,0,0,,,,,,0
0029600311,406,3,10,4,13:39 PM,2:17,,,MISS Mason Free Throw 1 of 1,,,5.0,193,Anthony Mason,1610612766.0,Charlotte,Hornets,CHH,0,0,,,,,,0,0,,,,,,0
0029600311,407,4,0,4,13:40 PM,2:15,,,Hornets Rebound,,,3.0,1610612740,,,,,,0,0,,,,,,0,0,,,,,,0
0029600311,408,5,1,4,13:40 PM,2:09,Kerr STEAL (2 STL),,Geiger Bad Pass Turnover (P3.T20),,,5.0,761,Matt Geiger,1610612766.0,Charlotte,Hornets,CHH,4,70,Steve Kerr,1610612741.0,Chicago,Bulls,CHI,0,0,,,,,,0
0029600311,409,9,1,4,13:40 PM,2:01,BULLS Timeout: Regular (Full 5 Short 1),,,,,2.0,1610612741,,,,,,0,0,,,,,,0,0,,,,,,0
0029600311,410,8,0,4,13:42 PM,2:01,SUB: Kukoc FOR Parish,,,,,4.0,305,Robert Parish,1610612741.0,Chicago,Bulls,CHI,4,389,Toni Kukoc,1610612741.0,Chicago,Bulls,CHI,0,0,,,,,,0
0029600311,411,1,1,4,13:43 PM,1:53,Kukoc  3PT Jump Shot (12 PTS) (Jordan 4 AST),,,78 - 81,3,4.0,389,Toni Kukoc,1610612741.0,Chicago,Bulls,CHI,4,893,Michael Jordan,1610612741.0,Chicago,Bulls,CHI,0,0,,,,,,0
0029600311,412,2,1,4,13:43 PM,1:35,,,MISS Smith 16' Jump Shot,,,5.0,380,Tony Smith,1610612766.0,Charlotte,Hornets,CHH,0,0,,,,,,0,0,,,,,,0
0029600311,413,4,0,4,13:43 PM,1:33,Pippen REBOUND (Off:0 Def:2),,,,,4.0,937,Scottie Pippen,1610612741.0,Chicago,Bulls,CHI,0,0,,,,,,0,0,,,,,,0
0029600311,414,2,5,4,13:43 PM,1:18,MISS Jordan  Layup,,,,,4.0,893,Michael Jordan,1610612741.0,Chicago,Bulls,CHI,0,0,,,,,,0,0,,,,,,0
0029600311,415,4,0,4,13:43 PM,1:16,,,Geiger REBOUND (Off:1 Def:3),,,5.0,761,Matt Geiger,1610612766.0,Charlotte,Hornets,CHH,0,0,,,,,,0,0,,,,,,0
0029600311,416,9,1,4,13:43 PM,1:11,,,Hornets Timeout: Regular (Reg.5 Short 0),,,3.0,1610612740,,,,,,0,0,,,,,,0,0,,,,,,0
0029600311,417,9,2,4,13:46 PM,1:11,,,Hornets Timeout: Short (Reg.5 Short 1),,,3.0,1610612740,,,,,,0,0,,,,,,0,0,,,,,,0
0029600311,418,1,1,4,13:47 PM,1:01,,,Geiger 5' Jump Shot (20 PTS) (Rice 5 AST),80 - 81,1,5.0,761,Matt Geiger,1610612766.0,Charlotte,Hornets,CHH,5,779,Glen Rice,1610612766.0,Charlotte,Hornets,CHH,0,0,,,,,,0
0029600311,419,1,1,4,13:47 PM,0:41,Pippen 17' Jump Shot (10 PTS) (Jordan 5 AST),,,80 - 83,3,4.0,937,Scottie Pippen,1610612741.0,Chicago,Bulls,CHI,4,893,Michael Jordan,1610612741.0,Chicago,Bulls,CHI,0,0,,,,,,0
0029600311,420,5,2,4,13:48 PM,0:24,Jordan STEAL (5 STL),,Geiger Lost Ball Turnover (P4.T21),,,5.0,761,Matt Geiger,1610612766.0,Charlotte,Hornets,CHH,4,893,Michael Jordan,1610612741.0,Chicago,Bulls,CHI,0,0,,,,,,0
0029600311,421,6,1,4,13:48 PM,0:23,,,Geiger P.FOUL (P3.PN),,,5.0,761,Matt Geiger,1610612766.0,Charlotte,Hornets,CHH,5,0,,1610612766.0,Charlotte,Hornets,CHH,0,0,,,,,,0
0029600311,422,3,11,4,13:48 PM,0:23,Kerr Free Throw 1 of 2 (13 PTS),,,80 - 84,4,4.0,70,Steve Kerr,1610612741.0,Chicago,Bulls,CHI,0,0,,,,,,0,0,,,,,,0
0029600311,423,3,12,4,13:48 PM,0:23,Kerr Free Throw 2 of 2 (14 PTS),,,80 - 85,5,4.0,70,Steve Kerr,1610612741.0,Chicago,Bulls,CHI,0,0,,,,,,0,0,,,,,,0
0029600311,424,9,1,4,13:49 PM,0:23,,,Hornets Timeout: Regular (Reg.6 Short 1),,,3.0,1610612740,,,,,,0,0,,,,,,0,0,,,,,,0
0029600311,425,8,0,4,13:51 PM,0:23,,,SUB: Burrell FOR Geiger,,,5.0,761,Matt Geiger,1610612766.0,Charlotte,Hornets,CHH,5,197,Scott Burrell,1610612766.0,Charlotte,Hornets,CHH,0,0,,,,,,0
0029600311,426,1,1,4,13:51 PM,0:12,,,Curry 15' Jump Shot (13 PTS) (Mason 3 AST),82 - 85,3,5.0,209,Dell Curry,1610612766.0,Charlotte,Hornets,CHH,5,193,Anthony Mason,1610612766.0,Charlotte,Hornets,CHH,0,0,,,,,,0
0029600311,427,6,1,4,13:52 PM,0:10,,,Burrell P.FOUL (P2.PN),,,5.0,197,Scott Burrell,1610612766.0,Charlotte,Hornets,CHH,5,0,,1610612766.0,Charlotte,Hornets,CHH,0,0,,,,,,0
0029600311,428,3,11,4,13:52 PM,0:10,Jordan Free Throw 1 of 2 (28 PTS),,,82 - 86,4,4.0,893,Michael Jordan,1610612741.0,Chicago,Bulls,CHI,0,0,,,,,,0,0,,,,,,0
0029600311,429,3,12,4,13:52 PM,0:10,Jordan Free Throw 2 of 2 (29 PTS),,,82 - 87,5,4.0,893,Michael Jordan,1610612741.0,Chicago,Bulls,CHI,0,0,,,,,,0,0,,,,,,0
0029600311,430,5,6,4,13:53 PM,0:04,,,Smith Double Dribble Turnover (P5.T22),,,5.0,380,Tony Smith,1610612766.0,Charlotte,Hornets,CHH,0,0,,,,,,0,0,,,,,,0
0029600311,431,13,0,4,13:53 PM,0:00,,,,82 - 87,5,0.0,0,,,,,,0,0,,,,,,0,0,,,,,,0
