GAME_ID,EVENTNUM,EVENTMSGTYPE,EVENTMSGACTIONTYPE,PERIOD,WCTIMESTRING,PCTIMESTRING,HOMEDESCRIPTION,NEUTRALDESCRIPTION,VISITORDESCRIPTION,SCORE,SCOREMARGIN
0029600015,2,12,0,1,2:00 PM,12:00,,,,,
0029600015,3,10,0,1,2:05 PM,12:00,Jump Ball Webber vs. West: Tip to Sura,,,,
0029600015,4,2,5,1,2:06 PM,11:48,,,MISS West  Layup,,
0029600015,5,4,0,1,2:06 PM,11:47,Grant REBOUND (Off:0 Def:1),,,,
0029600015,6,1,8,1,2:06 PM,11:39,Webber  Slam Dunk (2 PTS) (Howard 1 AST),,,0 - 2,2
0029600015,7,6,2,1,2:06 PM,11:39,,,West S.FOUL (P1.T1),,
0029600015,8,3,10,1,2:06 PM,11:39,MISS Webber Free Throw 1 of 1,,,,
0029600015,9,4,0,1,2:06 PM,11:39,,,Hill REBOUND (Off:0 Def:1),,
0029600015,10,1,1,1,2:07 PM,11:19,,,Brandon 19' Jump Shot (2 PTS) (Sura 1 AST),2 - 2,TIE
0029600015,11,1,6,1,2:07 PM,10:57,Cheaney  Driving Layup (2 PTS) (Webber 1 AST),,,2 - 4,2
0029600015,12,2,5,1,2:07 PM,10:37,Grant BLOCK (1 BLK),,MISS West  Layup,,
0029600015,13,4,0,1,2:07 PM,10:34,Strickland REBOUND (Off:0 Def:1),,,,
0029600015,14,1,9,1,2:07 PM,10:32,Webber  Driving Dunk (4 PTS) (Strickland 1 AST),,,2 - 6,4
0029600015,15,6,1,1,2:08 PM,10:11,Grant P.FOUL (P1.T1),,,,
0029600015,17,3,11,1,2:08 PM,10:11,,,Brandon Free Throw 1 of 2 (3 PTS),3 - 6,3
0029600015,18,3,12,1,2:08 PM,10:11,,,Brandon Free Throw 2 of 2 (4 PTS),4 - 6,2
0029600015,19,1,5,1,2:09 PM,9:51,Howard  Layup (2 PTS) (Webber 2 AST),,,4 - 8,4
0029600015,20,6,1,1,2:09 PM,9:40,Howard P.FOUL (P1.T2),,,,
0029600015,21,5,1,1,2:09 PM,9:28,Grant STEAL (1 STL),,Sura Bad Pass Turnover (P1.T1),,
0029600015,22,5,2,1,2:10 PM,9:15,Howard Lost Ball Turnover (P1.T1),,,,
0029600015,23,2,1,1,2:10 PM,9:00,,,MISS Mills 16' Jump Shot,,
0029600015,24,4,0,1,2:10 PM,8:58,,,Hill REBOUND (Off:1 Def:1),,
0029600015,25,2,5,1,2:11 PM,8:42,,,MISS Hill  Layup,,
0029600015,26,4,0,1,2:11 PM,8:39,Strickland REBOUND (Off:0 Def:2),,,,
0029600015,27,2,5,1,2:11 PM,8:36,MISS Webber  Layup,,,,
0029600015,28,4,0,1,2:11 PM,8:35,,,Cavaliers Rebound,,
0029600015,29,1,9,1,2:11 PM,8:09,,,Hill  Driving Dunk (2 PTS),6 - 8,2
0029600015,30,2,1,1,2:12 PM,7:55,MISS Strickland 15' Jump Shot,,,,
0029600015,31,4,0,1,2:12 PM,7:53,,,Hill REBOUND (Off:1 Def:2),,
0029600015,32,1,9,1,2:12 PM,7:48,,,Hill  Driving Dunk (4 PTS) (Brandon 1 AST),8 - 8,TIE
0029600015,33,9,1,1,2:12 PM,7:39,BULLETS Timeout: Regular (Full 1 Short 0),,,,
0029600015,34,2,1,1,2:14 PM,7:25,MISS Howard 11' Jump Shot,,,,
0029600015,35,4,0,1,2:14 PM,7:24,Grant REBOUND (Off:1 Def:1),,,,
0029600015,36,2,5,1,2:14 PM,7:23,MISS Grant  Layup,,,,
0029600015,37,4,0,1,2:14 PM,7:22,Grant REBOUND (Off:2 Def:1),,,,
0029600015,38,5,4,1,2:15 PM,7:17,Webber Traveling Turnover (P1.T2),,,,
0029600015,39,2,1,1,2:15 PM,7:07,,,MISS Brandon 24' 3PT Jump Shot,,
0029600015,40,4,0,1,2:15 PM,7:05,Webber REBOUND (Off:0 Def:1),,,,
0029600015,41,2,1,1,2:15 PM,6:56,MISS Grant 18' Jump Shot,,,,
0029600015,42,4,0,1,2:15 PM,6:54,,,West REBOUND (Off:0 Def:1),,
0029600015,43,2,1,1,2:15 PM,6:37,,,MISS Mills 25' 3PT Jump Shot,,
0029600015,44,4,0,1,2:15 PM,6:35,Strickland REBOUND (Off:0 Def:3),,,,
0029600015,45,5,1,1,2:16 PM,6:31,Strickland Bad Pass Turnover (P1.T3),,Brandon STEAL (1 STL),,
0029600015,46,1,6,1,2:16 PM,6:18,,,Brandon  Driving Layup (6 PTS),10 - 8,-2
0029600015,47,5,1,1,2:16 PM,6:00,Howard Bad Pass Turnover (P2.T4),,,,
0029600015,48,5,4,1,2:17 PM,5:33,,,Hill Traveling Turnover (P1.T2),,
0029600015,49,2,1,1,2:17 PM,5:22,MISS Howard 12' Jump Shot,,,,
0029600015,50,4,0,1,2:17 PM,5:21,Webber REBOUND (Off:1 Def:1),,,,
0029600015,51,1,8,1,2:17 PM,5:20,Webber  Slam Dunk (6 PTS),,,10 - 10,TIE
0029600015,52,2,1,1,2:17 PM,4:55,,,MISS Brandon 19' Jump Shot,,
0029600015,53,4,0,1,2:17 PM,4:53,Howard REBOUND (Off:0 Def:1),,,,
0029600015,54,2,1,1,2:18 PM,4:46,MISS Howard 12' Jump Shot,,,,
0029600015,55,4,0,1,2:18 PM,4:45,,,Sura REBOUND (Off:0 Def:1),,
0029600015,56,1,1,1,2:18 PM,4:28,,,Mills 15' Jump Shot (2 PTS),12 - 10,-2
0029600015,57,6,2,1,2:18 PM,4:08,,,Hill S.FOUL (P1.T2),,
0029600015,58,8,0,1,2:18 PM,4:08,,,SUB: Ferry FOR West,,
0029600015,59,8,0,1,2:19 PM,4:08,SUB: Wallace FOR Howard,,,,
0029600015,60,3,11,1,2:19 PM,4:08,MISS Strickland Free Throw 1 of 2,,,,
0029600015,61,4,0,1,2:19 PM,4:08,BULLETS Rebound,,,,
0029600015,62,3,12,1,2:19 PM,4:08,MISS Strickland Free Throw 2 of 2,,,,
0029600015,63,4,0,1,2:19 PM,4:08,,,Hill REBOUND (Off:1 Def:3),,
0029600015,64,5,4,1,2:19 PM,3:49,,,Sura Traveling Turnover (P2.T3),,
0029600015,65,6,1,1,2:20 PM,3:41,,,Hill P.FOUL (P2.T3),,
0029600015,66,8,0,1,2:20 PM,3:41,,,SUB: Potapenko FOR Hill,,
0029600015,67,2,1,1,2:21 PM,3:26,MISS Cheaney 16' Jump Shot,,,,
0029600015,68,4,0,1,2:21 PM,3:25,Cheaney REBOUND (Off:1 Def:0),,,,
0029600015,69,1,5,1,2:21 PM,3:23,Cheaney  Layup (4 PTS),,,12 - 12,TIE
0029600015,70,1,1,1,2:21 PM,3:05,,,Mills 15' Jump Shot (4 PTS) (Brandon 2 AST),14 - 12,-2
0029600015,71,6,2,1,2:21 PM,2:54,,,Mills S.FOUL (P1.T4),,
0029600015,72,9,1,1,2:21 PM,2:54,,,Cavaliers Timeout: Regular (Reg.1 Short 0),,
0029600015,73,8,0,1,2:23 PM,2:54,SUB: Jackson FOR Cheaney,,,,
0029600015,74,3,11,1,2:23 PM,2:54,Grant Free Throw 1 of 2 (1 PTS),,,14 - 13,-1
0029600015,75,3,12,1,2:23 PM,2:54,Grant Free Throw 2 of 2 (2 PTS),,,14 - 14,TIE
0029600015,76,2,1,1,2:24 PM,2:42,,,MISS Ferry 17' Jump Shot,,
0029600015,77,4,0,1,2:24 PM,2:40,,,Mills REBOUND (Off:1 Def:0),,
0029600015,78,1,5,1,2:24 PM,2:36,,,Mills  Layup (6 PTS),16 - 14,-2
0029600015,79,6,2,1,2:24 PM,2:24,,,Potapenko S.FOUL (P1.PN),,
0029600015,80,3,11,1,2:25 PM,2:24,MISS Strickland Free Throw 1 of 2,,,,
0029600015,81,4,0,1,2:25 PM,2:24,BULLETS Rebound,,,,
0029600015,82,8,0,1,2:25 PM,2:24,SUB: Murray FOR Grant,,,,
0029600015,83,3,12,1,2:25 PM,2:24,Strickland Free Throw 2 of 2 (1 PTS),,,16 - 15,-1
0029600015,84,1,1,1,2:25 PM,2:10,,,Ferry 17' Jump Shot (2 PTS) (Brandon 3 AST),18 - 15,-3
0029600015,85,2,1,1,2:25 PM,1:44,MISS Webber 12' Jump Shot,,,,
0029600015,86,4,0,1,2:26 PM,1:42,,,Mills REBOUND (Off:1 Def:1),,
0029600015,87,2,1,1,2:26 PM,1:32,,,MISS Brandon 24' 3PT Jump Shot,,
0029600015,88,4,0,1,2:26 PM,1:30,Wallace REBOUND (Off:0 Def:1),,,,
0029600015,89,1,9,1,2:26 PM,1:24,Strickland  Driving Dunk (3 PTS),,,18 - 17,-1
0029600015,90,6,2,1,2:26 PM,1:24,,,Brandon S.FOUL (P1.PN),,
0029600015,91,3,10,1,2:26 PM,1:24,Strickland Free Throw 1 of 1 (4 PTS),,,18 - 18,TIE
0029600015,92,2,1,1,2:27 PM,1:07,,,MISS Potapenko 9' Jump Shot,,
0029600015,93,4,0,1,2:27 PM,1:05,,,Ferry REBOUND (Off:1 Def:0),,
0029600015,94,2,5,1,2:27 PM,0:51,,,MISS Brandon  Layup,,
0029600015,95,4,0,1,2:27 PM,0:50,Jackson REBOUND (Off:0 Def:1),,,,
0029600015,96,5,2,1,2:27 PM,0:38,Webber Lost Ball Turnover (P2.T5),,Brandon STEAL (2 STL),,
0029600015,97,1,6,1,2:27 PM,0:33,,,Sura  Driving Layup (2 PTS),20 - 18,-2
0029600015,98,2,5,1,2:27 PM,0:17,MISS Murray  Layup,,Potapenko BLOCK (1 BLK),,
0029600015,99,4,0,1,2:28 PM,0:15,BULLETS Rebound,,,,
0029600015,100,2,5,1,2:28 PM,0:13,MISS Webber  Layup,,,,
0029600015,101,4,0,1,2:28 PM,0:11,,,Brandon REBOUND (Off:0 Def:1),,
0029600015,102,1,1,1,2:28 PM,0:00,,,Brandon 24' Jump Shot (8 PTS),22 - 18,-4
0029600015,103,13,0,1,2:28 PM,0:00,,,,22 - 18,-4
0029600015,104,12,0,2,2:30 PM,12:00,,,,22 - 18,-4
0029600015,105,1,5,2,2:32 PM,11:44,Jackson  Layup (2 PTS),,,22 - 20,-2
0029600015,106,5,2,2,2:32 PM,11:28,,,Ferry Lost Ball Turnover (P1.T4),,
0029600015,107,1,1,2,2:33 PM,11:16,Howard 8' Jump Shot (4 PTS),,,22 - 22,TIE
0029600015,108,2,5,2,2:33 PM,10:53,,,MISS Mills  Layup,,
0029600015,110,4,0,2,2:33 PM,10:52,,,Mills REBOUND (Off:2 Def:1),,
0029600015,109,6,3,2,2:33 PM,10:52,,,Mills L.B.FOUL (P2.T1),,
0029600015,111,5,5,2,2:33 PM,10:52,,,Mills Foul Turnover (P1.T5),,
0029600015,113,5,2,2,2:33 PM,10:43,Whitney Lost Ball Turnover (P1.T6),,Geary STEAL (1 STL),,
0029600015,114,1,5,2,2:33 PM,10:39,,,Sura  Layup (4 PTS) (Geary 1 AST),24 - 22,-2
0029600015,115,6,11,2,2:34 PM,10:36,,,,,
0029600015,116,3,16,2,2:34 PM,10:36,Whitney Free Throw Technical (1 PTS),,,24 - 23,-1
0029600015,117,8,0,2,2:34 PM,10:36,,,SUB: Thomas FOR Sura,,
0029600015,118,2,1,2,2:35 PM,10:19,MISS Jackson 11' Jump Shot,,,,
0029600015,119,4,0,2,2:35 PM,10:18,,,Mills REBOUND (Off:2 Def:2),,
0029600015,120,6,1,2,2:35 PM,10:07,Jackson P.FOUL (P1.T1),,,,
0029600015,121,6,1,2,2:35 PM,10:03,Jackson P.FOUL (P2.T2),,,,
0029600015,122,5,4,2,2:36 PM,9:51,,,Mills Traveling Turnover (P2.T6),,
0029600015,123,5,4,2,2:36 PM,9:40,Howard Traveling Turnover (P3.T7),,,,
0029600015,124,8,0,2,2:36 PM,9:40,,,SUB: Marshall FOR Mills,,
0029600015,125,2,1,2,2:36 PM,9:31,,,MISS Potapenko 8' Jump Shot,,
0029600015,126,4,0,2,2:36 PM,9:30,,,Ferry REBOUND (Off:2 Def:0),,
0029600015,127,1,1,2,2:37 PM,9:22,,,Thomas 15' Jump Shot (2 PTS),26 - 23,-3
0029600015,128,2,1,2,2:37 PM,9:03,MISS Murray 24' 3PT Jump Shot,,,,
0029600015,129,4,0,2,2:37 PM,9:01,,,Thomas REBOUND (Off:0 Def:1),,
0029600015,130,6,3,2,2:37 PM,9:01,Wallace L.B.FOUL (P1.T3),,,,
0029600015,131,2,1,2,2:38 PM,8:48,,,MISS Marshall 9' Jump Shot,,
0029600015,132,4,0,2,2:38 PM,8:46,,,Thomas REBOUND (Off:1 Def:1),,
0029600015,133,2,1,2,2:38 PM,8:30,,,MISS Thomas  3PT Jump Shot,,
0029600015,134,4,0,2,2:38 PM,8:28,Howard REBOUND (Off:0 Def:2),,,,
0029600015,135,6,1,2,2:38 PM,8:11,,,Ferry P.FOUL (P1.T2),,
0029600015,136,6,1,2,2:39 PM,8:11,,,Geary P.FOUL (P1.T3),,
0029600015,137,1,1,2,2:39 PM,8:05,Whitney 19' Jump Shot (3 PTS) (Howard 2 AST),,,26 - 25,-1
0029600015,138,2,5,2,2:39 PM,7:48,,,MISS Geary  Layup,,
0029600015,139,4,0,2,2:39 PM,7:47,,,Potapenko REBOUND (Off:1 Def:0),,
0029600015,140,1,3,2,2:39 PM,7:46,,,Potapenko 7' Hook Shot (2 PTS),28 - 25,-3
0029600015,141,1,5,2,2:40 PM,7:26,Wallace  Layup (2 PTS) (Howard 3 AST),,,28 - 27,-1
0029600015,142,2,1,2,2:40 PM,7:02,,,MISS Potapenko 5' Jump Shot,,
0029600015,143,4,0,2,2:40 PM,7:01,Jackson REBOUND (Off:0 Def:2),,,,
0029600015,144,2,1,2,2:40 PM,6:50,MISS Howard 11' Jump Shot,,,,
0029600015,145,4,0,2,2:40 PM,6:48,,,Geary REBOUND (Off:0 Def:1),,
0029600015,146,2,1,2,2:40 PM,6:42,,,MISS Ferry 25' 3PT Jump Shot,,
0029600015,147,4,0,2,2:40 PM,6:40,Murray REBOUND (Off:0 Def:1),,,,
0029600015,148,9,1,2,2:40 PM,6:37,BULLETS Timeout: Regular (Full 2 Short 0),,,,
0029600015,149,8,0,2,2:42 PM,6:37,SUB: Webber FOR Wallace,,,,
0029600015,150,6,1,2,2:43 PM,6:27,,,Potapenko P.FOUL (P2.T4),,
0029600015,152,8,0,2,2:43 PM,6:27,,,SUB: West FOR Potapenko,,
0029600015,153,6,2,2,2:43 PM,6:24,,,West S.FOUL (P2.PN),,
0029600015,154,3,11,2,2:44 PM,6:24,Jackson Free Throw 1 of 2 (3 PTS),,,28 - 28,TIE
0029600015,155,8,0,2,2:44 PM,6:24,SUB: Strickland FOR Whitney,,,,
0029600015,156,8,0,2,2:44 PM,6:24,,,SUB: Brandon FOR Geary,,
0029600015,157,3,12,2,2:44 PM,6:24,Jackson Free Throw 2 of 2 (4 PTS),,,28 - 29,1
0029600015,158,6,2,2,2:44 PM,6:04,Webber S.FOUL (P1.T4),,,,
0029600015,159,8,0,2,2:45 PM,6:04,SUB: Cheaney FOR Jackson,,,,
0029600015,160,3,11,2,2:45 PM,6:04,,,Ferry Free Throw 1 of 2 (3 PTS),29 - 29,TIE
0029600015,161,3,12,2,2:45 PM,6:04,,,Ferry Free Throw 2 of 2 (4 PTS),30 - 29,-1
0029600015,162,5,13,2,2:45 PM,5:51,Webber Backcourt Turnover (P3.T8),,,,
0029600015,163,6,2,2,2:46 PM,5:35,Webber S.FOUL (P2.PN),,,,
0029600015,164,3,11,2,2:46 PM,5:35,,,Ferry Free Throw 1 of 2 (5 PTS),31 - 29,-2
0029600015,165,3,12,2,2:46 PM,5:35,,,Ferry Free Throw 2 of 2 (6 PTS),32 - 29,-3
0029600015,166,1,7,2,2:47 PM,5:28,Murray  Dunk (2 PTS) (Webber 3 AST),,,32 - 31,-1
0029600015,167,1,1,2,2:47 PM,5:08,,,Brandon 11' Jump Shot (10 PTS),34 - 31,-3
0029600015,168,2,5,2,2:47 PM,4:52,MISS Murray  Layup,,,,
0029600015,169,4,0,2,2:47 PM,4:51,Howard REBOUND (Off:1 Def:2),,,,
0029600015,170,1,5,2,2:47 PM,4:51,Howard  Layup (6 PTS),,,34 - 33,-1
0029600015,171,2,1,2,2:48 PM,4:27,,,MISS West 7' Jump Shot,,
0029600015,172,4,0,2,2:48 PM,4:26,,,West REBOUND (Off:1 Def:1),,
0029600015,173,1,1,2,2:48 PM,4:21,,,Ferry 19' Jump Shot (8 PTS),36 - 33,-3
0029600015,174,6,2,2,2:48 PM,4:07,,,Ferry S.FOUL (P2.PN),,
0029600015,175,8,0,2,2:48 PM,4:07,SUB: Grant FOR Murray,,,,
0029600015,176,8,0,2,2:48 PM,4:07,,,SUB: Sura FOR Thomas,,
0029600015,177,8,0,2,2:48 PM,4:07,,,SUB: Hill FOR Marshall,,
0029600015,178,3,11,2,2:48 PM,4:07,Howard Free Throw 1 of 2 (7 PTS),,,36 - 34,-2
0029600015,179,3,12,2,2:48 PM,4:07,MISS Howard Free Throw 2 of 2,,,,
0029600015,180,4,0,2,2:49 PM,4:07,,,West REBOUND (Off:1 Def:2),,
0029600015,181,2,1,2,2:49 PM,4:07,,,MISS Brandon 24' 3PT Jump Shot,,
0029600015,182,4,0,2,2:49 PM,3:48,Webber REBOUND (Off:1 Def:2),,,,
0029600015,183,5,2,2,2:49 PM,3:44,Howard Lost Ball Turnover (P4.T9),,,,
0029600015,184,5,4,2,2:49 PM,3:28,,,Brandon Traveling Turnover (P1.T7),,
0029600015,185,1,1,2,2:50 PM,3:08,Howard 17' Jump Shot (9 PTS) (Grant 1 AST),,,36 - 36,TIE
0029600015,186,9,1,2,2:50 PM,3:01,,,Cavaliers Timeout: Regular (Reg.2 Short 0),,
0029600015,187,8,0,2,2:52 PM,3:01,,,SUB: Mills FOR Ferry,,
0029600015,188,6,1,2,2:53 PM,2:52,Grant P.FOUL (P2.PN),,,,
0029600015,189,3,11,2,2:53 PM,2:52,,,Hill Free Throw 1 of 2 (5 PTS),37 - 36,-1
0029600015,190,3,12,2,2:53 PM,2:52,,,MISS Hill Free Throw 2 of 2,,
0029600015,191,4,0,2,2:53 PM,2:52,Strickland REBOUND (Off:0 Def:4),,,,
0029600015,192,2,1,2,2:53 PM,2:36,MISS Howard 12' Jump Shot,,,,
0029600015,193,4,0,2,2:53 PM,2:35,,,Hill REBOUND (Off:1 Def:4),,
0029600015,194,2,1,2,2:54 PM,2:13,,,MISS Mills 7' Jump Shot,,
0029600015,195,4,0,2,2:54 PM,2:12,Grant REBOUND (Off:2 Def:2),,,,
0029600015,196,6,4,2,2:54 PM,2:08,Webber OFF.Foul (P3),,,,
0029600015,197,5,5,2,2:54 PM,2:08,Webber Foul Turnover (P4.T10),,,,
0029600015,198,5,4,2,2:54 PM,1:49,,,West Traveling Turnover (P1.T8),,
0029600015,199,8,0,2,2:54 PM,1:49,SUB: Wallace FOR Webber,,,,
0029600015,200,1,5,2,2:55 PM,1:38,Howard  Layup (11 PTS) (Strickland 2 AST),,,37 - 38,1
0029600015,201,6,2,2,2:55 PM,1:38,,,West S.FOUL (P3.PN),,
0029600015,213,8,0,2,2:55 PM,1:38,,,SUB: Ferry FOR West,,
0029600015,202,3,10,2,2:55 PM,1:38,Howard Free Throw 1 of 1 (12 PTS),,,37 - 39,2
0029600015,221,1,1,2,2:56 PM,1:11,,,Brandon 19' Jump Shot (12 PTS),39 - 39,TIE
0029600015,204,5,1,2,2:56 PM,1:11,Strickland Bad Pass Turnover (P2.T11),,Ferry STEAL (1 STL),,
0029600015,205,5,2,2,2:56 PM,1:05,Cheaney STEAL (1 STL),,Mills Lost Ball Turnover (P3.T9),,
0029600015,206,6,1,2,2:56 PM,1:02,,,Sura P.FOUL (P1.PN),,
0029600015,207,3,11,2,2:56 PM,1:02,Strickland Free Throw 1 of 2 (5 PTS),,,39 - 40,1
0029600015,208,3,12,2,2:57 PM,1:02,MISS Strickland Free Throw 2 of 2,,,,
0029600015,209,4,0,2,2:57 PM,1:02,,,Hill REBOUND (Off:1 Def:5),,
0029600015,210,5,1,2,2:57 PM,0:48,Strickland STEAL (1 STL),,Mills Bad Pass Turnover (P4.T10),,
0029600015,211,1,6,2,2:57 PM,0:44,Strickland  Driving Layup (7 PTS),,,39 - 42,3
0029600015,212,1,1,2,2:58 PM,0:27,,,Brandon 25' 3PT Jump Shot (15 PTS),42 - 42,TIE
0029600015,214,2,1,2,2:58 PM,0:06,MISS Grant 17' Jump Shot,,,,
0029600015,215,4,0,2,2:58 PM,0:04,Strickland REBOUND (Off:1 Def:4),,,,
0029600015,216,2,1,2,2:58 PM,0:03,MISS Strickland 16' Jump Shot,,,,
0029600015,217,4,0,2,2:58 PM,0:01,,,Mills REBOUND (Off:2 Def:3),,
0029600015,218,2,1,2,2:58 PM,0:00,,,MISS Brandon 44' 3PT Jump Shot,,
0029600015,219,4,0,2,2:58 PM,0:00,,,Cavaliers Rebound,,
0029600015,220,13,0,2,2:58 PM,0:00,,,,42 - 42,TIE
0029600015,222,12,0,3,3:15 PM,12:00,,,,42 - 42,TIE
0029600015,223,1,3,3,3:15 PM,11:42,Webber 5' Hook Shot (8 PTS) (Howard 4 AST),,,42 - 44,2
0029600015,224,6,4,3,3:16 PM,11:30,,,Hill OFF.Foul (P3),,
0029600015,225,5,5,3,3:16 PM,11:30,,,Hill Foul Turnover (P2.T11),,
0029600015,226,1,8,3,3:16 PM,11:22,Webber  Slam Dunk (10 PTS) (Strickland 3 AST),,,42 - 46,4
0029600015,227,6,2,3,3:17 PM,10:56,Cheaney S.FOUL (P1.T1),,,,
0029600015,228,3,11,3,3:17 PM,10:56,,,Hill Free Throw 1 of 2 (6 PTS),43 - 46,3
0029600015,229,3,12,3,3:17 PM,10:56,,,MISS Hill Free Throw 2 of 2,,
0029600015,230,4,0,3,3:17 PM,10:56,Cheaney REBOUND (Off:1 Def:1),,,,
0029600015,231,6,1,3,3:18 PM,10:44,,,Sura P.FOUL (P2.T1),,
0029600015,232,7,2,3,3:18 PM,10:31,,,Cavaliers Violation: Def. Goaltending Violation,,
0029600015,233,1,1,3,3:19 PM,10:19,Howard 10' Jump Shot (14 PTS),,,43 - 48,5
0029600015,234,2,1,3,3:19 PM,9:56,,,MISS Mills 25' 3PT Jump Shot,,
0029600015,235,4,0,3,3:19 PM,9:54,,,Hill REBOUND (Off:2 Def:5),,
0029600015,236,2,5,3,3:19 PM,9:44,Webber BLOCK (1 BLK),,MISS Sura  Layup,,
0029600015,237,4,0,3,3:19 PM,9:43,Webber REBOUND (Off:1 Def:3),,,,
0029600015,238,1,6,3,3:19 PM,9:39,Howard  Driving Layup (16 PTS) (Webber 4 AST),,,43 - 50,7
0029600015,239,6,2,3,3:19 PM,9:39,,,Hill S.FOUL (P4.T2),,
0029600015,257,9,1,3,3:20 PM,9:39,,,Cavaliers Timeout: Regular (Reg.3 Short 0),,
0029600015,270,8,0,3,3:20 PM,9:39,,,SUB: Ferry FOR Hill,,
0029600015,240,3,10,3,3:20 PM,9:39,MISS Howard Free Throw 1 of 1,,,,
0029600015,241,4,1,3,3:20 PM,9:39,,,Mills REBOUND (Off:2 Def:4),,
0029600015,244,2,1,3,3:23 PM,9:23,,,MISS Brandon 18' Jump Shot,,
0029600015,245,4,0,3,3:23 PM,9:21,Grant REBOUND (Off:2 Def:3),,,,
0029600015,246,1,2,3,3:23 PM,9:17,Strickland 8' Running Jump Shot (9 PTS),,,43 - 52,9
0029600015,247,6,2,3,3:23 PM,9:17,,,Brandon S.FOUL (P2.T3),,
0029600015,248,3,10,3,3:23 PM,9:17,Strickland Free Throw 1 of 1 (10 PTS),,,43 - 53,10
0029600015,249,6,1,3,3:23 PM,9:07,Cheaney P.FOUL (P2.T2),,,,
0029600015,250,8,0,3,3:23 PM,9:07,,,SUB: Potapenko FOR West,,
0029600015,252,1,1,3,3:24 PM,8:55,,,Sura 26' 3PT Jump Shot (7 PTS) (Brandon 4 AST),46 - 53,7
0029600015,253,5,2,3,3:24 PM,8:34,Cheaney Lost Ball Turnover (P1.T12),,Mills STEAL (1 STL),,
0029600015,255,2,5,3,3:24 PM,8:29,Grant BLOCK (2 BLK),,MISS Brandon  Layup,,
0029600015,256,4,0,3,3:24 PM,8:28,,,Sura REBOUND (Off:1 Def:1),,
0029600015,258,2,1,3,3:24 PM,8:21,,,MISS Brandon 14' Jump Shot,,
0029600015,259,4,0,3,3:24 PM,8:19,Grant REBOUND (Off:2 Def:4),,,,
0029600015,260,1,6,3,3:25 PM,8:12,Strickland  Driving Layup (12 PTS),,,46 - 55,9
0029600015,261,6,2,3,3:25 PM,8:12,,,Potapenko S.FOUL (P3.T4),,
0029600015,262,3,10,3,3:25 PM,8:12,Strickland Free Throw 1 of 1 (13 PTS),,,46 - 56,10
0029600015,263,2,1,3,3:25 PM,7:54,,,MISS Brandon 19' Jump Shot,,
0029600015,264,4,0,3,3:25 PM,7:51,Howard REBOUND (Off:1 Def:3),,,,
0029600015,265,5,1,3,3:26 PM,7:39,Webber Bad Pass Turnover (P5.T13),,Sura STEAL (1 STL),,
0029600015,266,2,5,3,3:26 PM,7:33,,,MISS Brandon  Layup,,
0029600015,267,4,0,3,3:26 PM,7:30,,,Mills REBOUND (Off:3 Def:4),,
0029600015,268,1,6,3,3:26 PM,7:17,,,Sura  Driving Layup (9 PTS),48 - 56,8
0029600015,269,5,4,3,3:26 PM,6:56,Strickland Traveling Turnover (P3.T14),,,,
0029600015,271,1,1,3,3:27 PM,6:40,,,Mills 17' Jump Shot (8 PTS) (Brandon 5 AST),50 - 56,6
0029600015,272,2,5,3,3:27 PM,6:24,MISS Webber  Layup,,,,
0029600015,273,4,0,3,3:27 PM,6:23,,,Mills REBOUND (Off:3 Def:5),,
0029600015,274,5,4,3,3:27 PM,6:16,,,Mills Traveling Turnover (P5.T12),,
0029600015,275,1,8,3,3:28 PM,5:58,Cheaney  Slam Dunk (6 PTS) (Strickland 4 AST),,,50 - 58,8
0029600015,276,5,4,3,3:28 PM,5:40,,,Sura Traveling Turnover (P3.T13),,
0029600015,277,1,8,3,3:28 PM,5:22,Cheaney  Slam Dunk (8 PTS) (Webber 5 AST),,,50 - 60,10
0029600015,278,6,1,3,3:29 PM,5:04,Grant P.FOUL (P3.T3),,,,
0029600015,279,8,0,3,3:29 PM,5:04,SUB: Whitney FOR Strickland,,,,
0029600015,280,2,1,3,3:29 PM,4:54,,,MISS Brandon 17' Jump Shot,,
0029600015,281,4,0,3,3:29 PM,4:52,,,Ferry REBOUND (Off:3 Def:0),,
0029600015,282,1,3,3,3:29 PM,4:50,,,Ferry 11' Hook Shot (10 PTS),52 - 60,8
0029600015,283,1,1,3,3:30 PM,4:34,Grant 19' Jump Shot (4 PTS) (Whitney 1 AST),,,52 - 62,10
0029600015,284,2,1,3,3:30 PM,4:11,,,MISS Brandon 6' Jump Shot,,
0029600015,285,4,0,3,3:30 PM,4:10,BULLETS Rebound,,,,
0029600015,286,6,3,3,3:30 PM,4:10,,,Potapenko L.B.FOUL (P4.PN),,
0029600015,287,3,11,3,3:31 PM,4:10,MISS Howard Free Throw 1 of 2,,,,
0029600015,288,4,0,3,3:31 PM,4:10,BULLETS Rebound,,,,
0029600015,289,8,0,3,3:31 PM,4:10,,,SUB: Geary FOR Brandon,,
0029600015,290,3,12,3,3:31 PM,4:10,MISS Howard Free Throw 2 of 2,,,,
0029600015,291,4,0,3,3:31 PM,4:10,,,Mills REBOUND (Off:3 Def:6),,
0029600015,292,2,1,3,3:32 PM,3:46,,,MISS Potapenko 13' Jump Shot,,
0029600015,293,4,0,3,3:32 PM,3:45,Webber REBOUND (Off:1 Def:4),,,,
0029600015,294,2,5,3,3:32 PM,3:32,MISS Webber  Layup,,,,
0029600015,295,4,0,3,3:32 PM,3:31,,,Cavaliers Rebound,,
0029600015,296,6,2,3,3:33 PM,3:19,Webber S.FOUL (P4.T4),,,,
0029600015,297,3,11,3,3:33 PM,3:19,,,Potapenko Free Throw 1 of 2 (3 PTS),53 - 62,9
0029600015,298,8,0,3,3:33 PM,3:19,SUB: Wallace FOR Webber,,,,
0029600015,299,3,12,3,3:33 PM,3:19,,,MISS Potapenko Free Throw 2 of 2,,
0029600015,300,4,0,3,3:34 PM,3:19,Wallace REBOUND (Off:0 Def:2),,,,
0029600015,301,6,2,3,3:34 PM,3:09,,,Geary S.FOUL (P2.PN),,
0029600015,302,3,11,3,3:34 PM,3:09,Whitney Free Throw 1 of 2 (4 PTS),,,53 - 63,10
0029600015,303,3,12,3,3:34 PM,3:09,Whitney Free Throw 2 of 2 (5 PTS),,,53 - 64,11
0029600015,304,1,3,3,3:35 PM,2:53,,,Potapenko 3' Hook Shot (5 PTS),55 - 64,9
0029600015,305,1,1,3,3:35 PM,2:39,Whitney 26' 3PT Jump Shot (8 PTS),,,55 - 67,12
0029600015,306,6,1,3,3:35 PM,2:20,Wallace P.FOUL (P2.PN),,,,
0029600015,307,9,1,3,3:36 PM,2:20,BULLETS Timeout: Regular (Full 3 Short 0),,,,
0029600015,308,8,0,3,3:36 PM,2:20,,,SUB: Thomas FOR Sura,,
0029600015,309,8,0,3,3:37 PM,2:20,SUB: Jackson FOR Cheaney,,,,
0029600015,310,8,0,3,3:38 PM,2:20,,,SUB: Marshall FOR Mills,,
0029600015,311,3,11,3,3:38 PM,2:20,,,Potapenko Free Throw 1 of 2 (6 PTS),56 - 67,11
0029600015,312,3,12,3,3:38 PM,2:20,,,Potapenko Free Throw 2 of 2 (7 PTS),57 - 67,10
0029600015,313,2,1,3,3:38 PM,2:06,MISS Grant 12' Jump Shot,,,,
0029600015,314,4,0,3,3:38 PM,2:04,,,Potapenko REBOUND (Off:1 Def:1),,
0029600015,315,6,1,3,3:39 PM,1:58,Wallace P.FOUL (P3.PN),,,,
0029600015,316,3,11,3,3:39 PM,1:58,,,Potapenko Free Throw 1 of 2 (8 PTS),58 - 67,9
0029600015,317,3,12,3,3:39 PM,1:58,,,Potapenko Free Throw 2 of 2 (9 PTS),59 - 67,8
0029600015,318,1,1,3,3:39 PM,1:38,Jackson 14' Jump Shot (6 PTS),,,59 - 69,10
0029600015,319,1,5,3,3:40 PM,1:17,,,Potapenko  Layup (11 PTS),61 - 69,8
0029600015,320,6,2,3,3:40 PM,1:17,Wallace S.FOUL (P4.PN),,,,
0029600015,321,8,0,3,3:40 PM,1:17,SUB: Murray FOR Grant,,,,
0029600015,322,3,10,3,3:40 PM,1:17,,,Potapenko Free Throw 1 of 1 (12 PTS),62 - 69,7
0029600015,323,6,1,3,3:41 PM,1:09,,,Geary P.FOUL (P3.PN),,
0029600015,324,3,11,3,3:41 PM,1:09,Whitney Free Throw 1 of 2 (9 PTS),,,62 - 70,8
0029600015,325,8,0,3,3:41 PM,1:09,SUB: Fish FOR Wallace,,,,
0029600015,326,3,12,3,3:41 PM,1:09,Whitney Free Throw 2 of 2 (10 PTS),,,62 - 71,9
0029600015,327,6,1,3,3:42 PM,0:56,Fish P.FOUL (P1.PN),,,,
0029600015,328,3,11,3,3:42 PM,0:56,,,Potapenko Free Throw 1 of 2 (13 PTS),63 - 71,8
0029600015,329,3,12,3,3:42 PM,0:56,,,Potapenko Free Throw 2 of 2 (14 PTS),64 - 71,7
0029600015,330,2,1,3,3:42 PM,0:43,MISS Howard 14' Jump Shot,,,,
0029600015,331,4,0,3,3:42 PM,0:41,Fish REBOUND (Off:1 Def:0),,,,
0029600015,332,1,5,3,3:42 PM,0:39,Fish  Layup (2 PTS),,,64 - 73,9
0029600015,333,2,5,3,3:43 PM,0:19,,,MISS Geary  Layup,,
0029600015,334,4,0,3,3:43 PM,0:18,Fish REBOUND (Off:1 Def:1),,,,
0029600015,335,5,1,3,3:43 PM,0:17,Fish Bad Pass Turnover (P1.T15),,Ferry STEAL (2 STL),,
0029600015,336,2,1,3,3:43 PM,0:00,,,MISS Geary 15' Jump Shot,,
0029600015,337,4,0,3,3:43 PM,0:00,,,Potapenko REBOUND (Off:2 Def:1),,
0029600015,338,1,5,3,3:43 PM,0:00,,,Potapenko  Layup (16 PTS),66 - 73,7
0029600015,339,13,0,3,3:43 PM,0:00,,,,66 - 73,7
0029600015,340,12,0,4,3:46 PM,12:00,,,,66 - 73,7
0029600015,341,6,4,4,3:47 PM,11:48,,,Thomas OFF.Foul (P1),,
0029600015,342,5,5,4,3:47 PM,11:48,,,Thomas Foul Turnover (P1.T14),,
0029600015,343,6,2,4,3:48 PM,11:28,,,Potapenko S.FOUL (P5.T1),,
0029600015,344,3,11,4,3:48 PM,11:28,MISS Webber Free Throw 1 of 2,,,,
0029600015,345,4,0,4,3:48 PM,11:28,BULLETS Rebound,,,,
0029600015,346,3,12,4,3:48 PM,11:28,Webber Free Throw 2 of 2 (11 PTS),,,66 - 74,8
0029600015,347,1,1,4,3:48 PM,11:12,,,Potapenko 11' Jump Shot (18 PTS),68 - 74,6
0029600015,350,2,1,4,3:49 PM,10:48,MISS Murray 25' 3PT Jump Shot,,,,
0029600015,348,4,0,4,3:49 PM,10:48,,,Ferry REBOUND (Off:3 Def:1),,
0029600015,349,6,1,4,3:49 PM,10:34,Webber P.FOUL (P5.T1),,,,
0029600015,351,2,1,4,3:50 PM,10:21,,,MISS Ferry 19' Jump Shot,,
0029600015,352,4,0,4,3:50 PM,10:19,Murray REBOUND (Off:0 Def:2),,,,
0029600015,353,1,5,4,3:50 PM,10:10,Webber  Layup (13 PTS),,,68 - 76,8
0029600015,354,6,2,4,3:50 PM,10:10,,,Ferry S.FOUL (P3.T2),,
0029600015,355,3,10,4,3:50 PM,10:10,MISS Webber Free Throw 1 of 1,,,,
0029600015,356,4,0,4,3:50 PM,10:10,,,Thomas REBOUND (Off:1 Def:2),,
0029600015,357,1,1,4,3:51 PM,9:51,,,Potapenko 10' Jump Shot (20 PTS),70 - 76,6
0029600015,358,2,1,4,3:51 PM,9:36,MISS Whitney 24' 3PT Jump Shot,,,,
0029600015,359,4,0,4,3:51 PM,9:34,,,Marshall REBOUND (Off:0 Def:1),,
0029600015,360,8,0,4,3:51 PM,9:17,SUB: Strickland FOR Whitney,,,,
0029600015,361,8,0,4,3:51 PM,9:17,,,SUB: Hill FOR Potapenko,,
0029600015,362,2,5,4,3:52 PM,9:11,Grant BLOCK (3 BLK),,MISS Hill  Layup,,
0029600015,363,4,0,4,3:52 PM,9:11,,,Marshall REBOUND (Off:1 Def:1),,
0029600015,364,5,11,4,3:52 PM,9:10,,,Cavaliers Turnover: Shot Clock (T#15),,
0029600015,365,2,1,4,3:52 PM,8:52,MISS Jackson 24' 3PT Jump Shot,,,,
0029600015,366,4,0,4,3:52 PM,8:50,Webber REBOUND (Off:2 Def:4),,,,
0029600015,367,6,2,4,3:52 PM,8:46,,,Geary S.FOUL (P4.T3),,
0029600015,368,3,11,4,3:52 PM,8:46,MISS Jackson Free Throw 1 of 2,,,,
0029600015,369,4,0,4,3:52 PM,8:46,BULLETS Rebound,,,,
0029600015,379,8,0,4,3:53 PM,8:46,,,SUB: Brandon FOR Geary,,
0029600015,370,3,12,4,3:53 PM,8:46,MISS Jackson Free Throw 2 of 2,,,,
0029600015,374,4,0,4,3:53 PM,8:46,,,Hill REBOUND (Off:2 Def:6),,
0029600015,373,1,6,4,3:53 PM,8:30,,,Brandon  Driving Layup (17 PTS),72 - 76,4
0029600015,375,2,1,4,3:54 PM,8:12,MISS Murray 14' Jump Shot,,,,
0029600015,376,4,0,4,3:54 PM,8:10,,,Ferry REBOUND (Off:3 Def:2),,
0029600015,377,8,0,4,3:54 PM,7:53,SUB: Howard FOR Webber,,,,
0029600015,378,8,0,4,3:54 PM,7:53,,,SUB: Potapenko FOR Ferry,,
0029600015,380,1,1,4,3:55 PM,7:46,,,Brandon 19' Jump Shot (19 PTS),74 - 76,2
0029600015,381,2,1,4,3:55 PM,7:36,MISS Strickland 14' Jump Shot,,Brandon BLOCK (1 BLK),,
0029600015,382,4,0,4,3:55 PM,7:34,,,Marshall REBOUND (Off:1 Def:2),,
0029600015,383,2,1,4,3:55 PM,7:13,,,MISS Potapenko 17' Jump Shot,,
0029600015,384,4,0,4,3:55 PM,7:12,,,Hill REBOUND (Off:3 Def:6),,
0029600015,385,2,5,4,3:55 PM,7:06,,,MISS Marshall  Layup,,
0029600015,386,4,0,4,3:55 PM,7:05,,,Hill REBOUND (Off:4 Def:6),,
0029600015,387,1,5,4,3:55 PM,7:05,,,Hill  Layup (8 PTS),76 - 76,TIE
0029600015,388,9,1,4,3:55 PM,7:03,BULLETS Timeout: Regular (Full 4 Short 0),,,,
0029600015,389,8,0,4,3:55 PM,7:03,SUB: Cheaney FOR Jackson,,,,
0029600015,390,8,0,4,3:57 PM,7:03,SUB: Webber FOR Grant,,,,
0029600015,391,2,1,4,3:57 PM,6:49,MISS Webber 14' Jump Shot,,,,
0029600015,392,4,0,4,3:57 PM,6:48,,,Hill REBOUND (Off:4 Def:7),,
0029600015,393,2,1,4,3:58 PM,6:27,,,MISS Thomas 24' 3PT Jump Shot,,
0029600015,394,4,0,4,3:58 PM,6:25,,,Hill REBOUND (Off:5 Def:7),,
0029600015,395,5,4,4,3:58 PM,6:23,,,Hill Traveling Turnover (P3.T16),,
0029600015,396,1,5,4,3:58 PM,6:14,Howard  Layup (18 PTS) (Strickland 5 AST),,,76 - 78,2
0029600015,397,2,1,4,3:59 PM,5:58,,,MISS Brandon 25' 3PT Jump Shot,,
0029600015,398,4,0,4,3:59 PM,5:56,Howard REBOUND (Off:1 Def:4),,,,
0029600015,399,2,5,4,3:59 PM,5:52,MISS Cheaney  Layup,,,,
0029600015,400,4,0,4,3:59 PM,5:51,,,Cavaliers Rebound,,
0029600015,401,6,3,4,3:59 PM,5:51,Strickland L.B.FOUL (P1.T2),,,,
0029600015,402,8,0,4,3:59 PM,5:51,,,SUB: Sura FOR Thomas,,
0029600015,403,1,5,4,4:00 PM,5:36,,,Hill  Layup (10 PTS) (Brandon 6 AST),78 - 78,TIE
0029600015,404,2,5,4,4:00 PM,5:18,MISS Murray  Layup,,,,
0029600015,405,4,0,4,4:00 PM,5:17,Howard REBOUND (Off:2 Def:4),,,,
0029600015,406,2,5,4,4:00 PM,5:16,MISS Howard  Layup,,,,
0029600015,407,4,0,4,4:00 PM,5:15,,,Potapenko REBOUND (Off:2 Def:2),,
0029600015,408,2,1,4,4:01 PM,4:59,,,MISS Marshall 24' 3PT Jump Shot,,
0029600015,409,4,0,4,4:01 PM,4:58,BULLETS Rebound,,,,
0029600015,410,2,5,4,4:01 PM,4:37,MISS Webber  Layup,,,,
0029600015,411,4,0,4,4:01 PM,4:34,Cheaney REBOUND (Off:2 Def:1),,,,
0029600015,412,1,5,4,4:01 PM,4:32,Cheaney  Layup (10 PTS),,,78 - 80,2
0029600015,414,9,1,4,4:02 PM,4:32,BULLETS Timeout: Regular (Full 5 Short 0),,,,
0029600015,416,8,0,4,4:03 PM,4:32,SUB: Grant FOR Murray,,,,
0029600015,417,8,0,4,4:03 PM,4:32,,,SUB: Mills FOR Marshall,,
0029600015,418,1,3,4,4:05 PM,4:18,,,Potapenko 9' Hook Shot (22 PTS),80 - 80,TIE
0029600015,419,2,1,4,4:05 PM,3:53,MISS Howard 10' Jump Shot,,,,
0029600015,420,4,0,4,4:05 PM,3:51,,,Sura REBOUND (Off:1 Def:2),,
0029600015,421,5,1,4,4:05 PM,3:36,Howard STEAL (1 STL),,Sura Bad Pass Turnover (P4.T17),,
0029600015,422,6,2,4,4:06 PM,3:34,,,Mills S.FOUL (P3.T4),,
0029600015,423,3,11,4,4:06 PM,3:34,MISS Strickland Free Throw 1 of 2,,,,
0029600015,424,4,0,4,4:06 PM,3:34,BULLETS Rebound,,,,
0029600015,425,3,12,4,4:06 PM,3:34,MISS Strickland Free Throw 2 of 2,,,,
0029600015,426,4,0,4,4:06 PM,3:34,,,Hill REBOUND (Off:5 Def:8),,
0029600015,427,2,5,4,4:07 PM,3:08,Grant BLOCK (4 BLK),,MISS Mills  Layup,,
0029600015,428,4,0,4,4:07 PM,3:06,Strickland REBOUND (Off:1 Def:5),,,,
0029600015,429,6,3,4,4:07 PM,3:05,,,Mills L.B.FOUL (P4.PN),,
0029600015,430,3,11,4,4:07 PM,3:05,MISS Strickland Free Throw 1 of 2,,,,
0029600015,431,4,0,4,4:07 PM,3:05,BULLETS Rebound,,,,
0029600015,432,3,12,4,4:07 PM,3:05,MISS Strickland Free Throw 2 of 2,,,,
0029600015,433,4,0,4,4:07 PM,3:04,,,Hill REBOUND (Off:5 Def:9),,
0029600015,434,1,1,4,4:08 PM,2:53,,,Brandon 19' Jump Shot (21 PTS) (Sura 2 AST),82 - 80,-2
0029600015,435,1,1,4,4:08 PM,2:31,Cheaney 13' Jump Shot (12 PTS),,,82 - 82,TIE
0029600015,436,1,1,4,4:08 PM,2:14,,,Brandon 8' Jump Shot (23 PTS) (Sura 3 AST),84 - 82,-2
0029600015,437,2,1,4,4:09 PM,1:51,MISS Webber 13' Jump Shot,,,,
0029600015,438,4,0,4,4:09 PM,1:49,,,Sura REBOUND (Off:1 Def:3),,
0029600015,439,1,6,4,4:09 PM,1:33,,,Hill  Driving Layup (12 PTS) (Brandon 7 AST),86 - 82,-4
0029600015,440,6,2,4,4:09 PM,1:33,Howard S.FOUL (P2.T3),,,,
0029600015,441,3,10,4,4:09 PM,1:33,,,MISS Hill Free Throw 1 of 1,,
0029600015,442,4,0,4,4:10 PM,1:33,Webber REBOUND (Off:2 Def:5),,,,
0029600015,443,9,1,4,4:10 PM,1:32,BULLETS Timeout: Regular (Full 6 Short 0),,,,
0029600015,444,2,1,4,4:12 PM,1:24,MISS Strickland 15' Jump Shot,,,,
0029600015,445,4,0,4,4:12 PM,1:22,Webber REBOUND (Off:3 Def:5),,,,
0029600015,446,2,5,4,4:12 PM,1:19,MISS Webber  Layup,,,,
0029600015,447,4,0,4,4:12 PM,1:17,Howard REBOUND (Off:3 Def:4),,,,
0029600015,448,6,1,4,4:12 PM,1:16,,,Mills P.FOUL (P5.PN),,
0029600015,449,3,11,4,4:13 PM,1:16,Howard Free Throw 1 of 2 (19 PTS),,,86 - 83,-3
0029600015,450,3,12,4,4:13 PM,1:16,Howard Free Throw 2 of 2 (20 PTS),,,86 - 84,-2
0029600015,451,5,1,4,4:14 PM,0:54,,,Brandon Bad Pass Turnover (P2.T18),,
0029600015,452,2,5,4,4:14 PM,0:43,MISS Strickland  Layup,,,,
0029600015,453,4,0,4,4:14 PM,0:41,,,Potapenko REBOUND (Off:2 Def:3),,
0029600015,454,9,1,4,4:15 PM,0:35,,,Cavaliers Timeout: Regular (Reg.4 Short 0),,
0029600015,455,1,1,4,4:17 PM,0:23,,,Brandon 19' Jump Shot (25 PTS),88 - 84,-4
0029600015,456,2,1,4,4:17 PM,0:12,MISS Cheaney 18' Jump Shot,,,,
0029600015,457,4,0,4,4:17 PM,0:10,Howard REBOUND (Off:4 Def:4),,,,
0029600015,458,1,1,4,4:17 PM,0:07,Grant 25' 3PT Jump Shot (7 PTS) (Howard 5 AST),,,88 - 87,-1
0029600015,459,9,1,4,4:18 PM,0:07,,,Cavaliers Timeout: Regular (Reg.5 Short 0),,
0029600015,460,8,0,4,4:19 PM,0:07,,,SUB: Ferry FOR Hill,,
0029600015,461,9,2,4,4:20 PM,0:07,,,Cavaliers Timeout: Short (Reg.5 Short 1),,
0029600015,462,6,1,4,4:22 PM,0:04,Howard P.FOUL (P3.PN),,,,
0029600015,463,3,11,4,4:22 PM,0:04,,,Ferry Free Throw 1 of 2 (11 PTS),89 - 87,-2
0029600015,464,3,12,4,4:23 PM,0:04,,,Ferry Free Throw 2 of 2 (12 PTS),90 - 87,-3
0029600015,465,9,1,4,4:23 PM,0:04,BULLETS Timeout: Regular (Full 7 Short 0),,,,
0029600015,466,8,0,4,4:24 PM,0:04,SUB: Murray FOR Cheaney,,,,
0029600015,467,8,0,4,4:24 PM,0:04,SUB: Whitney FOR Strickland,,,,
0029600015,468,8,0,4,4:25 PM,0:04,SUB: Jackson FOR Grant,,,,
0029600015,469,1,1,4,4:25 PM,0:02,Whitney 24' 3PT Jump Shot (13 PTS) (Murray 1 AST),,,90 - 90,TIE
0029600015,470,9,1,4,4:26 PM,0:02,,,Cavaliers Timeout: Regular (Reg.6 Short 1),,
0029600015,471,8,0,4,4:27 PM,0:02,SUB: Grant FOR Murray,,,,
0029600015,472,8,0,4,4:27 PM,0:02,SUB: Cheaney FOR Jackson,,,,
0029600015,473,8,0,4,4:27 PM,0:02,SUB: Strickland FOR Whitney,,,,
0029600015,474,7,1,4,4:28 PM,0:02,BULLETS Violation: Delay of game Violation,,,,
0029600015,475,2,1,4,4:28 PM,0:02,,,MISS Brandon 25' 3PT Jump Shot,,
0029600015,476,4,0,4,4:28 PM,0:00,,,Cavaliers Rebound,,
0029600015,477,13,0,4,4:28 PM,0:00,,,,90 - 90,TIE
0029600015,478,12,0,5,4:30 PM,5:00,,,,90 - 90,TIE
0029600015,479,10,0,5,4:31 PM,5:00,Jump Ball Webber vs. Hill: Tip to Strickland,,,,
0029600015,480,2,1,5,4:31 PM,4:47,MISS Webber 5' Jump Shot,,,,
0029600015,481,4,0,5,4:31 PM,4:45,,,Cavaliers Rebound,,
0029600015,482,2,1,5,4:31 PM,4:27,Webber BLOCK (2 BLK),,MISS Sura 10' Jump Shot,,
0029600015,483,4,0,5,4:31 PM,4:24,Grant REBOUND (Off:2 Def:5),,,,
0029600015,484,2,1,5,4:32 PM,4:13,MISS Cheaney 19' Jump Shot,,,,
0029600015,485,4,0,5,4:32 PM,4:13,,,Cavaliers Rebound,,
0029600015,486,6,1,5,4:32 PM,4:13,Howard P.FOUL (P4.T1),,,,
0029600015,487,2,5,5,4:32 PM,4:03,Grant BLOCK (5 BLK),,MISS Potapenko  Layup,,
0029600015,488,4,0,5,4:32 PM,4:01,Grant REBOUND (Off:2 Def:6),,,,
0029600015,489,2,1,5,4:32 PM,3:43,MISS Cheaney 19' Jump Shot,,,,
0029600015,490,4,0,5,4:32 PM,3:41,,,Brandon REBOUND (Off:0 Def:2),,
0029600015,491,2,5,5,4:33 PM,3:25,,,MISS Potapenko  Layup,,
0029600015,492,4,0,5,4:33 PM,3:24,Howard REBOUND (Off:4 Def:5),,,,
0029600015,493,2,1,5,4:33 PM,3:02,MISS Strickland 26' 3PT Jump Shot,,,,
0029600015,494,4,0,5,4:33 PM,3:00,BULLETS Rebound,,,,
0029600015,495,6,1,5,4:33 PM,3:00,,,Hill P.FOUL (P5.T1),,
0029600015,496,2,1,5,4:33 PM,2:52,MISS Strickland 12' Jump Shot,,,,
0029600015,497,4,0,5,4:33 PM,2:50,,,Mills REBOUND (Off:3 Def:7),,
0029600015,498,1,1,5,4:34 PM,2:34,,,Brandon 14' Jump Shot (27 PTS) (Sura 4 AST),92 - 90,-2
0029600015,499,9,1,5,4:34 PM,2:34,BULLETS Timeout: Regular (Full 8 Short 0),,,,
0029600015,500,6,2,5,4:36 PM,2:17,,,Sura S.FOUL (P3.T2),,
0029600015,501,3,11,5,4:36 PM,2:17,Howard Free Throw 1 of 2 (21 PTS),,,92 - 91,-1
0029600015,502,3,12,5,4:36 PM,2:17,MISS Howard Free Throw 2 of 2,,,,
0029600015,503,4,0,5,4:37 PM,2:17,,,Cavaliers Rebound,,
0029600015,505,2,1,5,4:37 PM,2:03,,,MISS Brandon 15' Jump Shot,,
0029600015,506,4,0,5,4:37 PM,2:01,Cheaney REBOUND (Off:2 Def:2),,,,
0029600015,507,1,6,5,4:37 PM,1:58,Webber  Driving Layup (15 PTS) (Strickland 6 AST),,,92 - 93,1
0029600015,508,2,5,5,4:38 PM,1:38,Webber BLOCK (3 BLK),,MISS Hill  Layup,,
0029600015,509,4,0,5,4:38 PM,1:37,Webber REBOUND (Off:3 Def:6),,,,
0029600015,510,2,1,5,4:38 PM,1:19,MISS Strickland 6' Jump Shot,,,,
0029600015,511,4,0,5,4:38 PM,1:18,,,Hill REBOUND (Off:5 Def:10),,
0029600015,512,9,1,5,4:38 PM,1:12,,,Cavaliers Timeout: Regular (Reg.7 Short 1),,
0029600015,513,8,0,5,4:40 PM,1:11,,,SUB: Ferry FOR Hill,,
0029600015,514,1,1,5,4:41 PM,0:54,,,Mills 18' Jump Shot (10 PTS) (Sura 5 AST),94 - 93,-1
0029600015,515,2,1,5,4:41 PM,0:36,MISS Howard 11' Jump Shot,,,,
0029600015,516,4,0,5,4:41 PM,0:34,,,Ferry REBOUND (Off:3 Def:3),,
0029600015,517,6,2,5,4:41 PM,0:18,Strickland S.FOUL (P2.T2),,,,
0029600015,518,3,11,5,4:42 PM,0:18,,,Brandon Free Throw 1 of 2 (28 PTS),95 - 93,-2
0029600015,519,8,0,5,4:42 PM,0:18,,,SUB: Hill FOR Ferry,,
0029600015,520,3,12,5,4:42 PM,0:18,,,Brandon Free Throw 2 of 2 (29 PTS),96 - 93,-3
0029600015,521,9,1,5,4:42 PM,0:18,BULLETS Timeout: Regular (Full 9 Short 0),,,,
0029600015,522,9,2,5,4:45 PM,0:18,BULLETS Timeout: Short (Full 9 Short 1),,,,
0029600015,523,6,1,5,4:46 PM,0:14,,,Hill P.FOUL (P6.T3),,
0029600015,524,8,0,5,4:46 PM,0:14,,,SUB: Ferry FOR Hill,,
0029600015,525,1,6,5,4:47 PM,0:08,Strickland  Driving Layup (15 PTS),,,96 - 95,-1
0029600015,526,6,2,5,4:47 PM,0:08,,,Potapenko S.FOUL (P6.PN),,
0029600015,527,8,0,5,4:47 PM,0:08,,,SUB: West FOR Potapenko,,
0029600015,528,3,10,5,4:47 PM,0:08,Strickland Free Throw 1 of 1 (16 PTS),,,96 - 96,TIE
0029600015,529,9,1,5,4:48 PM,0:08,,,Cavaliers Timeout: Regular (Reg.8 Short 1),,
0029600015,530,8,0,5,4:50 PM,0:08,,,SUB: Marshall FOR West,,
0029600015,531,6,1,5,4:50 PM,0:01,Webber P.FOUL (P6.PN),,,,
0029600015,532,8,0,5,4:51 PM,0:01,SUB: Murray FOR Webber,,,,
0029600015,533,3,11,5,4:51 PM,0:01,,,Brandon Free Throw 1 of 2 (30 PTS),97 - 96,-1
0029600015,534,3,12,5,4:51 PM,0:01,,,Brandon Free Throw 2 of 2 (31 PTS),98 - 96,-2
0029600015,535,9,1,5,4:52 PM,0:01,BULLETS Timeout: Regular (Full 10 Short 1),,,,
0029600015,536,8,0,5,4:53 PM,0:01,SUB: Whitney FOR Strickland,,,,
0029600015,537,8,0,5,4:53 PM,0:01,SUB: Jackson FOR Cheaney,,,,
0029600015,538,8,0,5,4:54 PM,0:01,,,SUB: West FOR Marshall,,
0029600015,539,7,1,5,4:54 PM,0:01,,,Cavaliers Violation: Delay of game Violation,,
0029600015,540,2,1,5,4:54 PM,0:00,MISS Jackson 19' Jump Shot,,,,
0029600015,541,4,0,5,4:54 PM,0:00,BULLETS Rebound,,,,
0029600015,542,13,0,5,4:54 PM,0:00,,,,98 - 96,-2
