GAME_ID,EVENTNUM,EVENTMSGTYPE,EVENTMSGACTIONTYPE,PERIOD,WCTIMESTRING,PCTIMESTRING,HOMEDESCRIPTION,NEUTRALDESCRIPTION,VISITORDESCRIPTION,SCORE,SCOREMARGIN
0021000726,0,12,0,1,9:11 PM,12:00,,,,,
0021000726,1,10,0,1,9:11 PM,12:00,Jump Ball Nene vs. Aldridge: Tip to Przybilla,,,,
0021000726,2,2,1,1,9:12 PM,11:45,,,MISS Batum 17' Jump Shot,,
0021000726,3,4,0,1,9:12 PM,11:44,Afflalo REBOUND (Off:0 Def:1),,,,
0021000726,4,1,1,1,9:12 PM,11:27,Billups 18' Jump Shot (2 PTS),,,0 - 2,2
0021000726,5,1,1,1,9:13 PM,11:02,,,Matthews 25' 3PT Jump Shot (3 PTS) (Miller 1 AST),3 - 2,-1
0021000726,6,2,1,1,9:13 PM,10:37,MISS Afflalo 26' 3PT Jump Shot,,,,
0021000726,7,4,0,1,9:13 PM,10:36,,,Miller REBOUND (Off:0 Def:1),,
0021000726,9,2,1,1,9:13 PM,10:21,,,MISS Miller 18' Jump Shot,,
0021000726,10,4,0,1,9:14 PM,10:19,Martin REBOUND (Off:0 Def:1),,,,
0021000726,11,2,1,1,9:14 PM,10:10,MISS Martin 20' Jump Shot,,,,
0021000726,12,4,0,1,9:14 PM,10:08,,,Aldridge REBOUND (Off:0 Def:1),,
0021000726,13,2,1,1,9:14 PM,10:02,,,MISS Miller 18' Jump Shot,,
0021000726,14,4,0,1,9:14 PM,10:01,Nene REBOUND (Off:0 Def:1),,,,
0021000726,15,6,3,1,9:14 PM,10:01,,,Przybilla L.B.FOUL (P1.T1),,
0021000726,16,6,2,1,9:14 PM,9:45,,,Miller S.FOUL (P1.T2),,
0021000726,17,3,11,1,9:15 PM,9:45,MISS Afflalo Free Throw 1 of 2,,,,
0021000726,18,4,1,1,9:15 PM,9:45,NUGGETS Rebound,,,,
0021000726,19,3,12,1,9:15 PM,9:45,Afflalo Free Throw 2 of 2 (1 PTS),,,3 - 3,TIE
0021000726,21,5,1,1,9:15 PM,9:29,Nene STEAL (1 STL),,Miller Bad Pass Turnover (P1.T1),,
0021000726,22,5,8,1,9:16 PM,9:18,Nene 3 Second Violation Turnover (P1.T1),,,,
0021000726,23,2,86,1,9:16 PM,8:56,,,MISS Aldridge 16' Turnaround Fadeaway Shot,,
0021000726,24,4,0,1,9:16 PM,8:55,Martin REBOUND (Off:0 Def:2),,,,
0021000726,25,5,1,1,9:17 PM,8:46,Nene Bad Pass Turnover (P2.T2),,Matthews STEAL (1 STL),,
0021000726,26,6,1,1,9:17 PM,8:45,Billups P.FOUL (P1.T1),,,,
0021000726,27,2,1,1,9:17 PM,8:28,,,MISS Miller 18' Jump Shot,,
0021000726,29,4,0,1,9:17 PM,8:27,,,Aldridge REBOUND (Off:1 Def:1),,
0021000726,28,1,4,1,9:17 PM,8:27,,,Aldridge 1' Tip Shot (2 PTS),5 - 3,-2
0021000726,30,1,1,1,9:17 PM,8:10,Nene 19' Jump Shot (2 PTS),,,5 - 5,TIE
0021000726,32,1,1,1,9:18 PM,7:50,,,Matthews  3PT Jump Shot (6 PTS) (Batum 1 AST),8 - 5,-3
0021000726,33,1,83,1,9:18 PM,7:37,Martin 12' Fadeaway Bank Shot (2 PTS) (Nene 1 AST),,,8 - 7,-1
0021000726,34,2,1,1,9:18 PM,7:25,,,MISS Matthews 26' 3PT Jump Shot,,
0021000726,35,4,0,1,9:18 PM,7:24,Martin REBOUND (Off:0 Def:3),,,,
0021000726,36,1,1,1,9:18 PM,7:17,Billups 21' Jump Shot (4 PTS),,,8 - 9,1
0021000726,37,2,1,1,9:18 PM,7:01,,,MISS Miller 21' Jump Shot,,
0021000726,38,4,0,1,9:18 PM,7:00,Martin REBOUND (Off:0 Def:4),,,,
0021000726,39,5,1,1,9:19 PM,6:49,Billups Bad Pass Turnover (P1.T3),,Aldridge STEAL (1 STL),,
0021000726,40,2,1,1,9:19 PM,6:39,,,MISS Miller 15' Jump Shot,,
0021000726,41,4,0,1,9:19 PM,6:38,Martin REBOUND (Off:0 Def:5),,,,
0021000726,42,2,5,1,9:19 PM,6:30,MISS Afflalo 2' Layup,,,,
0021000726,43,4,0,1,9:19 PM,6:29,Nene REBOUND (Off:1 Def:1),,,,
0021000726,44,2,1,1,9:19 PM,6:26,MISS Nene 12' Jump Shot,,,,
0021000726,45,4,0,1,9:19 PM,6:25,Nene REBOUND (Off:2 Def:1),,,,
0021000726,46,6,2,1,9:19 PM,6:23,,,Przybilla S.FOUL (P2.T3),,
0021000726,47,3,11,1,9:20 PM,6:23,MISS Nene Free Throw 1 of 2,,,,
0021000726,48,4,1,1,9:20 PM,6:23,NUGGETS Rebound,,,,
0021000726,49,8,0,1,9:20 PM,6:23,,,SUB: Cunningham FOR Przybilla,,
0021000726,50,3,12,1,9:20 PM,6:23,Nene Free Throw 2 of 2 (3 PTS),,,8 - 10,2
0021000726,52,2,1,1,9:20 PM,6:09,,,MISS Batum 19' Jump Shot,,
0021000726,53,4,0,1,9:20 PM,6:08,Anthony REBOUND (Off:0 Def:1),,,,
0021000726,54,2,1,1,9:20 PM,5:56,MISS Billups 25' 3PT Jump Shot,,,,
0021000726,55,4,0,1,9:20 PM,5:55,,,Aldridge REBOUND (Off:1 Def:2),,
0021000726,56,1,43,1,9:21 PM,5:36,,,Aldridge 3' Alley Oop Layup (4 PTS) (Miller 2 AST),10 - 10,TIE
0021000726,57,2,5,1,9:21 PM,5:22,MISS Nene 2' Layup,,,,
0021000726,58,4,0,1,9:21 PM,5:21,,,Aldridge REBOUND (Off:1 Def:3),,
0021000726,59,1,1,1,9:21 PM,5:15,,,Matthews 24' 3PT Jump Shot (9 PTS) (Miller 3 AST),13 - 10,-3
0021000726,60,2,5,1,9:22 PM,4:47,MISS Anthony 3' Layup,,,,
0021000726,61,4,0,1,9:22 PM,4:46,,,Miller REBOUND (Off:0 Def:2),,
0021000726,62,5,40,1,9:22 PM,4:41,,,Cunningham Out of Bounds Lost Ball Turnover (P1.T2),,
0021000726,63,9,1,1,9:22 PM,4:41,NUGGETS Timeout: Regular (Full 1 Short 0),,,,
0021000726,67,1,1,1,9:25 PM,4:20,Anthony 23' Jump Shot (2 PTS),,,13 - 12,-1
0021000726,68,1,1,1,9:25 PM,3:58,,,Aldridge 20' Jump Shot (6 PTS) (Batum 2 AST),15 - 12,-3
0021000726,69,1,49,1,9:25 PM,3:47,Nene 1' Driving Dunk (5 PTS) (Anthony 1 AST),,,15 - 14,-1
0021000726,70,1,1,1,9:26 PM,3:24,,,Batum 27' 3PT Jump Shot (3 PTS) (Miller 4 AST),18 - 14,-4
0021000726,71,2,1,1,9:26 PM,3:05,MISS Anthony 18' Jump Shot,,,,
0021000726,72,4,0,1,9:26 PM,3:04,,,Cunningham REBOUND (Off:0 Def:1),,
0021000726,73,6,4,1,9:27 PM,2:48,,,Cunningham OFF.Foul (P1),,
0021000726,74,5,5,1,9:27 PM,2:48,,,Cunningham Foul Turnover (P2.T3),,
0021000726,75,9,1,1,9:27 PM,2:48,,,Trail Blazers Timeout: Regular (Reg.1 Short 0),,
0021000726,77,8,0,1,9:29 PM,2:48,,,SUB: Fernandez FOR Batum,,
0021000726,78,8,0,1,9:29 PM,2:48,SUB: Smith FOR Nene,,,,
0021000726,79,8,0,1,9:29 PM,2:48,SUB: Harrington FOR Afflalo,,,,
0021000726,80,1,48,1,9:30 PM,2:28,Martin 2' Dunk (4 PTS) (Billups 1 AST),,,18 - 16,-2
0021000726,81,1,1,1,9:30 PM,2:04,,,Cunningham 13' Jump Shot (2 PTS) (Matthews 1 AST),20 - 16,-4
0021000726,82,5,2,1,9:30 PM,1:46,Anthony Lost Ball Turnover (P1.T4),,Matthews STEAL (2 STL),,
0021000726,83,2,1,1,9:31 PM,1:34,,,MISS Fernandez 26' 3PT Jump Shot,,
0021000726,84,4,0,1,9:31 PM,1:33,NUGGETS Rebound,,,,
0021000726,86,8,0,1,9:31 PM,1:33,SUB: Andersen FOR Martin,,,,
0021000726,87,2,5,1,9:31 PM,1:18,MISS Anthony 1' Layup,,,,
0021000726,88,4,0,1,9:31 PM,1:17,Anthony REBOUND (Off:1 Def:1),,,,
0021000726,89,1,5,1,9:31 PM,1:14,Anthony 1' Layup (4 PTS),,,20 - 18,-2
0021000726,90,7,1,1,9:31 PM,1:13,NUGGETS Violation: Delay of game Violation,,,,
0021000726,91,6,2,1,9:32 PM,0:57,Anthony S.FOUL (P1.T2),,,,
0021000726,92,3,11,1,9:32 PM,0:57,,,Matthews Free Throw 1 of 2 (10 PTS),21 - 18,-3
0021000726,94,3,12,1,9:32 PM,0:57,,,Matthews Free Throw 2 of 2 (11 PTS),22 - 18,-4
0021000726,96,1,5,1,9:32 PM,0:44,Anthony 2' Layup (6 PTS),,,22 - 20,-2
0021000726,97,2,42,1,9:33 PM,0:26,,,MISS Fernandez 1' Driving Layup,,
0021000726,99,4,0,1,9:33 PM,0:25,,,Cunningham REBOUND (Off:1 Def:1),,
0021000726,98,2,4,1,9:33 PM,0:25,,,MISS Cunningham 1' Tip Shot,,
0021000726,100,4,0,1,9:33 PM,0:23,Harrington REBOUND (Off:0 Def:1),,,,
0021000726,101,1,44,1,9:33 PM,0:21,Smith 2' Reverse Layup (2 PTS) (Billups 2 AST),,,22 - 22,TIE
0021000726,102,6,17,1,9:33 PM,0:07,NUGGETS T.Foul (Def. 3 Sec Billups ),,,,
0021000726,103,3,16,1,9:33 PM,0:07,,,Miller Free Throw Technical (1 PTS),23 - 22,-1
0021000726,106,8,0,1,9:34 PM,0:07,,,SUB: Mills FOR Miller,,
0021000726,105,8,0,1,9:34 PM,0:07,,,SUB: Johnson FOR Aldridge,,
0021000726,107,2,5,1,9:34 PM,0:02,,,MISS Mills 2' Layup,,
0021000726,108,4,0,1,9:34 PM,0:01,Harrington REBOUND (Off:0 Def:2),,,,
0021000726,109,13,0,1,9:34 PM,0:00,,,,23 - 22,-1
0021000726,111,12,0,2,9:37 PM,12:00,,,,23 - 22,-1
0021000726,112,1,73,2,9:37 PM,11:46,Anthony 2' Driving Reverse Layup (8 PTS),,,23 - 24,1
0021000726,113,6,2,2,9:38 PM,11:24,Smith S.FOUL (P1.T1),,,,
0021000726,114,3,11,2,9:38 PM,11:24,,,MISS Fernandez Free Throw 1 of 2,,
0021000726,115,4,1,2,9:38 PM,11:24,,,Trail Blazers Rebound,,
0021000726,116,3,12,2,9:38 PM,11:24,,,Fernandez Free Throw 2 of 2 (1 PTS),24 - 24,TIE
0021000726,152,2,45,2,9:39 PM,11:05,MISS Anthony 16' Jump Shot,,Cunningham BLOCK (1 BLK),,
0021000726,118,4,2,2,9:39 PM,11:01,,,Johnson REBOUND (Off:0 Def:1),,
0021000726,119,6,2,2,9:39 PM,10:49,Harrington S.FOUL (P1.T2),,,,
0021000726,120,3,11,2,9:39 PM,10:49,,,MISS Johnson Free Throw 1 of 2,,
0021000726,121,4,1,2,9:39 PM,10:49,,,Trail Blazers Rebound,,
0021000726,122,3,12,2,9:39 PM,10:49,,,MISS Johnson Free Throw 2 of 2,,
0021000726,124,4,0,2,9:40 PM,10:47,Harrington REBOUND (Off:0 Def:3),,,,
0021000726,125,2,42,2,9:40 PM,10:41,MISS Lawson 1' Driving Layup,,Johnson BLOCK (1 BLK),,
0021000726,127,4,0,2,9:40 PM,10:40,Andersen REBOUND (Off:1 Def:0),,,,
0021000726,126,1,87,2,9:40 PM,10:39,Andersen 1' Putback Dunk (2 PTS),,,24 - 26,2
0021000726,128,2,1,2,9:40 PM,10:25,,,MISS Batum 19' Jump Shot,,
0021000726,129,4,0,2,9:40 PM,10:24,,,Cunningham REBOUND (Off:2 Def:1),,
0021000726,130,1,1,2,9:40 PM,10:19,,,Batum 24' 3PT Jump Shot (6 PTS) (Cunningham 1 AST),27 - 26,-1
0021000726,131,6,1,2,9:40 PM,10:14,,,Fernandez P.FOUL (P1.T1),,
0021000726,132,1,1,2,9:41 PM,10:05,Anthony 17' Jump Shot (10 PTS),,,27 - 28,1
0021000726,133,1,1,2,9:41 PM,9:49,,,Mills 26' 3PT Jump Shot (3 PTS) (Batum 3 AST),30 - 28,-2
0021000726,134,5,19,2,9:41 PM,9:42,Lawson Kicked Ball Violation Turnover (P1.T5),,,,
0021000726,135,2,1,2,9:41 PM,9:27,,,MISS Cunningham 19' Jump Shot,,
0021000726,136,4,0,2,9:41 PM,9:25,Lawson REBOUND (Off:0 Def:1),,,,
0021000726,137,5,1,2,9:42 PM,9:23,Lawson Bad Pass Turnover (P2.T6),,,,
0021000726,138,8,0,2,9:42 PM,9:23,SUB: Afflalo FOR Anthony,,,,
0021000726,139,2,1,2,9:42 PM,9:10,,,MISS Mills 17' Jump Shot,,
0021000726,140,4,0,2,9:42 PM,9:09,Harrington REBOUND (Off:0 Def:4),,,,
0021000726,141,1,1,2,9:42 PM,8:53,Harrington 27' 3PT Jump Shot (3 PTS) (Smith 1 AST),,,30 - 31,1
0021000726,142,2,1,2,9:43 PM,8:36,,,MISS Mills 17' Jump Shot,,
0021000726,143,4,0,2,9:43 PM,8:35,Lawson REBOUND (Off:0 Def:2),,,,
0021000726,144,1,42,2,9:43 PM,8:26,Harrington 2' Driving Layup (5 PTS),,,30 - 33,3
0021000726,145,1,7,2,9:43 PM,8:09,,,Johnson 1' Dunk (2 PTS) (Fernandez 1 AST),32 - 33,1
0021000726,146,2,63,2,9:43 PM,7:52,MISS Smith 18' Fadeaway Jumper,,,,
0021000726,147,4,0,2,9:43 PM,7:50,,,Johnson REBOUND (Off:0 Def:2),,
0021000726,148,5,1,2,9:43 PM,7:49,Smith STEAL (1 STL),,Johnson Bad Pass Turnover (P1.T4),,
0021000726,149,6,2,2,9:44 PM,7:47,,,Mills S.FOUL (P1.T2),,
0021000726,150,9,4,2,9:44 PM,7:47,,,,,
0021000726,153,8,0,2,9:46 PM,7:47,,,SUB: Matthews FOR Cunningham,,
0021000726,155,8,0,2,9:46 PM,7:47,,,SUB: Aldridge FOR Johnson,,
0021000726,157,3,11,2,9:46 PM,7:47,MISS Andersen Free Throw 1 of 2,,,,
0021000726,158,4,1,2,9:46 PM,7:47,NUGGETS Rebound,,,,
0021000726,159,3,12,2,9:47 PM,7:47,MISS Andersen Free Throw 2 of 2,,,,
0021000726,161,4,0,2,9:47 PM,7:45,,,Matthews REBOUND (Off:0 Def:1),,
0021000726,162,1,42,2,9:47 PM,7:35,,,Matthews 3' Driving Layup (13 PTS) (Mills 1 AST),34 - 33,-1
0021000726,163,6,2,2,9:47 PM,7:35,Afflalo S.FOUL (P1.T3),,,,
0021000726,164,3,10,2,9:47 PM,7:35,,,Matthews Free Throw 1 of 1 (14 PTS),35 - 33,-2
0021000726,166,5,2,2,9:47 PM,7:19,Afflalo Lost Ball Turnover (P1.T7),,Mills STEAL (1 STL),,
0021000726,167,5,2,2,9:48 PM,7:12,Lawson STEAL (1 STL),,Mills Lost Ball Turnover (P1.T5),,
0021000726,168,2,44,2,9:48 PM,7:06,MISS Lawson 2' Reverse Layup,,Batum BLOCK (1 BLK),,
0021000726,169,4,0,2,9:48 PM,7:04,Afflalo REBOUND (Off:1 Def:1),,,,
0021000726,170,2,7,2,9:48 PM,7:00,MISS Andersen  Dunk,,,,
0021000726,171,4,0,2,9:48 PM,6:57,,,Matthews REBOUND (Off:0 Def:2),,
0021000726,172,2,3,2,9:48 PM,6:45,,,MISS Aldridge 6' Hook Shot,,
0021000726,173,4,0,2,9:48 PM,6:43,Harrington REBOUND (Off:0 Def:5),,,,
0021000726,174,6,17,2,9:48 PM,6:34,,,Trail Blazers T.Foul (Def. 3 Sec Batum ),,
0021000726,175,3,16,2,9:48 PM,6:34,Afflalo Free Throw Technical (2 PTS),,,35 - 34,-1
0021000726,177,8,0,2,9:49 PM,6:34,SUB: Nene FOR Andersen,,,,
0021000726,178,2,5,2,9:49 PM,6:22,MISS Afflalo 2' Layup,,,,
0021000726,179,4,0,2,9:49 PM,6:21,Afflalo REBOUND (Off:2 Def:1),,,,
0021000726,180,2,5,2,9:49 PM,6:20,MISS Afflalo 2' Layup,,Aldridge BLOCK (1 BLK),,
0021000726,182,4,0,2,9:49 PM,6:19,Nene REBOUND (Off:3 Def:1),,,,
0021000726,181,1,5,2,9:49 PM,6:18,Nene 2' Layup (7 PTS),,,35 - 36,1
0021000726,183,6,11,2,9:49 PM,6:18,,,,,
0021000726,184,3,16,2,9:50 PM,6:18,,,Matthews Free Throw Technical (15 PTS),36 - 36,TIE
0021000726,186,8,0,2,9:50 PM,6:18,,,SUB: Miller FOR Mills,,
0021000726,188,1,1,2,9:50 PM,6:03,,,Batum 24' 3PT Jump Shot (9 PTS) (Fernandez 2 AST),39 - 36,-3
0021000726,189,2,1,2,9:51 PM,5:51,MISS Harrington 27' 3PT Jump Shot,,,,
0021000726,190,4,0,2,9:51 PM,5:50,,,Miller REBOUND (Off:0 Def:3),,
0021000726,191,6,1,2,9:51 PM,5:50,Lawson P.FOUL (P1.T4),,,,
0021000726,192,9,1,2,9:51 PM,5:50,NUGGETS Timeout: Regular (Full 2 Short 0),,,,
0021000726,196,6,1,2,9:54 PM,5:39,Lawson P.FOUL (P2.PN),,,,
0021000726,197,3,11,2,9:54 PM,5:39,,,Miller Free Throw 1 of 2 (2 PTS),40 - 36,-4
0021000726,199,3,12,2,9:54 PM,5:39,,,MISS Miller Free Throw 2 of 2,,
0021000726,201,4,0,2,9:54 PM,5:37,Afflalo REBOUND (Off:2 Def:2),,,,
0021000726,202,1,75,2,9:54 PM,5:26,Smith 2' Driving Finger Roll Layup (4 PTS) (Harrington 1 AST),,,40 - 38,-2
0021000726,203,5,40,2,9:55 PM,5:19,,,Miller Out of Bounds Lost Ball Turnover (P2.T6),,
0021000726,204,9,1,2,9:55 PM,5:19,,,Trail Blazers Timeout: Regular (Reg.2 Short 0),,
0021000726,207,8,0,2,9:57 PM,5:19,SUB: Billups FOR Lawson,,,,
0021000726,208,8,0,2,9:57 PM,5:19,,,SUB: Cunningham FOR Fernandez,,
0021000726,209,5,2,2,9:58 PM,4:57,Nene Lost Ball Turnover (P3.T8),,Aldridge STEAL (2 STL),,
0021000726,210,1,42,2,9:58 PM,4:53,,,Matthews 1' Driving Layup (17 PTS) (Miller 5 AST),42 - 38,-4
0021000726,211,1,1,2,9:58 PM,4:39,Billups 16' Jump Shot (6 PTS),,,42 - 40,-2
0021000726,212,6,2,2,9:58 PM,4:23,Harrington S.FOUL (P2.PN),,,,
0021000726,213,8,0,2,9:59 PM,4:23,SUB: Anthony FOR Harrington,,,,
0021000726,214,3,11,2,9:59 PM,4:23,,,Aldridge Free Throw 1 of 2 (7 PTS),43 - 40,-3
0021000726,216,3,12,2,9:59 PM,4:23,,,MISS Aldridge Free Throw 2 of 2,,
0021000726,218,4,0,2,9:59 PM,4:22,Nene REBOUND (Off:3 Def:2),,,,
0021000726,219,2,1,2,9:59 PM,4:10,MISS Smith 24' 3PT Jump Shot,,,,
0021000726,220,4,0,2,9:59 PM,4:08,,,Matthews REBOUND (Off:0 Def:3),,
0021000726,221,5,4,2,10:00 PM,3:59,,,Aldridge Traveling Turnover (P1.T7),,
0021000726,222,6,2,2,10:00 PM,3:40,,,Matthews S.FOUL (P1.T3),,
0021000726,223,3,11,2,10:00 PM,3:40,MISS Smith Free Throw 1 of 2,,,,
0021000726,224,4,1,2,10:00 PM,3:40,NUGGETS Rebound,,,,
0021000726,225,3,12,2,10:01 PM,3:40,Smith Free Throw 2 of 2 (5 PTS),,,43 - 41,-2
0021000726,227,5,1,2,10:01 PM,3:27,,,Miller Bad Pass Turnover (P3.T8),,
0021000726,228,8,0,2,10:01 PM,3:27,SUB: Martin FOR Smith,,,,
0021000726,229,2,1,2,10:02 PM,3:09,MISS Anthony  3PT Jump Shot,,,,
0021000726,230,4,0,2,10:02 PM,3:08,,,Aldridge REBOUND (Off:1 Def:4),,
0021000726,231,2,1,2,10:02 PM,2:58,,,MISS Miller 17' Jump Shot,,
0021000726,232,4,0,2,10:02 PM,2:57,Martin REBOUND (Off:0 Def:6),,,,
0021000726,233,5,2,2,10:02 PM,2:45,Anthony Lost Ball Turnover (P2.T9),,Matthews STEAL (3 STL),,
0021000726,234,6,9,2,10:03 PM,2:44,Billups C.P.FOUL (P2.PN),,,,
0021000726,235,18,0,2,10:03 PM,2:44,,,,,
0021000726,236,3,25,2,10:04 PM,2:44,,,Batum Free Throw Clear Path 1 of 2 (10 PTS),44 - 41,-3
0021000726,238,3,26,2,10:04 PM,2:44,,,MISS Batum Free Throw Clear Path 2 of 2,,
0021000726,239,4,1,2,10:04 PM,2:44,,,Trail Blazers Rebound,,
0021000726,240,5,1,2,10:04 PM,2:33,,,Batum Bad Pass Turnover (P1.T9),,
0021000726,241,6,4,2,10:05 PM,2:29,Anthony OFF.Foul (P2),,,,
0021000726,242,5,5,2,10:05 PM,2:29,Anthony Foul Turnover (P3.T10),,,,
0021000726,243,2,1,2,10:05 PM,2:03,,,MISS Batum 15' Jump Shot,,
0021000726,244,4,0,2,10:05 PM,2:02,,,Miller REBOUND (Off:1 Def:3),,
0021000726,245,9,2,2,10:06 PM,2:00,,,Trail Blazers Timeout: Short (Reg.2 Short 1),,
0021000726,247,8,0,2,10:06 PM,2:00,,,SUB: Fernandez FOR Matthews,,
0021000726,249,2,1,2,10:07 PM,1:48,,,MISS Cunningham 19' Jump Shot,,
0021000726,250,4,0,2,10:07 PM,1:47,Anthony REBOUND (Off:1 Def:2),,,,
0021000726,251,1,5,2,10:07 PM,1:39,Nene 3' Layup (9 PTS) (Billups 3 AST),,,44 - 43,-1
0021000726,252,6,4,2,10:07 PM,1:23,,,Batum OFF.Foul (P1),,
0021000726,253,5,5,2,10:07 PM,1:23,,,Batum Foul Turnover (P2.T10),,
0021000726,254,2,5,2,10:08 PM,1:10,MISS Anthony 1' Layup,,Aldridge BLOCK (2 BLK),,
0021000726,255,4,0,2,10:08 PM,1:09,,,Miller REBOUND (Off:1 Def:4),,
0021000726,257,2,1,2,10:08 PM,0:44,,,MISS Miller 23' Jump Shot,,
0021000726,258,4,0,2,10:08 PM,0:42,Nene REBOUND (Off:3 Def:3),,,,
0021000726,259,2,1,2,10:09 PM,0:35,MISS Billups 24' 3PT Jump Shot,,,,
0021000726,260,4,0,2,10:09 PM,0:34,NUGGETS Rebound,,,,
0021000726,262,2,5,2,10:09 PM,0:24,MISS Nene 3' Layup,,Aldridge BLOCK (3 BLK),,
0021000726,263,4,0,2,10:09 PM,0:23,NUGGETS Rebound,,,,
0021000726,265,6,2,2,10:09 PM,0:16,,,Batum S.FOUL (P2.T4),,
0021000726,266,3,11,2,10:10 PM,0:16,Anthony Free Throw 1 of 2 (11 PTS),,,44 - 44,TIE
0021000726,268,8,0,2,10:10 PM,0:16,SUB: Smith FOR Billups,,,,
0021000726,269,3,12,2,10:10 PM,0:16,Anthony Free Throw 2 of 2 (12 PTS),,,44 - 45,1
0021000726,271,1,1,2,10:11 PM,0:00,,,Miller 9' Jump Shot (4 PTS),46 - 45,-1
0021000726,272,13,0,2,10:11 PM,0:00,,,,46 - 45,-1
0021000726,274,12,0,3,10:27 PM,12:00,,,,46 - 45,-1
0021000726,275,1,1,3,10:27 PM,11:43,Billups 25' 3PT Jump Shot (9 PTS) (Martin 1 AST),,,46 - 48,2
0021000726,276,9,2,3,10:28 PM,11:41,,,Trail Blazers Timeout: Short (Reg.2 Short 2),,
0021000726,278,8,0,3,10:28 PM,11:41,,,SUB: Fernandez FOR Matthews,,
0021000726,279,2,1,3,10:29 PM,11:15,,,MISS Batum  3PT Jump Shot,,
0021000726,280,4,0,3,10:29 PM,11:14,Nene REBOUND (Off:3 Def:4),,,,
0021000726,281,1,3,3,10:29 PM,10:51,Nene 3' Hook Shot (11 PTS),,,46 - 50,4
0021000726,282,5,1,3,10:29 PM,10:31,Anthony STEAL (1 STL),,Miller Bad Pass Turnover (P4.T11),,
0021000726,283,1,63,3,10:29 PM,10:22,Billups 15' Fadeaway Jumper (11 PTS),,,46 - 52,6
0021000726,284,6,1,3,10:30 PM,10:07,Anthony P.FOUL (P3.T1),,,,
0021000726,285,1,1,3,10:30 PM,9:55,,,Fernandez 25' 3PT Jump Shot (4 PTS) (Aldridge 1 AST),49 - 52,3
0021000726,286,6,2,3,10:30 PM,9:47,,,Batum S.FOUL (P3.T1),,
0021000726,287,3,11,3,10:31 PM,9:47,Anthony Free Throw 1 of 2 (13 PTS),,,49 - 53,4
0021000726,289,3,12,3,10:31 PM,9:47,Anthony Free Throw 2 of 2 (14 PTS),,,49 - 54,5
0021000726,291,1,46,3,10:31 PM,9:31,,,Batum 5' Running Jump Shot (12 PTS) (Przybilla 1 AST),51 - 54,3
0021000726,292,2,7,3,10:32 PM,9:18,MISS Nene 2' Dunk,,Przybilla BLOCK (1 BLK),,
0021000726,293,4,0,3,10:32 PM,9:16,,,Fernandez REBOUND (Off:0 Def:1),,
0021000726,294,1,1,3,10:32 PM,9:14,,,Aldridge 3' Jump Shot (9 PTS) (Fernandez 3 AST),53 - 54,1
0021000726,295,6,2,3,10:32 PM,9:14,Martin S.FOUL (P1.T2),,,,
0021000726,296,3,10,3,10:32 PM,9:14,,,Aldridge Free Throw 1 of 1 (10 PTS),54 - 54,TIE
0021000726,298,2,56,3,10:32 PM,9:02,MISS Martin 5' Running Hook Shot,,,,
0021000726,299,4,0,3,10:32 PM,9:01,,,Miller REBOUND (Off:1 Def:5),,
0021000726,300,1,5,3,10:32 PM,8:54,,,Miller 2' Layup (6 PTS) (Batum 4 AST),56 - 54,-2
0021000726,301,1,1,3,10:33 PM,8:35,Nene 17' Jump Shot (13 PTS) (Billups 4 AST),,,56 - 56,TIE
0021000726,302,1,5,3,10:33 PM,8:16,,,Miller 3' Layup (8 PTS) (Przybilla 2 AST),58 - 56,-2
0021000726,304,2,1,3,10:34 PM,7:49,MISS Billups 27' 3PT Jump Shot,,,,
0021000726,305,4,0,3,10:34 PM,7:48,,,Aldridge REBOUND (Off:1 Def:5),,
0021000726,306,1,1,3,10:34 PM,7:37,,,Aldridge 21' Jump Shot (12 PTS) (Miller 6 AST),60 - 56,-4
0021000726,308,7,2,3,10:34 PM,7:16,,,Aldridge Violation:Defensive Goaltending,,
0021000726,307,1,5,3,10:34 PM,7:16,Anthony 3' Layup (16 PTS),,,60 - 58,-2
0021000726,309,2,1,3,10:35 PM,6:54,,,MISS Miller 21' Jump Shot,,
0021000726,310,4,0,3,10:35 PM,6:53,NUGGETS Rebound,,,,
0021000726,311,6,1,3,10:35 PM,6:53,,,Przybilla P.FOUL (P3.T2),,
0021000726,313,1,1,3,10:36 PM,6:28,Martin 24' 3PT Jump Shot (7 PTS) (Nene 2 AST),,,60 - 61,1
0021000726,314,1,63,3,10:36 PM,6:02,,,Aldridge 14' Fadeaway Jumper (14 PTS),62 - 61,-1
0021000726,315,2,1,3,10:36 PM,5:49,MISS Billups 17' Jump Shot,,,,
0021000726,316,4,0,3,10:36 PM,5:47,,,Przybilla REBOUND (Off:0 Def:1),,
0021000726,317,2,42,3,10:37 PM,5:44,,,MISS Aldridge 2' Driving Layup,,
0021000726,318,4,0,3,10:37 PM,5:42,Nene REBOUND (Off:3 Def:5),,,,
0021000726,319,2,1,3,10:37 PM,5:33,MISS Anthony 25' 3PT Jump Shot,,,,
0021000726,320,4,0,3,10:37 PM,5:32,,,Przybilla REBOUND (Off:0 Def:2),,
0021000726,321,2,1,3,10:37 PM,5:07,,,MISS Miller 26' 3PT Jump Shot,,
0021000726,322,4,0,3,10:37 PM,5:06,Martin REBOUND (Off:0 Def:7),,,,
0021000726,323,1,5,3,10:37 PM,4:59,Nene 2' Layup (15 PTS) (Afflalo 1 AST),,,62 - 63,1
0021000726,324,9,1,3,10:37 PM,4:57,,,Trail Blazers Timeout: Regular (Reg.3 Short 2),,
0021000726,328,1,63,3,10:40 PM,4:35,,,Fernandez 18' Fadeaway Jumper (6 PTS),64 - 63,-1
0021000726,329,2,1,3,10:41 PM,4:15,MISS Anthony 21' Jump Shot,,,,
0021000726,330,4,0,3,10:41 PM,4:14,,,Przybilla REBOUND (Off:0 Def:3),,
0021000726,331,2,1,3,10:41 PM,3:55,,,MISS Aldridge 18' Jump Shot,,
0021000726,332,4,0,3,10:41 PM,3:54,Martin REBOUND (Off:0 Def:8),,,,
0021000726,333,6,1,3,10:41 PM,3:42,,,Aldridge P.FOUL (P1.T3),,
0021000726,334,8,0,3,10:42 PM,3:42,SUB: Smith FOR Afflalo,,,,
0021000726,335,8,0,3,10:42 PM,3:42,SUB: Harrington FOR Nene,,,,
0021000726,336,8,0,3,10:42 PM,3:42,,,SUB: Cunningham FOR Przybilla,,
0021000726,337,1,52,3,10:42 PM,3:30,Martin 2' Alley Oop Dunk (9 PTS) (Billups 5 AST),,,64 - 65,1
0021000726,338,5,13,3,10:42 PM,3:11,,,Aldridge Backcourt Turnover (P2.T12),,
0021000726,339,1,51,3,10:43 PM,3:03,Anthony 1' Reverse Dunk (18 PTS) (Martin 2 AST),,,64 - 67,3
0021000726,340,2,1,3,10:43 PM,2:45,,,MISS Batum 25' 3PT Jump Shot,,
0021000726,341,4,0,3,10:43 PM,2:43,,,Aldridge REBOUND (Off:2 Def:5),,
0021000726,342,1,1,3,10:43 PM,2:38,,,Cunningham 16' Jump Shot (4 PTS) (Aldridge 2 AST),66 - 67,1
0021000726,343,2,1,3,10:44 PM,2:08,MISS Martin 21' Jump Shot,,,,
0021000726,344,4,0,3,10:44 PM,2:07,,,Fernandez REBOUND (Off:0 Def:2),,
0021000726,345,1,52,3,10:44 PM,1:56,,,Aldridge  Alley Oop Dunk (16 PTS) (Miller 7 AST),68 - 67,-1
0021000726,346,1,1,3,10:44 PM,1:40,Billups 25' 3PT Jump Shot (14 PTS),,,68 - 70,2
0021000726,347,1,1,3,10:44 PM,1:28,,,Cunningham 18' Jump Shot (6 PTS) (Miller 8 AST),70 - 70,TIE
0021000726,348,1,1,3,10:45 PM,1:13,Billups 26' 3PT Jump Shot (17 PTS),,,70 - 73,3
0021000726,349,2,63,3,10:45 PM,0:49,,,MISS Fernandez 19' Fadeaway Jumper,,
0021000726,350,4,0,3,10:45 PM,0:48,Harrington REBOUND (Off:0 Def:6),,,,
0021000726,351,6,29,3,10:45 PM,0:35,,,Fernandez Shooting Block Foul (P2.T4),,
0021000726,352,9,1,3,10:46 PM,0:35,NUGGETS Timeout: Regular (Full 3 Short 0),,,,
0021000726,354,8,0,3,10:48 PM,0:35,,,SUB: Mills FOR Miller,,
0021000726,355,8,0,3,10:48 PM,0:35,SUB: Lawson FOR Billups,,,,
0021000726,356,3,11,3,10:48 PM,0:35,Smith Free Throw 1 of 2 (6 PTS),,,70 - 74,4
0021000726,358,3,12,3,10:49 PM,0:35,Smith Free Throw 2 of 2 (7 PTS),,,70 - 75,5
0021000726,361,2,1,3,10:50 PM,0:12,,,MISS Fernandez 27' 3PT Jump Shot,,
0021000726,362,4,0,3,10:50 PM,0:11,Harrington REBOUND (Off:0 Def:7),,,,
0021000726,363,1,7,3,10:50 PM,0:00,Martin 1' Dunk (11 PTS) (Lawson 1 AST),,,70 - 77,7
0021000726,364,18,0,3,10:50 PM,0:00,,,,,
0021000726,365,13,0,3,10:50 PM,0:00,,,,70 - 77,7
0021000726,367,12,0,4,10:53 PM,12:00,,,,70 - 77,7
0021000726,368,2,1,4,10:53 PM,11:46,,,MISS Aldridge 18' Jump Shot,,
0021000726,369,4,0,4,10:53 PM,11:45,Smith REBOUND (Off:0 Def:1),,,,
0021000726,370,5,4,4,10:54 PM,11:25,Smith Traveling Turnover (P1.T11),,,,
0021000726,371,1,1,4,10:54 PM,11:08,,,Cunningham 15' Jump Shot (8 PTS) (Matthews 2 AST),72 - 77,5
0021000726,372,2,1,4,10:54 PM,10:59,MISS Lawson 4' Jump Shot,,Cunningham BLOCK (2 BLK),,
0021000726,373,4,0,4,10:54 PM,10:57,,,Matthews REBOUND (Off:0 Def:4),,
0021000726,374,2,5,4,10:54 PM,10:47,,,MISS Mills 1' Layup,,
0021000726,376,4,0,4,10:54 PM,10:46,,,Aldridge REBOUND (Off:3 Def:5),,
0021000726,375,2,5,4,10:54 PM,10:45,,,MISS Aldridge 3' Layup,,
0021000726,377,4,0,4,10:54 PM,10:43,Harrington REBOUND (Off:0 Def:8),,,,
0021000726,378,2,1,4,10:55 PM,10:36,MISS Smith 21' Jump Shot,,,,
0021000726,379,4,0,4,10:55 PM,10:35,,,Mills REBOUND (Off:0 Def:1),,
0021000726,380,6,27,4,10:55 PM,10:27,Harrington Personal Block Foul (P3.T1),,,,
0021000726,381,8,0,4,10:55 PM,10:27,SUB: Afflalo FOR Anthony,,,,
0021000726,382,2,1,4,10:55 PM,10:21,,,MISS Cunningham 20' Jump Shot,,
0021000726,383,4,0,4,10:55 PM,10:19,Smith REBOUND (Off:0 Def:2),,,,
0021000726,384,6,2,4,10:55 PM,10:10,,,Matthews S.FOUL (P2.T1),,
0021000726,385,3,11,4,10:56 PM,10:10,Smith Free Throw 1 of 2 (8 PTS),,,72 - 78,6
0021000726,387,3,12,4,10:56 PM,10:10,Smith Free Throw 2 of 2 (9 PTS),,,72 - 79,7
0021000726,389,5,2,4,10:57 PM,9:48,Harrington STEAL (1 STL),,Cunningham Lost Ball Turnover (P3.T13),,
0021000726,390,1,1,4,10:57 PM,9:37,Harrington 3' Jump Shot (7 PTS) (Afflalo 2 AST),,,72 - 81,9
0021000726,391,9,1,4,10:57 PM,9:26,,,Trail Blazers Timeout: Regular (Reg.4 Short 2),,
0021000726,393,8,0,4,11:00 PM,9:26,,,SUB: Johnson FOR Cunningham,,
0021000726,394,8,0,4,11:00 PM,9:26,,,SUB: Miller FOR Fernandez,,
0021000726,395,8,0,4,11:00 PM,9:26,,,SUB: Batum FOR Mills,,
0021000726,396,8,0,4,11:00 PM,9:26,SUB: Nene FOR Martin,,,,
0021000726,397,6,2,4,11:00 PM,9:12,Nene S.FOUL (P1.T2),,,,
0021000726,398,3,11,4,11:00 PM,9:12,,,Aldridge Free Throw 1 of 2 (17 PTS),73 - 81,8
0021000726,400,3,12,4,11:00 PM,9:12,,,Aldridge Free Throw 2 of 2 (18 PTS),74 - 81,7
0021000726,402,1,1,4,11:01 PM,8:58,Smith 25' 3PT Jump Shot (12 PTS) (Afflalo 3 AST),,,74 - 84,10
0021000726,403,5,2,4,11:01 PM,8:42,Harrington STEAL (2 STL),,Miller Lost Ball Turnover (P5.T14),,
0021000726,404,2,1,4,11:01 PM,8:35,MISS Smith  3PT Jump Shot,,,,
0021000726,405,4,0,4,11:01 PM,8:34,Afflalo REBOUND (Off:3 Def:2),,,,
0021000726,406,1,63,4,11:01 PM,8:31,Afflalo 12' Fadeaway Jumper (4 PTS),,,74 - 86,12
0021000726,407,5,2,4,11:02 PM,8:03,Afflalo STEAL (1 STL),,Matthews Lost Ball Turnover (P1.T15),,
0021000726,408,2,1,4,11:02 PM,7:56,MISS Afflalo 9' Jump Shot,,,,
0021000726,409,4,0,4,11:02 PM,7:52,,,Batum REBOUND (Off:0 Def:1),,
0021000726,410,1,52,4,11:02 PM,7:45,,,Batum 1' Alley Oop Dunk (14 PTS) (Miller 9 AST),76 - 86,10
0021000726,411,2,1,4,11:03 PM,7:17,MISS Lawson 26' 3PT Jump Shot,,,,
0021000726,412,4,0,4,11:03 PM,7:16,,,Aldridge REBOUND (Off:3 Def:6),,
0021000726,413,2,52,4,11:03 PM,7:09,,,MISS Johnson 2' Alley Oop Dunk,,
0021000726,414,4,0,4,11:03 PM,7:08,Lawson REBOUND (Off:0 Def:3),,,,
0021000726,415,5,4,4,11:03 PM,7:03,Harrington Traveling Turnover (P1.T12),,,,
0021000726,416,2,5,4,11:03 PM,6:45,Nene BLOCK (1 BLK),,MISS Miller 3' Layup,,
0021000726,417,4,0,4,11:03 PM,6:43,Lawson REBOUND (Off:0 Def:4),,,,
0021000726,418,6,2,4,11:04 PM,6:36,,,Matthews S.FOUL (P3.T2),,
0021000726,419,3,11,4,11:04 PM,6:36,Afflalo Free Throw 1 of 2 (5 PTS),,,76 - 87,11
0021000726,421,3,12,4,11:04 PM,6:36,Afflalo Free Throw 2 of 2 (6 PTS),,,76 - 88,12
0021000726,423,6,2,4,11:05 PM,6:25,Harrington S.FOUL (P4.T3),,,,
0021000726,424,3,11,4,11:05 PM,6:25,,,Miller Free Throw 1 of 2 (9 PTS),77 - 88,11
0021000726,426,3,12,4,11:05 PM,6:25,,,Miller Free Throw 2 of 2 (10 PTS),78 - 88,10
0021000726,428,6,4,4,11:06 PM,6:12,Smith OFF.Foul (P2),,,,
0021000726,429,5,5,4,11:06 PM,6:12,Smith Foul Turnover (P2.T13),,,,
0021000726,430,6,18,4,11:06 PM,6:12,NUGGETS Foul,,,,
0021000726,431,3,16,4,11:06 PM,6:12,,,Miller Free Throw Technical (11 PTS),79 - 88,9
0021000726,433,2,71,4,11:07 PM,5:59,,,MISS Miller 3' Finger Roll Layup,,
0021000726,434,4,0,4,11:07 PM,5:54,Lawson REBOUND (Off:0 Def:5),,,,
0021000726,435,2,5,4,11:07 PM,5:52,MISS Afflalo  Layup,,,,
0021000726,437,4,0,4,11:07 PM,5:51,Smith REBOUND (Off:1 Def:2),,,,
0021000726,436,1,87,4,11:07 PM,5:50,Smith 1' Putback Dunk (14 PTS),,,79 - 90,11
0021000726,438,2,1,4,11:07 PM,5:35,,,MISS Johnson 18' Jump Shot,,
0021000726,439,4,0,4,11:07 PM,5:34,Harrington REBOUND (Off:0 Def:9),,,,
0021000726,440,2,1,4,11:07 PM,5:25,MISS Harrington  3PT Jump Shot,,,,
0021000726,441,4,0,4,11:07 PM,5:24,Lawson REBOUND (Off:1 Def:5),,,,
0021000726,442,6,2,4,11:07 PM,5:24,,,Johnson S.FOUL (P1.T3),,
0021000726,443,9,4,4,11:07 PM,5:24,,,,,
0021000726,447,3,11,4,11:10 PM,5:24,Lawson Free Throw 1 of 2 (1 PTS),,,79 - 91,12
0021000726,449,3,12,4,11:10 PM,5:24,Lawson Free Throw 2 of 2 (2 PTS),,,79 - 92,13
0021000726,451,1,1,4,11:10 PM,5:07,,,Batum 27' 3PT Jump Shot (17 PTS) (Miller 10 AST),82 - 92,10
0021000726,452,1,7,4,11:11 PM,4:50,Nene 1' Dunk (17 PTS) (Afflalo 4 AST),,,82 - 94,12
0021000726,453,1,42,4,11:11 PM,4:34,,,Matthews 2' Driving Layup (19 PTS),84 - 94,10
0021000726,454,6,2,4,11:11 PM,4:34,Harrington S.FOUL (P5.T4),,,,
0021000726,455,8,0,4,11:11 PM,4:34,SUB: Billups FOR Lawson,,,,
0021000726,456,8,0,4,11:11 PM,4:34,SUB: Anthony FOR Harrington,,,,
0021000726,457,3,10,4,11:11 PM,4:34,,,MISS Matthews Free Throw 1 of 1,,
0021000726,459,4,0,4,11:12 PM,4:33,Nene REBOUND (Off:3 Def:6),,,,
0021000726,460,1,5,4,11:12 PM,4:14,Nene 3' Layup (19 PTS),,,84 - 96,12
0021000726,461,6,2,4,11:12 PM,4:14,,,Johnson S.FOUL (P2.T4),,
0021000726,462,8,0,4,11:12 PM,4:14,,,SUB: Cunningham FOR Johnson,,
0021000726,463,3,10,4,11:12 PM,4:14,Nene Free Throw 1 of 1 (20 PTS),,,84 - 97,13
0021000726,465,2,1,4,11:13 PM,3:57,,,MISS Matthews 26' 3PT Jump Shot,,
0021000726,466,4,0,4,11:13 PM,3:55,Nene REBOUND (Off:3 Def:7),,,,
0021000726,467,6,1,4,11:13 PM,3:44,,,Batum P.FOUL (P4.PN),,
0021000726,468,3,11,4,11:13 PM,3:44,Nene Free Throw 1 of 2 (21 PTS),,,84 - 98,14
0021000726,470,3,12,4,11:14 PM,3:44,Nene Free Throw 2 of 2 (22 PTS),,,84 - 99,15
0021000726,472,6,2,4,11:14 PM,3:25,Afflalo S.FOUL (P2.PN),,,,
0021000726,473,3,11,4,11:14 PM,3:25,,,Cunningham Free Throw 1 of 2 (9 PTS),85 - 99,14
0021000726,475,3,12,4,11:15 PM,3:25,,,Cunningham Free Throw 2 of 2 (10 PTS),86 - 99,13
0021000726,477,1,1,4,11:15 PM,3:02,Billups 27' 3PT Jump Shot (20 PTS) (Nene 3 AST),,,86 - 102,16
0021000726,478,2,1,4,11:15 PM,2:48,,,MISS Aldridge 20' Jump Shot,,
0021000726,479,4,0,4,11:15 PM,2:47,Anthony REBOUND (Off:1 Def:3),,,,
0021000726,480,6,2,4,11:16 PM,2:36,,,Aldridge S.FOUL (P2.PN),,
0021000726,481,9,1,4,11:16 PM,2:36,NUGGETS Timeout: Regular (Full 4 Short 0),,,,
0021000726,483,8,0,4,11:18 PM,2:36,,,SUB: Babbitt FOR Batum,,
0021000726,484,8,0,4,11:18 PM,2:36,,,SUB: Mills FOR Aldridge,,
0021000726,485,8,0,4,11:18 PM,2:36,,,SUB: Johnson FOR Matthews,,
0021000726,486,8,0,4,11:18 PM,2:36,,,SUB: Marks FOR Miller,,
0021000726,488,3,11,4,11:18 PM,2:36,Anthony Free Throw 1 of 2 (19 PTS),,,86 - 103,17
0021000726,490,3,12,4,11:19 PM,2:36,Anthony Free Throw 2 of 2 (20 PTS),,,86 - 104,18
0021000726,492,5,1,4,11:19 PM,2:17,Smith STEAL (2 STL),,Cunningham Bad Pass Turnover (P4.T16),,
0021000726,493,1,1,4,11:19 PM,2:08,Afflalo 24' 3PT Jump Shot (9 PTS) (Smith 2 AST),,,86 - 107,21
0021000726,494,2,1,4,11:19 PM,1:56,,,MISS Marks 19' Jump Shot,,
0021000726,495,4,0,4,11:20 PM,1:55,Billups REBOUND (Off:0 Def:1),,,,
0021000726,496,2,1,4,11:20 PM,1:47,MISS Afflalo 24' 3PT Jump Shot,,,,
0021000726,497,4,0,4,11:20 PM,1:46,,,Cunningham REBOUND (Off:2 Def:2),,
0021000726,498,2,1,4,11:20 PM,1:36,,,MISS Babbitt 26' 3PT Jump Shot,,
0021000726,499,4,0,4,11:20 PM,1:35,Anthony REBOUND (Off:1 Def:4),,,,
0021000726,500,9,2,4,11:20 PM,1:34,NUGGETS Timeout: Short (Full 4 Short 1),,,,
0021000726,502,8,0,4,11:21 PM,1:34,SUB: Forbes FOR Anthony,,,,
0021000726,503,8,0,4,11:21 PM,1:34,SUB: Lawson FOR Nene,,,,
0021000726,504,8,0,4,11:21 PM,1:34,SUB: Shel. Williams FOR Billups,,,,
0021000726,506,5,1,4,11:21 PM,1:14,Shel. Williams Bad Pass Turnover (P1.T14),,Cunningham STEAL (1 STL),,
0021000726,507,2,63,4,11:21 PM,0:59,,,MISS Mills 18' Fadeaway Jumper,,
0021000726,508,4,0,4,11:21 PM,0:56,,,Marks REBOUND (Off:1 Def:0),,
0021000726,509,1,5,4,11:21 PM,0:49,,,Babbitt 2' Layup (2 PTS) (Johnson 1 AST),88 - 107,19
0021000726,511,1,1,4,11:22 PM,0:26,Smith 18' Jump Shot (16 PTS),,,88 - 109,21
0021000726,512,1,1,4,11:22 PM,0:15,,,Mills 18' Jump Shot (5 PTS),90 - 109,19
0021000726,513,13,0,4,11:23 PM,0:00,,,,90 - 109,19
