GAME_ID,EVENTNUM,EVENTMSGTYPE,EVENTMSGACTIONTYPE,PERIOD,WCTIMESTRING,PCTIMESTRING,HOMEDESCRIPTION,NEUTRALDESCRIPTION,VISITORDESCRIPTION,SCORE,SCOREMARGIN
0021001067,0,12,0,1,9:24 PM,12:00,,,,,
0021001067,1,10,0,1,9:24 PM,12:00,Jump Ball Jefferson vs. Okafor: Tip to Paul,,,,
0021001067,2,1,1,1,9:25 PM,11:44,,,West 7' Jump Shot (2 PTS),2 - 0,-2
0021001067,3,2,1,1,9:25 PM,11:19,MISS Miles 26' 3PT Jump Shot,,,,
0021001067,4,4,0,1,9:25 PM,11:19,JAZZ Rebound,,,,
0021001067,5,5,11,1,9:25 PM,11:19,JAZZ Turnover: Shot Clock (T#1),,,,
0021001067,6,6,2,1,9:26 PM,11:04,Millsap S.FOUL (P1.T1),,,,
0021001067,7,3,11,1,9:26 PM,11:04,,,West Free Throw 1 of 2 (3 PTS),3 - 0,-3
0021001067,9,3,12,1,9:26 PM,11:04,,,West Free Throw 2 of 2 (4 PTS),4 - 0,-4
0021001067,11,5,1,1,9:27 PM,10:51,Bell Bad Pass Turnover (P1.T2),,Ariza STEAL (1 STL),,
0021001067,12,2,5,1,9:27 PM,10:46,Watson BLOCK (1 BLK),,MISS Ariza 3' Layup,,
0021001067,13,4,0,1,9:27 PM,10:46,,,Paul REBOUND (Off:1 Def:0),,
0021001067,14,6,2,1,9:27 PM,10:46,Miles S.FOUL (P1.T2),,,,
0021001067,15,3,11,1,9:27 PM,10:46,,,Paul Free Throw 1 of 2 (1 PTS),5 - 0,-5
0021001067,17,3,12,1,9:27 PM,10:46,,,Paul Free Throw 2 of 2 (2 PTS),6 - 0,-6
0021001067,19,5,2,1,9:28 PM,10:35,Jefferson Lost Ball Turnover (P1.T3),,Belinelli STEAL (1 STL),,
0021001067,20,1,1,1,9:28 PM,10:29,,,Belinelli 24' 3PT Jump Shot (3 PTS),9 - 0,-9
0021001067,21,9,1,1,9:28 PM,10:22,JAZZ Timeout: Regular (Full 1 Short 0),,,,
0021001067,23,18,0,1,9:30 PM,10:22,,,,,
0021001067,24,2,1,1,9:31 PM,10:09,MISS Miles  3PT Jump Shot,,,,
0021001067,25,4,0,1,9:31 PM,10:07,Jefferson REBOUND (Off:1 Def:0),,,,
0021001067,26,1,86,1,9:31 PM,9:52,Millsap 14' Turnaround Fadeaway (2 PTS),,,9 - 2,-7
0021001067,27,6,1,1,9:31 PM,9:37,Jefferson P.FOUL (P1.T3),,,,
0021001067,28,2,1,1,9:32 PM,9:26,,,MISS West 7' Jump Shot,,
0021001067,29,4,0,1,9:32 PM,9:25,Jefferson REBOUND (Off:1 Def:1),,,,
0021001067,30,2,1,1,9:32 PM,9:18,MISS Bell 21' Jump Shot,,,,
0021001067,31,4,0,1,9:32 PM,9:16,,,Okafor REBOUND (Off:0 Def:1),,
0021001067,32,1,5,1,9:32 PM,9:05,,,Okafor 2' Layup (2 PTS) (Paul 1 AST),11 - 2,-9
0021001067,33,1,1,1,9:33 PM,8:42,Jefferson 16' Jump Shot (2 PTS),,,11 - 4,-7
0021001067,34,2,1,1,9:33 PM,8:26,,,MISS Belinelli 24' 3PT Jump Shot,,
0021001067,35,4,0,1,9:33 PM,8:25,Millsap REBOUND (Off:0 Def:1),,,,
0021001067,36,1,42,1,9:33 PM,8:18,Watson 2' Driving Layup (2 PTS),,,11 - 6,-5
0021001067,37,6,2,1,9:33 PM,8:05,Jefferson S.FOUL (P2.T4),,,,
0021001067,38,8,0,1,9:34 PM,8:05,SUB: Favors FOR Jefferson,,,,
0021001067,39,3,11,1,9:34 PM,8:05,,,Okafor Free Throw 1 of 2 (3 PTS),12 - 6,-6
0021001067,41,3,12,1,9:34 PM,8:05,,,Okafor Free Throw 2 of 2 (4 PTS),13 - 6,-7
0021001067,43,2,1,1,9:35 PM,7:52,MISS Miles 18' Jump Shot,,,,
0021001067,44,4,0,1,9:35 PM,7:50,,,Okafor REBOUND (Off:0 Def:2),,
0021001067,45,1,1,1,9:35 PM,7:45,,,Paul 17' Jump Shot (4 PTS) (Okafor 1 AST),15 - 6,-9
0021001067,46,2,43,1,9:35 PM,7:23,MISS Millsap 1' Alley Oop Layup,,,,
0021001067,48,4,0,1,9:35 PM,7:22,Millsap REBOUND (Off:1 Def:1),,,,
0021001067,47,1,4,1,9:35 PM,7:22,Millsap 2' Tip Shot (4 PTS),,,15 - 8,-7
0021001067,49,2,3,1,9:35 PM,7:06,,,MISS Okafor 7' Hook Shot,,
0021001067,50,4,0,1,9:35 PM,7:05,Miles REBOUND (Off:0 Def:1),,,,
0021001067,51,1,80,1,9:36 PM,6:55,Millsap 10' Step Back Jump Shot (6 PTS),,,15 - 10,-5
0021001067,52,1,1,1,9:36 PM,6:38,,,West 16' Jump Shot (6 PTS),17 - 10,-7
0021001067,53,1,52,1,9:36 PM,6:23,Favors 2' Alley Oop Dunk (2 PTS) (Watson 1 AST),,,17 - 12,-5
0021001067,54,2,1,1,9:36 PM,6:06,,,MISS Ariza 19' Jump Shot,,
0021001067,55,4,0,1,9:36 PM,6:05,Millsap REBOUND (Off:1 Def:2),,,,
0021001067,56,2,1,1,9:37 PM,5:40,MISS Miles 21' Jump Shot,,,,
0021001067,57,4,0,1,9:37 PM,5:39,Favors REBOUND (Off:1 Def:0),,,,
0021001067,58,1,1,1,9:37 PM,5:26,Millsap 19' Jump Shot (8 PTS) (Watson 2 AST),,,17 - 14,-3
0021001067,59,5,2,1,9:37 PM,5:05,Watson STEAL (1 STL),,West Lost Ball Turnover (P1.T1),,
0021001067,60,1,1,1,9:38 PM,4:57,Bell  3PT Jump Shot (3 PTS) (Watson 3 AST),,,17 - 17,TIE
0021001067,61,9,1,1,9:38 PM,4:46,,,Hornets Timeout: Regular (Reg.1 Short 0),,
0021001067,63,8,0,1,9:40 PM,4:46,SUB: Hayward FOR Miles,,,,
0021001067,64,8,0,1,9:40 PM,4:46,,,SUB: Jack FOR Belinelli,,
0021001067,65,1,8,1,9:40 PM,4:33,,,Okafor 1' Slam Dunk (6 PTS) (Ariza 1 AST),19 - 17,-2
0021001067,66,2,1,1,9:41 PM,4:12,MISS Favors 6' Jump Shot,,,,
0021001067,67,4,0,1,9:41 PM,4:10,Millsap REBOUND (Off:2 Def:2),,,,
0021001067,68,1,5,1,9:41 PM,4:09,Millsap 1' Layup (10 PTS),,,19 - 19,TIE
0021001067,69,2,1,1,9:41 PM,3:47,,,MISS West 18' Jump Shot,,
0021001067,70,4,0,1,9:41 PM,3:47,,,Okafor REBOUND (Off:1 Def:2),,
0021001067,71,1,56,1,9:41 PM,3:36,,,West 4' Running Hook Shot (8 PTS) (Paul 2 AST),21 - 19,-2
0021001067,72,6,1,1,9:42 PM,3:20,,,Jack P.FOUL (P1.T1),,
0021001067,73,8,0,1,9:42 PM,3:20,SUB: Price FOR Bell,,,,
0021001067,74,8,0,1,9:42 PM,3:20,,,SUB: Landry FOR Okafor,,
0021001067,75,2,1,1,9:42 PM,3:10,MISS Favors 17' Jump Shot,,,,
0021001067,76,4,0,1,9:42 PM,3:09,,,Jack REBOUND (Off:0 Def:1),,
0021001067,77,6,1,1,9:43 PM,2:59,Watson P.FOUL (P1.PN),,,,
0021001067,78,3,13,1,9:43 PM,2:59,,,Jack Free Throw 1 of 3 (1 PTS),22 - 19,-3
0021001067,80,3,14,1,9:43 PM,2:59,,,Jack Free Throw 2 of 3 (2 PTS),23 - 19,-4
0021001067,82,3,15,1,9:43 PM,2:59,,,MISS Jack Free Throw 3 of 3,,
0021001067,84,4,0,1,9:43 PM,2:57,Favors REBOUND (Off:1 Def:1),,,,
0021001067,85,1,66,1,9:44 PM,2:35,Millsap 19' Jump Bank Shot (12 PTS),,,23 - 21,-2
0021001067,86,1,5,1,9:44 PM,2:24,,,West 2' Layup (10 PTS) (Paul 3 AST),25 - 21,-4
0021001067,87,1,1,1,9:44 PM,2:03,Hayward 24' 3PT Jump Shot (3 PTS) (Watson 4 AST),,,25 - 24,-1
0021001067,88,2,65,1,9:45 PM,1:39,,,MISS Landry 5' Jump Hook Shot,,
0021001067,89,4,0,1,9:45 PM,1:38,Hayward REBOUND (Off:0 Def:1),,,,
0021001067,90,2,1,1,9:45 PM,1:32,MISS Watson 20' Jump Shot,,,,
0021001067,91,4,0,1,9:45 PM,1:31,JAZZ Rebound,,,,
0021001067,92,1,1,1,9:45 PM,1:20,Price 24' 3PT Jump Shot (3 PTS) (Watson 5 AST),,,25 - 27,2
0021001067,93,5,2,1,9:46 PM,0:58,Price STEAL (1 STL),,Landry Lost Ball Turnover (P1.T2),,
0021001067,94,5,2,1,9:46 PM,0:55,Hayward Lost Ball Turnover (P1.T4),,Ariza STEAL (2 STL),,
0021001067,95,6,1,1,9:46 PM,0:54,Millsap P.FOUL (P2.PN),,,,
0021001067,96,8,0,1,9:46 PM,0:54,SUB: Evans FOR Millsap,,,,
0021001067,97,8,0,1,9:46 PM,0:54,,,SUB: Green FOR Ariza,,
0021001067,98,3,11,1,9:46 PM,0:54,,,Paul Free Throw 1 of 2 (5 PTS),26 - 27,1
0021001067,100,3,12,1,9:46 PM,0:54,,,Paul Free Throw 2 of 2 (6 PTS),27 - 27,TIE
0021001067,102,6,2,1,9:47 PM,0:37,,,Landry S.FOUL (P1.T2),,
0021001067,103,3,11,1,9:47 PM,0:37,Price Free Throw 1 of 2 (4 PTS),,,27 - 28,1
0021001067,105,3,12,1,9:48 PM,0:37,Price Free Throw 2 of 2 (5 PTS),,,27 - 29,2
0021001067,107,2,5,1,9:48 PM,0:28,Hayward BLOCK (1 BLK),,MISS Paul 3' Layup,,
0021001067,108,4,0,1,9:48 PM,0:27,,,Landry REBOUND (Off:1 Def:0),,
0021001067,109,2,1,1,9:48 PM,0:22,,,MISS West 5' Jump Shot,,
0021001067,110,4,0,1,9:48 PM,0:22,JAZZ Rebound,,,,
0021001067,111,6,3,1,9:48 PM,0:22,,,Landry L.B.FOUL (P2.PN),,
0021001067,112,3,11,1,9:49 PM,0:22,Evans Free Throw 1 of 2 (1 PTS),,,27 - 30,3
0021001067,114,3,12,1,9:49 PM,0:22,MISS Evans Free Throw 2 of 2,,,,
0021001067,116,4,0,1,9:49 PM,0:21,JAZZ Rebound,,,,
0021001067,117,8,0,1,9:49 PM,0:20,,,SUB: Smith FOR Landry,,
0021001067,118,6,1,1,9:49 PM,0:19,,,Jack P.FOUL (P2.PN),,
0021001067,119,3,11,1,9:50 PM,0:19,Hayward Free Throw 1 of 2 (4 PTS),,,27 - 31,4
0021001067,121,3,12,1,9:50 PM,0:19,Hayward Free Throw 2 of 2 (5 PTS),,,27 - 32,5
0021001067,123,5,8,1,9:51 PM,0:03,,,West 3 Second Violation Turnover (P2.T3),,
0021001067,124,2,1,1,9:51 PM,0:00,MISS Watson 41' 3PT Jump Shot,,,,
0021001067,125,4,0,1,9:51 PM,0:00,JAZZ Rebound,,,,
0021001067,127,13,0,1,9:51 PM,0:00,,,,27 - 32,5
0021001067,129,12,0,2,9:53 PM,12:00,,,,27 - 32,5
0021001067,130,2,1,2,9:54 PM,11:38,MISS Bell 21' Jump Shot,,,,
0021001067,131,4,0,2,9:54 PM,11:37,,,Ariza REBOUND (Off:0 Def:1),,
0021001067,132,2,1,2,9:54 PM,11:25,,,MISS Jack 18' Jump Shot,,
0021001067,133,4,0,2,9:54 PM,11:24,Favors REBOUND (Off:1 Def:2),,,,
0021001067,134,1,1,2,9:54 PM,11:08,Hayward 21' Jump Shot (7 PTS),,,27 - 34,7
0021001067,135,1,1,2,9:55 PM,10:51,,,Jack 16' Jump Shot (4 PTS) (Okafor 2 AST),29 - 34,5
0021001067,136,6,1,2,9:55 PM,10:40,,,Ariza P.FOUL (P1.T1),,
0021001067,137,5,39,2,9:55 PM,10:32,Favors Step Out of Bounds Turnover (P1.T5),,,,
0021001067,138,1,42,2,9:56 PM,10:20,,,Okafor 2' Driving Layup (8 PTS),31 - 34,3
0021001067,139,5,1,2,9:56 PM,10:07,Bell Bad Pass Turnover (P2.T6),,,,
0021001067,140,2,1,2,9:56 PM,9:48,,,MISS Ariza  3PT Jump Shot,,
0021001067,141,4,0,2,9:56 PM,9:46,,,Hornets Rebound,,
0021001067,142,8,0,2,9:56 PM,9:46,SUB: Jefferson FOR Favors,,,,
0021001067,143,2,1,2,9:57 PM,9:27,,,MISS Green 23' Jump Shot,,
0021001067,144,4,0,2,9:57 PM,9:26,Hayward REBOUND (Off:0 Def:2),,,,
0021001067,145,5,1,2,9:57 PM,9:19,Price Bad Pass Turnover (P1.T7),,,,
0021001067,146,5,41,2,9:57 PM,9:05,,,Ariza Poss Lost Ball Turnover (P1.T4),,
0021001067,147,1,1,2,9:58 PM,8:51,Price  3PT Jump Shot (8 PTS) (Bell 1 AST),,,31 - 37,6
0021001067,148,2,46,2,9:58 PM,8:25,,,MISS Jack 5' Running Jump Shot,,
0021001067,149,4,0,2,9:58 PM,8:24,Jefferson REBOUND (Off:1 Def:2),,,,
0021001067,150,1,1,2,9:58 PM,8:04,Bell 24' 3PT Jump Shot (6 PTS) (Price 1 AST),,,31 - 40,9
0021001067,151,9,1,2,9:59 PM,7:57,,,Hornets Timeout: Regular (Reg.2 Short 0),,
0021001067,153,8,0,2,10:01 PM,7:57,,,SUB: Belinelli FOR Green,,
0021001067,154,8,0,2,10:01 PM,7:57,,,SUB: West FOR Smith,,
0021001067,155,1,1,2,10:01 PM,7:48,,,West 17' Jump Shot (12 PTS) (Belinelli 1 AST),33 - 40,7
0021001067,156,7,5,2,10:01 PM,7:36,,,Ariza Violation:Kicked Ball,,
0021001067,157,2,1,2,10:02 PM,7:22,MISS Hayward 17' Jump Shot,,,,
0021001067,158,4,0,2,10:02 PM,7:21,,,Ariza REBOUND (Off:0 Def:2),,
0021001067,159,6,17,2,10:02 PM,7:13,JAZZ T.Foul (Def. 3 Sec Jefferson ),,,,
0021001067,160,3,16,2,10:02 PM,7:13,,,Belinelli Free Throw Technical (4 PTS),34 - 40,6
0021001067,162,8,0,2,10:02 PM,7:13,SUB: Millsap FOR Evans,,,,
0021001067,163,2,1,2,10:03 PM,6:57,,,MISS West 12' Jump Shot,,
0021001067,164,4,0,2,10:03 PM,6:56,Millsap REBOUND (Off:2 Def:3),,,,
0021001067,165,2,47,2,10:03 PM,6:42,MISS Jefferson 9' Turnaround Jump Shot,,,,
0021001067,166,4,0,2,10:03 PM,6:41,,,Belinelli REBOUND (Off:0 Def:1),,
0021001067,167,1,1,2,10:03 PM,6:30,,,West 15' Jump Shot (14 PTS) (Belinelli 2 AST),36 - 40,4
0021001067,168,2,1,2,10:04 PM,6:03,MISS Jefferson 21' Jump Shot,,,,
0021001067,169,4,0,2,10:04 PM,6:02,,,Jack REBOUND (Off:0 Def:2),,
0021001067,170,1,7,2,10:04 PM,5:55,,,Okafor 1' Dunk (10 PTS) (Jack 1 AST),38 - 40,2
0021001067,171,6,2,2,10:04 PM,5:39,,,Belinelli S.FOUL (P1.T2),,
0021001067,172,9,4,2,10:04 PM,5:39,,,,,
0021001067,174,8,0,2,10:06 PM,5:39,,,SUB: Paul FOR Jack,,
0021001067,175,3,11,2,10:07 PM,5:39,Hayward Free Throw 1 of 2 (8 PTS),,,38 - 41,3
0021001067,177,3,12,2,10:07 PM,5:39,Hayward Free Throw 2 of 2 (9 PTS),,,38 - 42,4
0021001067,179,1,1,2,10:07 PM,5:28,,,West 9' Jump Shot (16 PTS),40 - 42,2
0021001067,180,6,2,2,10:08 PM,5:06,,,Okafor S.FOUL (P1.T3),,
0021001067,181,3,11,2,10:08 PM,5:06,Millsap Free Throw 1 of 2 (13 PTS),,,40 - 43,3
0021001067,183,3,12,2,10:08 PM,5:06,Millsap Free Throw 2 of 2 (14 PTS),,,40 - 44,4
0021001067,185,1,1,2,10:09 PM,4:47,,,Belinelli 25' 3PT Jump Shot (7 PTS) (Paul 4 AST),43 - 44,1
0021001067,186,1,5,2,10:09 PM,4:30,Jefferson 2' Layup (4 PTS) (Hayward 1 AST),,,43 - 46,3
0021001067,187,1,65,2,10:09 PM,4:08,,,West 7' Jump Hook Shot (18 PTS),45 - 46,1
0021001067,188,6,1,2,10:10 PM,3:48,,,West P.FOUL (P1.T4),,
0021001067,189,6,1,2,10:10 PM,3:44,,,Belinelli P.FOUL (P2.PN),,
0021001067,190,3,11,2,10:10 PM,3:44,Bell Free Throw 1 of 2 (7 PTS),,,45 - 47,2
0021001067,192,8,0,2,10:11 PM,3:44,SUB: Watson FOR Price,,,,
0021001067,193,3,12,2,10:11 PM,3:44,Bell Free Throw 2 of 2 (8 PTS),,,45 - 48,3
0021001067,194,6,2,2,10:12 PM,3:35,Hayward S.FOUL (P1.T1),,,,
0021001067,198,3,11,2,10:12 PM,3:35,,,MISS Ariza Free Throw 1 of 2,,
0021001067,199,4,1,2,10:12 PM,3:35,,,Hornets Rebound,,
0021001067,200,3,12,2,10:12 PM,3:35,,,Ariza Free Throw 2 of 2 (1 PTS),46 - 48,2
0021001067,202,1,1,2,10:12 PM,3:19,Hayward 21' Jump Shot (11 PTS) (Watson 6 AST),,,46 - 50,4
0021001067,203,2,1,2,10:13 PM,3:01,,,MISS West 11' Jump Shot,,
0021001067,204,4,0,2,10:13 PM,3:00,Jefferson REBOUND (Off:1 Def:3),,,,
0021001067,205,2,1,2,10:13 PM,2:51,MISS Millsap 20' Jump Shot,,,,
0021001067,206,4,0,2,10:13 PM,2:48,Jefferson REBOUND (Off:2 Def:3),,,,
0021001067,207,1,8,2,10:13 PM,2:46,Jefferson 1' Slam Dunk (6 PTS),,,46 - 52,6
0021001067,208,1,1,2,10:13 PM,2:33,,,Ariza  3PT Jump Shot (4 PTS) (Belinelli 3 AST),49 - 52,3
0021001067,209,5,1,2,10:14 PM,2:13,Jefferson Bad Pass Turnover (P2.T8),,Ariza STEAL (3 STL),,
0021001067,210,1,1,2,10:14 PM,1:57,,,Ariza  3PT Jump Shot (7 PTS) (Belinelli 4 AST),52 - 52,TIE
0021001067,211,2,1,2,10:14 PM,1:31,MISS Jefferson 8' Jump Shot,,,,
0021001067,212,4,0,2,10:14 PM,1:30,,,West REBOUND (Off:0 Def:1),,
0021001067,213,1,1,2,10:14 PM,1:22,,,Paul 18' Jump Shot (8 PTS),54 - 52,-2
0021001067,214,6,2,2,10:15 PM,1:04,,,West S.FOUL (P2.PN),,
0021001067,215,9,1,2,10:15 PM,1:04,JAZZ Timeout: Regular (Full 2 Short 0),,,,
0021001067,217,8,0,2,10:17 PM,1:04,,,SUB: Jack FOR Belinelli,,
0021001067,218,3,11,2,10:17 PM,1:04,Bell Free Throw 1 of 2 (9 PTS),,,54 - 53,-1
0021001067,220,3,12,2,10:17 PM,1:04,Bell Free Throw 2 of 2 (10 PTS),,,54 - 54,TIE
0021001067,222,2,1,2,10:18 PM,0:49,,,MISS West 6' Jump Shot,,
0021001067,224,4,0,2,10:18 PM,0:49,,,West REBOUND (Off:1 Def:1),,
0021001067,223,1,4,2,10:18 PM,0:49,,,West 1' Tip Shot (20 PTS),56 - 54,-2
0021001067,225,5,1,2,10:18 PM,0:28,Jefferson Bad Pass Turnover (P3.T9),,West STEAL (1 STL),,
0021001067,226,6,1,2,10:19 PM,0:13,Watson P.FOUL (P2.T2),,,,
0021001067,227,8,0,2,10:19 PM,0:13,,,SUB: Belinelli FOR Jack,,
0021001067,228,8,0,2,10:19 PM,0:13,,,SUB: Landry FOR Okafor,,
0021001067,229,8,0,2,10:19 PM,0:13,SUB: Evans FOR Jefferson,,,,
0021001067,230,2,1,2,10:20 PM,0:02,,,MISS Paul 24' 3PT Jump Shot,,
0021001067,231,4,0,2,10:20 PM,0:01,,,West REBOUND (Off:2 Def:1),,
0021001067,232,2,1,2,10:20 PM,0:01,Millsap BLOCK (1 BLK),,MISS West 13' Jump Shot,,
0021001067,233,4,0,2,10:20 PM,0:00,Millsap REBOUND (Off:2 Def:4),,,,
0021001067,235,13,0,2,10:20 PM,0:00,,,,56 - 54,-2
0021001067,237,12,0,3,10:36 PM,12:00,,,,56 - 54,-2
0021001067,238,2,46,3,10:36 PM,11:35,MISS Bell 11' Running Jump Shot,,,,
0021001067,239,4,0,3,10:36 PM,11:34,Jefferson REBOUND (Off:3 Def:3),,,,
0021001067,240,2,5,3,10:36 PM,11:31,MISS Jefferson 2' Layup,,Okafor BLOCK (1 BLK),,
0021001067,242,4,0,3,10:36 PM,11:28,Jefferson REBOUND (Off:4 Def:3),,,,
0021001067,241,1,5,3,10:36 PM,11:28,Jefferson 2' Layup (8 PTS),,,56 - 56,TIE
0021001067,243,5,1,3,10:37 PM,11:12,Jefferson STEAL (1 STL),,Okafor Bad Pass Turnover (P1.T5),,
0021001067,244,1,42,3,10:37 PM,11:06,Miles 2' Driving Layup (2 PTS),,,56 - 58,2
0021001067,245,2,1,3,10:37 PM,10:44,,,MISS West 8' Jump Shot,,
0021001067,246,4,0,3,10:37 PM,10:43,Jefferson REBOUND (Off:4 Def:4),,,,
0021001067,247,1,1,3,10:37 PM,10:36,Miles 23' Jump Shot (4 PTS) (Watson 7 AST),,,56 - 60,4
0021001067,248,5,1,3,10:38 PM,10:21,Bell STEAL (1 STL),,Paul Bad Pass Turnover (P1.T6),,
0021001067,249,2,63,3,10:38 PM,10:05,MISS Miles 16' Fadeaway Jumper,,,,
0021001067,250,4,0,3,10:38 PM,10:04,,,Okafor REBOUND (Off:1 Def:3),,
0021001067,251,1,5,3,10:38 PM,9:54,,,Ariza 2' Layup (9 PTS) (Paul 5 AST),58 - 60,2
0021001067,252,6,2,3,10:38 PM,9:54,Miles S.FOUL (P2.T1),,,,
0021001067,253,3,10,3,10:38 PM,9:54,,,MISS Ariza Free Throw 1 of 1,,
0021001067,255,4,0,3,10:38 PM,9:53,Millsap REBOUND (Off:2 Def:5),,,,
0021001067,256,1,1,3,10:39 PM,9:40,Millsap 19' Jump Shot (16 PTS),,,58 - 62,4
0021001067,257,1,1,3,10:39 PM,9:24,,,Belinelli 18' Jump Shot (9 PTS) (Okafor 3 AST),60 - 62,2
0021001067,258,2,44,3,10:39 PM,9:03,MISS Millsap 2' Reverse Layup,,,,
0021001067,259,4,0,3,10:39 PM,9:02,,,Ariza REBOUND (Off:0 Def:3),,
0021001067,260,2,1,3,10:39 PM,8:51,,,MISS West 4' Jump Shot,,
0021001067,261,4,0,3,10:39 PM,8:50,Jefferson REBOUND (Off:4 Def:5),,,,
0021001067,262,2,42,3,10:40 PM,8:44,MISS Watson 3' Driving Layup,,,,
0021001067,263,4,0,3,10:40 PM,8:43,,,Paul REBOUND (Off:1 Def:1),,
0021001067,264,1,1,3,10:40 PM,8:35,,,West 18' Jump Shot (22 PTS) (Paul 6 AST),62 - 62,TIE
0021001067,265,2,1,3,10:40 PM,8:14,MISS Miles 24' 3PT Jump Shot,,,,
0021001067,266,4,0,3,10:40 PM,8:12,Millsap REBOUND (Off:3 Def:5),,,,
0021001067,267,2,1,3,10:40 PM,7:59,MISS Bell  3PT Jump Shot,,,,
0021001067,268,4,0,3,10:40 PM,7:58,,,Ariza REBOUND (Off:0 Def:4),,
0021001067,269,2,5,3,10:41 PM,7:49,Millsap BLOCK (2 BLK),,MISS Okafor 1' Layup,,
0021001067,270,4,0,3,10:41 PM,7:47,,,Okafor REBOUND (Off:2 Def:3),,
0021001067,271,8,0,3,10:41 PM,7:45,,,SUB: Landry FOR Okafor,,
0021001067,272,1,5,3,10:41 PM,7:42,,,Belinelli 1' Layup (11 PTS) (Ariza 2 AST),64 - 62,-2
0021001067,273,1,86,3,10:41 PM,7:16,Millsap 16' Turnaround Fadeaway (18 PTS),,,64 - 64,TIE
0021001067,274,2,1,3,10:42 PM,7:07,,,MISS Landry 18' Jump Shot,,
0021001067,275,4,0,3,10:42 PM,7:06,Miles REBOUND (Off:0 Def:2),,,,
0021001067,276,1,1,3,10:42 PM,6:49,Jefferson 20' Jump Shot (10 PTS) (Millsap 1 AST),,,64 - 66,2
0021001067,277,7,5,3,10:42 PM,6:40,Millsap Violation:Kicked Ball,,,,
0021001067,278,2,1,3,10:42 PM,6:33,Millsap BLOCK (3 BLK),,MISS Landry 4' Jump Shot,,
0021001067,279,4,0,3,10:43 PM,6:31,Jefferson REBOUND (Off:4 Def:6),,,,
0021001067,280,5,2,3,10:43 PM,6:25,Millsap Lost Ball Turnover (P1.T10),,Belinelli STEAL (2 STL),,
0021001067,281,2,1,3,10:43 PM,6:16,,,MISS Belinelli 23' Jump Shot,,
0021001067,282,4,0,3,10:43 PM,6:15,Miles REBOUND (Off:0 Def:3),,,,
0021001067,283,2,1,3,10:43 PM,6:05,MISS Bell  3PT Jump Shot,,,,
0021001067,284,4,0,3,10:43 PM,6:04,,,Paul REBOUND (Off:1 Def:2),,
0021001067,285,2,1,3,10:43 PM,5:46,,,MISS West 5' Jump Shot,,
0021001067,286,4,0,3,10:43 PM,5:45,Bell REBOUND (Off:0 Def:1),,,,
0021001067,287,1,44,3,10:44 PM,5:26,Bell 2' Reverse Layup (12 PTS) (Jefferson 1 AST),,,64 - 68,4
0021001067,288,9,1,3,10:44 PM,5:25,,,Hornets Timeout: Regular (Reg.3 Short 0),,
0021001067,290,8,0,3,10:46 PM,5:25,,,SUB: Green FOR Belinelli,,
0021001067,291,2,1,3,10:46 PM,5:02,,,MISS Paul 5' Jump Shot,,
0021001067,292,4,0,3,10:46 PM,5:01,Millsap REBOUND (Off:3 Def:6),,,,
0021001067,293,2,1,3,10:47 PM,4:37,MISS Miles 24' 3PT Jump Shot,,,,
0021001067,294,4,0,3,10:47 PM,4:35,Millsap REBOUND (Off:4 Def:6),,,,
0021001067,295,1,1,3,10:47 PM,4:27,Jefferson 9' Jump Shot (12 PTS),,,64 - 70,6
0021001067,296,6,2,3,10:47 PM,4:08,Bell S.FOUL (P1.T2),,,,
0021001067,297,3,11,3,10:48 PM,4:08,,,West Free Throw 1 of 2 (23 PTS),65 - 70,5
0021001067,299,3,12,3,10:48 PM,4:08,,,West Free Throw 2 of 2 (24 PTS),66 - 70,4
0021001067,301,6,17,3,10:49 PM,3:51,,,Hornets T.Foul (Def. 3 Sec Landry ),,
0021001067,302,3,16,3,10:49 PM,3:51,Miles Free Throw Technical (5 PTS),,,66 - 71,5
0021001067,304,2,1,3,10:49 PM,3:39,MISS Watson 20' Jump Shot,,,,
0021001067,305,4,0,3,10:49 PM,3:37,,,Green REBOUND (Off:0 Def:1),,
0021001067,306,2,5,3,10:50 PM,3:25,,,MISS West 2' Layup,,
0021001067,307,4,0,3,10:50 PM,3:24,Watson REBOUND (Off:0 Def:1),,,,
0021001067,308,2,1,3,10:50 PM,3:05,MISS Jefferson 19' Jump Shot,,,,
0021001067,309,4,0,3,10:50 PM,3:04,,,Ariza REBOUND (Off:0 Def:5),,
0021001067,310,6,2,3,10:50 PM,2:56,Millsap S.FOUL (P3.T3),,,,
0021001067,311,9,1,3,10:50 PM,2:56,JAZZ Timeout: Regular (Full 3 Short 0),,,,
0021001067,313,8,0,3,10:52 PM,2:56,SUB: Favors FOR Millsap,,,,
0021001067,314,8,0,3,10:52 PM,2:56,SUB: Hayward FOR Bell,,,,
0021001067,315,3,11,3,10:53 PM,2:56,,,MISS Landry Free Throw 1 of 2,,
0021001067,316,4,1,3,10:53 PM,2:56,,,Hornets Rebound,,
0021001067,317,3,12,3,10:53 PM,2:56,,,Landry Free Throw 2 of 2 (1 PTS),67 - 71,4
0021001067,319,6,1,3,10:53 PM,2:45,,,Ariza P.FOUL (P2.T1),,
0021001067,320,8,0,3,10:54 PM,2:45,,,SUB: Gray FOR West,,
0021001067,321,5,11,3,10:54 PM,2:30,JAZZ Turnover: Shot Clock (T#11),,,,
0021001067,322,1,1,3,10:54 PM,2:17,,,Paul 18' Jump Shot (10 PTS),69 - 71,2
0021001067,323,5,1,3,10:55 PM,1:59,Favors Bad Pass Turnover (P2.T12),,Ariza STEAL (4 STL),,
0021001067,324,6,9,3,10:55 PM,1:59,Miles C.P.FOUL (P3.T4),,,,
0021001067,325,8,0,3,10:55 PM,1:59,SUB: Evans FOR Jefferson,,,,
0021001067,326,18,0,3,10:55 PM,1:59,,,,,
0021001067,327,3,25,3,10:56 PM,1:59,,,Landry Free Throw Clear Path 1 of 2 (2 PTS),70 - 71,1
0021001067,329,3,26,3,10:56 PM,1:59,,,Landry Free Throw Clear Path 2 of 2 (3 PTS),71 - 71,TIE
0021001067,331,2,5,3,10:57 PM,1:42,Favors BLOCK (1 BLK),,MISS Green 2' Layup,,
0021001067,332,4,0,3,10:57 PM,1:41,Watson REBOUND (Off:0 Def:2),,,,
0021001067,333,1,5,3,10:57 PM,1:37,Watson 1' Layup (4 PTS) (Hayward 2 AST),,,71 - 73,2
0021001067,334,1,1,3,10:58 PM,1:18,,,Paul 16' Jump Shot (12 PTS),73 - 73,TIE
0021001067,335,6,2,3,10:58 PM,1:18,Watson S.FOUL (P3.PN),,,,
0021001067,336,8,0,3,10:58 PM,1:18,,,SUB: Jack FOR Green,,
0021001067,337,3,10,3,10:58 PM,1:18,,,Paul Free Throw 1 of 1 (13 PTS),74 - 73,-1
0021001067,339,1,1,3,10:58 PM,0:53,Watson  3PT Jump Shot (7 PTS) (Miles 1 AST),,,74 - 76,2
0021001067,340,1,67,3,10:59 PM,0:40,,,Gray 4' Hook Bank Shot (2 PTS) (Paul 7 AST),76 - 76,TIE
0021001067,341,1,1,3,10:59 PM,0:30,Miles 7' Jump Shot (7 PTS) (Watson 8 AST),,,76 - 78,2
0021001067,342,1,1,3,10:59 PM,0:05,,,Paul 8' Jump Shot (15 PTS),78 - 78,TIE
0021001067,344,13,0,3,11:00 PM,0:00,,,,78 - 78,TIE
0021001067,345,12,0,4,11:02 PM,12:00,,,,78 - 78,TIE
0021001067,346,2,1,4,11:02 PM,11:42,,,MISS Gray 3' Jump Shot,,
0021001067,348,4,0,4,11:02 PM,11:40,,,Gray REBOUND (Off:1 Def:0),,
0021001067,347,2,5,4,11:02 PM,11:40,Miles BLOCK (1 BLK),,MISS Gray 2' Layup,,
0021001067,349,4,0,4,11:03 PM,11:35,Hayward REBOUND (Off:0 Def:3),,,,
0021001067,350,1,42,4,11:03 PM,11:20,Miles 2' Driving Layup (9 PTS),,,78 - 80,2
0021001067,351,1,1,4,11:03 PM,10:59,,,Jack 6' Jump Shot (6 PTS),80 - 80,TIE
0021001067,352,2,1,4,11:03 PM,10:43,MISS Hayward 23' Jump Shot,,,,
0021001067,353,4,0,4,11:03 PM,10:41,,,Hornets Rebound,,
0021001067,354,2,1,4,11:04 PM,10:24,,,MISS Jack 12' Jump Shot,,
0021001067,355,4,0,4,11:04 PM,10:23,Miles REBOUND (Off:0 Def:4),,,,
0021001067,356,2,1,4,11:04 PM,10:05,MISS Favors 15' Jump Shot,,,,
0021001067,357,4,0,4,11:04 PM,10:04,,,Ariza REBOUND (Off:0 Def:6),,
0021001067,358,6,1,4,11:04 PM,10:00,Favors P.FOUL (P1.T1),,,,
0021001067,359,8,0,4,11:05 PM,10:00,SUB: Bell FOR Miles,,,,
0021001067,360,5,2,4,11:05 PM,9:46,Favors STEAL (1 STL),,Landry Lost Ball Turnover (P2.T7),,
0021001067,361,5,2,4,11:05 PM,9:39,Price Lost Ball Turnover (P2.T13),,Jack STEAL (1 STL),,
0021001067,362,2,5,4,11:05 PM,9:33,Hayward BLOCK (2 BLK),,MISS Paul 1' Layup,,
0021001067,363,4,0,4,11:05 PM,9:33,,,Hornets Rebound,,
0021001067,364,1,8,4,11:06 PM,9:26,,,Ariza 2' Slam Dunk (11 PTS) (Gray 1 AST),82 - 80,-2
0021001067,365,2,1,4,11:06 PM,8:58,MISS Favors 18' Jump Shot,,,,
0021001067,366,4,0,4,11:06 PM,8:57,,,Ariza REBOUND (Off:0 Def:7),,
0021001067,367,1,1,4,11:07 PM,8:47,,,Jack  3PT Jump Shot (9 PTS) (Paul 8 AST),85 - 80,-5
0021001067,370,8,0,4,11:08 PM,8:37,SUB: Watson FOR Price,,,,
0021001067,371,8,0,4,11:08 PM,8:37,,,SUB: West FOR Landry,,
0021001067,372,6,2,4,11:09 PM,8:22,,,Ariza S.FOUL (P3.T1),,
0021001067,373,9,4,4,11:09 PM,8:22,,,,,
0021001067,374,8,0,4,11:11 PM,8:22,SUB: Jefferson FOR Favors,,,,
0021001067,375,8,0,4,11:11 PM,8:22,SUB: Millsap FOR Evans,,,,
0021001067,376,3,11,4,11:11 PM,8:22,Bell Free Throw 1 of 2 (13 PTS),,,85 - 81,-4
0021001067,378,3,12,4,11:11 PM,8:22,MISS Bell Free Throw 2 of 2,,,,
0021001067,380,4,0,4,11:12 PM,8:21,,,Ariza REBOUND (Off:0 Def:8),,
0021001067,381,6,2,4,11:12 PM,8:08,Bell S.FOUL (P2.T2),,,,
0021001067,382,3,11,4,11:12 PM,8:08,,,Jack Free Throw 1 of 2 (10 PTS),86 - 81,-5
0021001067,384,8,0,4,11:12 PM,8:08,,,SUB: Belinelli FOR Paul,,
0021001067,385,3,12,4,11:12 PM,8:08,,,Jack Free Throw 2 of 2 (11 PTS),87 - 81,-6
0021001067,387,1,1,4,11:13 PM,7:45,Watson 25' 3PT Jump Shot (10 PTS) (Millsap 2 AST),,,87 - 84,-3
0021001067,388,1,63,4,11:13 PM,7:20,,,Jack 6' Fadeaway Jumper (13 PTS),89 - 84,-5
0021001067,389,1,42,4,11:14 PM,7:00,Millsap 3' Driving Layup (20 PTS) (Hayward 3 AST),,,89 - 86,-3
0021001067,390,2,1,4,11:14 PM,6:39,,,MISS West 4' Jump Shot,,
0021001067,391,4,0,4,11:14 PM,6:38,,,Gray REBOUND (Off:2 Def:0),,
0021001067,392,2,1,4,11:14 PM,6:22,,,MISS Ariza 24' 3PT Jump Shot,,
0021001067,393,4,0,4,11:14 PM,6:21,Bell REBOUND (Off:0 Def:2),,,,
0021001067,394,2,5,4,11:14 PM,6:14,MISS Hayward 3' Layup,,,,
0021001067,395,4,0,4,11:14 PM,6:13,Millsap REBOUND (Off:5 Def:6),,,,
0021001067,396,1,1,4,11:14 PM,6:08,Watson 24' 3PT Jump Shot (13 PTS) (Millsap 3 AST),,,89 - 89,TIE
0021001067,397,1,1,4,11:15 PM,5:51,,,West 20' Jump Shot (26 PTS) (Jack 2 AST),91 - 89,-2
0021001067,398,1,46,4,11:15 PM,5:24,Millsap 8' Running Jump Shot (22 PTS) (Jefferson 2 AST),,,91 - 91,TIE
0021001067,399,6,2,4,11:15 PM,5:24,,,West S.FOUL (P3.T2),,
0021001067,400,9,1,4,11:15 PM,5:24,JAZZ Timeout: Regular (Full 4 Short 0),,,,
0021001067,401,8,0,4,11:17 PM,5:24,,,SUB: Paul FOR Ariza,,
0021001067,402,3,10,4,11:18 PM,5:24,Millsap Free Throw 1 of 1 (23 PTS),,,91 - 92,1
0021001067,404,1,1,4,11:18 PM,5:12,,,Belinelli  3PT Jump Shot (14 PTS) (Paul 9 AST),94 - 92,-2
0021001067,405,2,1,4,11:18 PM,4:48,MISS Jefferson 10' Jump Shot,,,,
0021001067,406,4,0,4,11:18 PM,4:47,,,Gray REBOUND (Off:2 Def:1),,
0021001067,407,6,1,4,11:19 PM,4:36,Jefferson P.FOUL (P3.T3),,,,
0021001067,408,2,1,4,11:19 PM,4:24,,,MISS West 7' Jump Shot,,
0021001067,410,4,0,4,11:19 PM,4:22,,,Gray REBOUND (Off:3 Def:1),,
0021001067,409,1,4,4,11:19 PM,4:22,,,Gray 2' Tip Shot (4 PTS),96 - 92,-4
0021001067,411,2,1,4,11:19 PM,4:08,MISS Bell 21' Jump Shot,,,,
0021001067,412,4,0,4,11:19 PM,4:07,,,Gray REBOUND (Off:3 Def:2),,
0021001067,413,1,84,4,11:20 PM,3:52,,,Paul 7' Running Bank Shot (17 PTS),98 - 92,-6
0021001067,414,6,1,4,11:20 PM,3:39,,,Belinelli P.FOUL (P3.T3),,
0021001067,415,6,1,4,11:20 PM,3:32,,,Belinelli P.FOUL (P4.T4),,
0021001067,416,1,63,4,11:21 PM,3:25,Millsap 16' Fadeaway Jumper (25 PTS),,,98 - 94,-4
0021001067,417,1,1,4,11:21 PM,3:07,,,Paul 19' Jump Shot (19 PTS),100 - 94,-6
0021001067,418,1,63,4,11:21 PM,2:46,Millsap 11' Fadeaway Jumper (27 PTS),,,100 - 96,-4
0021001067,419,2,1,4,11:22 PM,2:31,,,MISS Paul 15' Jump Shot,,
0021001067,420,4,0,4,11:22 PM,2:30,Bell REBOUND (Off:0 Def:3),,,,
0021001067,421,2,1,4,11:22 PM,2:24,MISS Hayward 24' 3PT Jump Shot,,,,
0021001067,422,4,0,4,11:22 PM,2:23,Watson REBOUND (Off:1 Def:2),,,,
0021001067,423,2,51,4,11:22 PM,2:13,MISS Millsap 1' Reverse Dunk,,West BLOCK (1 BLK),,
0021001067,425,4,0,4,11:22 PM,2:12,Jefferson REBOUND (Off:5 Def:6),,,,
0021001067,424,1,4,4,11:22 PM,2:12,Jefferson 1' Tip Shot (14 PTS),,,100 - 98,-2
0021001067,426,9,1,4,11:22 PM,2:11,,,Hornets Timeout: Regular (Reg.4 Short 0),,
0021001067,428,2,1,4,11:25 PM,1:48,,,MISS Paul 14' Jump Shot,,
0021001067,429,4,0,4,11:25 PM,1:47,Bell REBOUND (Off:0 Def:4),,,,
0021001067,430,2,1,4,11:25 PM,1:25,MISS Millsap 19' Jump Shot,,,,
0021001067,431,4,0,4,11:25 PM,1:24,,,Belinelli REBOUND (Off:0 Def:2),,
0021001067,432,6,2,4,11:26 PM,1:02,Watson S.FOUL (P4.T4),,,,
0021001067,433,3,11,4,11:26 PM,1:02,,,MISS West Free Throw 1 of 2,,
0021001067,434,4,1,4,11:26 PM,1:02,,,Hornets Rebound,,
0021001067,435,8,0,4,11:26 PM,1:02,,,SUB: Ariza FOR Belinelli,,
0021001067,438,3,12,4,11:26 PM,1:02,,,West Free Throw 2 of 2 (27 PTS),101 - 98,-3
0021001067,440,1,42,4,11:27 PM,0:46,Millsap 2' Driving Layup (29 PTS),,,101 - 100,-1
0021001067,441,6,2,4,11:27 PM,0:46,,,West S.FOUL (P4.PN),,
0021001067,442,3,10,4,11:27 PM,0:46,Millsap Free Throw 1 of 1 (30 PTS),,,101 - 101,TIE
0021001067,444,9,1,4,11:27 PM,0:46,,,Hornets Timeout: Regular (Reg.5 Short 0),,
0021001067,446,8,0,4,11:29 PM,0:46,,,SUB: Belinelli FOR Ariza,,
0021001067,447,2,1,4,11:29 PM,0:37,,,MISS Belinelli 20' Jump Shot,,
0021001067,448,4,0,4,11:29 PM,0:36,Bell REBOUND (Off:0 Def:5),,,,
0021001067,449,9,1,4,11:29 PM,0:35,JAZZ Timeout: Regular (Full 5 Short 0),,,,
0021001067,451,8,0,4,11:31 PM,0:35,,,SUB: Ariza FOR Belinelli,,
0021001067,452,1,1,4,11:31 PM,0:31,Jefferson 4' Jump Shot (16 PTS) (Millsap 4 AST),,,101 - 103,2
0021001067,453,9,2,4,11:31 PM,0:31,,,Hornets Timeout: Short (Reg.5 Short 1),,
0021001067,454,1,8,4,11:32 PM,0:22,,,West 1' Slam Dunk (29 PTS) (Paul 10 AST),103 - 103,TIE
0021001067,455,2,1,4,11:33 PM,0:06,MISS Bell 8' Jump Shot,,Ariza BLOCK (1 BLK),,
0021001067,456,4,0,4,11:33 PM,0:06,JAZZ Rebound,,,,
0021001067,458,9,2,4,11:34 PM,0:06,,,Hornets Timeout: Short (Reg.5 Short 2),,
0021001067,459,18,0,4,11:35 PM,0:06,,,,,
0021001067,460,18,0,4,11:37 PM,0:06,,,,,
0021001067,461,8,0,4,11:37 PM,0:06,,,SUB: Okafor FOR West,,
0021001067,462,9,2,4,11:37 PM,0:06,JAZZ Timeout: Short (Full 5 Short 1),,,,
0021001067,464,6,2,4,11:38 PM,0:01,,,Okafor S.FOUL (P2.PN),,
0021001067,465,3,11,4,11:39 PM,0:01,Millsap Free Throw 1 of 2 (31 PTS),,,103 - 104,1
0021001067,467,3,12,4,11:39 PM,0:01,Millsap Free Throw 2 of 2 (32 PTS),,,103 - 105,2
0021001067,469,1,66,4,11:39 PM,0:00,,,Okafor 20' Jump Bank Shot (12 PTS),105 - 105,TIE
0021001067,470,18,0,4,11:40 PM,0:00,,,,,
0021001067,472,13,0,4,11:41 PM,0:00,,,,105 - 105,TIE
0021001067,474,12,0,5,11:42 PM,5:00,,,,105 - 105,TIE
0021001067,475,10,0,5,11:43 PM,5:00,Jump Ball Jefferson vs. Okafor: Tip to Bell,,,,
0021001067,476,2,1,5,11:43 PM,4:35,MISS Millsap 19' Jump Shot,,,,
0021001067,477,4,0,5,11:43 PM,4:34,,,Ariza REBOUND (Off:0 Def:9),,
0021001067,478,2,1,5,11:43 PM,4:12,,,MISS Jack 11' Jump Shot,,
0021001067,479,4,0,5,11:43 PM,4:11,Jefferson REBOUND (Off:5 Def:7),,,,
0021001067,480,1,47,5,11:44 PM,3:51,Jefferson 10' Turnaround Jump Shot (18 PTS) (Hayward 4 AST),,,105 - 107,2
0021001067,481,1,1,5,11:44 PM,3:38,,,Jack 18' Jump Shot (15 PTS) (Paul 11 AST),107 - 107,TIE
0021001067,482,1,47,5,11:44 PM,3:14,Jefferson 10' Turnaround Jump Shot (20 PTS),,,107 - 109,2
0021001067,483,2,1,5,11:45 PM,2:59,Jefferson BLOCK (1 BLK),,MISS Okafor 6' Jump Shot,,
0021001067,484,4,0,5,11:45 PM,2:57,,,Gray REBOUND (Off:4 Def:2),,
0021001067,485,1,1,5,11:45 PM,2:52,,,Paul 5' Jump Shot (21 PTS) (Gray 2 AST),109 - 109,TIE
0021001067,486,2,77,5,11:45 PM,2:23,MISS Millsap 3' Driving Jump Shot,,,,
0021001067,487,4,0,5,11:45 PM,2:22,,,Gray REBOUND (Off:4 Def:3),,
0021001067,488,1,1,5,11:45 PM,2:10,,,Ariza 24' 3PT Jump Shot (14 PTS) (Paul 12 AST),112 - 109,-3
0021001067,489,2,1,5,11:46 PM,1:44,MISS Bell 25' 3PT Jump Shot,,,,
0021001067,490,4,0,5,11:46 PM,1:43,,,Okafor REBOUND (Off:2 Def:4),,
0021001067,491,10,0,5,11:47 PM,1:26,Jump Ball Watson vs. Jack: Tip to Ariza,,,,
0021001067,492,2,1,5,11:47 PM,1:21,,,MISS Paul 24' 3PT Jump Shot,,
0021001067,493,4,0,5,11:47 PM,1:21,JAZZ Rebound,,,,
0021001067,494,6,3,5,11:47 PM,1:21,,,Gray L.B.FOUL (P1.T1),,
0021001067,496,6,2,5,11:47 PM,0:58,,,Okafor S.FOUL (P3.PN),,
0021001067,497,3,11,5,11:48 PM,0:58,MISS Millsap Free Throw 1 of 2,,,,
0021001067,498,4,1,5,11:48 PM,0:58,JAZZ Rebound,,,,
0021001067,499,3,12,5,11:48 PM,0:58,Millsap Free Throw 2 of 2 (33 PTS),,,112 - 110,-2
0021001067,507,2,5,5,11:49 PM,0:35,Hayward BLOCK (3 BLK),,MISS Jack 3' Layup,,
0021001067,508,4,0,5,11:49 PM,0:35,,,Gray REBOUND (Off:5 Def:3),,
0021001067,501,1,5,5,11:49 PM,0:35,,,Gray 2' Layup (6 PTS),114 - 110,-4
0021001067,502,6,2,5,11:49 PM,0:35,Millsap S.FOUL (P4.T1),,,,
0021001067,503,3,10,5,11:49 PM,0:35,,,MISS Gray Free Throw 1 of 1,,
0021001067,505,4,0,5,11:49 PM,0:34,Jefferson REBOUND (Off:5 Def:8),,,,
0021001067,506,9,1,5,11:49 PM,0:34,JAZZ Timeout: Regular (Full 6 Short 1),,,,
0021001067,510,6,1,5,11:50 PM,0:31,,,Paul P.FOUL (P1.PN),,
0021001067,512,3,11,5,11:51 PM,0:31,MISS Watson Free Throw 1 of 2,,,,
0021001067,513,4,1,5,11:51 PM,0:31,JAZZ Rebound,,,,
0021001067,514,3,12,5,11:51 PM,0:31,Watson Free Throw 2 of 2 (14 PTS),,,114 - 111,-3
0021001067,516,9,1,5,11:51 PM,0:31,,,Hornets Timeout: Regular (Reg.6 Short 2),,
0021001067,520,6,28,5,11:53 PM,0:30,Millsap Personal Take Foul (P5.PN),,,,
0021001067,521,3,11,5,11:53 PM,0:30,,,Gray Free Throw 1 of 2 (7 PTS),115 - 111,-4
0021001067,523,3,12,5,11:53 PM,0:30,,,Gray Free Throw 2 of 2 (8 PTS),116 - 111,-5
0021001067,525,1,1,5,11:54 PM,0:16,Jefferson 17' Jump Shot (22 PTS) (Hayward 5 AST),,,116 - 113,-3
0021001067,526,6,28,5,11:54 PM,0:15,Millsap Personal Take Foul (P6.PN),,,,
0021001067,528,8,0,5,11:54 PM,0:15,SUB: Miles FOR Millsap,,,,
0021001067,529,3,11,5,11:55 PM,0:15,,,Gray Free Throw 1 of 2 (9 PTS),117 - 113,-4
0021001067,531,8,0,5,11:55 PM,0:15,,,SUB: Green FOR Okafor,,
0021001067,532,3,12,5,11:55 PM,0:15,,,Gray Free Throw 2 of 2 (10 PTS),118 - 113,-5
0021001067,534,9,2,5,11:55 PM,0:15,JAZZ Timeout: Short (Full 6 Short 2),,,,
0021001067,536,1,7,5,11:56 PM,0:14,Hayward 1' Dunk (13 PTS) (Miles 2 AST),,,118 - 115,-3
0021001067,537,9,2,5,11:56 PM,0:14,,,Hornets Timeout: Short (Reg.6 Short 3),,
0021001067,538,8,0,5,11:58 PM,0:14,,,SUB: Belinelli FOR Gray,,
0021001067,539,8,0,5,11:58 PM,0:14,SUB: Price FOR Jefferson,,,,
0021001067,540,6,28,5,11:58 PM,0:12,Miles Personal Take Foul (P4.PN),,,,
0021001067,541,3,11,5,11:58 PM,0:12,,,MISS Paul Free Throw 1 of 2,,
0021001067,542,4,1,5,11:58 PM,0:12,,,Hornets Rebound,,
0021001067,543,3,12,5,11:59 PM,0:12,,,Paul Free Throw 2 of 2 (22 PTS),119 - 115,-4
0021001067,545,9,2,5,11:59 PM,0:12,JAZZ Timeout: Short (Full 6 Short 3),,,,
0021001067,547,1,8,5,12:00 PM,0:08,Miles 2' Slam Dunk (11 PTS),,,119 - 117,-2
0021001067,548,6,28,5,12:00 PM,0:07,Bell Personal Take Foul (P3.PN),,,,
0021001067,549,3,11,5,12:01 PM,0:07,,,Paul Free Throw 1 of 2 (23 PTS),120 - 117,-3
0021001067,551,3,12,5,12:01 PM,0:07,,,Paul Free Throw 2 of 2 (24 PTS),121 - 117,-4
0021001067,553,2,1,5,12:01 PM,0:01,MISS Hayward 25' 3PT Jump Shot,,,,
0021001067,554,4,0,5,12:01 PM,0:01,Price REBOUND (Off:1 Def:0),,,,
0021001067,556,2,5,5,12:02 PM,0:01,MISS Price 2' Layup,,,,
0021001067,557,4,0,5,12:02 PM,0:00,,,Jack REBOUND (Off:0 Def:3),,
0021001067,558,2,1,5,12:02 PM,0:00,,,MISS Jack 83' 3PT Jump Shot,,
0021001067,561,4,0,5,12:03 PM,0:00,,,Hornets Rebound,,
0021001067,560,13,0,5,12:03 PM,0:00,,,,121 - 117,-4
