GAME_ID,EVENTNUM,EVENTMSGTYPE,EVENTMSGACTIONTYPE,PERIOD,WCTIMESTRING,PCTIMESTRING,HOMEDESCRIPTION,NEUTRALDESCRIPTION,VISITORDESCRIPTION,SCORE,SCOREMARGIN
0020500298,0,12,0,1,9:12 PM,12:00,,,,,
0020500298,1,10,0,1,9:14 PM,12:00,Jump Ball Ostertag vs. Wallace: Tip to Wallace,,,,
0020500298,2,1,46,1,9:14 PM,11:49,,,Prince 7' Running Jump Shot (2 PTS),2 - 0,-2
0020500298,3,2,63,1,9:14 PM,11:25,MISS Kirilenko 20' Fadeaway Jumper,,,,
0020500298,4,4,0,1,9:14 PM,11:22,,,Wallace REBOUND (Off:0 Def:1),,
0020500298,5,2,1,1,9:15 PM,11:02,,,MISS Wallace 17' Jump Shot,,
0020500298,6,4,0,1,9:15 PM,11:00,Ostertag REBOUND (Off:0 Def:1),,,,
0020500298,7,5,41,1,9:15 PM,10:55,Palacio Poss Lost Ball Turnover (P1.T1),,,,
0020500298,8,2,1,1,9:15 PM,10:36,,,MISS Hamilton 21' Jump Shot,,
0020500298,9,4,0,1,9:15 PM,10:34,Kirilenko REBOUND (Off:0 Def:1),,,,
0020500298,10,2,1,1,9:16 PM,10:18,MISS Okur 19' Jump Shot,,,,
0020500298,11,4,0,1,9:16 PM,10:17,,,Wallace REBOUND (Off:0 Def:1),,
0020500298,12,1,1,1,9:16 PM,9:59,,,Prince 22' Jump Shot (4 PTS) (Hamilton 1 AST),4 - 0,-4
0020500298,13,9,2,1,9:16 PM,9:53,JAZZ Timeout: Short (Full 0 Short 1),,,,
0020500298,14,8,0,1,9:17 PM,9:53,SUB: Collins FOR Ostertag,,,,
0020500298,15,6,1,1,9:17 PM,9:49,,,Wallace P.FOUL (P1.T1),,
0020500298,16,1,1,1,9:17 PM,9:46,Okur 24' 3PT Jump Shot (3 PTS) (Kirilenko 1 AST),,,4 - 3,-1
0020500298,17,2,1,1,9:18 PM,9:27,,,MISS Prince 13' Jump Shot,,
0020500298,18,4,0,1,9:18 PM,9:25,Collins REBOUND (Off:0 Def:1),,,,
0020500298,19,2,56,1,9:18 PM,9:05,MISS Okur 9' Running Hook Shot,,,,
0020500298,20,4,0,1,9:18 PM,9:04,JAZZ Rebound,,,,
0020500298,21,2,1,1,9:18 PM,9:01,MISS Kirilenko 20' Jump Shot,,,,
0020500298,22,4,0,1,9:18 PM,8:58,,,Hamilton REBOUND (Off:0 Def:1),,
0020500298,23,6,1,1,9:19 PM,8:50,Brown P.FOUL (P1.T1),,,,
0020500298,24,5,41,1,9:19 PM,8:46,,,Hamilton Poss Lost Ball Turnover (P1.T1),,
0020500298,25,5,41,1,9:19 PM,8:29,Collins Poss Lost Ball Turnover (P1.T2),,,,
0020500298,26,6,1,1,9:20 PM,8:15,Palacio P.FOUL (P1.T2),,,,
0020500298,27,6,4,1,9:20 PM,8:13,,,Hamilton OFF.Foul (P1),,
0020500298,28,5,5,1,9:20 PM,8:13,,,Hamilton Foul Turnover (P2.T2),,
0020500298,29,1,1,1,9:20 PM,7:59,Okur 21' Jump Shot (5 PTS) (Brown 1 AST),,,4 - 5,1
0020500298,30,2,1,1,9:21 PM,7:42,,,MISS Billups 22' Jump Shot,,
0020500298,31,4,0,1,9:21 PM,7:40,Kirilenko REBOUND (Off:0 Def:2),,,,
0020500298,32,5,1,1,9:21 PM,7:25,Okur Bad Pass Turnover (P1.T3),,Wallace STEAL (1 STL),,
0020500298,33,2,1,1,9:21 PM,7:09,Kirilenko BLOCK (1 BLK),,MISS Hamilton 9' Jump Shot,,
0020500298,34,4,0,1,9:21 PM,7:07,Collins REBOUND (Off:0 Def:2),,,,
0020500298,35,1,7,1,9:21 PM,7:02,Kirilenko  Dunk (2 PTS) (Brown 2 AST),,,4 - 7,3
0020500298,36,2,1,1,9:22 PM,6:41,,,MISS Billups 24' 3PT Jump Shot,,
0020500298,38,4,0,1,9:22 PM,6:39,,,Wallace REBOUND (Off:1 Def:1),,
0020500298,37,2,7,1,9:22 PM,6:39,,,MISS Wallace  Dunk,,
0020500298,39,4,0,1,9:22 PM,6:37,Collins REBOUND (Off:0 Def:3),,,,
0020500298,40,2,46,1,9:22 PM,6:28,MISS Brown 4' Running Jump Shot,,,,
0020500298,41,4,0,1,9:22 PM,6:26,,,Wallace REBOUND (Off:0 Def:2),,
0020500298,42,2,5,1,9:22 PM,6:18,,,MISS Billups  Layup,,
0020500298,43,4,0,1,9:22 PM,6:17,Okur REBOUND (Off:0 Def:1),,,,
0020500298,44,5,1,1,9:22 PM,6:11,Palacio Bad Pass Turnover (P2.T4),,Wallace STEAL (1 STL),,
0020500298,45,1,5,1,9:22 PM,6:07,,,Billups  Layup (2 PTS) (Wallace 1 AST),6 - 7,1
0020500298,46,6,1,1,9:23 PM,5:50,,,Wallace P.FOUL (P1.T2),,
0020500298,47,9,1,1,9:23 PM,5:50,JAZZ Timeout: Regular (Full 1 Short 1),,,,
0020500298,48,1,1,1,9:25 PM,5:37,Palacio 21' Jump Shot (2 PTS),,,6 - 9,3
0020500298,49,6,1,1,9:25 PM,5:24,Collins P.FOUL (P1.T3),,,,
0020500298,50,1,5,1,9:26 PM,5:14,,,Wallace  Layup (2 PTS) (Prince 1 AST),8 - 9,1
0020500298,51,1,1,1,9:26 PM,4:47,Okur 20' Jump Shot (7 PTS),,,8 - 11,3
0020500298,52,2,46,1,9:27 PM,4:26,,,MISS Wallace 6' Running Jump Shot,,
0020500298,53,4,0,1,9:27 PM,4:24,Collins REBOUND (Off:0 Def:4),,,,
0020500298,54,5,1,1,9:27 PM,4:19,Brown Bad Pass Turnover (P1.T5),,Prince STEAL (1 STL),,
0020500298,55,1,5,1,9:27 PM,4:15,,,Hamilton  Layup (2 PTS) (Billups 1 AST),10 - 11,1
0020500298,56,6,1,1,9:27 PM,4:01,,,Billups P.FOUL (P1.T3),,
0020500298,57,2,1,1,9:28 PM,3:47,MISS Okur 25' 3PT Jump Shot,,,,
0020500298,58,4,0,1,9:28 PM,3:44,Collins REBOUND (Off:1 Def:4),,,,
0020500298,59,5,1,1,9:28 PM,3:31,Okur Bad Pass Turnover (P2.T6),,Wallace STEAL (2 STL),,
0020500298,60,6,1,1,9:28 PM,3:15,Brown P.FOUL (P2.T4),,,,
0020500298,61,8,0,1,9:28 PM,3:15,,,SUB: McDyess FOR Wallace,,
0020500298,62,8,0,1,9:28 PM,3:15,SUB: Owens FOR Brown,,,,
0020500298,63,2,1,1,9:29 PM,3:10,Kirilenko BLOCK (2 BLK),,MISS Hamilton 5' Jump Shot,,
0020500298,64,4,0,1,9:29 PM,3:07,Palacio REBOUND (Off:0 Def:1),,,,
0020500298,65,6,1,1,9:29 PM,2:59,,,McDyess P.FOUL (P1.T4),,
0020500298,66,9,1,1,9:29 PM,2:59,,,Pistons Timeout: Regular (Reg.1 Short 0),,
0020500298,67,8,0,1,9:31 PM,2:59,SUB: Humphries FOR Collins,,,,
0020500298,68,2,1,1,9:32 PM,2:48,MISS Kirilenko 15' Jump Shot,,Prince BLOCK (1 BLK),,
0020500298,69,4,0,1,9:32 PM,2:44,,,Wallace REBOUND (Off:0 Def:3),,
0020500298,70,2,1,1,9:32 PM,2:31,,,MISS Prince 21' Jump Shot,,
0020500298,71,4,0,1,9:32 PM,2:29,Palacio REBOUND (Off:0 Def:2),,,,
0020500298,72,2,1,1,9:32 PM,2:17,MISS Palacio 15' Jump Shot,,,,
0020500298,73,4,0,1,9:32 PM,2:16,,,Pistons Rebound,,
0020500298,74,6,2,1,9:33 PM,2:00,Humphries S.FOUL (P1.PN),,,,
0020500298,75,8,0,1,9:33 PM,2:00,,,SUB: Arroyo FOR Billups,,
0020500298,76,3,11,1,9:33 PM,2:00,,,Hamilton Free Throw 1 of 2 (3 PTS),11 - 11,TIE
0020500298,77,8,0,1,9:33 PM,2:00,SUB: McLeod FOR Palacio,,,,
0020500298,78,3,12,1,9:33 PM,2:00,,,Hamilton Free Throw 2 of 2 (4 PTS),12 - 11,-1
0020500298,79,2,1,1,9:34 PM,1:45,MISS Humphries 19' Jump Shot,,,,
0020500298,80,4,0,1,9:34 PM,1:44,,,Prince REBOUND (Off:0 Def:1),,
0020500298,81,6,2,1,9:34 PM,1:30,Humphries S.FOUL (P2.PN),,,,
0020500298,82,3,11,1,9:34 PM,1:30,,,McDyess Free Throw 1 of 2 (1 PTS),13 - 11,-2
0020500298,83,8,0,1,9:34 PM,1:30,SUB: Harpring FOR Humphries,,,,
0020500298,84,3,12,1,9:34 PM,1:30,,,McDyess Free Throw 2 of 2 (2 PTS),14 - 11,-3
0020500298,85,1,1,1,9:35 PM,1:19,Owens 19' Jump Shot (2 PTS) (McLeod 1 AST),,,14 - 13,-1
0020500298,86,1,1,1,9:35 PM,0:59,,,McDyess 19' Jump Shot (4 PTS) (Hamilton 2 AST),16 - 13,-3
0020500298,87,5,1,1,9:35 PM,0:47,McLeod Bad Pass Turnover (P1.T7),,Prince STEAL (2 STL),,
0020500298,88,2,5,1,9:35 PM,0:42,McLeod BLOCK (1 BLK),,MISS Prince  Layup,,
0020500298,89,4,0,1,9:36 PM,0:41,Kirilenko REBOUND (Off:0 Def:3),,,,
0020500298,90,1,1,1,9:36 PM,0:34,McLeod 21' Jump Shot (2 PTS),,,16 - 15,-1
0020500298,91,6,2,1,9:36 PM,0:19,Owens S.FOUL (P1.PN),,,,
0020500298,92,3,11,1,9:36 PM,0:19,,,Hamilton Free Throw 1 of 2 (5 PTS),17 - 15,-2
0020500298,93,3,12,1,9:36 PM,0:19,,,Hamilton Free Throw 2 of 2 (6 PTS),18 - 15,-3
0020500298,94,2,65,1,9:37 PM,0:01,MISS Okur 7' Jump Hook Shot,,,,
0020500298,95,4,0,1,9:37 PM,0:00,,,Prince REBOUND (Off:0 Def:2),,
0020500298,96,13,0,1,9:37 PM,0:00,,,,18 - 15,-3
0020500298,98,12,0,2,9:40 PM,12:00,,,,18 - 15,-3
0020500298,99,6,1,2,9:40 PM,11:40,,,Evans P.FOUL (P1.T1),,
0020500298,100,2,1,2,9:41 PM,11:32,MISS Harpring 4' Jump Shot,,,,
0020500298,101,4,0,2,9:41 PM,11:30,Collins REBOUND (Off:2 Def:4),,,,
0020500298,102,2,1,2,9:41 PM,11:25,MISS Collins 20' Jump Shot,,,,
0020500298,103,4,0,2,9:41 PM,11:25,Harpring REBOUND (Off:1 Def:0),,,,
0020500298,104,6,2,2,9:41 PM,11:25,,,Wallace S.FOUL (P2.T2),,
0020500298,105,3,11,2,9:41 PM,11:25,Harpring Free Throw 1 of 2 (1 PTS),,,18 - 16,-2
0020500298,106,8,0,2,9:41 PM,11:25,,,SUB: Wallace FOR Wallace,,
0020500298,107,3,12,2,9:41 PM,11:25,MISS Harpring Free Throw 2 of 2,,,,
0020500298,108,4,0,2,9:41 PM,11:23,Kirilenko REBOUND (Off:1 Def:3),,,,
0020500298,109,5,1,2,9:42 PM,11:12,McLeod Bad Pass Turnover (P2.T8),,Wallace STEAL (3 STL),,
0020500298,110,6,17,2,9:42 PM,10:58,JAZZ T.Foul (Def. 3 Sec Collins ),,,,
0020500298,111,3,16,2,9:42 PM,10:58,,,Hamilton Free Throw Technical (7 PTS),19 - 16,-3
0020500298,112,8,0,2,9:42 PM,10:58,SUB: Okur FOR Kirilenko,,,,
0020500298,113,2,1,2,9:43 PM,10:45,,,MISS Hamilton 12' Jump Shot,,
0020500298,114,4,0,2,9:43 PM,10:43,Okur REBOUND (Off:0 Def:2),,,,
0020500298,115,2,1,2,9:43 PM,10:30,MISS Harpring 4' Jump Shot,,Evans BLOCK (1 BLK),,
0020500298,116,4,0,2,9:43 PM,10:28,,,Evans REBOUND (Off:0 Def:1),,
0020500298,117,1,1,2,9:43 PM,10:19,,,McDyess 18' Jump Shot (6 PTS) (Arroyo 1 AST),21 - 16,-5
0020500298,118,2,1,2,9:43 PM,10:05,MISS Okur 17' Jump Shot,,,,
0020500298,119,4,0,2,9:44 PM,10:01,Collins REBOUND (Off:3 Def:4),,,,
0020500298,120,2,5,2,9:44 PM,9:59,MISS Harpring  Layup,,Evans BLOCK (2 BLK),,
0020500298,121,4,0,2,9:44 PM,9:58,,,Arroyo REBOUND (Off:0 Def:1),,
0020500298,122,1,5,2,9:44 PM,9:55,,,Hamilton  Layup (9 PTS) (Arroyo 2 AST),23 - 16,-7
0020500298,123,9,1,2,9:44 PM,9:48,JAZZ Timeout: Regular (Full 2 Short 1),,,,
0020500298,124,8,0,2,9:46 PM,9:48,,,SUB: Delfino FOR Hamilton,,
0020500298,125,6,2,2,9:46 PM,9:31,,,Evans S.FOUL (P2.T3),,
0020500298,126,3,11,2,9:46 PM,9:31,McLeod Free Throw 1 of 2 (3 PTS),,,23 - 17,-6
0020500298,127,8,0,2,9:47 PM,9:31,SUB: Brown FOR Owens,,,,
0020500298,128,3,12,2,9:47 PM,9:31,MISS McLeod Free Throw 2 of 2,,,,
0020500298,129,4,0,2,9:47 PM,9:28,,,Delfino REBOUND (Off:0 Def:1),,
0020500298,130,1,1,2,9:47 PM,9:19,,,McDyess 16' Jump Shot (8 PTS) (Wallace 1 AST),25 - 17,-8
0020500298,131,1,1,2,9:47 PM,9:04,Harpring 16' Jump Shot (3 PTS) (McLeod 2 AST),,,25 - 19,-6
0020500298,132,1,1,2,9:48 PM,8:43,,,Wallace 18' Jump Shot (2 PTS),27 - 19,-8
0020500298,133,2,1,2,9:48 PM,8:20,MISS Collins 9' Jump Shot,,,,
0020500298,135,4,0,2,9:48 PM,8:17,Harpring REBOUND (Off:2 Def:0),,,,
0020500298,134,2,4,2,9:48 PM,8:17,MISS Harpring  Tip Shot,,,,
0020500298,136,4,0,2,9:48 PM,8:16,,,Delfino REBOUND (Off:0 Def:2),,
0020500298,137,6,2,2,9:48 PM,8:06,Collins S.FOUL (P2.T1),,,,
0020500298,138,3,11,2,9:49 PM,8:06,,,Arroyo Free Throw 1 of 2 (1 PTS),28 - 19,-9
0020500298,140,8,0,2,9:49 PM,8:06,SUB: Humphries FOR Collins,,,,
0020500298,141,3,12,2,9:49 PM,8:06,,,MISS Arroyo Free Throw 2 of 2,,
0020500298,142,4,0,2,9:49 PM,8:04,Harpring REBOUND (Off:2 Def:1),,,,
0020500298,143,9,1,2,9:50 PM,7:47,JAZZ Timeout: Regular (Full 3 Short 1),,,,
0020500298,144,5,1,2,9:52 PM,7:42,McLeod Bad Pass Turnover (P3.T9),,Wallace STEAL (4 STL),,
0020500298,145,2,1,2,9:52 PM,7:35,,,MISS Evans 13' Jump Shot,,
0020500298,146,4,0,2,9:52 PM,7:33,,,Delfino REBOUND (Off:1 Def:2),,
0020500298,147,5,1,2,9:52 PM,7:31,McLeod STEAL (1 STL),,Delfino Bad Pass Turnover (P1.T3),,
0020500298,148,1,42,2,9:52 PM,7:26,McLeod  Driving Layup (5 PTS),,,28 - 21,-7
0020500298,149,1,1,2,9:52 PM,7:07,,,McDyess 20' Jump Shot (10 PTS) (Wallace 2 AST),30 - 21,-9
0020500298,150,2,1,2,9:53 PM,6:44,MISS Humphries 19' Jump Shot,,,,
0020500298,151,4,0,2,9:53 PM,6:42,,,Wallace REBOUND (Off:1 Def:2),,
0020500298,152,1,42,2,9:53 PM,6:20,,,Evans  Driving Layup (2 PTS),32 - 21,-11
0020500298,153,1,1,2,9:54 PM,6:02,Harpring 17' Jump Shot (5 PTS) (Okur 1 AST),,,32 - 23,-9
0020500298,154,2,47,2,9:54 PM,5:46,,,MISS McDyess 8' Turnaround Jump Shot,,
0020500298,155,4,0,2,9:54 PM,5:44,Humphries REBOUND (Off:0 Def:1),,,,
0020500298,156,1,66,2,9:54 PM,5:39,Okur 11' Jump Bank Shot (9 PTS) (McLeod 3 AST),,,32 - 25,-7
0020500298,157,2,1,2,9:55 PM,5:12,,,MISS Delfino 24' 3PT Jump Shot,,
0020500298,158,4,0,2,9:55 PM,5:09,Harpring REBOUND (Off:2 Def:2),,,,
0020500298,159,6,1,2,9:55 PM,4:54,,,Delfino P.FOUL (P1.T4),,
0020500298,160,8,0,2,9:55 PM,4:54,,,SUB: Billups FOR Arroyo,,
0020500298,161,8,0,2,9:55 PM,4:54,,,SUB: Hamilton FOR Evans,,
0020500298,162,8,0,2,9:55 PM,4:54,,,SUB: Prince FOR Delfino,,
0020500298,163,8,0,2,9:55 PM,4:54,SUB: Kirilenko FOR Humphries,,,,
0020500298,164,8,0,2,9:55 PM,4:54,SUB: Palacio FOR McLeod,,,,
0020500298,165,8,0,2,9:55 PM,4:54,SUB: Collins FOR Harpring,,,,
0020500298,167,6,11,2,9:56 PM,4:54,,,Billups T.FOUL (P1.T4),,
0020500298,168,3,16,2,9:56 PM,4:54,MISS Brown Free Throw Technical,,,,
0020500298,169,4,1,2,9:56 PM,4:54,JAZZ Rebound,,,,
0020500298,170,1,5,2,9:56 PM,4:47,Brown  Layup (2 PTS) (Kirilenko 2 AST),,,32 - 27,-5
0020500298,171,6,1,2,9:57 PM,4:29,Collins P.FOUL (P3.T2),,,,
0020500298,172,8,0,2,9:57 PM,4:29,,,SUB: Wallace FOR McDyess,,
0020500298,173,8,0,2,9:57 PM,4:29,SUB: Humphries FOR Collins,,,,
0020500298,174,2,5,2,9:57 PM,4:20,,,MISS Wallace  Layup,,
0020500298,175,4,0,2,9:57 PM,4:18,Kirilenko REBOUND (Off:1 Def:4),,,,
0020500298,176,6,2,2,9:57 PM,4:15,,,Wallace S.FOUL (P2.PN),,
0020500298,177,3,11,2,9:58 PM,4:15,Brown Free Throw 1 of 2 (3 PTS),,,32 - 28,-4
0020500298,178,3,12,2,9:58 PM,4:15,Brown Free Throw 2 of 2 (4 PTS),,,32 - 29,-3
0020500298,179,1,1,2,9:58 PM,3:53,,,Prince 21' Jump Shot (6 PTS),34 - 29,-5
0020500298,180,6,1,2,9:59 PM,3:39,,,Hamilton P.FOUL (P2.PN),,
0020500298,181,6,11,2,9:59 PM,3:39,,,Hamilton T.FOUL (P2.PN),,
0020500298,182,3,16,2,9:59 PM,3:39,Okur Free Throw Technical (10 PTS),,,34 - 30,-4
0020500298,183,3,11,2,9:59 PM,3:39,Brown Free Throw 1 of 2 (5 PTS),,,34 - 31,-3
0020500298,184,3,12,2,9:59 PM,3:39,Brown Free Throw 2 of 2 (6 PTS),,,34 - 32,-2
0020500298,185,2,1,2,10:00 PM,3:25,,,MISS Hamilton 19' Jump Shot,,
0020500298,186,4,0,2,10:00 PM,3:23,,,Wallace REBOUND (Off:2 Def:2),,
0020500298,187,2,1,2,10:00 PM,3:20,,,MISS Billups 25' 3PT Jump Shot,,
0020500298,188,4,0,2,10:00 PM,3:20,,,Pistons Rebound,,
0020500298,189,1,1,2,10:00 PM,3:08,,,Wallace 25' 3PT Jump Shot (5 PTS) (Billups 2 AST),37 - 32,-5
0020500298,190,1,1,2,10:01 PM,2:50,Humphries 11' Jump Shot (2 PTS) (Brown 3 AST),,,37 - 34,-3
0020500298,191,1,42,2,10:01 PM,2:34,,,Billups  Driving Layup (4 PTS),39 - 34,-5
0020500298,192,6,2,2,10:01 PM,2:34,Palacio S.FOUL (P2.T3),,,,
0020500298,193,6,11,2,10:01 PM,2:34,Palacio T.FOUL (P2.T3),,,,
0020500298,196,9,4,2,10:02 PM,2:34,,,,,
0020500298,198,8,0,2,10:03 PM,2:34,SUB: McLeod FOR Palacio,,,,
0020500298,199,3,16,2,10:03 PM,2:34,,,Billups Free Throw Technical (5 PTS),40 - 34,-6
0020500298,200,3,10,2,10:04 PM,2:34,,,Billups Free Throw 1 of 1 (6 PTS),41 - 34,-7
0020500298,201,1,42,2,10:04 PM,2:12,Kirilenko  Driving Layup (4 PTS),,,41 - 36,-5
0020500298,202,1,1,2,10:05 PM,1:48,,,Wallace 24' 3PT Jump Shot (8 PTS) (Prince 2 AST),44 - 36,-8
0020500298,203,1,49,2,10:05 PM,1:32,Humphries  Driving Dunk (4 PTS),,,44 - 38,-6
0020500298,204,6,2,2,10:05 PM,1:13,McLeod S.FOUL (P1.T4),,,,
0020500298,205,3,11,2,10:05 PM,1:13,,,Billups Free Throw 1 of 2 (7 PTS),45 - 38,-7
0020500298,206,8,0,2,10:06 PM,1:13,,,SUB: Evans FOR Hamilton,,
0020500298,207,3,12,2,10:06 PM,1:13,,,Billups Free Throw 2 of 2 (8 PTS),46 - 38,-8
0020500298,208,5,8,2,10:06 PM,0:58,Okur 3 Second Violation Turnover (P3.T10),,,,
0020500298,209,1,1,2,10:07 PM,0:43,,,Wallace 25' 3PT Jump Shot (11 PTS) (Billups 3 AST),49 - 38,-11
0020500298,210,2,1,2,10:07 PM,0:36,MISS McLeod 25' 3PT Jump Shot,,,,
0020500298,211,4,0,2,10:07 PM,0:34,Okur REBOUND (Off:1 Def:2),,,,
0020500298,212,2,5,2,10:07 PM,0:17,MISS Kirilenko  Layup,,,,
0020500298,213,4,0,2,10:07 PM,0:17,,,Pistons Rebound,,
0020500298,214,6,3,2,10:07 PM,0:17,Humphries L.B.FOUL (P3.PN),,,,
0020500298,215,8,0,2,10:08 PM,0:17,SUB: Harpring FOR Humphries,,,,
0020500298,216,8,0,2,10:08 PM,0:17,SUB: Owens FOR Brown,,,,
0020500298,217,8,0,2,10:08 PM,0:17,,,SUB: Milicic FOR Wallace,,
0020500298,218,8,0,2,10:08 PM,0:17,,,SUB: McDyess FOR Wallace,,
0020500298,219,3,11,2,10:08 PM,0:17,,,Billups Free Throw 1 of 2 (9 PTS),50 - 38,-12
0020500298,220,3,12,2,10:08 PM,0:17,,,Billups Free Throw 2 of 2 (10 PTS),51 - 38,-13
0020500298,221,2,42,2,10:09 PM,0:00,MISS McLeod  Driving Layup,,,,
0020500298,223,4,0,2,10:09 PM,0:00,JAZZ Rebound,,,,
0020500298,224,13,0,2,10:09 PM,0:00,,,,51 - 38,-13
0020500298,225,12,0,3,10:25 PM,12:00,,,,51 - 38,-13
0020500298,226,2,1,3,10:25 PM,11:47,MISS Kirilenko 22' Jump Shot,,,,
0020500298,227,4,0,3,10:26 PM,11:45,,,Wallace REBOUND (Off:2 Def:3),,
0020500298,228,2,1,3,10:26 PM,11:32,,,MISS Wallace 24' 3PT Jump Shot,,
0020500298,229,4,0,3,10:26 PM,11:30,Palacio REBOUND (Off:0 Def:3),,,,
0020500298,230,6,2,3,10:26 PM,11:14,,,Hamilton S.FOUL (P3.T1),,
0020500298,231,3,11,3,10:26 PM,11:14,Brown Free Throw 1 of 2 (7 PTS),,,51 - 39,-12
0020500298,232,3,12,3,10:26 PM,11:14,Brown Free Throw 2 of 2 (8 PTS),,,51 - 40,-11
0020500298,233,5,2,3,10:27 PM,11:00,Okur STEAL (1 STL),,Prince Lost Ball Turnover (P1.T4),,
0020500298,234,1,1,3,10:27 PM,10:40,Palacio 16' Jump Shot (4 PTS) (Okur 2 AST),,,51 - 42,-9
0020500298,235,2,63,3,10:28 PM,10:13,,,MISS Prince 16' Fadeaway Jumper,,
0020500298,236,4,0,3,10:28 PM,10:11,Okur REBOUND (Off:1 Def:3),,,,
0020500298,237,1,7,3,10:28 PM,9:59,Kirilenko  Dunk (6 PTS),,,51 - 44,-7
0020500298,238,9,1,3,10:28 PM,9:58,,,Pistons Timeout: Regular (Reg.2 Short 0),,
0020500298,239,2,46,3,10:31 PM,9:40,,,MISS Prince 12' Running Jump Shot,,
0020500298,240,4,0,3,10:31 PM,9:38,,,Pistons Rebound,,
0020500298,241,2,1,3,10:31 PM,9:34,,,MISS Hamilton 19' Jump Shot,,
0020500298,242,4,0,3,10:31 PM,9:32,Kirilenko REBOUND (Off:1 Def:5),,,,
0020500298,243,5,1,3,10:31 PM,9:22,Kirilenko Bad Pass Turnover (P1.T11),,,,
0020500298,244,5,1,3,10:31 PM,9:05,Palacio STEAL (1 STL),,Prince Bad Pass Turnover (P2.T5),,
0020500298,245,1,42,3,10:32 PM,9:01,Palacio  Driving Layup (6 PTS),,,51 - 46,-5
0020500298,248,6,1,3,10:32 PM,8:46,Palacio P.FOUL (P3.T1),,,,
0020500298,249,2,1,3,10:33 PM,8:35,Brown BLOCK (1 BLK),,MISS Hamilton 18' Jump Shot,,
0020500298,250,4,0,3,10:33 PM,8:33,Kirilenko REBOUND (Off:1 Def:6),,,,
0020500298,251,1,42,3,10:33 PM,8:30,Palacio  Driving Layup (8 PTS) (Kirilenko 3 AST),,,51 - 48,-3
0020500298,252,6,1,3,10:33 PM,8:08,Kirilenko P.FOUL (P1.T2),,,,
0020500298,253,1,1,3,10:34 PM,7:59,,,Prince 21' Jump Shot (8 PTS) (Hamilton 3 AST),53 - 48,-5
0020500298,254,2,1,3,10:34 PM,7:42,MISS Palacio 18' Jump Shot,,,,
0020500298,255,4,0,3,10:34 PM,7:41,,,Wallace REBOUND (Off:2 Def:4),,
0020500298,256,6,2,3,10:34 PM,7:39,Palacio S.FOUL (P4.T3),,,,
0020500298,257,3,11,3,10:34 PM,7:39,,,MISS Prince Free Throw 1 of 2,,
0020500298,258,4,1,3,10:34 PM,7:39,,,Pistons Rebound,,
0020500298,259,8,0,3,10:34 PM,7:39,SUB: McLeod FOR Palacio,,,,
0020500298,260,3,12,3,10:34 PM,7:39,,,MISS Prince Free Throw 2 of 2,,
0020500298,261,4,0,3,10:35 PM,7:38,Kirilenko REBOUND (Off:1 Def:7),,,,
0020500298,262,1,1,3,10:35 PM,7:24,Okur 21' Jump Shot (12 PTS) (Kirilenko 4 AST),,,53 - 50,-3
0020500298,263,2,1,3,10:35 PM,7:05,,,MISS Prince  3PT Jump Shot,,
0020500298,264,4,0,3,10:35 PM,7:05,JAZZ Rebound,,,,
0020500298,265,6,3,3,10:35 PM,7:05,,,Wallace L.B.FOUL (P3.T2),,
0020500298,266,6,2,3,10:36 PM,6:51,,,Prince S.FOUL (P1.T3),,
0020500298,267,3,11,3,10:36 PM,6:51,MISS Kirilenko Free Throw 1 of 2,,,,
0020500298,268,4,1,3,10:36 PM,6:51,JAZZ Rebound,,,,
0020500298,269,3,12,3,10:36 PM,6:51,MISS Kirilenko Free Throw 2 of 2,,,,
0020500298,270,4,0,3,10:36 PM,6:49,,,Billups REBOUND (Off:0 Def:1),,
0020500298,271,5,1,3,10:37 PM,6:38,McLeod STEAL (2 STL),,Billups Bad Pass Turnover (P1.T6),,
0020500298,272,6,2,3,10:37 PM,6:32,,,Prince S.FOUL (P2.T4),,
0020500298,273,3,11,3,10:37 PM,6:32,Kirilenko Free Throw 1 of 2 (7 PTS),,,53 - 51,-2
0020500298,274,3,12,3,10:37 PM,6:32,Kirilenko Free Throw 2 of 2 (8 PTS),,,53 - 52,-1
0020500298,275,1,1,3,10:38 PM,6:18,,,Hamilton 8' Jump Shot (11 PTS),55 - 52,-3
0020500298,276,5,21,3,10:38 PM,5:57,McLeod Palming Turnover (P4.T12),,,,
0020500298,277,6,1,3,10:39 PM,5:49,Brown P.FOUL (P3.T4),,,,
0020500298,278,6,11,3,10:39 PM,5:49,,,,,
0020500298,279,3,16,3,10:40 PM,5:49,,,Billups Free Throw Technical (11 PTS),56 - 52,-4
0020500298,280,1,1,3,10:40 PM,5:29,,,Wallace 16' Jump Shot (13 PTS) (Billups 4 AST),58 - 52,-6
0020500298,281,2,1,3,10:40 PM,5:14,MISS Kirilenko 16' Jump Shot,,,,
0020500298,282,4,0,3,10:40 PM,5:10,,,Wallace REBOUND (Off:0 Def:4),,
0020500298,283,5,1,3,10:40 PM,5:01,McLeod STEAL (3 STL),,Prince Bad Pass Turnover (P3.T7),,
0020500298,284,2,42,3,10:40 PM,4:57,MISS McLeod  Driving Layup,,,,
0020500298,285,4,0,3,10:40 PM,4:56,,,Prince REBOUND (Off:0 Def:3),,
0020500298,286,2,1,3,10:40 PM,4:49,,,MISS Prince 19' Jump Shot,,
0020500298,287,4,0,3,10:41 PM,4:46,Okur REBOUND (Off:1 Def:4),,,,
0020500298,288,2,1,3,10:41 PM,4:37,MISS Brown 9' Jump Shot,,,,
0020500298,289,4,0,3,10:41 PM,4:34,Brown REBOUND (Off:1 Def:0),,,,
0020500298,290,2,1,3,10:41 PM,4:32,MISS Brown 5' Jump Shot,,,,
0020500298,291,4,0,3,10:41 PM,4:30,,,Wallace REBOUND (Off:0 Def:5),,
0020500298,292,6,1,3,10:41 PM,4:22,Okur P.FOUL (P1.PN),,,,
0020500298,293,8,0,3,10:41 PM,4:22,,,SUB: McDyess FOR Wallace,,
0020500298,294,3,11,3,10:41 PM,4:22,,,MISS Prince Free Throw 1 of 2,,
0020500298,295,4,1,3,10:41 PM,4:22,,,Pistons Rebound,,
0020500298,296,3,12,3,10:41 PM,4:22,,,MISS Prince Free Throw 2 of 2,,
0020500298,297,4,0,3,10:42 PM,4:21,Okur REBOUND (Off:1 Def:5),,,,
0020500298,298,2,65,3,10:42 PM,4:01,MISS Brown 7' Jump Hook Shot,,,,
0020500298,299,4,0,3,10:42 PM,3:59,Okur REBOUND (Off:2 Def:5),,,,
0020500298,300,6,2,3,10:42 PM,3:59,,,McDyess S.FOUL (P2.PN),,
0020500298,301,3,11,3,10:42 PM,3:59,Okur Free Throw 1 of 2 (13 PTS),,,58 - 53,-5
0020500298,302,3,12,3,10:42 PM,3:59,Okur Free Throw 2 of 2 (14 PTS),,,58 - 54,-4
0020500298,303,6,1,3,10:43 PM,3:50,Brown P.FOUL (P4.PN),,,,
0020500298,304,3,11,3,10:43 PM,3:50,,,Hamilton Free Throw 1 of 2 (12 PTS),59 - 54,-5
0020500298,305,8,0,3,10:43 PM,3:50,SUB: Harpring FOR Brown,,,,
0020500298,306,3,12,3,10:43 PM,3:50,,,Hamilton Free Throw 2 of 2 (13 PTS),60 - 54,-6
0020500298,307,1,1,3,10:44 PM,3:36,Kirilenko 25' 3PT Jump Shot (11 PTS) (Harpring 1 AST),,,60 - 57,-3
0020500298,308,2,5,3,10:44 PM,3:13,Kirilenko BLOCK (3 BLK),,MISS Hamilton  Layup,,
0020500298,309,4,0,3,10:44 PM,3:11,Collins REBOUND (Off:3 Def:5),,,,
0020500298,310,6,2,3,10:44 PM,3:03,,,McDyess S.FOUL (P3.PN),,
0020500298,311,3,11,3,10:45 PM,3:03,Okur Free Throw 1 of 2 (15 PTS),,,60 - 58,-2
0020500298,312,3,12,3,10:45 PM,3:03,Okur Free Throw 2 of 2 (16 PTS),,,60 - 59,-1
0020500298,313,2,1,3,10:45 PM,2:50,,,MISS Billups 22' Jump Shot,,
0020500298,314,4,0,3,10:45 PM,2:48,Collins REBOUND (Off:3 Def:6),,,,
0020500298,315,5,2,3,10:45 PM,2:40,Harpring Lost Ball Turnover (P1.T13),,Billups STEAL (1 STL),,
0020500298,316,6,2,3,10:46 PM,2:28,McLeod S.FOUL (P2.PN),,,,
0020500298,317,9,1,3,10:46 PM,2:28,JAZZ Timeout: Regular (Full 4 Short 1),,,,
0020500298,318,8,0,3,10:48 PM,2:28,,,SUB: Evans FOR Hamilton,,
0020500298,319,3,11,3,10:48 PM,2:28,,,Billups Free Throw 1 of 2 (12 PTS),61 - 59,-2
0020500298,320,3,12,3,10:48 PM,2:28,,,MISS Billups Free Throw 2 of 2,,
0020500298,321,4,0,3,10:48 PM,2:27,Collins REBOUND (Off:3 Def:7),,,,
0020500298,322,1,46,3,10:49 PM,2:11,Kirilenko 5' Running Jump Shot (13 PTS),,,61 - 61,TIE
0020500298,323,6,2,3,10:49 PM,2:11,,,Prince S.FOUL (P3.PN),,
0020500298,324,3,10,3,10:49 PM,2:11,MISS Kirilenko Free Throw 1 of 1,,,,
0020500298,325,4,0,3,10:49 PM,2:09,,,Wallace REBOUND (Off:0 Def:6),,
0020500298,326,1,1,3,10:50 PM,1:51,,,Evans 24' 3PT Jump Shot (5 PTS) (Prince 3 AST),64 - 61,-3
0020500298,327,2,5,3,10:50 PM,1:29,MISS Collins  Layup,,Wallace BLOCK (1 BLK),,
0020500298,328,4,0,3,10:50 PM,1:26,,,McDyess REBOUND (Off:0 Def:1),,
0020500298,329,6,4,3,10:50 PM,1:25,,,Billups OFF.Foul (P2),,
0020500298,330,5,5,3,10:50 PM,1:25,,,Billups Foul Turnover (P2.T8),,
0020500298,331,6,1,3,10:50 PM,1:13,,,Billups P.FOUL (P3.PN),,
0020500298,332,3,11,3,10:51 PM,1:13,McLeod Free Throw 1 of 2 (6 PTS),,,64 - 62,-2
0020500298,333,3,12,3,10:51 PM,1:13,McLeod Free Throw 2 of 2 (7 PTS),,,64 - 63,-1
0020500298,334,2,1,3,10:51 PM,0:55,,,MISS Billups 19' Jump Shot,,
0020500298,336,4,0,3,10:51 PM,0:53,,,McDyess REBOUND (Off:1 Def:1),,
0020500298,335,2,4,3,10:51 PM,0:53,,,MISS McDyess  Tip Shot,,
0020500298,337,4,0,3,10:51 PM,0:51,Okur REBOUND (Off:2 Def:6),,,,
0020500298,338,2,1,3,10:52 PM,0:37,MISS Okur 25' 3PT Jump Shot,,,,
0020500298,339,4,0,3,10:52 PM,0:34,Harpring REBOUND (Off:3 Def:2),,,,
0020500298,340,5,2,3,10:52 PM,0:25,McLeod Lost Ball Turnover (P5.T14),,Wallace STEAL (2 STL),,
0020500298,341,1,5,3,10:52 PM,0:22,,,Billups  Layup (14 PTS) (Wallace 2 AST),66 - 63,-3
0020500298,342,5,1,3,10:52 PM,0:04,Kirilenko Bad Pass Turnover (P2.T15),,,,
0020500298,343,9,1,3,10:53 PM,0:04,,,Pistons Timeout: Regular (Reg.3 Short 0),,
0020500298,344,8,0,3,10:54 PM,0:04,SUB: Owens FOR Collins,,,,
0020500298,345,8,0,3,10:54 PM,0:04,,,SUB: Hamilton FOR Evans,,
0020500298,346,8,0,3,10:54 PM,0:04,,,SUB: Wallace FOR McDyess,,
0020500298,347,2,1,3,10:54 PM,0:00,,,MISS Wallace 27' 3PT Jump Shot,,
0020500298,348,4,0,3,10:54 PM,0:00,Harpring REBOUND (Off:3 Def:3),,,,
0020500298,350,13,0,3,10:55 PM,0:00,,,,66 - 63,-3
0020500298,351,12,0,4,10:57 PM,12:00,,,,66 - 63,-3
0020500298,352,6,1,4,10:57 PM,11:46,Okur P.FOUL (P2.T1),,,,
0020500298,353,2,47,4,10:58 PM,11:35,Kirilenko BLOCK (4 BLK),,MISS Wallace 14' Turnaround Jump Shot,,
0020500298,354,4,0,4,10:58 PM,11:33,Palacio REBOUND (Off:0 Def:4),,,,
0020500298,355,1,5,4,10:58 PM,11:25,Okur  Layup (18 PTS) (Kirilenko 5 AST),,,66 - 65,-1
0020500298,356,6,1,4,10:59 PM,11:04,Kirilenko P.FOUL (P2.T2),,,,
0020500298,357,1,47,4,10:59 PM,10:52,,,Wallace 7' Turnaround Jump Shot (15 PTS) (Arroyo 3 AST),68 - 65,-3
0020500298,358,1,1,4,11:00 PM,10:32,Harpring 14' Jump Shot (7 PTS) (Okur 3 AST),,,68 - 67,-1
0020500298,359,6,1,4,11:00 PM,10:12,Harpring P.FOUL (P1.T3),,,,
0020500298,360,1,46,4,11:01 PM,10:05,,,Hamilton 10' Running Jump Shot (15 PTS) (Arroyo 4 AST),70 - 67,-3
0020500298,361,6,2,4,11:01 PM,9:47,,,Wallace S.FOUL (P3.T1),,
0020500298,362,3,11,4,11:01 PM,9:47,MISS Palacio Free Throw 1 of 2,,,,
0020500298,363,4,1,4,11:01 PM,9:47,JAZZ Rebound,,,,
0020500298,364,3,12,4,11:02 PM,9:47,Palacio Free Throw 2 of 2 (9 PTS),,,70 - 68,-2
0020500298,365,2,1,4,11:02 PM,9:31,,,MISS Arroyo 20' Jump Shot,,
0020500298,366,4,0,4,11:02 PM,9:29,Kirilenko REBOUND (Off:1 Def:8),,,,
0020500298,367,2,5,4,11:02 PM,9:25,MISS Palacio  Layup,,,,
0020500298,369,4,0,4,11:02 PM,9:23,Okur REBOUND (Off:3 Def:6),,,,
0020500298,368,2,4,4,11:02 PM,9:23,MISS Okur  Tip Shot,,,,
0020500298,371,4,0,4,11:02 PM,9:21,Okur REBOUND (Off:4 Def:6),,,,
0020500298,372,1,5,4,11:02 PM,9:20,Okur  Layup (20 PTS),,,70 - 70,TIE
0020500298,374,2,1,4,11:03 PM,8:57,Okur BLOCK (1 BLK),,MISS Wallace 16' Jump Shot,,
0020500298,375,4,0,4,11:03 PM,8:55,,,Arroyo REBOUND (Off:1 Def:1),,
0020500298,376,5,4,4,11:03 PM,8:55,,,Arroyo Traveling Turnover (P1.T9),,
0020500298,377,9,4,4,11:03 PM,8:55,,,,,
0020500298,378,1,1,4,11:05 PM,8:43,Harpring 21' Jump Shot (9 PTS) (Kirilenko 6 AST),,,70 - 72,2
0020500298,379,1,1,4,11:06 PM,8:22,,,McDyess 18' Jump Shot (12 PTS),72 - 72,TIE
0020500298,380,1,1,4,11:06 PM,8:03,Okur 24' 3PT Jump Shot (23 PTS) (Harpring 2 AST),,,72 - 75,3
0020500298,381,6,4,4,11:06 PM,7:49,,,McDyess OFF.Foul (P4),,
0020500298,382,5,5,4,11:06 PM,7:49,,,McDyess Foul Turnover (P1.T10),,
0020500298,383,8,0,4,11:06 PM,7:49,,,SUB: Prince FOR Evans,,
0020500298,384,8,0,4,11:06 PM,7:49,,,SUB: Billups FOR Arroyo,,
0020500298,385,2,1,4,11:07 PM,7:34,MISS Harpring 15' Jump Shot,,,,
0020500298,386,4,0,4,11:07 PM,7:33,,,Pistons Rebound,,
0020500298,387,8,0,4,11:07 PM,7:33,,,SUB: Wallace FOR McDyess,,
0020500298,388,6,1,4,11:07 PM,7:22,Okur P.FOUL (P3.T4),,,,
0020500298,389,2,1,4,11:08 PM,7:19,,,MISS Billups 24' 3PT Jump Shot,,
0020500298,390,4,0,4,11:08 PM,7:17,Okur REBOUND (Off:4 Def:7),,,,
0020500298,391,2,1,4,11:08 PM,7:07,MISS Okur 18' Jump Shot,,,,
0020500298,393,4,0,4,11:08 PM,7:05,Kirilenko REBOUND (Off:2 Def:8),,,,
0020500298,392,1,5,4,11:08 PM,7:05,Kirilenko  Layup (15 PTS),,,72 - 77,5
0020500298,394,9,1,4,11:08 PM,7:05,,,Pistons Timeout: Regular (Reg.4 Short 0),,
0020500298,395,2,65,4,11:10 PM,6:43,,,MISS Wallace 8' Jump Hook Shot,,
0020500298,396,4,0,4,11:10 PM,6:42,Collins REBOUND (Off:3 Def:8),,,,
0020500298,397,2,1,4,11:11 PM,6:27,MISS Kirilenko 25' 3PT Jump Shot,,,,
0020500298,398,4,0,4,11:11 PM,6:25,Okur REBOUND (Off:5 Def:7),,,,
0020500298,399,1,47,4,11:11 PM,6:06,Collins 14' Turnaround Jump Shot (2 PTS) (Palacio 1 AST),,,72 - 79,7
0020500298,400,6,4,4,11:11 PM,5:49,,,Wallace OFF.Foul (P4),,
0020500298,401,5,5,4,11:11 PM,5:49,,,Wallace Foul Turnover (P1.T11),,
0020500298,402,6,11,4,11:12 PM,5:49,,,Wallace T.FOUL (P4.T1),,
0020500298,403,3,16,4,11:12 PM,5:49,Okur Free Throw Technical (24 PTS),,,72 - 80,8
0020500298,404,1,42,4,11:12 PM,5:39,Kirilenko  Driving Layup (17 PTS),,,72 - 82,10
0020500298,405,2,1,4,11:13 PM,5:21,Okur BLOCK (2 BLK),,MISS Wallace 14' Jump Shot,,
0020500298,406,4,0,4,11:13 PM,5:18,,,Wallace REBOUND (Off:3 Def:4),,
0020500298,407,2,1,4,11:13 PM,5:15,,,MISS Hamilton 24' 3PT Jump Shot,,
0020500298,408,4,0,4,11:13 PM,5:15,,,Pistons Rebound,,
0020500298,410,6,3,4,11:13 PM,5:15,Okur L.B.FOUL (P4.PN),,,,
0020500298,411,3,11,4,11:13 PM,5:15,,,Wallace Free Throw 1 of 2 (3 PTS),73 - 82,9
0020500298,412,3,12,4,11:13 PM,5:15,,,Wallace Free Throw 2 of 2 (4 PTS),74 - 82,8
0020500298,413,6,2,4,11:14 PM,4:55,,,Wallace S.FOUL (P4.T2),,
0020500298,414,3,11,4,11:14 PM,4:55,MISS Kirilenko Free Throw 1 of 2,,,,
0020500298,415,4,1,4,11:14 PM,4:55,JAZZ Rebound,,,,
0020500298,416,3,12,4,11:14 PM,4:55,Kirilenko Free Throw 2 of 2 (18 PTS),,,74 - 83,9
0020500298,417,2,42,4,11:15 PM,4:43,,,MISS Billups  Driving Layup,,
0020500298,418,4,0,4,11:15 PM,4:42,Collins REBOUND (Off:3 Def:9),,,,
0020500298,419,2,5,4,11:15 PM,4:20,MISS Palacio  Layup,,,,
0020500298,421,4,0,4,11:15 PM,4:19,Palacio REBOUND (Off:1 Def:4),,,,
0020500298,420,2,4,4,11:15 PM,4:19,MISS Palacio  Tip Shot,,,,
0020500298,423,4,0,4,11:15 PM,4:19,Collins REBOUND (Off:4 Def:9),,,,
0020500298,424,7,2,4,11:15 PM,4:19,,,Wallace Violation:Defensive Goaltending,,
0020500298,422,1,4,4,11:15 PM,4:19,Collins  Tip Shot (4 PTS),,,74 - 85,11
0020500298,425,9,2,4,11:15 PM,4:19,,,Pistons Timeout: Short (Reg.4 Short 1),,
0020500298,426,2,1,4,11:17 PM,4:12,,,MISS Billups 22' Jump Shot,,
0020500298,427,4,0,4,11:17 PM,4:11,Harpring REBOUND (Off:3 Def:4),,,,
0020500298,428,2,1,4,11:17 PM,3:55,MISS Okur 25' 3PT Jump Shot,,,,
0020500298,429,4,0,4,11:17 PM,3:52,Harpring REBOUND (Off:4 Def:4),,,,
0020500298,431,7,2,4,11:17 PM,3:40,,,Wallace Violation:Defensive Goaltending,,
0020500298,430,1,5,4,11:17 PM,3:40,Kirilenko  Layup (20 PTS) (Harpring 3 AST),,,74 - 87,13
0020500298,432,1,63,4,11:18 PM,3:32,,,Prince 14' Fadeaway Jumper (10 PTS),76 - 87,11
0020500298,433,1,43,4,11:18 PM,3:06,Kirilenko  Alley Oop Layup (22 PTS) (Palacio 2 AST),,,76 - 89,13
0020500298,434,6,2,4,11:18 PM,2:47,Okur S.FOUL (P5.PN),,,,
0020500298,436,9,1,4,11:19 PM,2:47,JAZZ Timeout: Regular (Full 5 Short 1),,,,
0020500298,437,3,11,4,11:21 PM,2:47,,,Wallace Free Throw 1 of 2 (16 PTS),77 - 89,12
0020500298,438,3,12,4,11:21 PM,2:47,,,MISS Wallace Free Throw 2 of 2,,
0020500298,439,4,0,4,11:21 PM,2:46,Collins REBOUND (Off:4 Def:10),,,,
0020500298,441,1,5,4,11:22 PM,2:24,Harpring  Layup (11 PTS) (Kirilenko 7 AST),,,77 - 91,14
0020500298,442,2,42,4,11:22 PM,2:11,,,MISS Billups  Driving Layup,,
0020500298,443,4,0,4,11:22 PM,2:10,Palacio REBOUND (Off:1 Def:5),,,,
0020500298,444,6,1,4,11:22 PM,1:56,,,Hamilton P.FOUL (P4.T3),,
0020500298,445,5,4,4,11:23 PM,1:48,Harpring Traveling Turnover (P2.T16),,,,
0020500298,447,2,1,4,11:23 PM,1:36,,,MISS Wallace 25' 3PT Jump Shot,,
0020500298,448,4,0,4,11:23 PM,1:34,Kirilenko REBOUND (Off:2 Def:9),,,,
0020500298,449,2,1,4,11:23 PM,1:12,MISS Collins 18' Jump Shot,,,,
0020500298,450,4,0,4,11:23 PM,1:11,,,Wallace REBOUND (Off:3 Def:5),,
0020500298,453,6,1,4,11:24 PM,1:07,Collins P.FOUL (P4.PN),,,,
0020500298,454,3,11,4,11:24 PM,1:07,,,Hamilton Free Throw 1 of 2 (16 PTS),78 - 91,13
0020500298,455,3,12,4,11:24 PM,1:07,,,MISS Hamilton Free Throw 2 of 2,,
0020500298,456,4,0,4,11:24 PM,1:05,Kirilenko REBOUND (Off:2 Def:10),,,,
0020500298,457,2,1,4,11:25 PM,0:42,MISS Palacio 18' Jump Shot,,,,
0020500298,458,4,0,4,11:25 PM,0:41,JAZZ Rebound,,,,
0020500298,459,6,2,4,11:26 PM,0:19,,,Wallace S.FOUL (P5.PN),,
0020500298,460,3,11,4,11:26 PM,0:19,MISS Collins Free Throw 1 of 2,,,,
0020500298,461,4,1,4,11:26 PM,0:19,JAZZ Rebound,,,,
0020500298,462,3,12,4,11:26 PM,0:19,Collins Free Throw 2 of 2 (5 PTS),,,78 - 92,14
0020500298,464,13,0,4,11:27 PM,0:00,,,,78 - 92,14
