GAME_ID,EVENTNUM,EVENTMSGTYPE,EVENTMSGACTIONTYPE,PERIOD,WCTIMESTRING,PCTIMESTRING,HOMEDESCRIPTION,NEUTRALDESCRIPTION,VISITORDESCRIPTION,SCORE,SCOREMARGIN,PERSON1TYPE,PLAYER1_ID,PLAYER1_NAME,PLAYER1_TEAM_ID,PLAYER1_TEAM_CITY,PLAYER1_TEAM_NICKNAME,PLAYER1_TEAM_ABBREVIATION,PERSON2TYPE,PLAYER2_ID,PLAYER2_NAME,PLAYER2_TEAM_ID,PLAYER2_TEAM_CITY,PLAYER2_TEAM_NICKNAME,PLAYER2_TEAM_ABBREVIATION,PERSON3TYPE,PLAYER3_ID,PLAYER3_NAME,PLAYER3_TEAM_ID,PLAYER3_TEAM_CITY,PLAYER3_TEAM_NICKNAME,PLAYER3_TEAM_ABBREVIATION,VIDEO_AVAILABLE_FLAG
0021300342,0,12,0,1,7:10 PM,12:00,,,,,,0.0,0,,,,,,0,0,,,,,,0,0,,,,,,0
0021300342,1,10,0,1,7:11 PM,12:00,Jump Ball McRoberts vs. Gasol: Tip to Bryant,,,,,4.0,201177,Josh McRoberts,1610612766.0,Charlotte,Bobcats,CHA,5,2200,Pau Gasol,1610612747.0,Los Angeles,Lakers,LAL,5,977,Kobe Bryant,1610612747.0,Los Angeles,Lakers,LAL,0
0021300342,2,2,1,1,7:11 PM,11:38,,,MISS Bryant 25' 3PT Jump Shot,,,5.0,977,Kobe Bryant,1610612747.0,Los Angeles,Lakers,LAL,0,0,,,,,,0,0,,,,,,0
0021300342,3,4,0,1,7:11 PM,11:37,Walker REBOUND (Off:0 Def:1),,,,,4.0,202689,Kemba Walker,1610612766.0,Charlotte,Bobcats,CHA,0,0,,,,,,0,0,,,,,,0
0021300342,4,1,1,1,7:11 PM,11:22,Jefferson 5' Jump Shot (2 PTS) (McRoberts 1 AST),,,0 - 2,2,4.0,2744,Al Jefferson,1610612766.0,Charlotte,Bobcats,CHA,4,201177,Josh McRoberts,1610612766.0,Charlotte,Bobcats,CHA,0,0,,,,,,0
0021300342,5,1,3,1,7:12 PM,11:05,,,Hill 6' Hook Shot (2 PTS),2 - 2,TIE,5.0,201941,Jordan Hill,1610612747.0,Los Angeles,Lakers,LAL,0,0,,,,,,0,0,,,,,,0
0021300342,6,1,5,1,7:12 PM,10:50,Walker 1' Layup (2 PTS) (Jefferson 1 AST),,,2 - 4,2,4.0,202689,Kemba Walker,1610612766.0,Charlotte,Bobcats,CHA,4,2744,Al Jefferson,1610612766.0,Charlotte,Bobcats,CHA,0,0,,,,,,0
0021300342,7,2,1,1,7:12 PM,10:30,,,MISS W. Johnson 20' Jump Shot,,,5.0,202325,Wesley Johnson,1610612747.0,Los Angeles,Lakers,LAL,0,0,,,,,,0,0,,,,,,0
0021300342,8,4,0,1,7:12 PM,10:29,Jefferson REBOUND (Off:0 Def:1),,,,,4.0,2744,Al Jefferson,1610612766.0,Charlotte,Bobcats,CHA,0,0,,,,,,0,0,,,,,,0
0021300342,9,1,1,1,7:12 PM,10:20,Henderson 15' Jump Shot (2 PTS),,,2 - 6,4,4.0,201945,Gerald Henderson,1610612766.0,Charlotte,Bobcats,CHA,0,0,,,,,,0,0,,,,,,0
0021300342,10,1,1,1,7:12 PM,10:08,,,Meeks 17' Jump Shot (2 PTS),4 - 6,2,5.0,201975,Jodie Meeks,1610612747.0,Los Angeles,Lakers,LAL,0,0,,,,,,0,0,,,,,,0
0021300342,11,2,1,1,7:13 PM,9:51,MISS McRoberts 19' Jump Shot,,,,,4.0,201177,Josh McRoberts,1610612766.0,Charlotte,Bobcats,CHA,0,0,,,,,,0,0,,,,,,0
0021300342,12,4,0,1,7:13 PM,9:50,,,Meeks REBOUND (Off:0 Def:1),,,5.0,201975,Jodie Meeks,1610612747.0,Los Angeles,Lakers,LAL,0,0,,,,,,0,0,,,,,,0
0021300342,13,6,2,1,7:13 PM,9:35,Taylor S.FOUL (P1.T1),,,,,4.0,203106,Jeffery Taylor,1610612766.0,Charlotte,Bobcats,CHA,5,201941,Jordan Hill,1610612747.0,Los Angeles,Lakers,LAL,1,0,,,,,,0
0021300342,14,3,11,1,7:13 PM,9:35,,,Hill Free Throw 1 of 2 (3 PTS),5 - 6,1,5.0,201941,Jordan Hill,1610612747.0,Los Angeles,Lakers,LAL,0,0,,,,,,0,0,,,,,,0
0021300342,16,3,12,1,7:14 PM,9:35,,,Hill Free Throw 2 of 2 (4 PTS),6 - 6,TIE,5.0,201941,Jordan Hill,1610612747.0,Los Angeles,Lakers,LAL,0,0,,,,,,0,0,,,,,,0
0021300342,18,2,1,1,7:14 PM,9:21,MISS Jefferson 9' Jump Shot,,,,,4.0,2744,Al Jefferson,1610612766.0,Charlotte,Bobcats,CHA,0,0,,,,,,0,0,,,,,,0
0021300342,19,4,0,1,7:14 PM,9:20,,,W. Johnson REBOUND (Off:0 Def:1),,,5.0,202325,Wesley Johnson,1610612747.0,Los Angeles,Lakers,LAL,0,0,,,,,,0,0,,,,,,0
0021300342,20,2,1,1,7:14 PM,9:11,,,MISS Gasol 16' Jump Shot,,,5.0,2200,Pau Gasol,1610612747.0,Los Angeles,Lakers,LAL,0,0,,,,,,0,0,,,,,,0
0021300342,21,4,0,1,7:14 PM,9:10,Henderson REBOUND (Off:0 Def:1),,,,,4.0,201945,Gerald Henderson,1610612766.0,Charlotte,Bobcats,CHA,0,0,,,,,,0,0,,,,,,0
0021300342,22,2,1,1,7:14 PM,9:05,MISS Taylor 25' 3PT Jump Shot,,,,,4.0,203106,Jeffery Taylor,1610612766.0,Charlotte,Bobcats,CHA,0,0,,,,,,0,0,,,,,,0
0021300342,23,4,0,1,7:15 PM,9:05,,,Lakers Rebound,,,3.0,1610612747,,,,,,0,0,,,,,,0,0,,,,,,0
0021300342,24,1,1,1,7:15 PM,8:54,,,Bryant 7' Jump Shot (2 PTS) (Gasol 1 AST),8 - 6,-2,5.0,977,Kobe Bryant,1610612747.0,Los Angeles,Lakers,LAL,5,2200,Pau Gasol,1610612747.0,Los Angeles,Lakers,LAL,0,0,,,,,,0
0021300342,25,1,5,1,7:15 PM,8:39,Jefferson 3' Layup (4 PTS),,,8 - 8,TIE,4.0,2744,Al Jefferson,1610612766.0,Charlotte,Bobcats,CHA,0,0,,,,,,0,0,,,,,,0
0021300342,26,5,1,1,7:15 PM,8:31,Jefferson STEAL (1 STL),,Bryant Bad Pass Turnover (P1.T1),,,5.0,977,Kobe Bryant,1610612747.0,Los Angeles,Lakers,LAL,4,2744,Al Jefferson,1610612766.0,Charlotte,Bobcats,CHA,0,0,,,,,,0
0021300342,27,1,5,1,7:15 PM,8:26,Taylor 1' Layup (2 PTS) (Jefferson 2 AST),,,8 - 10,2,4.0,203106,Jeffery Taylor,1610612766.0,Charlotte,Bobcats,CHA,4,2744,Al Jefferson,1610612766.0,Charlotte,Bobcats,CHA,0,0,,,,,,0
0021300342,28,2,1,1,7:16 PM,8:15,Jefferson BLOCK (1 BLK),,MISS Gasol 4' Jump Shot,,,5.0,2200,Pau Gasol,1610612747.0,Los Angeles,Lakers,LAL,0,0,,,,,,4,2744,Al Jefferson,1610612766.0,Charlotte,Bobcats,CHA,0
0021300342,29,4,0,1,7:16 PM,8:13,McRoberts REBOUND (Off:0 Def:1),,,,,4.0,201177,Josh McRoberts,1610612766.0,Charlotte,Bobcats,CHA,0,0,,,,,,0,0,,,,,,0
0021300342,30,5,4,1,7:16 PM,8:07,Walker Traveling Turnover (P1.T1),,,,,4.0,202689,Kemba Walker,1610612766.0,Charlotte,Bobcats,CHA,0,0,,,,,,1,0,,,,,,0
0021300342,31,2,5,1,7:16 PM,7:54,,,MISS Meeks 2' Layup,,,5.0,201975,Jodie Meeks,1610612747.0,Los Angeles,Lakers,LAL,0,0,,,,,,0,0,,,,,,0
0021300342,32,4,0,1,7:16 PM,7:53,,,Meeks REBOUND (Off:1 Def:1),,,5.0,201975,Jodie Meeks,1610612747.0,Los Angeles,Lakers,LAL,0,0,,,,,,0,0,,,,,,0
0021300342,33,6,17,1,7:16 PM,7:47,BOBCATS T.Foul (Def. 3 Sec Taylor ),,,,,4.0,203106,Jeffery Taylor,1610612766.0,Charlotte,Bobcats,CHA,0,0,,,,,,1,0,,,,,,0
0021300342,34,3,16,1,7:17 PM,7:47,,,Bryant Free Throw Technical (3 PTS),9 - 10,1,5.0,977,Kobe Bryant,1610612747.0,Los Angeles,Lakers,LAL,0,0,,,,,,0,0,,,,,,0
0021300342,37,1,5,1,7:17 PM,7:34,,,Gasol 2' Layup (2 PTS) (Bryant 1 AST),11 - 10,-1,5.0,2200,Pau Gasol,1610612747.0,Los Angeles,Lakers,LAL,5,977,Kobe Bryant,1610612747.0,Los Angeles,Lakers,LAL,0,0,,,,,,0
0021300342,38,1,1,1,7:17 PM,7:19,Henderson 6' Jump Shot (4 PTS),,,11 - 12,1,4.0,201945,Gerald Henderson,1610612766.0,Charlotte,Bobcats,CHA,0,0,,,,,,0,0,,,,,,0
0021300342,39,1,1,1,7:18 PM,7:08,,,Bryant 17' Jump Shot (5 PTS),13 - 12,-1,5.0,977,Kobe Bryant,1610612747.0,Los Angeles,Lakers,LAL,0,0,,,,,,0,0,,,,,,0
0021300342,40,1,49,1,7:18 PM,6:51,McRoberts 1' Driving Dunk (2 PTS) (Walker 1 AST),,,13 - 14,1,4.0,201177,Josh McRoberts,1610612766.0,Charlotte,Bobcats,CHA,4,202689,Kemba Walker,1610612766.0,Charlotte,Bobcats,CHA,0,0,,,,,,0
0021300342,41,5,2,1,7:18 PM,6:32,Taylor STEAL (1 STL),,Hill Lost Ball Turnover (P1.T2),,,5.0,201941,Jordan Hill,1610612747.0,Los Angeles,Lakers,LAL,4,203106,Jeffery Taylor,1610612766.0,Charlotte,Bobcats,CHA,0,0,,,,,,0
0021300342,42,2,1,1,7:18 PM,6:26,MISS Walker 25' 3PT Jump Shot,,,,,4.0,202689,Kemba Walker,1610612766.0,Charlotte,Bobcats,CHA,0,0,,,,,,0,0,,,,,,0
0021300342,43,4,0,1,7:18 PM,6:24,,,Gasol REBOUND (Off:0 Def:1),,,5.0,2200,Pau Gasol,1610612747.0,Los Angeles,Lakers,LAL,0,0,,,,,,0,0,,,,,,0
0021300342,44,1,1,1,7:19 PM,6:08,,,W. Johnson  3PT Jump Shot (3 PTS) (Bryant 2 AST),16 - 14,-2,5.0,202325,Wesley Johnson,1610612747.0,Los Angeles,Lakers,LAL,5,977,Kobe Bryant,1610612747.0,Los Angeles,Lakers,LAL,0,0,,,,,,0
0021300342,45,2,5,1,7:19 PM,5:49,MISS Jefferson 1' Layup,,,,,4.0,2744,Al Jefferson,1610612766.0,Charlotte,Bobcats,CHA,0,0,,,,,,0,0,,,,,,0
0021300342,46,4,0,1,7:19 PM,5:48,,,Bryant REBOUND (Off:0 Def:1),,,5.0,977,Kobe Bryant,1610612747.0,Los Angeles,Lakers,LAL,0,0,,,,,,0,0,,,,,,0
0021300342,47,2,5,1,7:19 PM,5:35,,,MISS Meeks 1' Layup,,,5.0,201975,Jodie Meeks,1610612747.0,Los Angeles,Lakers,LAL,0,0,,,,,,0,0,,,,,,0
0021300342,48,4,0,1,7:19 PM,5:34,Jefferson REBOUND (Off:0 Def:2),,,,,4.0,2744,Al Jefferson,1610612766.0,Charlotte,Bobcats,CHA,0,0,,,,,,0,0,,,,,,0
0021300342,49,6,2,1,7:19 PM,5:29,,,Gasol S.FOUL (P1.T1),,,5.0,2200,Pau Gasol,1610612747.0,Los Angeles,Lakers,LAL,4,202689,Kemba Walker,1610612766.0,Charlotte,Bobcats,CHA,1,0,,,,,,0
0021300342,50,9,1,1,7:20 PM,5:29,BOBCATS Timeout: Regular (Full 1 Short 0),,,,,2.0,1610612766,,,,,,0,0,,,,,,0,0,,,,,,0
0021300342,53,8,0,1,7:22 PM,5:29,SUB: Sessions FOR Taylor,,,,,4.0,203106,Jeffery Taylor,1610612766.0,Charlotte,Bobcats,CHA,4,201196,Ramon Sessions,1610612766.0,Charlotte,Bobcats,CHA,0,0,,,,,,0
0021300342,54,8,0,1,7:22 PM,5:29,SUB: Zeller FOR McRoberts,,,,,4.0,201177,Josh McRoberts,1610612766.0,Charlotte,Bobcats,CHA,4,203469,Cody Zeller,1610612766.0,Charlotte,Bobcats,CHA,0,0,,,,,,0
0021300342,55,3,11,1,7:22 PM,5:29,Walker Free Throw 1 of 2 (3 PTS),,,16 - 15,-1,4.0,202689,Kemba Walker,1610612766.0,Charlotte,Bobcats,CHA,0,0,,,,,,0,0,,,,,,0
0021300342,57,3,12,1,7:22 PM,5:29,Walker Free Throw 2 of 2 (4 PTS),,,16 - 16,TIE,4.0,202689,Kemba Walker,1610612766.0,Charlotte,Bobcats,CHA,0,0,,,,,,0,0,,,,,,0
0021300342,59,2,1,1,7:23 PM,5:16,,,MISS Gasol 8' Jump Shot,,,5.0,2200,Pau Gasol,1610612747.0,Los Angeles,Lakers,LAL,0,0,,,,,,0,0,,,,,,0
0021300342,60,4,0,1,7:23 PM,5:15,Henderson REBOUND (Off:0 Def:2),,,,,4.0,201945,Gerald Henderson,1610612766.0,Charlotte,Bobcats,CHA,0,0,,,,,,0,0,,,,,,0
0021300342,61,2,1,1,7:23 PM,5:03,MISS Henderson 13' Jump Shot,,,,,4.0,201945,Gerald Henderson,1610612766.0,Charlotte,Bobcats,CHA,0,0,,,,,,0,0,,,,,,0
0021300342,62,4,0,1,7:23 PM,5:02,,,W. Johnson REBOUND (Off:0 Def:2),,,5.0,202325,Wesley Johnson,1610612747.0,Los Angeles,Lakers,LAL,0,0,,,,,,0,0,,,,,,0
0021300342,63,2,3,1,7:23 PM,4:49,,,MISS Gasol 8' Hook Shot,,,5.0,2200,Pau Gasol,1610612747.0,Los Angeles,Lakers,LAL,0,0,,,,,,0,0,,,,,,0
0021300342,64,4,0,1,7:23 PM,4:48,Jefferson REBOUND (Off:0 Def:3),,,,,4.0,2744,Al Jefferson,1610612766.0,Charlotte,Bobcats,CHA,0,0,,,,,,0,0,,,,,,0
0021300342,65,1,5,1,7:24 PM,4:30,Jefferson 3' Layup (6 PTS),,,16 - 18,2,4.0,2744,Al Jefferson,1610612766.0,Charlotte,Bobcats,CHA,0,0,,,,,,0,0,,,,,,0
0021300342,66,2,1,1,7:24 PM,4:10,,,MISS Gasol 12' Jump Shot,,,5.0,2200,Pau Gasol,1610612747.0,Los Angeles,Lakers,LAL,0,0,,,,,,0,0,,,,,,0
0021300342,67,4,0,1,7:24 PM,4:09,Sessions REBOUND (Off:0 Def:1),,,,,4.0,201196,Ramon Sessions,1610612766.0,Charlotte,Bobcats,CHA,0,0,,,,,,0,0,,,,,,0
0021300342,68,1,1,1,7:24 PM,4:04,Walker 14' Jump Shot (6 PTS) (Sessions 1 AST),,,16 - 20,4,4.0,202689,Kemba Walker,1610612766.0,Charlotte,Bobcats,CHA,4,201196,Ramon Sessions,1610612766.0,Charlotte,Bobcats,CHA,0,0,,,,,,0
0021300342,69,9,1,1,7:24 PM,4:02,,,Lakers Timeout: Regular (Reg.1 Short 0),,,3.0,1610612747,,,,,,0,0,,,,,,0,0,,,,,,0
0021300342,71,8,0,1,7:26 PM,4:02,,,SUB: Shaw. Williams FOR W. Johnson,,,5.0,202325,Wesley Johnson,1610612747.0,Los Angeles,Lakers,LAL,5,200761,Shawne Williams,1610612747.0,Los Angeles,Lakers,LAL,0,0,,,,,,0
0021300342,72,8,0,1,7:26 PM,4:02,,,SUB: Henry FOR Hill,,,5.0,201941,Jordan Hill,1610612747.0,Los Angeles,Lakers,LAL,5,202333,Xavier Henry,1610612747.0,Los Angeles,Lakers,LAL,0,0,,,,,,0
0021300342,73,8,0,1,7:26 PM,4:02,,,SUB: Young FOR Meeks,,,5.0,201975,Jodie Meeks,1610612747.0,Los Angeles,Lakers,LAL,5,201156,Nick Young,1610612747.0,Los Angeles,Lakers,LAL,0,0,,,,,,0
0021300342,74,8,0,1,7:27 PM,4:02,SUB: Biyombo FOR Jefferson,,,,,4.0,2744,Al Jefferson,1610612766.0,Charlotte,Bobcats,CHA,4,202687,Bismack Biyombo,1610612766.0,Charlotte,Bobcats,CHA,0,0,,,,,,0
0021300342,75,1,1,1,7:27 PM,3:52,,,Bryant 25' 3PT Jump Shot (8 PTS),19 - 20,1,5.0,977,Kobe Bryant,1610612747.0,Los Angeles,Lakers,LAL,0,0,,,,,,0,0,,,,,,0
0021300342,77,2,5,1,7:27 PM,3:27,MISS Zeller 2' Layup,,Gasol BLOCK (1 BLK),,,4.0,203469,Cody Zeller,1610612766.0,Charlotte,Bobcats,CHA,0,0,,,,,,5,2200,Pau Gasol,1610612747.0,Los Angeles,Lakers,LAL,0
0021300342,78,4,0,1,7:27 PM,3:25,,,Shaw. Williams REBOUND (Off:0 Def:1),,,5.0,200761,Shawne Williams,1610612747.0,Los Angeles,Lakers,LAL,0,0,,,,,,0,0,,,,,,0
0021300342,79,5,4,1,7:28 PM,3:16,,,Gasol Traveling Turnover (P1.T3),,,5.0,2200,Pau Gasol,1610612747.0,Los Angeles,Lakers,LAL,0,0,,,,,,1,0,,,,,,0
0021300342,80,2,5,1,7:28 PM,3:05,MISS Zeller 1' Layup,,Gasol BLOCK (2 BLK),,,4.0,203469,Cody Zeller,1610612766.0,Charlotte,Bobcats,CHA,0,0,,,,,,5,2200,Pau Gasol,1610612747.0,Los Angeles,Lakers,LAL,0
0021300342,81,4,0,1,7:28 PM,3:04,,,Young REBOUND (Off:0 Def:1),,,5.0,201156,Nick Young,1610612747.0,Los Angeles,Lakers,LAL,0,0,,,,,,0,0,,,,,,0
0021300342,82,2,1,1,7:28 PM,2:53,,,MISS Young 27' 3PT Jump Shot,,,5.0,201156,Nick Young,1610612747.0,Los Angeles,Lakers,LAL,0,0,,,,,,0,0,,,,,,0
0021300342,83,4,0,1,7:28 PM,2:53,BOBCATS Rebound,,,,,2.0,1610612766,,,,,,0,0,,,,,,0,0,,,,,,0
0021300342,84,8,0,1,7:29 PM,2:53,,,SUB: Meeks FOR Gasol,,,5.0,2200,Pau Gasol,1610612747.0,Los Angeles,Lakers,LAL,5,201975,Jodie Meeks,1610612747.0,Los Angeles,Lakers,LAL,0,0,,,,,,0
0021300342,85,8,0,1,7:29 PM,2:53,,,SUB: Sacre FOR Bryant,,,5.0,977,Kobe Bryant,1610612747.0,Los Angeles,Lakers,LAL,5,203135,Robert Sacre,1610612747.0,Los Angeles,Lakers,LAL,0,0,,,,,,0
0021300342,86,8,0,1,7:29 PM,2:53,SUB: Taylor FOR Henderson,,,,,4.0,201945,Gerald Henderson,1610612766.0,Charlotte,Bobcats,CHA,4,203106,Jeffery Taylor,1610612766.0,Charlotte,Bobcats,CHA,0,0,,,,,,0
0021300342,87,6,27,1,7:29 PM,2:42,,,Shaw. Williams Personal Block Foul (P1.T2),,,5.0,200761,Shawne Williams,1610612747.0,Los Angeles,Lakers,LAL,4,201196,Ramon Sessions,1610612766.0,Charlotte,Bobcats,CHA,1,0,,,,,,0
0021300342,88,2,1,1,7:29 PM,2:27,MISS Sessions 16' Jump Shot,,,,,4.0,201196,Ramon Sessions,1610612766.0,Charlotte,Bobcats,CHA,0,0,,,,,,0,0,,,,,,0
0021300342,89,4,0,1,7:29 PM,2:26,Biyombo REBOUND (Off:1 Def:0),,,,,4.0,202687,Bismack Biyombo,1610612766.0,Charlotte,Bobcats,CHA,0,0,,,,,,0,0,,,,,,0
0021300342,90,2,3,1,7:30 PM,2:23,MISS Biyombo 5' Hook Shot,,,,,4.0,202687,Bismack Biyombo,1610612766.0,Charlotte,Bobcats,CHA,0,0,,,,,,0,0,,,,,,0
0021300342,91,4,0,1,7:30 PM,2:19,,,Shaw. Williams REBOUND (Off:0 Def:2),,,5.0,200761,Shawne Williams,1610612747.0,Los Angeles,Lakers,LAL,0,0,,,,,,0,0,,,,,,0
0021300342,92,6,2,1,7:30 PM,2:02,Sessions S.FOUL (P1.T2),,,,,4.0,201196,Ramon Sessions,1610612766.0,Charlotte,Bobcats,CHA,5,201156,Nick Young,1610612747.0,Los Angeles,Lakers,LAL,1,0,,,,,,0
0021300342,93,3,13,1,7:30 PM,2:02,,,Young Free Throw 1 of 3 (1 PTS),20 - 20,TIE,5.0,201156,Nick Young,1610612747.0,Los Angeles,Lakers,LAL,0,0,,,,,,0,0,,,,,,0
0021300342,95,3,14,1,7:30 PM,2:02,,,Young Free Throw 2 of 3 (2 PTS),21 - 20,-1,5.0,201156,Nick Young,1610612747.0,Los Angeles,Lakers,LAL,0,0,,,,,,0,0,,,,,,0
0021300342,97,3,15,1,7:31 PM,2:02,,,Young Free Throw 3 of 3 (3 PTS),22 - 20,-2,5.0,201156,Nick Young,1610612747.0,Los Angeles,Lakers,LAL,0,0,,,,,,0,0,,,,,,0
0021300342,99,1,1,1,7:31 PM,1:47,Zeller 20' Jump Shot (2 PTS) (Walker 2 AST),,,22 - 22,TIE,4.0,203469,Cody Zeller,1610612766.0,Charlotte,Bobcats,CHA,4,202689,Kemba Walker,1610612766.0,Charlotte,Bobcats,CHA,0,0,,,,,,0
0021300342,101,2,1,1,7:31 PM,1:32,,,MISS Shaw. Williams  3PT Jump Shot,,,5.0,200761,Shawne Williams,1610612747.0,Los Angeles,Lakers,LAL,0,0,,,,,,0,0,,,,,,0
0021300342,102,4,0,1,7:31 PM,1:32,BOBCATS Rebound,,,,,2.0,1610612766,,,,,,0,0,,,,,,0,0,,,,,,0
0021300342,103,6,3,1,7:31 PM,1:32,,,Sacre L.B.FOUL (P1.T3),,,5.0,203135,Robert Sacre,1610612747.0,Los Angeles,Lakers,LAL,4,202687,Bismack Biyombo,1610612766.0,Charlotte,Bobcats,CHA,1,0,,,,,,0
0021300342,104,2,1,1,7:32 PM,1:09,MISS Taylor  3PT Jump Shot,,,,,4.0,203106,Jeffery Taylor,1610612766.0,Charlotte,Bobcats,CHA,0,0,,,,,,0,0,,,,,,0
0021300342,105,4,0,1,7:32 PM,1:07,Zeller REBOUND (Off:1 Def:0),,,,,4.0,203469,Cody Zeller,1610612766.0,Charlotte,Bobcats,CHA,0,0,,,,,,0,0,,,,,,0
0021300342,106,6,2,1,7:32 PM,0:59,,,Sacre S.FOUL (P2.PN),,,5.0,203135,Robert Sacre,1610612747.0,Los Angeles,Lakers,LAL,4,203469,Cody Zeller,1610612766.0,Charlotte,Bobcats,CHA,1,0,,,,,,0
0021300342,107,3,11,1,7:32 PM,0:59,Zeller Free Throw 1 of 2 (3 PTS),,,22 - 23,1,4.0,203469,Cody Zeller,1610612766.0,Charlotte,Bobcats,CHA,0,0,,,,,,0,0,,,,,,0
0021300342,109,8,0,1,7:32 PM,0:59,SUB: Gordon FOR Walker,,,,,4.0,202689,Kemba Walker,1610612766.0,Charlotte,Bobcats,CHA,4,2732,Ben Gordon,1610612766.0,Charlotte,Bobcats,CHA,0,0,,,,,,0
0021300342,110,3,12,1,7:33 PM,0:59,MISS Zeller Free Throw 2 of 2,,,,,4.0,203469,Cody Zeller,1610612766.0,Charlotte,Bobcats,CHA,0,0,,,,,,0,0,,,,,,0
0021300342,112,4,0,1,7:33 PM,0:57,,,Henry REBOUND (Off:0 Def:1),,,5.0,202333,Xavier Henry,1610612747.0,Los Angeles,Lakers,LAL,0,0,,,,,,0,0,,,,,,0
0021300342,113,2,1,1,7:33 PM,0:44,,,MISS Sacre 15' Jump Shot,,,5.0,203135,Robert Sacre,1610612747.0,Los Angeles,Lakers,LAL,0,0,,,,,,0,0,,,,,,0
0021300342,114,4,0,1,7:33 PM,0:43,Zeller REBOUND (Off:1 Def:1),,,,,4.0,203469,Cody Zeller,1610612766.0,Charlotte,Bobcats,CHA,0,0,,,,,,0,0,,,,,,0
0021300342,115,2,5,1,7:33 PM,0:33,MISS Sessions 2' Layup,,,,,4.0,201196,Ramon Sessions,1610612766.0,Charlotte,Bobcats,CHA,0,0,,,,,,0,0,,,,,,0
0021300342,116,4,0,1,7:33 PM,0:32,,,Sacre REBOUND (Off:0 Def:1),,,5.0,203135,Robert Sacre,1610612747.0,Los Angeles,Lakers,LAL,0,0,,,,,,0,0,,,,,,0
0021300342,117,2,58,1,7:33 PM,0:18,,,MISS Sacre 8' Turnaround Hook Shot,,,5.0,203135,Robert Sacre,1610612747.0,Los Angeles,Lakers,LAL,0,0,,,,,,0,0,,,,,,0
0021300342,118,4,0,1,7:33 PM,0:16,Zeller REBOUND (Off:1 Def:2),,,,,4.0,203469,Cody Zeller,1610612766.0,Charlotte,Bobcats,CHA,0,0,,,,,,0,0,,,,,,0
0021300342,119,2,42,1,7:34 PM,0:01,MISS Sessions 2' Driving Layup,,,,,4.0,201196,Ramon Sessions,1610612766.0,Charlotte,Bobcats,CHA,0,0,,,,,,0,0,,,,,,0
0021300342,121,4,0,1,7:34 PM,0:01,Taylor REBOUND (Off:1 Def:0),,,,,4.0,203106,Jeffery Taylor,1610612766.0,Charlotte,Bobcats,CHA,0,0,,,,,,0,0,,,,,,0
0021300342,120,2,1,1,7:34 PM,0:00,MISS Taylor 9' Jump Shot,,,,,4.0,203106,Jeffery Taylor,1610612766.0,Charlotte,Bobcats,CHA,0,0,,,,,,0,0,,,,,,0
0021300342,123,4,0,1,7:34 PM,0:00,BOBCATS Rebound,,,,,2.0,1610612766,,,,,,0,0,,,,,,0,0,,,,,,0
0021300342,122,13,0,1,7:34 PM,0:00,,,,22 - 23,1,0.0,0,,,,,,0,0,,,,,,0,0,,,,,,0
0021300342,125,12,0,2,7:36 PM,12:00,,,,22 - 23,1,0.0,0,,,,,,0,0,,,,,,0,0,,,,,,0
0021300342,126,5,4,2,7:37 PM,11:45,McRoberts Traveling Turnover (P1.T2),,,,,4.0,201177,Josh McRoberts,1610612766.0,Charlotte,Bobcats,CHA,0,0,,,,,,1,0,,,,,,0
0021300342,127,2,1,2,7:37 PM,11:32,,,MISS Henry 26' 3PT Jump Shot,,,5.0,202333,Xavier Henry,1610612747.0,Los Angeles,Lakers,LAL,0,0,,,,,,0,0,,,,,,0
0021300342,128,4,0,2,7:37 PM,11:31,McRoberts REBOUND (Off:0 Def:2),,,,,4.0,201177,Josh McRoberts,1610612766.0,Charlotte,Bobcats,CHA,0,0,,,,,,0,0,,,,,,0
0021300342,129,2,1,2,7:37 PM,11:11,MISS Gordon 25' 3PT Jump Shot,,,,,4.0,2732,Ben Gordon,1610612766.0,Charlotte,Bobcats,CHA,0,0,,,,,,0,0,,,,,,0
0021300342,130,4,0,2,7:38 PM,11:10,,,Shaw. Williams REBOUND (Off:0 Def:3),,,5.0,200761,Shawne Williams,1610612747.0,Los Angeles,Lakers,LAL,0,0,,,,,,0,0,,,,,,0
0021300342,131,6,2,2,7:38 PM,10:58,Biyombo S.FOUL (P1.T1),,,,,4.0,202687,Bismack Biyombo,1610612766.0,Charlotte,Bobcats,CHA,5,201156,Nick Young,1610612747.0,Los Angeles,Lakers,LAL,1,0,,,,,,0
0021300342,132,3,11,2,7:38 PM,10:58,,,Young Free Throw 1 of 2 (4 PTS),23 - 23,TIE,5.0,201156,Nick Young,1610612747.0,Los Angeles,Lakers,LAL,0,0,,,,,,0,0,,,,,,0
0021300342,134,3,12,2,7:38 PM,10:58,,,MISS Young Free Throw 2 of 2,,,5.0,201156,Nick Young,1610612747.0,Los Angeles,Lakers,LAL,0,0,,,,,,0,0,,,,,,0
0021300342,136,4,0,2,7:38 PM,10:57,Biyombo REBOUND (Off:1 Def:1),,,,,4.0,202687,Bismack Biyombo,1610612766.0,Charlotte,Bobcats,CHA,0,0,,,,,,0,0,,,,,,0
0021300342,137,1,73,2,7:39 PM,10:41,Gordon  Driving Reverse Layup (2 PTS),,,23 - 25,2,4.0,2732,Ben Gordon,1610612766.0,Charlotte,Bobcats,CHA,0,0,,,,,,0,0,,,,,,0
0021300342,139,2,1,2,7:39 PM,10:21,,,MISS Young 17' Jump Shot,,,5.0,201156,Nick Young,1610612747.0,Los Angeles,Lakers,LAL,0,0,,,,,,0,0,,,,,,0
0021300342,140,4,0,2,7:39 PM,10:20,McRoberts REBOUND (Off:0 Def:3),,,,,4.0,201177,Josh McRoberts,1610612766.0,Charlotte,Bobcats,CHA,0,0,,,,,,0,0,,,,,,0
0021300342,141,2,1,2,7:39 PM,10:12,MISS Gordon 3' Jump Shot,,Young BLOCK (1 BLK),,,4.0,2732,Ben Gordon,1610612766.0,Charlotte,Bobcats,CHA,0,0,,,,,,5,201156,Nick Young,1610612747.0,Los Angeles,Lakers,LAL,0
0021300342,142,4,0,2,7:39 PM,10:11,,,Shaw. Williams REBOUND (Off:0 Def:4),,,5.0,200761,Shawne Williams,1610612747.0,Los Angeles,Lakers,LAL,0,0,,,,,,0,0,,,,,,0
0021300342,143,5,1,2,7:39 PM,10:11,,,Shaw. Williams Bad Pass Turnover (P1.T4),,,5.0,200761,Shawne Williams,1610612747.0,Los Angeles,Lakers,LAL,0,0,,,,,,0,0,,,,,,0
0021300342,144,5,4,2,7:40 PM,10:04,Sessions Traveling Turnover (P1.T3),,,,,4.0,201196,Ramon Sessions,1610612766.0,Charlotte,Bobcats,CHA,0,0,,,,,,1,0,,,,,,0
0021300342,145,2,5,2,7:40 PM,9:49,,,MISS Henry 3' Layup,,,5.0,202333,Xavier Henry,1610612747.0,Los Angeles,Lakers,LAL,0,0,,,,,,0,0,,,,,,0
0021300342,146,4,0,2,7:40 PM,9:48,Gordon REBOUND (Off:0 Def:1),,,,,4.0,2732,Ben Gordon,1610612766.0,Charlotte,Bobcats,CHA,0,0,,,,,,0,0,,,,,,0
0021300342,147,2,1,2,7:41 PM,9:31,MISS Taylor 26' 3PT Jump Shot,,,,,4.0,203106,Jeffery Taylor,1610612766.0,Charlotte,Bobcats,CHA,0,0,,,,,,0,0,,,,,,0
0021300342,148,4,0,2,7:41 PM,9:29,Sessions REBOUND (Off:1 Def:1),,,,,4.0,201196,Ramon Sessions,1610612766.0,Charlotte,Bobcats,CHA,0,0,,,,,,0,0,,,,,,0
0021300342,149,1,7,2,7:41 PM,9:25,Biyombo 1' Dunk (2 PTS) (Sessions 2 AST),,,23 - 27,4,4.0,202687,Bismack Biyombo,1610612766.0,Charlotte,Bobcats,CHA,4,201196,Ramon Sessions,1610612766.0,Charlotte,Bobcats,CHA,0,0,,,,,,0
0021300342,150,9,1,2,7:41 PM,9:24,,,Lakers Timeout: Regular (Reg.2 Short 0),,,3.0,1610612747,,,,,,0,0,,,,,,0,0,,,,,,0
0021300342,154,2,5,2,7:43 PM,9:12,Biyombo BLOCK (1 BLK),,MISS Young 3' Layup,,,5.0,201156,Nick Young,1610612747.0,Los Angeles,Lakers,LAL,0,0,,,,,,4,202687,Bismack Biyombo,1610612766.0,Charlotte,Bobcats,CHA,0
0021300342,155,4,0,2,7:43 PM,9:12,,,Sacre REBOUND (Off:1 Def:1),,,5.0,203135,Robert Sacre,1610612747.0,Los Angeles,Lakers,LAL,0,0,,,,,,0,0,,,,,,0
0021300342,156,6,1,2,7:43 PM,9:12,Taylor P.FOUL (P2.T2),,,,,4.0,203106,Jeffery Taylor,1610612766.0,Charlotte,Bobcats,CHA,5,203135,Robert Sacre,1610612747.0,Los Angeles,Lakers,LAL,1,0,,,,,,0
0021300342,157,2,1,2,7:44 PM,9:04,Taylor BLOCK (1 BLK),,MISS Henry 8' Jump Shot,,,5.0,202333,Xavier Henry,1610612747.0,Los Angeles,Lakers,LAL,0,0,,,,,,4,203106,Jeffery Taylor,1610612766.0,Charlotte,Bobcats,CHA,0
0021300342,158,4,0,2,7:44 PM,9:02,McRoberts REBOUND (Off:0 Def:4),,,,,4.0,201177,Josh McRoberts,1610612766.0,Charlotte,Bobcats,CHA,0,0,,,,,,0,0,,,,,,0
0021300342,159,1,42,2,7:44 PM,8:58,Sessions 1' Driving Layup (2 PTS),,,23 - 29,6,4.0,201196,Ramon Sessions,1610612766.0,Charlotte,Bobcats,CHA,0,0,,,,,,0,0,,,,,,0
0021300342,160,1,1,2,7:44 PM,8:33,,,Shaw. Williams  3PT Jump Shot (3 PTS) (Henry 1 AST),26 - 29,3,5.0,200761,Shawne Williams,1610612747.0,Los Angeles,Lakers,LAL,5,202333,Xavier Henry,1610612747.0,Los Angeles,Lakers,LAL,0,0,,,,,,0
0021300342,161,1,7,2,7:44 PM,8:22,Biyombo 1' Dunk (4 PTS) (McRoberts 2 AST),,,26 - 31,5,4.0,202687,Bismack Biyombo,1610612766.0,Charlotte,Bobcats,CHA,4,201177,Josh McRoberts,1610612766.0,Charlotte,Bobcats,CHA,0,0,,,,,,0
0021300342,162,1,1,2,7:45 PM,8:10,,,Shaw. Williams 18' Jump Shot (5 PTS),28 - 31,3,5.0,200761,Shawne Williams,1610612747.0,Los Angeles,Lakers,LAL,0,0,,,,,,0,0,,,,,,0
0021300342,163,5,1,2,7:45 PM,7:43,Sessions Bad Pass Turnover (P2.T4),,,,,4.0,201196,Ramon Sessions,1610612766.0,Charlotte,Bobcats,CHA,0,0,,,,,,0,0,,,,,,0
0021300342,164,8,0,2,7:45 PM,7:43,SUB: Jefferson FOR Biyombo,,,,,4.0,202687,Bismack Biyombo,1610612766.0,Charlotte,Bobcats,CHA,4,2744,Al Jefferson,1610612766.0,Charlotte,Bobcats,CHA,0,0,,,,,,0
0021300342,165,8,0,2,7:45 PM,7:43,,,SUB: Bryant FOR Meeks,,,5.0,201975,Jodie Meeks,1610612747.0,Los Angeles,Lakers,LAL,5,977,Kobe Bryant,1610612747.0,Los Angeles,Lakers,LAL,0,0,,,,,,0
0021300342,166,8,0,2,7:45 PM,7:43,,,SUB: Gasol FOR Shaw. Williams,,,5.0,200761,Shawne Williams,1610612747.0,Los Angeles,Lakers,LAL,5,2200,Pau Gasol,1610612747.0,Los Angeles,Lakers,LAL,0,0,,,,,,0
0021300342,167,8,0,2,7:45 PM,7:43,,,SUB: Hill FOR Sacre,,,5.0,203135,Robert Sacre,1610612747.0,Los Angeles,Lakers,LAL,5,201941,Jordan Hill,1610612747.0,Los Angeles,Lakers,LAL,0,0,,,,,,0
0021300342,168,6,2,2,7:46 PM,7:29,McRoberts S.FOUL (P1.T3),,,,,4.0,201177,Josh McRoberts,1610612766.0,Charlotte,Bobcats,CHA,5,201941,Jordan Hill,1610612747.0,Los Angeles,Lakers,LAL,1,0,,,,,,0
0021300342,169,3,11,2,7:46 PM,7:29,,,Hill Free Throw 1 of 2 (5 PTS),29 - 31,2,5.0,201941,Jordan Hill,1610612747.0,Los Angeles,Lakers,LAL,0,0,,,,,,0,0,,,,,,0
0021300342,171,8,0,2,7:46 PM,7:29,SUB: Henderson FOR Taylor,,,,,4.0,203106,Jeffery Taylor,1610612766.0,Charlotte,Bobcats,CHA,4,201945,Gerald Henderson,1610612766.0,Charlotte,Bobcats,CHA,0,0,,,,,,0
0021300342,172,3,12,2,7:46 PM,7:29,,,Hill Free Throw 2 of 2 (6 PTS),30 - 31,1,5.0,201941,Jordan Hill,1610612747.0,Los Angeles,Lakers,LAL,0,0,,,,,,0,0,,,,,,0
0021300342,174,2,1,2,7:47 PM,7:13,MISS Gordon 19' Jump Shot,,,,,4.0,2732,Ben Gordon,1610612766.0,Charlotte,Bobcats,CHA,0,0,,,,,,0,0,,,,,,0
0021300342,175,4,0,2,7:47 PM,7:11,,,Gasol REBOUND (Off:0 Def:2),,,5.0,2200,Pau Gasol,1610612747.0,Los Angeles,Lakers,LAL,0,0,,,,,,0,0,,,,,,0
0021300342,176,2,1,2,7:47 PM,6:52,Gordon BLOCK (1 BLK),,MISS Bryant 18' Jump Shot,,,5.0,977,Kobe Bryant,1610612747.0,Los Angeles,Lakers,LAL,0,0,,,,,,4,2732,Ben Gordon,1610612766.0,Charlotte,Bobcats,CHA,0
0021300342,177,4,0,2,7:47 PM,6:51,McRoberts REBOUND (Off:0 Def:5),,,,,4.0,201177,Josh McRoberts,1610612766.0,Charlotte,Bobcats,CHA,0,0,,,,,,0,0,,,,,,0
0021300342,178,2,85,2,7:47 PM,6:38,MISS Henderson 12' Turnaround Bank Shot,,,,,4.0,201945,Gerald Henderson,1610612766.0,Charlotte,Bobcats,CHA,0,0,,,,,,0,0,,,,,,0
0021300342,179,4,0,2,7:47 PM,6:37,,,Hill REBOUND (Off:0 Def:1),,,5.0,201941,Jordan Hill,1610612747.0,Los Angeles,Lakers,LAL,0,0,,,,,,0,0,,,,,,0
0021300342,180,1,5,2,7:48 PM,6:26,,,Gasol 2' Layup (4 PTS) (Bryant 3 AST),32 - 31,-1,5.0,2200,Pau Gasol,1610612747.0,Los Angeles,Lakers,LAL,5,977,Kobe Bryant,1610612747.0,Los Angeles,Lakers,LAL,0,0,,,,,,0
0021300342,181,1,5,2,7:48 PM,6:06,Gordon  Layup (4 PTS) (McRoberts 3 AST),,,32 - 33,1,4.0,2732,Ben Gordon,1610612766.0,Charlotte,Bobcats,CHA,4,201177,Josh McRoberts,1610612766.0,Charlotte,Bobcats,CHA,0,0,,,,,,0
0021300342,182,5,1,2,7:48 PM,5:54,Sessions STEAL (1 STL),,Gasol Bad Pass Turnover (P2.T5),,,5.0,2200,Pau Gasol,1610612747.0,Los Angeles,Lakers,LAL,4,201196,Ramon Sessions,1610612766.0,Charlotte,Bobcats,CHA,0,0,,,,,,0
0021300342,183,2,1,2,7:48 PM,5:39,MISS Jefferson 10' Jump Shot,,,,,4.0,2744,Al Jefferson,1610612766.0,Charlotte,Bobcats,CHA,0,0,,,,,,0,0,,,,,,0
0021300342,184,4,0,2,7:48 PM,5:38,,,Bryant REBOUND (Off:0 Def:2),,,5.0,977,Kobe Bryant,1610612747.0,Los Angeles,Lakers,LAL,0,0,,,,,,0,0,,,,,,0
0021300342,185,6,4,2,7:49 PM,5:26,,,Bryant OFF.Foul (P1),,,5.0,977,Kobe Bryant,1610612747.0,Los Angeles,Lakers,LAL,4,2732,Ben Gordon,1610612766.0,Charlotte,Bobcats,CHA,1,0,,,,,,0
0021300342,186,5,5,2,7:49 PM,5:26,,,Bryant Foul Turnover (P2.T6),,,5.0,977,Kobe Bryant,1610612747.0,Los Angeles,Lakers,LAL,0,0,,,,,,1,0,,,,,,0
0021300342,187,9,4,2,7:49 PM,5:26,,,,,,1.0,0,,,,,,0,0,,,,,,0,0,,,,,,0
0021300342,189,8,0,2,7:51 PM,5:26,,,SUB: W. Johnson FOR Henry,,,5.0,202333,Xavier Henry,1610612747.0,Los Angeles,Lakers,LAL,5,202325,Wesley Johnson,1610612747.0,Los Angeles,Lakers,LAL,0,0,,,,,,0
0021300342,190,8,0,2,7:51 PM,5:26,SUB: Walker FOR Sessions,,,,,4.0,201196,Ramon Sessions,1610612766.0,Charlotte,Bobcats,CHA,4,202689,Kemba Walker,1610612766.0,Charlotte,Bobcats,CHA,0,0,,,,,,0
0021300342,191,2,1,2,7:52 PM,5:08,MISS McRoberts 26' 3PT Jump Shot,,,,,4.0,201177,Josh McRoberts,1610612766.0,Charlotte,Bobcats,CHA,0,0,,,,,,0,0,,,,,,0
0021300342,192,4,0,2,7:52 PM,5:06,,,Gasol REBOUND (Off:0 Def:3),,,5.0,2200,Pau Gasol,1610612747.0,Los Angeles,Lakers,LAL,0,0,,,,,,0,0,,,,,,0
0021300342,193,5,1,2,7:52 PM,5:00,Gordon STEAL (1 STL),,Bryant Bad Pass Turnover (P3.T7),,,5.0,977,Kobe Bryant,1610612747.0,Los Angeles,Lakers,LAL,4,2732,Ben Gordon,1610612766.0,Charlotte,Bobcats,CHA,0,0,,,,,,0
0021300342,194,1,42,2,7:52 PM,4:56,Gordon 1' Driving Layup (6 PTS),,,32 - 35,3,4.0,2732,Ben Gordon,1610612766.0,Charlotte,Bobcats,CHA,0,0,,,,,,0,0,,,,,,0
0021300342,195,1,1,2,7:52 PM,4:39,,,W. Johnson 24' 3PT Jump Shot (6 PTS) (Bryant 4 AST),35 - 35,TIE,5.0,202325,Wesley Johnson,1610612747.0,Los Angeles,Lakers,LAL,5,977,Kobe Bryant,1610612747.0,Los Angeles,Lakers,LAL,0,0,,,,,,0
0021300342,196,5,41,2,7:53 PM,4:18,McRoberts Poss Lost Ball Turnover (P2.T5),,Gasol STEAL (1 STL),,,4.0,201177,Josh McRoberts,1610612766.0,Charlotte,Bobcats,CHA,5,2200,Pau Gasol,1610612747.0,Los Angeles,Lakers,LAL,0,0,,,,,,0
0021300342,197,2,5,2,7:53 PM,4:10,Henderson BLOCK (1 BLK),,MISS Hill 2' Layup,,,5.0,201941,Jordan Hill,1610612747.0,Los Angeles,Lakers,LAL,0,0,,,,,,4,201945,Gerald Henderson,1610612766.0,Charlotte,Bobcats,CHA,0
0021300342,198,4,0,2,7:53 PM,4:10,,,Lakers Rebound,,,3.0,1610612747,,,,,,0,0,,,,,,0,0,,,,,,0
0021300342,199,8,0,2,7:53 PM,4:10,SUB: Zeller FOR McRoberts,,,,,4.0,201177,Josh McRoberts,1610612766.0,Charlotte,Bobcats,CHA,4,203469,Cody Zeller,1610612766.0,Charlotte,Bobcats,CHA,0,0,,,,,,0
0021300342,200,2,1,2,7:53 PM,4:03,,,MISS Bryant 18' Jump Shot,,,5.0,977,Kobe Bryant,1610612747.0,Los Angeles,Lakers,LAL,0,0,,,,,,0,0,,,,,,0
0021300342,201,4,0,2,7:53 PM,4:02,BOBCATS Rebound,,,,,2.0,1610612766,,,,,,0,0,,,,,,0,0,,,,,,0
0021300342,202,6,1,2,7:53 PM,4:02,,,Gasol P.FOUL (P2.T1),,,5.0,2200,Pau Gasol,1610612747.0,Los Angeles,Lakers,LAL,4,2744,Al Jefferson,1610612766.0,Charlotte,Bobcats,CHA,1,0,,,,,,0
0021300342,203,1,5,2,7:54 PM,3:43,Jefferson 1' Layup (8 PTS),,,35 - 37,2,4.0,2744,Al Jefferson,1610612766.0,Charlotte,Bobcats,CHA,0,0,,,,,,0,0,,,,,,0
0021300342,204,2,1,2,7:54 PM,3:26,,,MISS Gasol 15' Jump Shot,,,5.0,2200,Pau Gasol,1610612747.0,Los Angeles,Lakers,LAL,0,0,,,,,,0,0,,,,,,0
0021300342,205,4,0,2,7:54 PM,3:26,,,Hill REBOUND (Off:1 Def:1),,,5.0,201941,Jordan Hill,1610612747.0,Los Angeles,Lakers,LAL,0,0,,,,,,0,0,,,,,,0
0021300342,206,1,5,2,7:54 PM,3:26,,,Hill 1' Layup (8 PTS),37 - 37,TIE,5.0,201941,Jordan Hill,1610612747.0,Los Angeles,Lakers,LAL,0,0,,,,,,0,0,,,,,,0
0021300342,207,6,2,2,7:54 PM,3:26,Zeller S.FOUL (P1.T4),,,,,4.0,203469,Cody Zeller,1610612766.0,Charlotte,Bobcats,CHA,5,201941,Jordan Hill,1610612747.0,Los Angeles,Lakers,LAL,1,0,,,,,,0
0021300342,209,3,10,2,7:54 PM,3:26,,,MISS Hill Free Throw 1 of 1,,,5.0,201941,Jordan Hill,1610612747.0,Los Angeles,Lakers,LAL,0,0,,,,,,0,0,,,,,,0
0021300342,211,4,0,2,7:55 PM,3:25,Jefferson REBOUND (Off:0 Def:4),,,,,4.0,2744,Al Jefferson,1610612766.0,Charlotte,Bobcats,CHA,0,0,,,,,,0,0,,,,,,0
0021300342,213,2,1,2,7:55 PM,3:10,MISS Jefferson 16' Jump Shot,,,,,4.0,2744,Al Jefferson,1610612766.0,Charlotte,Bobcats,CHA,0,0,,,,,,0,0,,,,,,0
0021300342,214,4,0,2,7:55 PM,3:09,,,Bryant REBOUND (Off:0 Def:3),,,5.0,977,Kobe Bryant,1610612747.0,Los Angeles,Lakers,LAL,0,0,,,,,,0,0,,,,,,0
0021300342,216,2,1,2,7:55 PM,2:55,,,MISS Gasol 5' Jump Shot,,,5.0,2200,Pau Gasol,1610612747.0,Los Angeles,Lakers,LAL,0,0,,,,,,0,0,,,,,,0
0021300342,217,4,0,2,7:55 PM,2:54,Jefferson REBOUND (Off:0 Def:5),,,,,4.0,2744,Al Jefferson,1610612766.0,Charlotte,Bobcats,CHA,0,0,,,,,,0,0,,,,,,0
0021300342,219,5,40,2,7:55 PM,2:45,Gordon Out of Bounds Lost Ball Turnover (P1.T6),,,,,4.0,2732,Ben Gordon,1610612766.0,Charlotte,Bobcats,CHA,0,0,,,,,,0,0,,,,,,0
0021300342,220,9,1,2,7:55 PM,2:45,BOBCATS Timeout: Regular (Full 2 Short 0),,,,,2.0,1610612766,,,,,,0,0,,,,,,0,0,,,,,,0
0021300342,224,1,66,2,7:58 PM,2:29,,,Bryant 15' Jump Bank Shot (10 PTS),39 - 37,-2,5.0,977,Kobe Bryant,1610612747.0,Los Angeles,Lakers,LAL,0,0,,,,,,0,0,,,,,,0
0021300342,225,1,1,2,7:58 PM,2:15,Henderson 17' Jump Shot (6 PTS) (Walker 3 AST),,,39 - 39,TIE,4.0,201945,Gerald Henderson,1610612766.0,Charlotte,Bobcats,CHA,4,202689,Kemba Walker,1610612766.0,Charlotte,Bobcats,CHA,0,0,,,,,,0
0021300342,227,2,1,2,7:59 PM,1:51,,,MISS Gasol 17' Jump Shot,,,5.0,2200,Pau Gasol,1610612747.0,Los Angeles,Lakers,LAL,0,0,,,,,,0,0,,,,,,0
0021300342,228,4,0,2,7:59 PM,1:50,Henderson REBOUND (Off:0 Def:3),,,,,4.0,201945,Gerald Henderson,1610612766.0,Charlotte,Bobcats,CHA,0,0,,,,,,0,0,,,,,,0
0021300342,229,1,1,2,7:59 PM,1:36,Henderson 10' Jump Shot (8 PTS) (Walker 4 AST),,,39 - 41,2,4.0,201945,Gerald Henderson,1610612766.0,Charlotte,Bobcats,CHA,4,202689,Kemba Walker,1610612766.0,Charlotte,Bobcats,CHA,0,0,,,,,,0
0021300342,230,5,1,2,7:59 PM,1:26,,,Bryant Bad Pass Turnover (P4.T8),,,5.0,977,Kobe Bryant,1610612747.0,Los Angeles,Lakers,LAL,0,0,,,,,,0,0,,,,,,0
0021300342,231,2,1,2,8:00 PM,1:12,MISS Henderson 16' Jump Shot,,,,,4.0,201945,Gerald Henderson,1610612766.0,Charlotte,Bobcats,CHA,0,0,,,,,,0,0,,,,,,0
0021300342,232,4,0,2,8:00 PM,1:11,,,Hill REBOUND (Off:1 Def:2),,,5.0,201941,Jordan Hill,1610612747.0,Los Angeles,Lakers,LAL,0,0,,,,,,0,0,,,,,,0
0021300342,233,1,1,2,8:00 PM,0:58,,,Bryant 26' 3PT Jump Shot (13 PTS) (Gasol 2 AST),42 - 41,-1,5.0,977,Kobe Bryant,1610612747.0,Los Angeles,Lakers,LAL,5,2200,Pau Gasol,1610612747.0,Los Angeles,Lakers,LAL,0,0,,,,,,0
0021300342,235,1,1,2,8:00 PM,0:35,Gordon 18' Jump Shot (8 PTS) (Walker 5 AST),,,42 - 43,1,4.0,2732,Ben Gordon,1610612766.0,Charlotte,Bobcats,CHA,4,202689,Kemba Walker,1610612766.0,Charlotte,Bobcats,CHA,0,0,,,,,,0
0021300342,236,1,42,2,8:01 PM,0:20,,,Young 1' Driving Layup (6 PTS) (W. Johnson 1 AST),44 - 43,-1,5.0,201156,Nick Young,1610612747.0,Los Angeles,Lakers,LAL,5,202325,Wesley Johnson,1610612747.0,Los Angeles,Lakers,LAL,0,0,,,,,,0
0021300342,237,6,1,2,8:01 PM,0:03,,,Young P.FOUL (P1.T2),,,5.0,201156,Nick Young,1610612747.0,Los Angeles,Lakers,LAL,4,202689,Kemba Walker,1610612766.0,Charlotte,Bobcats,CHA,1,0,,,,,,0
0021300342,238,9,2,2,8:01 PM,0:03,BOBCATS Timeout: Short (Full 2 Short 1),,,,,2.0,1610612766,,,,,,0,0,,,,,,0,0,,,,,,0
0021300342,242,2,5,2,8:02 PM,0:00,MISS Zeller 2' Layup,,,,,4.0,203469,Cody Zeller,1610612766.0,Charlotte,Bobcats,CHA,0,0,,,,,,0,0,,,,,,0
0021300342,244,4,0,2,8:03 PM,0:00,BOBCATS Rebound,,,,,2.0,1610612766,,,,,,0,0,,,,,,0,0,,,,,,0
0021300342,243,13,0,2,8:03 PM,0:00,,,,44 - 43,-1,0.0,0,,,,,,0,0,,,,,,0,0,,,,,,0
0021300342,246,12,0,3,8:19 PM,12:00,,,,44 - 43,-1,0.0,0,,,,,,0,0,,,,,,0,0,,,,,,0
0021300342,248,1,1,3,8:19 PM,11:38,Walker 16' Jump Shot (8 PTS),,,44 - 45,1,4.0,202689,Kemba Walker,1610612766.0,Charlotte,Bobcats,CHA,0,0,,,,,,0,0,,,,,,0
0021300342,249,5,2,3,8:19 PM,11:19,Walker STEAL (1 STL),,Gasol Lost Ball Turnover (P3.T9),,,5.0,2200,Pau Gasol,1610612747.0,Los Angeles,Lakers,LAL,4,202689,Kemba Walker,1610612766.0,Charlotte,Bobcats,CHA,0,0,,,,,,0
0021300342,250,2,43,3,8:20 PM,11:12,MISS Taylor 2' Alley Oop Layup,,,,,4.0,203106,Jeffery Taylor,1610612766.0,Charlotte,Bobcats,CHA,0,0,,,,,,0,0,,,,,,0
0021300342,251,4,0,3,8:20 PM,11:11,,,Bryant REBOUND (Off:0 Def:4),,,5.0,977,Kobe Bryant,1610612747.0,Los Angeles,Lakers,LAL,0,0,,,,,,0,0,,,,,,0
0021300342,252,5,2,3,8:20 PM,11:08,McRoberts STEAL (1 STL),,Gasol Lost Ball Turnover (P4.T10),,,5.0,2200,Pau Gasol,1610612747.0,Los Angeles,Lakers,LAL,4,201177,Josh McRoberts,1610612766.0,Charlotte,Bobcats,CHA,0,0,,,,,,0
0021300342,253,2,1,3,8:20 PM,11:00,MISS Taylor 24' 3PT Jump Shot,,,,,4.0,203106,Jeffery Taylor,1610612766.0,Charlotte,Bobcats,CHA,0,0,,,,,,0,0,,,,,,0
0021300342,254,4,0,3,8:20 PM,10:59,,,Gasol REBOUND (Off:0 Def:4),,,5.0,2200,Pau Gasol,1610612747.0,Los Angeles,Lakers,LAL,0,0,,,,,,0,0,,,,,,0
0021300342,255,2,1,3,8:20 PM,10:49,,,MISS Bryant 25' 3PT Jump Shot,,,5.0,977,Kobe Bryant,1610612747.0,Los Angeles,Lakers,LAL,0,0,,,,,,0,0,,,,,,0
0021300342,256,4,0,3,8:20 PM,10:48,BOBCATS Rebound,,,,,2.0,1610612766,,,,,,0,0,,,,,,0,0,,,,,,0
0021300342,257,2,1,3,8:20 PM,10:34,MISS Taylor 21' Jump Shot,,,,,4.0,203106,Jeffery Taylor,1610612766.0,Charlotte,Bobcats,CHA,0,0,,,,,,0,0,,,,,,0
0021300342,258,4,0,3,8:20 PM,10:33,Walker REBOUND (Off:1 Def:1),,,,,4.0,202689,Kemba Walker,1610612766.0,Charlotte,Bobcats,CHA,0,0,,,,,,0,0,,,,,,0
0021300342,259,1,8,3,8:20 PM,10:26,McRoberts 1' Slam Dunk (4 PTS) (Walker 6 AST),,,44 - 47,3,4.0,201177,Josh McRoberts,1610612766.0,Charlotte,Bobcats,CHA,4,202689,Kemba Walker,1610612766.0,Charlotte,Bobcats,CHA,0,0,,,,,,0
0021300342,260,5,2,3,8:21 PM,10:07,Taylor STEAL (2 STL),,Gasol Lost Ball Turnover (P5.T11),,,5.0,2200,Pau Gasol,1610612747.0,Los Angeles,Lakers,LAL,4,203106,Jeffery Taylor,1610612766.0,Charlotte,Bobcats,CHA,0,0,,,,,,0
0021300342,261,1,5,3,8:21 PM,10:01,Walker 2' Layup (10 PTS) (McRoberts 4 AST),,,44 - 49,5,4.0,202689,Kemba Walker,1610612766.0,Charlotte,Bobcats,CHA,4,201177,Josh McRoberts,1610612766.0,Charlotte,Bobcats,CHA,0,0,,,,,,0
0021300342,262,9,1,3,8:21 PM,10:01,,,Lakers Timeout: Regular (Reg.3 Short 0),,,3.0,1610612747,,,,,,0,0,,,,,,0,0,,,,,,0
0021300342,264,7,5,3,8:23 PM,9:55,Taylor Violation:Kicked Ball,,,,,4.0,203106,Jeffery Taylor,1610612766.0,Charlotte,Bobcats,CHA,0,0,,,,,,1,0,,,,,,0
0021300342,265,2,1,3,8:24 PM,9:50,,,MISS Meeks 25' 3PT Jump Shot,,,5.0,201975,Jodie Meeks,1610612747.0,Los Angeles,Lakers,LAL,0,0,,,,,,0,0,,,,,,0
0021300342,266,4,0,3,8:24 PM,9:49,McRoberts REBOUND (Off:0 Def:6),,,,,4.0,201177,Josh McRoberts,1610612766.0,Charlotte,Bobcats,CHA,0,0,,,,,,0,0,,,,,,0
0021300342,267,1,1,3,8:24 PM,9:38,Walker 16' Jump Shot (12 PTS) (McRoberts 5 AST),,,44 - 51,7,4.0,202689,Kemba Walker,1610612766.0,Charlotte,Bobcats,CHA,4,201177,Josh McRoberts,1610612766.0,Charlotte,Bobcats,CHA,0,0,,,,,,0
0021300342,268,1,7,3,8:24 PM,9:28,,,Gasol 1' Dunk (6 PTS) (Bryant 5 AST),46 - 51,5,5.0,2200,Pau Gasol,1610612747.0,Los Angeles,Lakers,LAL,5,977,Kobe Bryant,1610612747.0,Los Angeles,Lakers,LAL,0,0,,,,,,0
0021300342,269,2,1,3,8:24 PM,9:10,MISS Henderson 12' Jump Shot,,,,,4.0,201945,Gerald Henderson,1610612766.0,Charlotte,Bobcats,CHA,0,0,,,,,,0,0,,,,,,0
0021300342,270,4,0,3,8:24 PM,9:09,,,Bryant REBOUND (Off:0 Def:5),,,5.0,977,Kobe Bryant,1610612747.0,Los Angeles,Lakers,LAL,0,0,,,,,,0,0,,,,,,0
0021300342,271,5,1,3,8:25 PM,9:00,McRoberts STEAL (2 STL),,Bryant Bad Pass Turnover (P5.T12),,,5.0,977,Kobe Bryant,1610612747.0,Los Angeles,Lakers,LAL,4,201177,Josh McRoberts,1610612766.0,Charlotte,Bobcats,CHA,0,0,,,,,,0
0021300342,272,2,7,3,8:25 PM,8:46,MISS Taylor 2' Dunk,,W. Johnson BLOCK (1 BLK),,,4.0,203106,Jeffery Taylor,1610612766.0,Charlotte,Bobcats,CHA,0,0,,,,,,5,202325,Wesley Johnson,1610612747.0,Los Angeles,Lakers,LAL,0
0021300342,273,4,0,3,8:25 PM,8:44,,,Hill REBOUND (Off:1 Def:3),,,5.0,201941,Jordan Hill,1610612747.0,Los Angeles,Lakers,LAL,0,0,,,,,,0,0,,,,,,0
0021300342,274,5,1,3,8:25 PM,8:39,Henderson STEAL (1 STL),,Bryant Bad Pass Turnover (P6.T13),,,5.0,977,Kobe Bryant,1610612747.0,Los Angeles,Lakers,LAL,4,201945,Gerald Henderson,1610612766.0,Charlotte,Bobcats,CHA,0,0,,,,,,0
0021300342,275,1,7,3,8:25 PM,8:35,Taylor 1' Dunk (4 PTS) (Walker 7 AST),,,46 - 53,7,4.0,203106,Jeffery Taylor,1610612766.0,Charlotte,Bobcats,CHA,4,202689,Kemba Walker,1610612766.0,Charlotte,Bobcats,CHA,0,0,,,,,,0
0021300342,276,1,5,3,8:25 PM,8:19,,,Hill 1' Layup (10 PTS) (Gasol 3 AST),48 - 53,5,5.0,201941,Jordan Hill,1610612747.0,Los Angeles,Lakers,LAL,5,2200,Pau Gasol,1610612747.0,Los Angeles,Lakers,LAL,0,0,,,,,,0
0021300342,278,2,5,3,8:26 PM,8:03,MISS Henderson 2' Layup,,,,,4.0,201945,Gerald Henderson,1610612766.0,Charlotte,Bobcats,CHA,0,0,,,,,,0,0,,,,,,0
0021300342,279,4,0,3,8:26 PM,8:03,,,Lakers Rebound,,,3.0,1610612747,,,,,,0,0,,,,,,0,0,,,,,,0
0021300342,280,6,1,3,8:26 PM,7:48,Walker P.FOUL (P1.T1),,,,,4.0,202689,Kemba Walker,1610612766.0,Charlotte,Bobcats,CHA,5,201975,Jodie Meeks,1610612747.0,Los Angeles,Lakers,LAL,1,0,,,,,,0
0021300342,281,1,5,3,8:27 PM,7:37,,,Gasol 1' Layup (8 PTS),50 - 53,3,5.0,2200,Pau Gasol,1610612747.0,Los Angeles,Lakers,LAL,0,0,,,,,,0,0,,,,,,0
0021300342,282,2,5,3,8:27 PM,7:14,MISS Taylor  Layup,,,,,4.0,203106,Jeffery Taylor,1610612766.0,Charlotte,Bobcats,CHA,0,0,,,,,,0,0,,,,,,0
0021300342,284,4,0,3,8:27 PM,7:12,Taylor REBOUND (Off:2 Def:0),,,,,4.0,203106,Jeffery Taylor,1610612766.0,Charlotte,Bobcats,CHA,0,0,,,,,,0,0,,,,,,0
0021300342,283,1,44,3,8:27 PM,7:12,Taylor 1' Reverse Layup (6 PTS),,,50 - 55,5,4.0,203106,Jeffery Taylor,1610612766.0,Charlotte,Bobcats,CHA,0,0,,,,,,0,0,,,,,,0
0021300342,285,2,1,3,8:27 PM,7:01,,,MISS Gasol 18' Jump Shot,,,5.0,2200,Pau Gasol,1610612747.0,Los Angeles,Lakers,LAL,0,0,,,,,,0,0,,,,,,0
0021300342,286,4,0,3,8:27 PM,7:00,,,Lakers Rebound,,,3.0,1610612747,,,,,,0,0,,,,,,0,0,,,,,,0
0021300342,287,6,3,3,8:27 PM,7:00,McRoberts L.B.FOUL (P2.T2),,,,,4.0,201177,Josh McRoberts,1610612766.0,Charlotte,Bobcats,CHA,5,201941,Jordan Hill,1610612747.0,Los Angeles,Lakers,LAL,1,0,,,,,,0
0021300342,288,5,1,3,8:28 PM,6:52,Taylor STEAL (3 STL),,Bryant Bad Pass Turnover (P7.T14),,,5.0,977,Kobe Bryant,1610612747.0,Los Angeles,Lakers,LAL,4,203106,Jeffery Taylor,1610612766.0,Charlotte,Bobcats,CHA,0,0,,,,,,0
0021300342,289,6,1,3,8:28 PM,6:52,,,Gasol P.FOUL (P3.T1),,,5.0,2200,Pau Gasol,1610612747.0,Los Angeles,Lakers,LAL,4,203106,Jeffery Taylor,1610612766.0,Charlotte,Bobcats,CHA,1,0,,,,,,0
0021300342,290,6,1,3,8:29 PM,6:38,,,Meeks P.FOUL (P1.T2),,,5.0,201975,Jodie Meeks,1610612747.0,Los Angeles,Lakers,LAL,4,203106,Jeffery Taylor,1610612766.0,Charlotte,Bobcats,CHA,1,0,,,,,,0
0021300342,291,1,1,3,8:29 PM,6:31,Henderson 16' Jump Shot (10 PTS),,,50 - 57,7,4.0,201945,Gerald Henderson,1610612766.0,Charlotte,Bobcats,CHA,0,0,,,,,,0,0,,,,,,0
0021300342,292,2,56,3,8:29 PM,6:12,,,MISS Gasol 5' Running Hook Shot,,,5.0,2200,Pau Gasol,1610612747.0,Los Angeles,Lakers,LAL,0,0,,,,,,0,0,,,,,,0
0021300342,293,4,0,3,8:29 PM,6:10,Taylor REBOUND (Off:2 Def:1),,,,,4.0,203106,Jeffery Taylor,1610612766.0,Charlotte,Bobcats,CHA,0,0,,,,,,0,0,,,,,,0
0021300342,294,5,2,3,8:29 PM,6:04,Walker Lost Ball Turnover (P2.T7),,Meeks STEAL (1 STL),,,4.0,202689,Kemba Walker,1610612766.0,Charlotte,Bobcats,CHA,5,201975,Jodie Meeks,1610612747.0,Los Angeles,Lakers,LAL,0,0,,,,,,0
0021300342,295,2,1,3,8:29 PM,5:56,,,MISS W. Johnson 24' 3PT Jump Shot,,,5.0,202325,Wesley Johnson,1610612747.0,Los Angeles,Lakers,LAL,0,0,,,,,,0,0,,,,,,0
0021300342,296,4,0,3,8:29 PM,5:55,Henderson REBOUND (Off:0 Def:4),,,,,4.0,201945,Gerald Henderson,1610612766.0,Charlotte,Bobcats,CHA,0,0,,,,,,0,0,,,,,,0
0021300342,297,2,44,3,8:30 PM,5:49,MISS Taylor 1' Reverse Layup,,,,,4.0,203106,Jeffery Taylor,1610612766.0,Charlotte,Bobcats,CHA,0,0,,,,,,0,0,,,,,,0
0021300342,299,4,0,3,8:30 PM,5:45,Jefferson REBOUND (Off:1 Def:5),,,,,4.0,2744,Al Jefferson,1610612766.0,Charlotte,Bobcats,CHA,0,0,,,,,,0,0,,,,,,0
0021300342,298,1,87,3,8:30 PM,5:45,Jefferson 1' Putback Dunk (10 PTS),,,50 - 59,9,4.0,2744,Al Jefferson,1610612766.0,Charlotte,Bobcats,CHA,0,0,,,,,,0,0,,,,,,0
0021300342,300,1,5,3,8:30 PM,5:26,,,Gasol 2' Layup (10 PTS) (W. Johnson 2 AST),52 - 59,7,5.0,2200,Pau Gasol,1610612747.0,Los Angeles,Lakers,LAL,5,202325,Wesley Johnson,1610612747.0,Los Angeles,Lakers,LAL,0,0,,,,,,0
0021300342,301,6,2,3,8:30 PM,5:26,Walker S.FOUL (P2.T3),,,,,4.0,202689,Kemba Walker,1610612766.0,Charlotte,Bobcats,CHA,5,2200,Pau Gasol,1610612747.0,Los Angeles,Lakers,LAL,1,0,,,,,,0
0021300342,302,8,0,3,8:30 PM,5:26,SUB: Zeller FOR McRoberts,,,,,4.0,201177,Josh McRoberts,1610612766.0,Charlotte,Bobcats,CHA,4,203469,Cody Zeller,1610612766.0,Charlotte,Bobcats,CHA,0,0,,,,,,0
0021300342,303,8,0,3,8:30 PM,5:26,SUB: Sessions FOR Taylor,,,,,4.0,203106,Jeffery Taylor,1610612766.0,Charlotte,Bobcats,CHA,4,201196,Ramon Sessions,1610612766.0,Charlotte,Bobcats,CHA,0,0,,,,,,0
0021300342,304,3,10,3,8:31 PM,5:26,,,Gasol Free Throw 1 of 1 (11 PTS),53 - 59,6,5.0,2200,Pau Gasol,1610612747.0,Los Angeles,Lakers,LAL,0,0,,,,,,0,0,,,,,,0
0021300342,306,1,1,3,8:31 PM,5:06,Walker 26' 3PT Jump Shot (15 PTS) (Zeller 1 AST),,,53 - 62,9,4.0,202689,Kemba Walker,1610612766.0,Charlotte,Bobcats,CHA,4,203469,Cody Zeller,1610612766.0,Charlotte,Bobcats,CHA,0,0,,,,,,0
0021300342,307,1,3,3,8:31 PM,4:54,,,Hill 7' Hook Shot (12 PTS) (Bryant 6 AST),55 - 62,7,5.0,201941,Jordan Hill,1610612747.0,Los Angeles,Lakers,LAL,5,977,Kobe Bryant,1610612747.0,Los Angeles,Lakers,LAL,0,0,,,,,,0
0021300342,308,1,58,3,8:31 PM,4:36,Jefferson 8' Turnaround Hook Shot (12 PTS),,,55 - 64,9,4.0,2744,Al Jefferson,1610612766.0,Charlotte,Bobcats,CHA,0,0,,,,,,0,0,,,,,,0
0021300342,309,2,1,3,8:32 PM,4:19,,,MISS W. Johnson  3PT Jump Shot,,,5.0,202325,Wesley Johnson,1610612747.0,Los Angeles,Lakers,LAL,0,0,,,,,,0,0,,,,,,0
0021300342,311,4,0,3,8:32 PM,4:18,,,Hill REBOUND (Off:2 Def:3),,,5.0,201941,Jordan Hill,1610612747.0,Los Angeles,Lakers,LAL,0,0,,,,,,0,0,,,,,,0
0021300342,310,1,44,3,8:32 PM,4:18,,,Hill 1' Reverse Layup (14 PTS),57 - 64,7,5.0,201941,Jordan Hill,1610612747.0,Los Angeles,Lakers,LAL,0,0,,,,,,0,0,,,,,,0
0021300342,313,6,2,3,8:32 PM,4:18,Jefferson S.FOUL (P1.T4),,,,,4.0,2744,Al Jefferson,1610612766.0,Charlotte,Bobcats,CHA,5,201941,Jordan Hill,1610612747.0,Los Angeles,Lakers,LAL,1,0,,,,,,0
0021300342,314,8,0,3,8:32 PM,4:18,,,SUB: Henry FOR Meeks,,,5.0,201975,Jodie Meeks,1610612747.0,Los Angeles,Lakers,LAL,5,202333,Xavier Henry,1610612747.0,Los Angeles,Lakers,LAL,0,0,,,,,,0
0021300342,315,8,0,3,8:32 PM,4:18,,,SUB: Young FOR W. Johnson,,,5.0,202325,Wesley Johnson,1610612747.0,Los Angeles,Lakers,LAL,5,201156,Nick Young,1610612747.0,Los Angeles,Lakers,LAL,0,0,,,,,,0
0021300342,317,3,10,3,8:33 PM,4:18,,,Hill Free Throw 1 of 1 (15 PTS),58 - 64,6,5.0,201941,Jordan Hill,1610612747.0,Los Angeles,Lakers,LAL,0,0,,,,,,0,0,,,,,,0
0021300342,319,1,47,3,8:33 PM,3:58,Jefferson 11' Turnaround Jump Shot (14 PTS) (Walker 8 AST),,,58 - 66,8,4.0,2744,Al Jefferson,1610612766.0,Charlotte,Bobcats,CHA,4,202689,Kemba Walker,1610612766.0,Charlotte,Bobcats,CHA,0,0,,,,,,0
0021300342,320,2,1,3,8:34 PM,3:39,,,MISS Young  3PT Jump Shot,,,5.0,201156,Nick Young,1610612747.0,Los Angeles,Lakers,LAL,0,0,,,,,,0,0,,,,,,0
0021300342,321,4,0,3,8:34 PM,3:37,,,Hill REBOUND (Off:3 Def:3),,,5.0,201941,Jordan Hill,1610612747.0,Los Angeles,Lakers,LAL,0,0,,,,,,0,0,,,,,,0
0021300342,322,1,1,3,8:34 PM,3:33,,,Bryant 19' Jump Shot (15 PTS) (Hill 1 AST),60 - 66,6,5.0,977,Kobe Bryant,1610612747.0,Los Angeles,Lakers,LAL,5,201941,Jordan Hill,1610612747.0,Los Angeles,Lakers,LAL,0,0,,,,,,0
0021300342,323,2,5,3,8:34 PM,3:04,MISS Jefferson 2' Layup,,,,,4.0,2744,Al Jefferson,1610612766.0,Charlotte,Bobcats,CHA,0,0,,,,,,0,0,,,,,,0
0021300342,324,4,0,3,8:34 PM,3:03,,,Hill REBOUND (Off:3 Def:4),,,5.0,201941,Jordan Hill,1610612747.0,Los Angeles,Lakers,LAL,0,0,,,,,,0,0,,,,,,0
0021300342,325,2,5,3,8:34 PM,2:54,Henderson BLOCK (2 BLK),,MISS Gasol 2' Layup,,,5.0,2200,Pau Gasol,1610612747.0,Los Angeles,Lakers,LAL,0,0,,,,,,4,201945,Gerald Henderson,1610612766.0,Charlotte,Bobcats,CHA,0
0021300342,326,4,0,3,8:34 PM,2:53,Zeller REBOUND (Off:1 Def:3),,,,,4.0,203469,Cody Zeller,1610612766.0,Charlotte,Bobcats,CHA,0,0,,,,,,0,0,,,,,,0
0021300342,327,2,1,3,8:34 PM,2:43,MISS Jefferson 17' Jump Shot,,,,,4.0,2744,Al Jefferson,1610612766.0,Charlotte,Bobcats,CHA,0,0,,,,,,0,0,,,,,,0
0021300342,328,4,0,3,8:35 PM,2:43,,,Gasol REBOUND (Off:0 Def:5),,,5.0,2200,Pau Gasol,1610612747.0,Los Angeles,Lakers,LAL,0,0,,,,,,0,0,,,,,,0
0021300342,329,1,1,3,8:35 PM,2:32,,,Gasol 16' Jump Shot (13 PTS) (Bryant 7 AST),62 - 66,4,5.0,2200,Pau Gasol,1610612747.0,Los Angeles,Lakers,LAL,5,977,Kobe Bryant,1610612747.0,Los Angeles,Lakers,LAL,0,0,,,,,,0
0021300342,330,9,1,3,8:35 PM,2:31,BOBCATS Timeout: Regular (Full 3 Short 1),,,,,2.0,1610612766,,,,,,0,0,,,,,,0,0,,,,,,0
0021300342,332,8,0,3,8:37 PM,2:31,,,SUB: Shaw. Williams FOR Hill,,,5.0,201941,Jordan Hill,1610612747.0,Los Angeles,Lakers,LAL,5,200761,Shawne Williams,1610612747.0,Los Angeles,Lakers,LAL,0,0,,,,,,0
0021300342,333,8,0,3,8:37 PM,2:31,,,SUB: W. Johnson FOR Gasol,,,5.0,2200,Pau Gasol,1610612747.0,Los Angeles,Lakers,LAL,5,202325,Wesley Johnson,1610612747.0,Los Angeles,Lakers,LAL,0,0,,,,,,0
0021300342,334,8,0,3,8:37 PM,2:31,,,SUB: Sacre FOR Bryant,,,5.0,977,Kobe Bryant,1610612747.0,Los Angeles,Lakers,LAL,5,203135,Robert Sacre,1610612747.0,Los Angeles,Lakers,LAL,0,0,,,,,,0
0021300342,335,8,0,3,8:37 PM,2:31,SUB: Biyombo FOR Jefferson,,,,,4.0,2744,Al Jefferson,1610612766.0,Charlotte,Bobcats,CHA,4,202687,Bismack Biyombo,1610612766.0,Charlotte,Bobcats,CHA,0,0,,,,,,0
0021300342,336,8,0,3,8:37 PM,2:31,SUB: Taylor FOR Henderson,,,,,4.0,201945,Gerald Henderson,1610612766.0,Charlotte,Bobcats,CHA,4,203106,Jeffery Taylor,1610612766.0,Charlotte,Bobcats,CHA,0,0,,,,,,0
0021300342,337,5,8,3,8:37 PM,2:16,Biyombo 3 Second Violation Turnover (P1.T8),,,,,4.0,202687,Bismack Biyombo,1610612766.0,Charlotte,Bobcats,CHA,0,0,,,,,,1,0,,,,,,0
0021300342,338,2,1,3,8:38 PM,1:54,,,MISS W. Johnson 20' Jump Shot,,,5.0,202325,Wesley Johnson,1610612747.0,Los Angeles,Lakers,LAL,0,0,,,,,,0,0,,,,,,0
0021300342,339,4,0,3,8:38 PM,1:53,Taylor REBOUND (Off:2 Def:2),,,,,4.0,203106,Jeffery Taylor,1610612766.0,Charlotte,Bobcats,CHA,0,0,,,,,,0,0,,,,,,0
0021300342,340,1,1,3,8:38 PM,1:44,Walker 17' Jump Shot (17 PTS),,,62 - 68,6,4.0,202689,Kemba Walker,1610612766.0,Charlotte,Bobcats,CHA,0,0,,,,,,0,0,,,,,,0
0021300342,341,2,5,3,8:38 PM,1:25,,,MISS Young 3' Layup,,,5.0,201156,Nick Young,1610612747.0,Los Angeles,Lakers,LAL,0,0,,,,,,0,0,,,,,,0
0021300342,342,4,0,3,8:38 PM,1:23,Zeller REBOUND (Off:1 Def:4),,,,,4.0,203469,Cody Zeller,1610612766.0,Charlotte,Bobcats,CHA,0,0,,,,,,0,0,,,,,,0
0021300342,343,2,1,3,8:39 PM,1:06,MISS Zeller 20' Jump Shot,,,,,4.0,203469,Cody Zeller,1610612766.0,Charlotte,Bobcats,CHA,0,0,,,,,,0,0,,,,,,0
0021300342,344,4,0,3,8:39 PM,1:04,Zeller REBOUND (Off:2 Def:4),,,,,4.0,203469,Cody Zeller,1610612766.0,Charlotte,Bobcats,CHA,0,0,,,,,,0,0,,,,,,0
0021300342,345,2,5,3,8:39 PM,1:00,MISS Sessions 2' Layup,,Shaw. Williams BLOCK (1 BLK),,,4.0,201196,Ramon Sessions,1610612766.0,Charlotte,Bobcats,CHA,0,0,,,,,,5,200761,Shawne Williams,1610612747.0,Los Angeles,Lakers,LAL,0
0021300342,346,4,0,3,8:39 PM,1:00,,,Lakers Rebound,,,3.0,1610612747,,,,,,0,0,,,,,,0,0,,,,,,0
0021300342,347,1,3,3,8:39 PM,0:42,,,Sacre 5' Hook Shot (2 PTS) (Young 1 AST),64 - 68,4,5.0,203135,Robert Sacre,1610612747.0,Los Angeles,Lakers,LAL,5,201156,Nick Young,1610612747.0,Los Angeles,Lakers,LAL,0,0,,,,,,0
0021300342,348,6,26,3,8:40 PM,0:28,Biyombo Offensive Charge Foul (P2.PN),,,,,4.0,202687,Bismack Biyombo,1610612766.0,Charlotte,Bobcats,CHA,5,203135,Robert Sacre,1610612747.0,Los Angeles,Lakers,LAL,1,0,,,,,,0
0021300342,349,5,5,3,8:40 PM,0:28,Biyombo Foul Turnover (P2.T9),,,,,4.0,202687,Bismack Biyombo,1610612766.0,Charlotte,Bobcats,CHA,0,0,,,,,,1,0,,,,,,0
0021300342,350,10,0,3,8:40 PM,0:15,Jump Ball Walker vs. Henry: Tip to Sacre,,,,,4.0,202689,Kemba Walker,1610612766.0,Charlotte,Bobcats,CHA,5,202333,Xavier Henry,1610612747.0,Los Angeles,Lakers,LAL,5,203135,Robert Sacre,1610612747.0,Los Angeles,Lakers,LAL,0
0021300342,351,2,1,3,8:41 PM,0:04,,,MISS W. Johnson 26' 3PT Jump Shot,,,5.0,202325,Wesley Johnson,1610612747.0,Los Angeles,Lakers,LAL,0,0,,,,,,0,0,,,,,,0
0021300342,352,4,0,3,8:41 PM,0:02,Sessions REBOUND (Off:1 Def:2),,,,,4.0,201196,Ramon Sessions,1610612766.0,Charlotte,Bobcats,CHA,0,0,,,,,,0,0,,,,,,0
0021300342,353,2,1,3,8:41 PM,0:01,MISS Sessions 35' 3PT Jump Shot,,,,,4.0,201196,Ramon Sessions,1610612766.0,Charlotte,Bobcats,CHA,0,0,,,,,,0,0,,,,,,0
0021300342,355,4,0,3,8:41 PM,0:00,BOBCATS Rebound,,,,,2.0,1610612766,,,,,,0,0,,,,,,0,0,,,,,,0
0021300342,354,13,0,3,8:41 PM,0:00,,,,64 - 68,4,0.0,0,,,,,,0,0,,,,,,0,0,,,,,,0
0021300342,357,12,0,4,8:43 PM,12:00,,,,64 - 68,4,0.0,0,,,,,,0,0,,,,,,0,0,,,,,,0
0021300342,358,2,1,4,8:43 PM,11:49,,,MISS Young 21' Jump Shot,,,5.0,201156,Nick Young,1610612747.0,Los Angeles,Lakers,LAL,0,0,,,,,,0,0,,,,,,0
0021300342,359,4,0,4,8:44 PM,11:47,Biyombo REBOUND (Off:1 Def:2),,,,,4.0,202687,Bismack Biyombo,1610612766.0,Charlotte,Bobcats,CHA,0,0,,,,,,0,0,,,,,,0
0021300342,360,1,1,4,8:44 PM,11:25,Gordon 17' Jump Shot (10 PTS) (Sessions 3 AST),,,64 - 70,6,4.0,2732,Ben Gordon,1610612766.0,Charlotte,Bobcats,CHA,4,201196,Ramon Sessions,1610612766.0,Charlotte,Bobcats,CHA,0,0,,,,,,0
0021300342,361,1,1,4,8:44 PM,11:10,,,Henry 20' Jump Shot (2 PTS) (Shaw. Williams 1 AST),66 - 70,4,5.0,202333,Xavier Henry,1610612747.0,Los Angeles,Lakers,LAL,5,200761,Shawne Williams,1610612747.0,Los Angeles,Lakers,LAL,0,0,,,,,,0
0021300342,362,5,1,4,8:44 PM,10:51,Zeller Bad Pass Turnover (P1.T10),,W. Johnson STEAL (1 STL),,,4.0,203469,Cody Zeller,1610612766.0,Charlotte,Bobcats,CHA,5,202325,Wesley Johnson,1610612747.0,Los Angeles,Lakers,LAL,0,0,,,,,,0
0021300342,363,2,5,4,8:45 PM,10:41,,,MISS Sacre 2' Layup,,,5.0,203135,Robert Sacre,1610612747.0,Los Angeles,Lakers,LAL,0,0,,,,,,0,0,,,,,,0
0021300342,364,4,0,4,8:45 PM,10:39,Biyombo REBOUND (Off:1 Def:3),,,,,4.0,202687,Bismack Biyombo,1610612766.0,Charlotte,Bobcats,CHA,0,0,,,,,,0,0,,,,,,0
0021300342,365,5,21,4,8:45 PM,10:24,Gordon Palming Turnover (P2.T11),,,,,4.0,2732,Ben Gordon,1610612766.0,Charlotte,Bobcats,CHA,0,0,,,,,,1,0,,,,,,0
0021300342,366,2,42,4,8:45 PM,10:14,Biyombo BLOCK (2 BLK),,MISS Henry 1' Driving Layup,,,5.0,202333,Xavier Henry,1610612747.0,Los Angeles,Lakers,LAL,0,0,,,,,,4,202687,Bismack Biyombo,1610612766.0,Charlotte,Bobcats,CHA,0
0021300342,367,4,0,4,8:45 PM,10:12,Biyombo REBOUND (Off:1 Def:4),,,,,4.0,202687,Bismack Biyombo,1610612766.0,Charlotte,Bobcats,CHA,0,0,,,,,,0,0,,,,,,0
0021300342,368,5,1,4,8:45 PM,10:03,Sessions Bad Pass Turnover (P3.T12),,Sacre STEAL (1 STL),,,4.0,201196,Ramon Sessions,1610612766.0,Charlotte,Bobcats,CHA,5,203135,Robert Sacre,1610612747.0,Los Angeles,Lakers,LAL,0,0,,,,,,0
0021300342,369,6,2,4,8:46 PM,9:59,Zeller S.FOUL (P2.T1),,,,,4.0,203469,Cody Zeller,1610612766.0,Charlotte,Bobcats,CHA,5,202333,Xavier Henry,1610612747.0,Los Angeles,Lakers,LAL,1,0,,,,,,0
0021300342,370,3,11,4,8:46 PM,9:59,,,Henry Free Throw 1 of 2 (3 PTS),67 - 70,3,5.0,202333,Xavier Henry,1610612747.0,Los Angeles,Lakers,LAL,0,0,,,,,,0,0,,,,,,0
0021300342,372,3,12,4,8:46 PM,9:59,,,Henry Free Throw 2 of 2 (4 PTS),68 - 70,2,5.0,202333,Xavier Henry,1610612747.0,Los Angeles,Lakers,LAL,0,0,,,,,,0,0,,,,,,0
0021300342,374,1,1,4,8:47 PM,9:40,Biyombo 15' Jump Shot (6 PTS) (Gordon 1 AST),,,68 - 72,4,4.0,202687,Bismack Biyombo,1610612766.0,Charlotte,Bobcats,CHA,4,2732,Ben Gordon,1610612766.0,Charlotte,Bobcats,CHA,0,0,,,,,,0
0021300342,375,1,1,4,8:47 PM,9:23,,,W. Johnson 25' 3PT Jump Shot (9 PTS) (Shaw. Williams 2 AST),71 - 72,1,5.0,202325,Wesley Johnson,1610612747.0,Los Angeles,Lakers,LAL,5,200761,Shawne Williams,1610612747.0,Los Angeles,Lakers,LAL,0,0,,,,,,0
0021300342,376,2,1,4,8:47 PM,9:07,MISS Gordon 26' 3PT Jump Shot,,,,,4.0,2732,Ben Gordon,1610612766.0,Charlotte,Bobcats,CHA,0,0,,,,,,0,0,,,,,,0
0021300342,377,4,0,4,8:47 PM,9:06,,,W. Johnson REBOUND (Off:0 Def:3),,,5.0,202325,Wesley Johnson,1610612747.0,Los Angeles,Lakers,LAL,0,0,,,,,,0,0,,,,,,0
0021300342,378,1,5,4,8:48 PM,8:50,,,Sacre 1' Layup (4 PTS) (Henry 2 AST),73 - 72,-1,5.0,203135,Robert Sacre,1610612747.0,Los Angeles,Lakers,LAL,5,202333,Xavier Henry,1610612747.0,Los Angeles,Lakers,LAL,0,0,,,,,,0
0021300342,379,9,1,4,8:48 PM,8:49,BOBCATS Timeout: Regular (Full 4 Short 1),,,,,2.0,1610612766,,,,,,0,0,,,,,,0,0,,,,,,0
0021300342,382,8,0,4,8:50 PM,8:46,SUB: McRoberts FOR Zeller,,,,,4.0,203469,Cody Zeller,1610612766.0,Charlotte,Bobcats,CHA,4,201177,Josh McRoberts,1610612766.0,Charlotte,Bobcats,CHA,0,0,,,,,,0
0021300342,383,8,0,4,8:50 PM,8:46,SUB: Jefferson FOR Biyombo,,,,,4.0,202687,Bismack Biyombo,1610612766.0,Charlotte,Bobcats,CHA,4,2744,Al Jefferson,1610612766.0,Charlotte,Bobcats,CHA,0,0,,,,,,0
0021300342,384,1,86,4,8:50 PM,8:23,McRoberts 13' Turnaround Fadeaway (6 PTS),,,73 - 74,1,4.0,201177,Josh McRoberts,1610612766.0,Charlotte,Bobcats,CHA,0,0,,,,,,0,0,,,,,,0
0021300342,385,6,2,4,8:51 PM,8:11,Gordon S.FOUL (P1.T2),,,,,4.0,2732,Ben Gordon,1610612766.0,Charlotte,Bobcats,CHA,5,201156,Nick Young,1610612747.0,Los Angeles,Lakers,LAL,1,0,,,,,,0
0021300342,386,3,11,4,8:51 PM,8:11,,,Young Free Throw 1 of 2 (7 PTS),74 - 74,TIE,5.0,201156,Nick Young,1610612747.0,Los Angeles,Lakers,LAL,0,0,,,,,,0,0,,,,,,0
0021300342,388,3,12,4,8:51 PM,8:11,,,Young Free Throw 2 of 2 (8 PTS),75 - 74,-1,5.0,201156,Nick Young,1610612747.0,Los Angeles,Lakers,LAL,0,0,,,,,,0,0,,,,,,0
0021300342,390,6,2,4,8:52 PM,7:51,,,Shaw. Williams S.FOUL (P2.T1),,,5.0,200761,Shawne Williams,1610612747.0,Los Angeles,Lakers,LAL,4,203106,Jeffery Taylor,1610612766.0,Charlotte,Bobcats,CHA,1,0,,,,,,0
0021300342,391,3,11,4,8:52 PM,7:51,Taylor Free Throw 1 of 2 (7 PTS),,,75 - 75,TIE,4.0,203106,Jeffery Taylor,1610612766.0,Charlotte,Bobcats,CHA,0,0,,,,,,0,0,,,,,,0
0021300342,393,3,12,4,8:52 PM,7:51,MISS Taylor Free Throw 2 of 2,,,,,4.0,203106,Jeffery Taylor,1610612766.0,Charlotte,Bobcats,CHA,0,0,,,,,,0,0,,,,,,0
0021300342,395,4,0,4,8:52 PM,7:50,,,Shaw. Williams REBOUND (Off:0 Def:5),,,5.0,200761,Shawne Williams,1610612747.0,Los Angeles,Lakers,LAL,0,0,,,,,,0,0,,,,,,0
0021300342,396,2,1,4,8:52 PM,7:40,,,MISS Henry 25' 3PT Jump Shot,,,5.0,202333,Xavier Henry,1610612747.0,Los Angeles,Lakers,LAL,0,0,,,,,,0,0,,,,,,0
0021300342,397,4,0,4,8:52 PM,7:37,Taylor REBOUND (Off:2 Def:3),,,,,4.0,203106,Jeffery Taylor,1610612766.0,Charlotte,Bobcats,CHA,0,0,,,,,,0,0,,,,,,0
0021300342,400,5,40,4,8:53 PM,7:28,McRoberts Out of Bounds Lost Ball Turnover (P3.T13),,,,,4.0,201177,Josh McRoberts,1610612766.0,Charlotte,Bobcats,CHA,0,0,,,,,,0,0,,,,,,0
0021300342,401,8,0,4,8:53 PM,7:28,SUB: Henderson FOR Taylor,,,,,4.0,203106,Jeffery Taylor,1610612766.0,Charlotte,Bobcats,CHA,4,201945,Gerald Henderson,1610612766.0,Charlotte,Bobcats,CHA,0,0,,,,,,0
0021300342,402,2,1,4,8:53 PM,7:10,,,MISS Young 11' Jump Shot,,,5.0,201156,Nick Young,1610612747.0,Los Angeles,Lakers,LAL,0,0,,,,,,0,0,,,,,,0
0021300342,403,4,0,4,8:53 PM,7:09,McRoberts REBOUND (Off:0 Def:7),,,,,4.0,201177,Josh McRoberts,1610612766.0,Charlotte,Bobcats,CHA,0,0,,,,,,0,0,,,,,,0
0021300342,404,2,1,4,8:54 PM,6:54,MISS Sessions 4' Jump Shot,,Henry BLOCK (1 BLK),,,4.0,201196,Ramon Sessions,1610612766.0,Charlotte,Bobcats,CHA,0,0,,,,,,5,202333,Xavier Henry,1610612747.0,Los Angeles,Lakers,LAL,0
0021300342,405,4,0,4,8:54 PM,6:54,BOBCATS Rebound,,,,,2.0,1610612766,,,,,,0,0,,,,,,0,0,,,,,,0
0021300342,406,2,1,4,8:54 PM,6:48,MISS Gordon 18' Jump Shot,,,,,4.0,2732,Ben Gordon,1610612766.0,Charlotte,Bobcats,CHA,0,0,,,,,,0,0,,,,,,0
0021300342,407,4,0,4,8:54 PM,6:46,Henderson REBOUND (Off:1 Def:4),,,,,4.0,201945,Gerald Henderson,1610612766.0,Charlotte,Bobcats,CHA,0,0,,,,,,0,0,,,,,,0
0021300342,408,6,2,4,8:54 PM,6:41,,,Sacre S.FOUL (P3.T2),,,5.0,203135,Robert Sacre,1610612747.0,Los Angeles,Lakers,LAL,4,201945,Gerald Henderson,1610612766.0,Charlotte,Bobcats,CHA,1,0,,,,,,0
0021300342,409,3,11,4,8:55 PM,6:41,MISS Henderson Free Throw 1 of 2,,,,,4.0,201945,Gerald Henderson,1610612766.0,Charlotte,Bobcats,CHA,0,0,,,,,,0,0,,,,,,0
0021300342,410,4,1,4,8:55 PM,6:41,BOBCATS Rebound,,,,,2.0,1610612766,,,,,,0,0,,,,,,0,0,,,,,,0
0021300342,411,8,0,4,8:55 PM,6:41,SUB: Walker FOR Sessions,,,,,4.0,201196,Ramon Sessions,1610612766.0,Charlotte,Bobcats,CHA,4,202689,Kemba Walker,1610612766.0,Charlotte,Bobcats,CHA,0,0,,,,,,0
0021300342,412,3,12,4,8:55 PM,6:41,Henderson Free Throw 2 of 2 (11 PTS),,,75 - 76,1,4.0,201945,Gerald Henderson,1610612766.0,Charlotte,Bobcats,CHA,0,0,,,,,,0,0,,,,,,0
0021300342,414,2,1,4,8:55 PM,6:18,,,MISS Shaw. Williams 17' Jump Shot,,,5.0,200761,Shawne Williams,1610612747.0,Los Angeles,Lakers,LAL,0,0,,,,,,0,0,,,,,,0
0021300342,415,4,0,4,8:55 PM,6:18,Henderson REBOUND (Off:1 Def:5),,,,,4.0,201945,Gerald Henderson,1610612766.0,Charlotte,Bobcats,CHA,0,0,,,,,,0,0,,,,,,0
0021300342,416,1,1,4,8:56 PM,5:56,Walker 27' 3PT Jump Shot (20 PTS),,,75 - 79,4,4.0,202689,Kemba Walker,1610612766.0,Charlotte,Bobcats,CHA,0,0,,,,,,0,0,,,,,,0
0021300342,417,9,1,4,8:56 PM,5:55,,,Lakers Timeout: Regular (Reg.4 Short 0),,,3.0,1610612747,,,,,,0,0,,,,,,0,0,,,,,,0
0021300342,419,8,0,4,8:58 PM,5:55,,,SUB: Hill FOR Henry,,,5.0,202333,Xavier Henry,1610612747.0,Los Angeles,Lakers,LAL,5,201941,Jordan Hill,1610612747.0,Los Angeles,Lakers,LAL,0,0,,,,,,0
0021300342,420,8,0,4,8:58 PM,5:55,,,SUB: Gasol FOR Shaw. Williams,,,5.0,200761,Shawne Williams,1610612747.0,Los Angeles,Lakers,LAL,5,2200,Pau Gasol,1610612747.0,Los Angeles,Lakers,LAL,0,0,,,,,,0
0021300342,421,8,0,4,8:58 PM,5:55,,,SUB: Bryant FOR Sacre,,,5.0,203135,Robert Sacre,1610612747.0,Los Angeles,Lakers,LAL,5,977,Kobe Bryant,1610612747.0,Los Angeles,Lakers,LAL,0,0,,,,,,0
0021300342,423,5,1,4,8:58 PM,5:43,,,Gasol Bad Pass Turnover (P6.T15),,,5.0,2200,Pau Gasol,1610612747.0,Los Angeles,Lakers,LAL,0,0,,,,,,0,0,,,,,,0
0021300342,424,1,42,4,8:59 PM,5:29,Henderson 2' Driving Layup (13 PTS),,,75 - 81,6,4.0,201945,Gerald Henderson,1610612766.0,Charlotte,Bobcats,CHA,0,0,,,,,,0,0,,,,,,0
0021300342,425,1,86,4,8:59 PM,5:11,,,Bryant 15' Turnaround Fadeaway (17 PTS),77 - 81,4,5.0,977,Kobe Bryant,1610612747.0,Los Angeles,Lakers,LAL,0,0,,,,,,0,0,,,,,,0
0021300342,426,2,1,4,8:59 PM,4:52,MISS Henderson 18' Jump Shot,,,,,4.0,201945,Gerald Henderson,1610612766.0,Charlotte,Bobcats,CHA,0,0,,,,,,0,0,,,,,,0
0021300342,427,4,0,4,8:59 PM,4:51,,,Bryant REBOUND (Off:0 Def:6),,,5.0,977,Kobe Bryant,1610612747.0,Los Angeles,Lakers,LAL,0,0,,,,,,0,0,,,,,,0
0021300342,428,2,1,4,9:00 PM,4:44,,,MISS Bryant 26' 3PT Jump Shot,,,5.0,977,Kobe Bryant,1610612747.0,Los Angeles,Lakers,LAL,0,0,,,,,,0,0,,,,,,0
0021300342,429,4,0,4,9:00 PM,4:40,,,Hill REBOUND (Off:4 Def:4),,,5.0,201941,Jordan Hill,1610612747.0,Los Angeles,Lakers,LAL,0,0,,,,,,0,0,,,,,,0
0021300342,430,2,1,4,9:00 PM,4:37,McRoberts BLOCK (1 BLK),,MISS Hill 3' Jump Shot,,,5.0,201941,Jordan Hill,1610612747.0,Los Angeles,Lakers,LAL,0,0,,,,,,4,201177,Josh McRoberts,1610612766.0,Charlotte,Bobcats,CHA,0
0021300342,431,4,0,4,9:00 PM,4:36,,,Young REBOUND (Off:1 Def:1),,,5.0,201156,Nick Young,1610612747.0,Los Angeles,Lakers,LAL,0,0,,,,,,0,0,,,,,,0
0021300342,432,2,1,4,9:00 PM,4:21,Jefferson BLOCK (2 BLK),,MISS Bryant 15' Jump Shot,,,5.0,977,Kobe Bryant,1610612747.0,Los Angeles,Lakers,LAL,0,0,,,,,,4,2744,Al Jefferson,1610612766.0,Charlotte,Bobcats,CHA,0
0021300342,433,4,0,4,9:00 PM,4:21,BOBCATS Rebound,,,,,2.0,1610612766,,,,,,0,0,,,,,,0,0,,,,,,0
0021300342,434,1,5,4,9:00 PM,4:03,Walker 2' Layup (22 PTS) (Jefferson 3 AST),,,77 - 83,6,4.0,202689,Kemba Walker,1610612766.0,Charlotte,Bobcats,CHA,4,2744,Al Jefferson,1610612766.0,Charlotte,Bobcats,CHA,0,0,,,,,,0
0021300342,435,2,56,4,9:01 PM,3:40,,,MISS Gasol 3' Running Hook Shot,,,5.0,2200,Pau Gasol,1610612747.0,Los Angeles,Lakers,LAL,0,0,,,,,,0,0,,,,,,0
0021300342,436,4,0,4,9:01 PM,3:37,,,Young REBOUND (Off:2 Def:1),,,5.0,201156,Nick Young,1610612747.0,Los Angeles,Lakers,LAL,0,0,,,,,,0,0,,,,,,0
0021300342,437,6,2,4,9:01 PM,3:37,McRoberts S.FOUL (P3.T3),,,,,4.0,201177,Josh McRoberts,1610612766.0,Charlotte,Bobcats,CHA,5,201156,Nick Young,1610612747.0,Los Angeles,Lakers,LAL,1,0,,,,,,0
0021300342,438,18,0,4,9:02 PM,3:37,,,,,,,437,,,,,,0,0,,,,,,1,0,,,,,,0
0021300342,439,3,11,4,9:02 PM,3:37,,,Young Free Throw 1 of 2 (9 PTS),78 - 83,5,5.0,201156,Nick Young,1610612747.0,Los Angeles,Lakers,LAL,0,0,,,,,,0,0,,,,,,0
0021300342,441,3,12,4,9:03 PM,3:37,,,Young Free Throw 2 of 2 (10 PTS),79 - 83,4,5.0,201156,Nick Young,1610612747.0,Los Angeles,Lakers,LAL,0,0,,,,,,0,0,,,,,,0
0021300342,443,2,1,4,9:03 PM,3:20,MISS Jefferson 17' Jump Shot,,,,,4.0,2744,Al Jefferson,1610612766.0,Charlotte,Bobcats,CHA,0,0,,,,,,0,0,,,,,,0
0021300342,444,4,0,4,9:03 PM,3:19,,,W. Johnson REBOUND (Off:0 Def:4),,,5.0,202325,Wesley Johnson,1610612747.0,Los Angeles,Lakers,LAL,0,0,,,,,,0,0,,,,,,0
0021300342,445,2,1,4,9:03 PM,3:09,,,MISS Bryant 13' Jump Shot,,,5.0,977,Kobe Bryant,1610612747.0,Los Angeles,Lakers,LAL,0,0,,,,,,0,0,,,,,,0
0021300342,446,4,0,4,9:03 PM,3:08,Jefferson REBOUND (Off:1 Def:6),,,,,4.0,2744,Al Jefferson,1610612766.0,Charlotte,Bobcats,CHA,0,0,,,,,,0,0,,,,,,0
0021300342,447,1,1,4,9:04 PM,2:50,Walker 18' Jump Shot (24 PTS) (Jefferson 4 AST),,,79 - 85,6,4.0,202689,Kemba Walker,1610612766.0,Charlotte,Bobcats,CHA,4,2744,Al Jefferson,1610612766.0,Charlotte,Bobcats,CHA,0,0,,,,,,0
0021300342,448,1,1,4,9:04 PM,2:32,,,Young 24' 3PT Jump Shot (13 PTS) (Bryant 8 AST),82 - 85,3,5.0,201156,Nick Young,1610612747.0,Los Angeles,Lakers,LAL,5,977,Kobe Bryant,1610612747.0,Los Angeles,Lakers,LAL,0,0,,,,,,0
0021300342,449,2,1,4,9:04 PM,2:15,MISS Walker 18' Jump Shot,,,,,4.0,202689,Kemba Walker,1610612766.0,Charlotte,Bobcats,CHA,0,0,,,,,,0,0,,,,,,0
0021300342,450,4,0,4,9:04 PM,2:14,,,Bryant REBOUND (Off:0 Def:7),,,5.0,977,Kobe Bryant,1610612747.0,Los Angeles,Lakers,LAL,0,0,,,,,,0,0,,,,,,0
0021300342,451,2,1,4,9:05 PM,1:50,,,MISS Young 29' 3PT Jump Shot,,,5.0,201156,Nick Young,1610612747.0,Los Angeles,Lakers,LAL,0,0,,,,,,0,0,,,,,,0
0021300342,452,4,0,4,9:05 PM,1:48,Gordon REBOUND (Off:0 Def:2),,,,,4.0,2732,Ben Gordon,1610612766.0,Charlotte,Bobcats,CHA,0,0,,,,,,0,0,,,,,,0
0021300342,453,2,5,4,9:05 PM,1:32,MISS Jefferson 1' Layup,,,,,4.0,2744,Al Jefferson,1610612766.0,Charlotte,Bobcats,CHA,0,0,,,,,,0,0,,,,,,0
0021300342,454,4,0,4,9:05 PM,1:31,,,Gasol REBOUND (Off:0 Def:6),,,5.0,2200,Pau Gasol,1610612747.0,Los Angeles,Lakers,LAL,0,0,,,,,,0,0,,,,,,0
0021300342,455,1,42,4,9:05 PM,1:22,,,Bryant 2' Driving Layup (19 PTS),84 - 85,1,5.0,977,Kobe Bryant,1610612747.0,Los Angeles,Lakers,LAL,0,0,,,,,,0,0,,,,,,0
0021300342,456,9,2,4,9:05 PM,1:22,BOBCATS Timeout: Short (Full 4 Short 2),,,,,2.0,1610612766,,,,,,0,0,,,,,,0,0,,,,,,0
0021300342,458,9,4,4,9:06 PM,1:22,,,,,,1.0,0,,,,,,0,0,,,,,,0,0,,,,,,0
0021300342,461,2,1,4,9:09 PM,1:03,MISS Jefferson 3' Jump Shot,,Gasol BLOCK (3 BLK),,,4.0,2744,Al Jefferson,1610612766.0,Charlotte,Bobcats,CHA,0,0,,,,,,5,2200,Pau Gasol,1610612747.0,Los Angeles,Lakers,LAL,0
0021300342,462,4,0,4,9:09 PM,1:00,Walker REBOUND (Off:2 Def:1),,,,,4.0,202689,Kemba Walker,1610612766.0,Charlotte,Bobcats,CHA,0,0,,,,,,0,0,,,,,,0
0021300342,463,2,1,4,9:09 PM,0:56,MISS Walker 25' 3PT Jump Shot,,,,,4.0,202689,Kemba Walker,1610612766.0,Charlotte,Bobcats,CHA,0,0,,,,,,0,0,,,,,,0
0021300342,464,4,0,4,9:09 PM,0:55,,,Hill REBOUND (Off:4 Def:5),,,5.0,201941,Jordan Hill,1610612747.0,Los Angeles,Lakers,LAL,0,0,,,,,,0,0,,,,,,0
0021300342,465,6,2,4,9:09 PM,0:37,Henderson S.FOUL (P1.T4),,,,,4.0,201945,Gerald Henderson,1610612766.0,Charlotte,Bobcats,CHA,5,977,Kobe Bryant,1610612747.0,Los Angeles,Lakers,LAL,1,0,,,,,,0
0021300342,466,3,11,4,9:09 PM,0:37,,,Bryant Free Throw 1 of 2 (20 PTS),85 - 85,TIE,5.0,977,Kobe Bryant,1610612747.0,Los Angeles,Lakers,LAL,0,0,,,,,,0,0,,,,,,0
0021300342,468,3,12,4,9:10 PM,0:37,,,Bryant Free Throw 2 of 2 (21 PTS),86 - 85,-1,5.0,977,Kobe Bryant,1610612747.0,Los Angeles,Lakers,LAL,0,0,,,,,,0,0,,,,,,0
0021300342,470,2,63,4,9:10 PM,0:18,MISS Henderson 15' Fadeaway Jumper,,,,,4.0,201945,Gerald Henderson,1610612766.0,Charlotte,Bobcats,CHA,0,0,,,,,,0,0,,,,,,0
0021300342,471,4,0,4,9:10 PM,0:16,Jefferson REBOUND (Off:2 Def:6),,,,,4.0,2744,Al Jefferson,1610612766.0,Charlotte,Bobcats,CHA,0,0,,,,,,0,0,,,,,,0
0021300342,472,9,1,4,9:11 PM,0:16,BOBCATS Timeout: Regular (Full 5 Short 2),,,,,2.0,1610612766,,,,,,0,0,,,,,,0,0,,,,,,0
0021300342,476,2,1,4,9:13 PM,0:08,MISS Jefferson 6' Jump Shot,,,,,4.0,2744,Al Jefferson,1610612766.0,Charlotte,Bobcats,CHA,0,0,,,,,,0,0,,,,,,0
0021300342,477,4,0,4,9:13 PM,0:06,,,Gasol REBOUND (Off:0 Def:7),,,5.0,2200,Pau Gasol,1610612747.0,Los Angeles,Lakers,LAL,0,0,,,,,,0,0,,,,,,0
0021300342,478,6,1,4,9:13 PM,0:06,Gordon P.FOUL (P2.PN),,,,,4.0,2732,Ben Gordon,1610612766.0,Charlotte,Bobcats,CHA,5,2200,Pau Gasol,1610612747.0,Los Angeles,Lakers,LAL,1,0,,,,,,0
0021300342,479,3,11,4,9:13 PM,0:06,,,Gasol Free Throw 1 of 2 (14 PTS),87 - 85,-2,5.0,2200,Pau Gasol,1610612747.0,Los Angeles,Lakers,LAL,0,0,,,,,,0,0,,,,,,0
0021300342,481,3,12,4,9:13 PM,0:06,,,Gasol Free Throw 2 of 2 (15 PTS),88 - 85,-3,5.0,2200,Pau Gasol,1610612747.0,Los Angeles,Lakers,LAL,0,0,,,,,,0,0,,,,,,0
0021300342,483,9,2,4,9:14 PM,0:06,BOBCATS Timeout: Short (Full 5 Short 3),,,,,2.0,1610612766,,,,,,0,0,,,,,,0,0,,,,,,0
0021300342,485,8,0,4,9:15 PM,0:06,,,SUB: Meeks FOR Hill,,,5.0,201941,Jordan Hill,1610612747.0,Los Angeles,Lakers,LAL,5,201975,Jodie Meeks,1610612747.0,Los Angeles,Lakers,LAL,0,0,,,,,,0
0021300342,486,2,1,4,9:15 PM,0:02,MISS Gordon 26' 3PT Jump Shot,,,,,4.0,2732,Ben Gordon,1610612766.0,Charlotte,Bobcats,CHA,0,0,,,,,,0,0,,,,,,0
0021300342,488,4,0,4,9:15 PM,0:01,Jefferson REBOUND (Off:3 Def:6),,,,,4.0,2744,Al Jefferson,1610612766.0,Charlotte,Bobcats,CHA,0,0,,,,,,0,0,,,,,,0
0021300342,487,2,5,4,9:15 PM,0:00,MISS Jefferson 1' Layup,,Gasol BLOCK (4 BLK),,,4.0,2744,Al Jefferson,1610612766.0,Charlotte,Bobcats,CHA,0,0,,,,,,5,2200,Pau Gasol,1610612747.0,Los Angeles,Lakers,LAL,0
0021300342,490,4,0,4,9:16 PM,0:00,BOBCATS Rebound,,,,,2.0,1610612766,,,,,,0,0,,,,,,0,0,,,,,,0
0021300342,489,13,0,4,9:16 PM,0:00,,,,88 - 85,-3,0.0,0,,,,,,0,0,,,,,,0,0,,,,,,0
