GAME_ID,EVENTNUM,EVENTMSGTYPE,EVENTMSGACTIONTYPE,PERIOD,WCTIMESTRING,PCTIMESTRING,HOMEDESCRIPTION,NEUTRALDESCRIPTION,VISITORDESCRIPTION,SCORE,SCOREMARGIN,PERSON1TYPE,PLAYER1_ID,PLAYER1_NAME,PLAYER1_TEAM_ID,PLAYER1_TEAM_CITY,PLAYER1_TEAM_NICKNAME,PLAYER1_TEAM_ABBREVIATION,PERSON2TYPE,PLAYER2_ID,PLAYER2_NAME,PLAYER2_TEAM_ID,PLAYER2_TEAM_CITY,PLAYER2_TEAM_NICKNAME,PLAYER2_TEAM_ABBREVIATION,PERSON3TYPE,PLAYER3_ID,PLAYER3_NAME,PLAYER3_TEAM_ID,PLAYER3_TEAM_CITY,PLAYER3_TEAM_NICKNAME,PLAYER3_TEAM_ABBREVIATION,VIDEO_AVAILABLE_FLAG
0020500755,0,12,0,1,8:43 PM,12:00,,,,,,0,0,,,,,,0,0,,,,,,0,0,,,,,,0
0020500755,1,10,0,1,8:43 PM,12:00,Jump Ball Diop vs. Curry: Tip to Terry,,,,,4,2205,DeSagana Diop,1610612742.0,Dallas,Mavericks,DAL,5,2201,Eddy Curry,1610612752.0,New York,Knicks,NYK,4,1891,Jason Terry,1610612742.0,Dallas,Mavericks,DAL,0
0020500755,2,1,1,1,8:43 PM,11:38,Terry 25' 3PT Jump Shot (3 PTS) (Griffin 1 AST),,,0 - 3,3,4,1891,Jason Terry,1610612742.0,Dallas,Mavericks,DAL,4,1559,Adrian Griffin,1610612742.0,Dallas,Mavericks,DAL,0,0,,,,,,0
0020500755,3,2,5,1,8:44 PM,11:20,Terry BLOCK (1 BLK),,MISS Rose  Layup,,,5,147,Jalen Rose,1610612752.0,New York,Knicks,NYK,0,0,,,,,,4,1891,Jason Terry,1610612742.0,Dallas,Mavericks,DAL,0
0020500755,4,4,0,1,8:44 PM,11:18,,,Robinson REBOUND (Off:1 Def:0),,,5,101126,Nate Robinson,1610612752.0,New York,Knicks,NYK,0,0,,,,,,0,0,,,,,,0
0020500755,5,1,1,1,8:44 PM,11:14,,,Robinson 25' 3PT Jump Shot (3 PTS) (Richardson 1 AST),3 - 3,TIE,5,101126,Nate Robinson,1610612752.0,New York,Knicks,NYK,5,2047,Quentin Richardson,1610612752.0,New York,Knicks,NYK,0,0,,,,,,0
0020500755,6,1,1,1,8:44 PM,10:52,Nowitzki 16' Jump Shot (2 PTS) (Howard 1 AST),,,3 - 5,2,4,1717,Dirk Nowitzki,1610612742.0,Dallas,Mavericks,DAL,4,2572,Josh Howard,1610612742.0,Dallas,Mavericks,DAL,0,0,,,,,,0
0020500755,7,2,1,1,8:45 PM,10:27,,,MISS Robinson 19' Jump Shot,,,5,101126,Nate Robinson,1610612752.0,New York,Knicks,NYK,0,0,,,,,,0,0,,,,,,0
0020500755,8,4,0,1,8:45 PM,10:24,Nowitzki REBOUND (Off:0 Def:1),,,,,4,1717,Dirk Nowitzki,1610612742.0,Dallas,Mavericks,DAL,0,0,,,,,,0,0,,,,,,0
0020500755,9,2,1,1,8:45 PM,10:20,MISS Howard 18' Jump Shot,,,,,4,2572,Josh Howard,1610612742.0,Dallas,Mavericks,DAL,0,0,,,,,,0,0,,,,,,0
0020500755,10,4,0,1,8:45 PM,10:18,Griffin REBOUND (Off:1 Def:0),,,,,4,1559,Adrian Griffin,1610612742.0,Dallas,Mavericks,DAL,0,0,,,,,,0,0,,,,,,0
0020500755,11,1,1,1,8:45 PM,10:15,Terry 25' 3PT Jump Shot (6 PTS) (Griffin 2 AST),,,3 - 8,5,4,1891,Jason Terry,1610612742.0,Dallas,Mavericks,DAL,4,1559,Adrian Griffin,1610612742.0,Dallas,Mavericks,DAL,0,0,,,,,,0
0020500755,12,1,5,1,8:45 PM,9:55,,,Curry  Layup (2 PTS) (Rose 1 AST),5 - 8,3,5,2201,Eddy Curry,1610612752.0,New York,Knicks,NYK,5,990,Malik Rose,1610612752.0,New York,Knicks,NYK,0,0,,,,,,0
0020500755,13,6,1,1,8:46 PM,9:37,,,Rose P.FOUL (P1.T1),,,5,990,Malik Rose,1610612752.0,New York,Knicks,NYK,4,1717,Dirk Nowitzki,1610612742.0,Dallas,Mavericks,DAL,1,0,,,,,,0
0020500755,14,6,2,1,8:46 PM,9:34,,,Richardson S.FOUL (P1.T2),,,5,2047,Quentin Richardson,1610612752.0,New York,Knicks,NYK,4,2572,Josh Howard,1610612742.0,Dallas,Mavericks,DAL,1,0,,,,,,0
0020500755,15,3,11,1,8:46 PM,9:34,Howard Free Throw 1 of 2 (1 PTS),,,5 - 9,4,4,2572,Josh Howard,1610612742.0,Dallas,Mavericks,DAL,0,0,,,,,,0,0,,,,,,0
0020500755,16,3,12,1,8:47 PM,9:34,Howard Free Throw 2 of 2 (2 PTS),,,5 - 10,5,4,2572,Josh Howard,1610612742.0,Dallas,Mavericks,DAL,0,0,,,,,,0,0,,,,,,0
0020500755,17,2,1,1,8:47 PM,9:14,Diop BLOCK (1 BLK),,MISS Rose 7' Jump Shot,,,5,147,Jalen Rose,1610612752.0,New York,Knicks,NYK,0,0,,,,,,4,2205,DeSagana Diop,1610612742.0,Dallas,Mavericks,DAL,0
0020500755,18,4,0,1,8:47 PM,9:12,,,Curry REBOUND (Off:1 Def:0),,,5,2201,Eddy Curry,1610612752.0,New York,Knicks,NYK,0,0,,,,,,0,0,,,,,,0
0020500755,19,1,5,1,8:47 PM,9:10,,,Curry  Layup (4 PTS),7 - 10,3,5,2201,Eddy Curry,1610612752.0,New York,Knicks,NYK,0,0,,,,,,0,0,,,,,,0
0020500755,20,5,1,1,8:48 PM,8:54,Terry Bad Pass Turnover (P1.T1),,Rose STEAL (1 STL),,,4,1891,Jason Terry,1610612742.0,Dallas,Mavericks,DAL,5,990,Malik Rose,1610612752.0,New York,Knicks,NYK,0,0,,,,,,0
0020500755,21,1,5,1,8:48 PM,8:49,,,Rose  Layup (2 PTS) (Richardson 2 AST),9 - 10,1,5,990,Malik Rose,1610612752.0,New York,Knicks,NYK,5,2047,Quentin Richardson,1610612752.0,New York,Knicks,NYK,0,0,,,,,,0
0020500755,22,1,1,1,8:48 PM,8:27,Howard 10' Jump Shot (4 PTS),,,9 - 12,3,4,2572,Josh Howard,1610612742.0,Dallas,Mavericks,DAL,0,0,,,,,,0,0,,,,,,0
0020500755,23,6,2,1,8:48 PM,8:27,,,Robinson S.FOUL (P1.T3),,,5,101126,Nate Robinson,1610612752.0,New York,Knicks,NYK,4,2572,Josh Howard,1610612742.0,Dallas,Mavericks,DAL,1,0,,,,,,0
0020500755,24,8,0,1,8:48 PM,8:27,,,SUB: Butler FOR Curry,,,5,2201,Eddy Curry,1610612752.0,New York,Knicks,NYK,5,2866,Jackie Butler,1610612752.0,New York,Knicks,NYK,0,0,,,,,,0
0020500755,25,3,10,1,8:49 PM,8:27,Howard Free Throw 1 of 1 (5 PTS),,,9 - 13,4,4,2572,Josh Howard,1610612742.0,Dallas,Mavericks,DAL,0,0,,,,,,0,0,,,,,,0
0020500755,26,1,42,1,8:49 PM,8:09,,,Rose  Driving Layup (4 PTS),11 - 13,2,5,990,Malik Rose,1610612752.0,New York,Knicks,NYK,0,0,,,,,,0,0,,,,,,0
0020500755,27,6,2,1,8:49 PM,8:09,Nowitzki S.FOUL (P1.T1),,,,,4,1717,Dirk Nowitzki,1610612742.0,Dallas,Mavericks,DAL,5,990,Malik Rose,1610612752.0,New York,Knicks,NYK,1,0,,,,,,0
0020500755,28,3,10,1,8:50 PM,8:09,,,Rose Free Throw 1 of 1 (5 PTS),12 - 13,1,5,990,Malik Rose,1610612752.0,New York,Knicks,NYK,0,0,,,,,,0,0,,,,,,0
0020500755,29,1,1,1,8:50 PM,7:54,Terry 25' 3PT Jump Shot (9 PTS) (Howard 2 AST),,,12 - 16,4,4,1891,Jason Terry,1610612742.0,Dallas,Mavericks,DAL,4,2572,Josh Howard,1610612742.0,Dallas,Mavericks,DAL,0,0,,,,,,0
0020500755,30,1,58,1,8:50 PM,7:34,,,Butler 6' Turnaround Hook Shot (2 PTS) (Rose 1 AST),14 - 16,2,5,2866,Jackie Butler,1610612752.0,New York,Knicks,NYK,5,147,Jalen Rose,1610612752.0,New York,Knicks,NYK,0,0,,,,,,0
0020500755,31,6,4,1,8:51 PM,7:17,Griffin OFF.Foul (P1),,,,,4,1559,Adrian Griffin,1610612742.0,Dallas,Mavericks,DAL,5,990,Malik Rose,1610612752.0,New York,Knicks,NYK,1,0,,,,,,0
0020500755,32,5,5,1,8:51 PM,7:17,Griffin Foul Turnover (P1.T2),,,,,4,1559,Adrian Griffin,1610612742.0,Dallas,Mavericks,DAL,0,0,,,,,,1,0,,,,,,0
0020500755,33,9,1,1,8:51 PM,7:17,,,Knicks Timeout: Regular (Reg.1 Short 0),,,3,1610612752,,,,,,0,0,,,,,,0,0,,,,,,0
0020500755,37,8,0,1,8:53 PM,7:17,SUB: Mbenga FOR Diop,,,,,4,2205,DeSagana Diop,1610612742.0,Dallas,Mavericks,DAL,4,2788,DJ Mbenga,1610612742.0,Dallas,Mavericks,DAL,0,0,,,,,,0
0020500755,39,2,46,1,8:54 PM,6:57,Mbenga BLOCK (1 BLK),,MISS Rose 6' Running Jump Shot,,,5,990,Malik Rose,1610612752.0,New York,Knicks,NYK,0,0,,,,,,4,2788,DJ Mbenga,1610612742.0,Dallas,Mavericks,DAL,0
0020500755,40,4,0,1,8:54 PM,6:56,Nowitzki REBOUND (Off:0 Def:2),,,,,4,1717,Dirk Nowitzki,1610612742.0,Dallas,Mavericks,DAL,0,0,,,,,,0,0,,,,,,0
0020500755,41,6,2,1,8:54 PM,6:50,,,Butler S.FOUL (P1.T4),,,5,2866,Jackie Butler,1610612752.0,New York,Knicks,NYK,4,1717,Dirk Nowitzki,1610612742.0,Dallas,Mavericks,DAL,1,0,,,,,,0
0020500755,42,3,11,1,8:54 PM,6:50,Nowitzki Free Throw 1 of 2 (3 PTS),,,14 - 17,3,4,1717,Dirk Nowitzki,1610612742.0,Dallas,Mavericks,DAL,0,0,,,,,,0,0,,,,,,0
0020500755,43,3,12,1,8:54 PM,6:50,Nowitzki Free Throw 2 of 2 (4 PTS),,,14 - 18,4,4,1717,Dirk Nowitzki,1610612742.0,Dallas,Mavericks,DAL,0,0,,,,,,0,0,,,,,,0
0020500755,44,2,1,1,8:55 PM,6:29,Mbenga BLOCK (2 BLK),,MISS Butler 9' Jump Shot,,,5,2866,Jackie Butler,1610612752.0,New York,Knicks,NYK,0,0,,,,,,4,2788,DJ Mbenga,1610612742.0,Dallas,Mavericks,DAL,0
0020500755,45,4,0,1,8:55 PM,6:26,Nowitzki REBOUND (Off:0 Def:3),,,,,4,1717,Dirk Nowitzki,1610612742.0,Dallas,Mavericks,DAL,0,0,,,,,,0,0,,,,,,0
0020500755,46,2,1,1,8:55 PM,6:19,MISS Howard 9' Jump Shot,,,,,4,2572,Josh Howard,1610612742.0,Dallas,Mavericks,DAL,0,0,,,,,,0,0,,,,,,0
0020500755,47,4,0,1,8:55 PM,6:17,,,Richardson REBOUND (Off:0 Def:1),,,5,2047,Quentin Richardson,1610612752.0,New York,Knicks,NYK,0,0,,,,,,0,0,,,,,,0
0020500755,48,1,66,1,8:55 PM,6:12,,,Robinson 9' Jump Bank Shot (5 PTS) (Richardson 3 AST),16 - 18,2,5,101126,Nate Robinson,1610612752.0,New York,Knicks,NYK,5,2047,Quentin Richardson,1610612752.0,New York,Knicks,NYK,0,0,,,,,,0
0020500755,49,2,5,1,8:55 PM,6:01,MISS Terry  Layup,,,,,4,1891,Jason Terry,1610612742.0,Dallas,Mavericks,DAL,0,0,,,,,,0,0,,,,,,0
0020500755,50,4,0,1,8:55 PM,5:59,,,Robinson REBOUND (Off:1 Def:1),,,5,101126,Nate Robinson,1610612752.0,New York,Knicks,NYK,0,0,,,,,,0,0,,,,,,0
0020500755,51,1,42,1,8:56 PM,5:45,,,Rose  Driving Layup (2 PTS),18 - 18,TIE,5,147,Jalen Rose,1610612752.0,New York,Knicks,NYK,0,0,,,,,,0,0,,,,,,0
0020500755,52,2,1,1,8:56 PM,5:29,MISS Nowitzki 16' Jump Shot,,,,,4,1717,Dirk Nowitzki,1610612742.0,Dallas,Mavericks,DAL,0,0,,,,,,0,0,,,,,,0
0020500755,54,4,0,1,8:56 PM,5:27,Howard REBOUND (Off:1 Def:0),,,,,4,2572,Josh Howard,1610612742.0,Dallas,Mavericks,DAL,0,0,,,,,,0,0,,,,,,0
0020500755,53,2,4,1,8:56 PM,5:27,MISS Howard  Tip Shot,,,,,4,2572,Josh Howard,1610612742.0,Dallas,Mavericks,DAL,0,0,,,,,,0,0,,,,,,0
0020500755,55,4,0,1,8:56 PM,5:26,,,Butler REBOUND (Off:0 Def:1),,,5,2866,Jackie Butler,1610612752.0,New York,Knicks,NYK,0,0,,,,,,0,0,,,,,,0
0020500755,56,2,1,1,8:56 PM,5:13,,,MISS Robinson 15' Jump Shot,,,5,101126,Nate Robinson,1610612752.0,New York,Knicks,NYK,0,0,,,,,,0,0,,,,,,0
0020500755,57,4,0,1,8:56 PM,5:11,Howard REBOUND (Off:1 Def:1),,,,,4,2572,Josh Howard,1610612742.0,Dallas,Mavericks,DAL,0,0,,,,,,0,0,,,,,,0
0020500755,58,2,1,1,8:56 PM,5:05,MISS Terry 25' 3PT Jump Shot,,,,,4,1891,Jason Terry,1610612742.0,Dallas,Mavericks,DAL,0,0,,,,,,0,0,,,,,,0
0020500755,59,4,0,1,8:56 PM,5:03,,,Richardson REBOUND (Off:0 Def:2),,,5,2047,Quentin Richardson,1610612752.0,New York,Knicks,NYK,0,0,,,,,,0,0,,,,,,0
0020500755,60,6,2,1,8:57 PM,4:54,Griffin S.FOUL (P2.T2),,,,,4,1559,Adrian Griffin,1610612742.0,Dallas,Mavericks,DAL,5,147,Jalen Rose,1610612752.0,New York,Knicks,NYK,1,0,,,,,,0
0020500755,61,8,0,1,8:57 PM,4:54,SUB: Stackhouse FOR Nowitzki,,,,,4,1717,Dirk Nowitzki,1610612742.0,Dallas,Mavericks,DAL,4,711,Jerry Stackhouse,1610612742.0,Dallas,Mavericks,DAL,0,0,,,,,,0
0020500755,62,8,0,1,8:57 PM,4:54,SUB: Van Horn FOR Griffin,,,,,4,1559,Adrian Griffin,1610612742.0,Dallas,Mavericks,DAL,4,1496,Keith Van Horn,1610612742.0,Dallas,Mavericks,DAL,0,0,,,,,,0
0020500755,63,3,11,1,8:57 PM,4:54,,,MISS Rose Free Throw 1 of 2,,,5,147,Jalen Rose,1610612752.0,New York,Knicks,NYK,0,0,,,,,,0,0,,,,,,0
0020500755,64,4,1,1,8:57 PM,4:54,,,Knicks Rebound,,,3,1610612752,,,,,,0,0,,,,,,0,0,,,,,,0
0020500755,65,8,0,1,8:57 PM,4:54,,,SUB: Frye FOR Robinson,,,5,101126,Nate Robinson,1610612752.0,New York,Knicks,NYK,5,101112,Channing Frye,1610612752.0,New York,Knicks,NYK,0,0,,,,,,0
0020500755,66,8,0,1,8:57 PM,4:54,,,SUB: Ariza FOR Butler,,,5,2866,Jackie Butler,1610612752.0,New York,Knicks,NYK,5,2772,Trevor Ariza,1610612752.0,New York,Knicks,NYK,0,0,,,,,,0
0020500755,67,3,12,1,8:57 PM,4:54,,,Rose Free Throw 2 of 2 (3 PTS),19 - 18,-1,5,147,Jalen Rose,1610612752.0,New York,Knicks,NYK,0,0,,,,,,0,0,,,,,,0
0020500755,68,1,1,1,8:58 PM,4:38,Howard 25' 3PT Jump Shot (8 PTS) (Terry 1 AST),,,19 - 21,2,4,2572,Josh Howard,1610612742.0,Dallas,Mavericks,DAL,4,1891,Jason Terry,1610612742.0,Dallas,Mavericks,DAL,0,0,,,,,,0
0020500755,69,2,5,1,8:58 PM,4:20,Mbenga BLOCK (3 BLK),,MISS Richardson  Layup,,,5,2047,Quentin Richardson,1610612752.0,New York,Knicks,NYK,0,0,,,,,,4,2788,DJ Mbenga,1610612742.0,Dallas,Mavericks,DAL,0
0020500755,70,4,0,1,8:58 PM,4:16,Terry REBOUND (Off:0 Def:1),,,,,4,1891,Jason Terry,1610612742.0,Dallas,Mavericks,DAL,0,0,,,,,,0,0,,,,,,0
0020500755,71,1,1,1,8:58 PM,4:14,Howard 8' Jump Shot (10 PTS),,,19 - 23,4,4,2572,Josh Howard,1610612742.0,Dallas,Mavericks,DAL,0,0,,,,,,0,0,,,,,,0
0020500755,72,6,1,1,8:59 PM,4:04,Howard P.FOUL (P1.T3),,,,,4,2572,Josh Howard,1610612742.0,Dallas,Mavericks,DAL,5,147,Jalen Rose,1610612752.0,New York,Knicks,NYK,1,0,,,,,,0
0020500755,73,6,1,1,8:59 PM,4:04,Howard P.FOUL (P2.T4),,,,,4,2572,Josh Howard,1610612742.0,Dallas,Mavericks,DAL,5,147,Jalen Rose,1610612752.0,New York,Knicks,NYK,1,0,,,,,,0
0020500755,74,8,0,1,8:59 PM,4:04,SUB: Nowitzki FOR Howard,,,,,4,2572,Josh Howard,1610612742.0,Dallas,Mavericks,DAL,4,1717,Dirk Nowitzki,1610612742.0,Dallas,Mavericks,DAL,0,0,,,,,,0
0020500755,75,6,2,1,8:59 PM,3:57,Van Horn S.FOUL (P1.PN),,,,,4,1496,Keith Van Horn,1610612742.0,Dallas,Mavericks,DAL,5,990,Malik Rose,1610612752.0,New York,Knicks,NYK,1,0,,,,,,0
0020500755,76,3,11,1,9:00 PM,3:57,,,MISS Rose Free Throw 1 of 2,,,5,990,Malik Rose,1610612752.0,New York,Knicks,NYK,0,0,,,,,,0,0,,,,,,0
0020500755,77,4,1,1,9:00 PM,3:57,,,Knicks Rebound,,,3,1610612752,,,,,,0,0,,,,,,0,0,,,,,,0
0020500755,78,8,0,1,9:00 PM,3:57,SUB: Harris FOR Terry,,,,,4,1891,Jason Terry,1610612742.0,Dallas,Mavericks,DAL,4,2734,Devin Harris,1610612742.0,Dallas,Mavericks,DAL,0,0,,,,,,0
0020500755,79,3,12,1,9:00 PM,3:57,,,MISS Rose Free Throw 2 of 2,,,5,990,Malik Rose,1610612752.0,New York,Knicks,NYK,0,0,,,,,,0,0,,,,,,0
0020500755,80,4,0,1,9:00 PM,3:56,Mbenga REBOUND (Off:0 Def:1),,,,,4,2788,DJ Mbenga,1610612742.0,Dallas,Mavericks,DAL,0,0,,,,,,0,0,,,,,,0
0020500755,81,2,3,1,9:01 PM,3:41,MISS Van Horn 9' Hook Shot,,,,,4,1496,Keith Van Horn,1610612742.0,Dallas,Mavericks,DAL,0,0,,,,,,0,0,,,,,,0
0020500755,82,4,0,1,9:01 PM,3:38,,,Frye REBOUND (Off:0 Def:1),,,5,101112,Channing Frye,1610612752.0,New York,Knicks,NYK,0,0,,,,,,0,0,,,,,,0
0020500755,83,2,1,1,9:01 PM,3:20,,,MISS Richardson 23' Jump Shot,,,5,2047,Quentin Richardson,1610612752.0,New York,Knicks,NYK,0,0,,,,,,0,0,,,,,,0
0020500755,84,4,0,1,9:01 PM,3:18,Van Horn REBOUND (Off:0 Def:1),,,,,4,1496,Keith Van Horn,1610612742.0,Dallas,Mavericks,DAL,0,0,,,,,,0,0,,,,,,0
0020500755,85,2,1,1,9:01 PM,3:12,MISS Van Horn 24' 3PT Jump Shot,,,,,4,1496,Keith Van Horn,1610612742.0,Dallas,Mavericks,DAL,0,0,,,,,,0,0,,,,,,0
0020500755,86,4,0,1,9:01 PM,3:10,,,Ariza REBOUND (Off:0 Def:1),,,5,2772,Trevor Ariza,1610612752.0,New York,Knicks,NYK,0,0,,,,,,0,0,,,,,,0
0020500755,87,2,1,1,9:01 PM,2:53,,,MISS Frye 15' Jump Shot,,,5,101112,Channing Frye,1610612752.0,New York,Knicks,NYK,0,0,,,,,,0,0,,,,,,0
0020500755,88,4,0,1,9:01 PM,2:51,,,Frye REBOUND (Off:1 Def:1),,,5,101112,Channing Frye,1610612752.0,New York,Knicks,NYK,0,0,,,,,,0,0,,,,,,0
0020500755,89,1,1,1,9:01 PM,2:50,,,Frye 10' Jump Shot (2 PTS),21 - 23,2,5,101112,Channing Frye,1610612752.0,New York,Knicks,NYK,0,0,,,,,,0,0,,,,,,0
0020500755,90,6,1,1,9:02 PM,2:37,,,Rose P.FOUL (P2.PN),,,5,990,Malik Rose,1610612752.0,New York,Knicks,NYK,4,1717,Dirk Nowitzki,1610612742.0,Dallas,Mavericks,DAL,1,0,,,,,,0
0020500755,91,9,1,1,9:02 PM,2:37,MAVERICKS Timeout: Regular (Full 1 Short 0),,,,,2,1610612742,,,,,,0,0,,,,,,0,0,,,,,,0
0020500755,94,8,0,1,9:04 PM,2:37,,,SUB: Woods FOR Rose,,,5,990,Malik Rose,1610612752.0,New York,Knicks,NYK,5,2417,Qyntel Woods,1610612752.0,New York,Knicks,NYK,0,0,,,,,,0
0020500755,95,8,0,1,9:04 PM,2:37,,,SUB: Taylor FOR Ariza,,,5,2772,Trevor Ariza,1610612752.0,New York,Knicks,NYK,5,1508,Maurice Taylor,1610612752.0,New York,Knicks,NYK,0,0,,,,,,0
0020500755,96,3,11,1,9:04 PM,2:37,Nowitzki Free Throw 1 of 2 (5 PTS),,,21 - 24,3,4,1717,Dirk Nowitzki,1610612742.0,Dallas,Mavericks,DAL,0,0,,,,,,0,0,,,,,,0
0020500755,97,3,12,1,9:04 PM,2:37,Nowitzki Free Throw 2 of 2 (6 PTS),,,21 - 25,4,4,1717,Dirk Nowitzki,1610612742.0,Dallas,Mavericks,DAL,0,0,,,,,,0,0,,,,,,0
0020500755,98,2,1,1,9:05 PM,2:15,,,MISS Richardson 18' Jump Shot,,,5,2047,Quentin Richardson,1610612752.0,New York,Knicks,NYK,0,0,,,,,,0,0,,,,,,0
0020500755,100,4,0,1,9:05 PM,2:13,,,Frye REBOUND (Off:2 Def:1),,,5,101112,Channing Frye,1610612752.0,New York,Knicks,NYK,0,0,,,,,,0,0,,,,,,0
0020500755,99,2,1,1,9:05 PM,2:13,,,MISS Frye 5' Jump Shot,,,5,101112,Channing Frye,1610612752.0,New York,Knicks,NYK,0,0,,,,,,0,0,,,,,,0
0020500755,101,4,0,1,9:05 PM,2:11,Van Horn REBOUND (Off:0 Def:2),,,,,4,1496,Keith Van Horn,1610612742.0,Dallas,Mavericks,DAL,0,0,,,,,,0,0,,,,,,0
0020500755,102,1,5,1,9:05 PM,2:01,Mbenga  Layup (2 PTS) (Stackhouse 1 AST),,,21 - 27,6,4,2788,DJ Mbenga,1610612742.0,Dallas,Mavericks,DAL,4,711,Jerry Stackhouse,1610612742.0,Dallas,Mavericks,DAL,0,0,,,,,,0
0020500755,103,6,1,1,9:06 PM,1:48,Harris P.FOUL (P1.PN),,,,,4,2734,Devin Harris,1610612742.0,Dallas,Mavericks,DAL,5,147,Jalen Rose,1610612752.0,New York,Knicks,NYK,1,0,,,,,,0
0020500755,104,3,11,1,9:06 PM,1:48,,,Rose Free Throw 1 of 2 (4 PTS),22 - 27,5,5,147,Jalen Rose,1610612752.0,New York,Knicks,NYK,0,0,,,,,,0,0,,,,,,0
0020500755,105,8,0,1,9:06 PM,1:48,,,SUB: Curry FOR Frye,,,5,101112,Channing Frye,1610612752.0,New York,Knicks,NYK,5,2201,Eddy Curry,1610612752.0,New York,Knicks,NYK,0,0,,,,,,0
0020500755,106,3,12,1,9:06 PM,1:48,,,Rose Free Throw 2 of 2 (5 PTS),23 - 27,4,5,147,Jalen Rose,1610612752.0,New York,Knicks,NYK,0,0,,,,,,0,0,,,,,,0
0020500755,107,6,2,1,9:06 PM,1:37,,,Curry S.FOUL (P1.PN),,,5,2201,Eddy Curry,1610612752.0,New York,Knicks,NYK,4,711,Jerry Stackhouse,1610612742.0,Dallas,Mavericks,DAL,1,0,,,,,,0
0020500755,108,3,11,1,9:07 PM,1:37,Stackhouse Free Throw 1 of 2 (1 PTS),,,23 - 28,5,4,711,Jerry Stackhouse,1610612742.0,Dallas,Mavericks,DAL,0,0,,,,,,0,0,,,,,,0
0020500755,109,8,0,1,9:07 PM,1:37,,,SUB: Robinson FOR Richardson,,,5,2047,Quentin Richardson,1610612752.0,New York,Knicks,NYK,5,101126,Nate Robinson,1610612752.0,New York,Knicks,NYK,0,0,,,,,,0
0020500755,110,8,0,1,9:07 PM,1:37,SUB: Dampier FOR Mbenga,,,,,4,2788,DJ Mbenga,1610612742.0,Dallas,Mavericks,DAL,4,956,Erick Dampier,1610612742.0,Dallas,Mavericks,DAL,0,0,,,,,,0
0020500755,111,3,12,1,9:07 PM,1:37,Stackhouse Free Throw 2 of 2 (2 PTS),,,23 - 29,6,4,711,Jerry Stackhouse,1610612742.0,Dallas,Mavericks,DAL,0,0,,,,,,0,0,,,,,,0
0020500755,112,6,1,1,9:08 PM,1:25,Stackhouse P.FOUL (P1.PN),,,,,4,711,Jerry Stackhouse,1610612742.0,Dallas,Mavericks,DAL,5,2201,Eddy Curry,1610612752.0,New York,Knicks,NYK,1,0,,,,,,0
0020500755,113,3,11,1,9:08 PM,1:25,,,Curry Free Throw 1 of 2 (5 PTS),24 - 29,5,5,2201,Eddy Curry,1610612752.0,New York,Knicks,NYK,0,0,,,,,,0,0,,,,,,0
0020500755,114,3,12,1,9:08 PM,1:25,,,MISS Curry Free Throw 2 of 2,,,5,2201,Eddy Curry,1610612752.0,New York,Knicks,NYK,0,0,,,,,,0,0,,,,,,0
0020500755,115,4,0,1,9:08 PM,1:23,Nowitzki REBOUND (Off:0 Def:4),,,,,4,1717,Dirk Nowitzki,1610612742.0,Dallas,Mavericks,DAL,0,0,,,,,,0,0,,,,,,0
0020500755,116,2,1,1,9:08 PM,1:17,MISS Stackhouse 21' Jump Shot,,,,,4,711,Jerry Stackhouse,1610612742.0,Dallas,Mavericks,DAL,0,0,,,,,,0,0,,,,,,0
0020500755,117,4,0,1,9:08 PM,1:16,,,Curry REBOUND (Off:1 Def:1),,,5,2201,Eddy Curry,1610612752.0,New York,Knicks,NYK,0,0,,,,,,0,0,,,,,,0
0020500755,118,6,4,1,9:08 PM,1:08,,,Curry OFF.Foul (P2),,,5,2201,Eddy Curry,1610612752.0,New York,Knicks,NYK,4,2734,Devin Harris,1610612742.0,Dallas,Mavericks,DAL,1,0,,,,,,0
0020500755,119,5,5,1,9:08 PM,1:08,,,Curry Foul Turnover (P1.T1),,,5,2201,Eddy Curry,1610612752.0,New York,Knicks,NYK,0,0,,,,,,1,0,,,,,,0
0020500755,120,1,1,1,9:09 PM,0:51,Van Horn  3PT Jump Shot (3 PTS) (Harris 1 AST),,,24 - 32,8,4,1496,Keith Van Horn,1610612742.0,Dallas,Mavericks,DAL,4,2734,Devin Harris,1610612742.0,Dallas,Mavericks,DAL,0,0,,,,,,0
0020500755,121,6,2,1,9:09 PM,0:35,Dampier S.FOUL (P1.PN),,,,,4,956,Erick Dampier,1610612742.0,Dallas,Mavericks,DAL,5,1508,Maurice Taylor,1610612752.0,New York,Knicks,NYK,1,0,,,,,,0
0020500755,122,3,11,1,9:09 PM,0:35,,,MISS Taylor Free Throw 1 of 2,,,5,1508,Maurice Taylor,1610612752.0,New York,Knicks,NYK,0,0,,,,,,0,0,,,,,,0
0020500755,123,4,1,1,9:09 PM,0:35,,,Knicks Rebound,,,3,1610612752,,,,,,0,0,,,,,,0,0,,,,,,0
0020500755,124,3,12,1,9:10 PM,0:35,,,Taylor Free Throw 2 of 2 (1 PTS),25 - 32,7,5,1508,Maurice Taylor,1610612752.0,New York,Knicks,NYK,0,0,,,,,,0,0,,,,,,0
0020500755,125,1,1,1,9:10 PM,0:21,Van Horn  3PT Jump Shot (6 PTS) (Harris 2 AST),,,25 - 35,10,4,1496,Keith Van Horn,1610612742.0,Dallas,Mavericks,DAL,4,2734,Devin Harris,1610612742.0,Dallas,Mavericks,DAL,0,0,,,,,,0
0020500755,127,6,4,1,9:10 PM,0:03,,,Robinson OFF.Foul (P2),,,5,101126,Nate Robinson,1610612752.0,New York,Knicks,NYK,4,1496,Keith Van Horn,1610612742.0,Dallas,Mavericks,DAL,1,0,,,,,,0
0020500755,128,5,5,1,9:10 PM,0:03,,,Robinson Foul Turnover (P1.T2),,,5,101126,Nate Robinson,1610612752.0,New York,Knicks,NYK,0,0,,,,,,1,0,,,,,,0
0020500755,129,8,0,1,9:11 PM,0:03,SUB: Terry FOR Harris,,,,,4,2734,Devin Harris,1610612742.0,Dallas,Mavericks,DAL,4,1891,Jason Terry,1610612742.0,Dallas,Mavericks,DAL,0,0,,,,,,0
0020500755,130,2,1,1,9:11 PM,0:00,MISS Nowitzki 31' 3PT Jump Shot,,,,,4,1717,Dirk Nowitzki,1610612742.0,Dallas,Mavericks,DAL,0,0,,,,,,0,0,,,,,,0
0020500755,131,4,0,1,9:11 PM,0:00,MAVERICKS Rebound,,,,,2,1610612742,,,,,,0,0,,,,,,0,0,,,,,,0
0020500755,132,13,0,1,9:11 PM,0:00,,,,25 - 35,10,0,0,,,,,,0,0,,,,,,0,0,,,,,,0
0020500755,134,12,0,2,9:14 PM,12:00,,,,25 - 35,10,0,0,,,,,,0,0,,,,,,0,0,,,,,,0
0020500755,135,5,1,2,9:15 PM,11:42,Van Horn STEAL (1 STL),,Taylor Bad Pass Turnover (P1.T3),,,5,1508,Maurice Taylor,1610612752.0,New York,Knicks,NYK,4,1496,Keith Van Horn,1610612742.0,Dallas,Mavericks,DAL,0,0,,,,,,0
0020500755,136,1,8,2,9:15 PM,11:27,Dampier  Slam Dunk (2 PTS) (Stackhouse 2 AST),,,25 - 37,12,4,956,Erick Dampier,1610612742.0,Dallas,Mavericks,DAL,4,711,Jerry Stackhouse,1610612742.0,Dallas,Mavericks,DAL,0,0,,,,,,0
0020500755,137,8,0,2,9:15 PM,11:03,,,SUB: Butler FOR Curry,,,5,2201,Eddy Curry,1610612752.0,New York,Knicks,NYK,5,2866,Jackie Butler,1610612752.0,New York,Knicks,NYK,0,0,,,,,,0
0020500755,138,2,1,2,9:16 PM,11:00,,,MISS Rose 14' Jump Shot,,,5,147,Jalen Rose,1610612752.0,New York,Knicks,NYK,0,0,,,,,,0,0,,,,,,0
0020500755,139,4,0,2,9:16 PM,10:59,Stackhouse REBOUND (Off:0 Def:1),,,,,4,711,Jerry Stackhouse,1610612742.0,Dallas,Mavericks,DAL,0,0,,,,,,0,0,,,,,,0
0020500755,140,1,42,2,9:16 PM,10:55,Harris  Driving Layup (2 PTS) (Stackhouse 3 AST),,,25 - 39,14,4,2734,Devin Harris,1610612742.0,Dallas,Mavericks,DAL,4,711,Jerry Stackhouse,1610612742.0,Dallas,Mavericks,DAL,0,0,,,,,,0
0020500755,141,2,1,2,9:16 PM,10:34,,,MISS Butler 16' Jump Shot,,,5,2866,Jackie Butler,1610612752.0,New York,Knicks,NYK,0,0,,,,,,0,0,,,,,,0
0020500755,142,4,0,2,9:16 PM,10:32,Dampier REBOUND (Off:0 Def:1),,,,,4,956,Erick Dampier,1610612742.0,Dallas,Mavericks,DAL,0,0,,,,,,0,0,,,,,,0
0020500755,143,6,1,2,9:16 PM,10:15,,,Rose P.FOUL (P1.T1),,,5,147,Jalen Rose,1610612752.0,New York,Knicks,NYK,4,2605,Marquis Daniels,1610612742.0,Dallas,Mavericks,DAL,1,0,,,,,,0
0020500755,144,8,0,2,9:17 PM,10:15,,,SUB: Richardson FOR Rose,,,5,147,Jalen Rose,1610612752.0,New York,Knicks,NYK,5,2047,Quentin Richardson,1610612752.0,New York,Knicks,NYK,0,0,,,,,,0
0020500755,145,1,1,2,9:17 PM,10:05,Stackhouse 16' Jump Shot (4 PTS),,,25 - 41,16,4,711,Jerry Stackhouse,1610612742.0,Dallas,Mavericks,DAL,0,0,,,,,,0,0,,,,,,0
0020500755,146,1,42,2,9:17 PM,9:42,,,Taylor  Driving Layup (3 PTS),27 - 41,14,5,1508,Maurice Taylor,1610612752.0,New York,Knicks,NYK,0,0,,,,,,0,0,,,,,,0
0020500755,147,2,1,2,9:18 PM,9:23,MISS Daniels 8' Jump Shot,,,,,4,2605,Marquis Daniels,1610612742.0,Dallas,Mavericks,DAL,0,0,,,,,,0,0,,,,,,0
0020500755,148,4,0,2,9:18 PM,9:21,,,Robinson REBOUND (Off:1 Def:2),,,5,101126,Nate Robinson,1610612752.0,New York,Knicks,NYK,0,0,,,,,,0,0,,,,,,0
0020500755,149,5,21,2,9:18 PM,9:08,,,Robinson Palming Turnover (P2.T4),,,5,101126,Nate Robinson,1610612752.0,New York,Knicks,NYK,0,0,,,,,,1,0,,,,,,0
0020500755,150,8,0,2,9:18 PM,9:08,,,SUB: Curry FOR Butler,,,5,2866,Jackie Butler,1610612752.0,New York,Knicks,NYK,5,2201,Eddy Curry,1610612752.0,New York,Knicks,NYK,0,0,,,,,,0
0020500755,151,5,8,2,9:19 PM,8:57,Daniels 3 Second Violation Turnover (P1.T3),,,,,4,2605,Marquis Daniels,1610612742.0,Dallas,Mavericks,DAL,0,0,,,,,,1,0,,,,,,0
0020500755,152,9,4,2,9:19 PM,8:57,,,,,,1,0,,,,,,0,0,,,,,,0,0,,,,,,0
0020500755,156,6,4,2,9:21 PM,8:47,,,Curry OFF.Foul (P3),,,5,2201,Eddy Curry,1610612752.0,New York,Knicks,NYK,4,956,Erick Dampier,1610612742.0,Dallas,Mavericks,DAL,1,0,,,,,,0
0020500755,157,5,5,2,9:21 PM,8:47,,,Curry Foul Turnover (P2.T5),,,5,2201,Eddy Curry,1610612752.0,New York,Knicks,NYK,0,0,,,,,,1,0,,,,,,0
0020500755,158,2,63,2,9:22 PM,8:29,MISS Stackhouse 10' Fadeaway Jumper,,,,,4,711,Jerry Stackhouse,1610612742.0,Dallas,Mavericks,DAL,0,0,,,,,,0,0,,,,,,0
0020500755,159,4,0,2,9:22 PM,8:27,,,Taylor REBOUND (Off:0 Def:1),,,5,1508,Maurice Taylor,1610612752.0,New York,Knicks,NYK,0,0,,,,,,0,0,,,,,,0
0020500755,160,8,0,2,9:22 PM,8:15,,,SUB: Butler FOR Curry,,,5,2201,Eddy Curry,1610612752.0,New York,Knicks,NYK,5,2866,Jackie Butler,1610612752.0,New York,Knicks,NYK,0,0,,,,,,0
0020500755,161,2,1,2,9:22 PM,8:09,,,MISS Woods  3PT Jump Shot,,,5,2417,Qyntel Woods,1610612752.0,New York,Knicks,NYK,0,0,,,,,,0,0,,,,,,0
0020500755,163,4,0,2,9:22 PM,8:05,,,Richardson REBOUND (Off:1 Def:2),,,5,2047,Quentin Richardson,1610612752.0,New York,Knicks,NYK,0,0,,,,,,0,0,,,,,,0
0020500755,162,1,4,2,9:22 PM,8:05,,,Richardson  Tip Shot (2 PTS),29 - 41,12,5,2047,Quentin Richardson,1610612752.0,New York,Knicks,NYK,0,0,,,,,,0,0,,,,,,0
0020500755,164,2,1,2,9:23 PM,7:51,MISS Van Horn 24' 3PT Jump Shot,,,,,4,1496,Keith Van Horn,1610612742.0,Dallas,Mavericks,DAL,0,0,,,,,,0,0,,,,,,0
0020500755,165,4,0,2,9:23 PM,7:49,,,Robinson REBOUND (Off:1 Def:3),,,5,101126,Nate Robinson,1610612752.0,New York,Knicks,NYK,0,0,,,,,,0,0,,,,,,0
0020500755,166,2,1,2,9:23 PM,7:39,,,MISS Richardson 17' Jump Shot,,,5,2047,Quentin Richardson,1610612752.0,New York,Knicks,NYK,0,0,,,,,,0,0,,,,,,0
0020500755,167,4,0,2,9:23 PM,7:37,MAVERICKS Rebound,,,,,2,1610612742,,,,,,0,0,,,,,,0,0,,,,,,0
0020500755,168,8,0,2,9:23 PM,7:37,,,SUB: Rose FOR Robinson,,,5,101126,Nate Robinson,1610612752.0,New York,Knicks,NYK,5,147,Jalen Rose,1610612752.0,New York,Knicks,NYK,0,0,,,,,,0
0020500755,169,8,0,2,9:23 PM,7:37,SUB: Terry FOR Harris,,,,,4,2734,Devin Harris,1610612742.0,Dallas,Mavericks,DAL,4,1891,Jason Terry,1610612742.0,Dallas,Mavericks,DAL,0,0,,,,,,0
0020500755,170,1,5,2,9:24 PM,7:18,Daniels  Layup (2 PTS),,,29 - 43,14,4,2605,Marquis Daniels,1610612742.0,Dallas,Mavericks,DAL,0,0,,,,,,0,0,,,,,,0
0020500755,171,6,2,2,9:24 PM,7:18,,,Butler S.FOUL (P2.T2),,,5,2866,Jackie Butler,1610612752.0,New York,Knicks,NYK,4,2605,Marquis Daniels,1610612742.0,Dallas,Mavericks,DAL,1,0,,,,,,0
0020500755,172,8,0,2,9:24 PM,7:18,SUB: Nowitzki FOR Van Horn,,,,,4,1496,Keith Van Horn,1610612742.0,Dallas,Mavericks,DAL,4,1717,Dirk Nowitzki,1610612742.0,Dallas,Mavericks,DAL,0,0,,,,,,0
0020500755,173,8,0,2,9:24 PM,7:18,,,SUB: Frye FOR Butler,,,5,2866,Jackie Butler,1610612752.0,New York,Knicks,NYK,5,101112,Channing Frye,1610612752.0,New York,Knicks,NYK,0,0,,,,,,0
0020500755,174,3,10,2,9:24 PM,7:18,Daniels Free Throw 1 of 1 (3 PTS),,,29 - 44,15,4,2605,Marquis Daniels,1610612742.0,Dallas,Mavericks,DAL,0,0,,,,,,0,0,,,,,,0
0020500755,175,2,1,2,9:25 PM,7:01,,,MISS Taylor 19' Jump Shot,,,5,1508,Maurice Taylor,1610612752.0,New York,Knicks,NYK,0,0,,,,,,0,0,,,,,,0
0020500755,176,4,0,2,9:25 PM,6:59,Nowitzki REBOUND (Off:0 Def:5),,,,,4,1717,Dirk Nowitzki,1610612742.0,Dallas,Mavericks,DAL,0,0,,,,,,0,0,,,,,,0
0020500755,177,1,1,2,9:25 PM,6:48,Nowitzki 19' Jump Shot (8 PTS) (Terry 2 AST),,,29 - 46,17,4,1717,Dirk Nowitzki,1610612742.0,Dallas,Mavericks,DAL,4,1891,Jason Terry,1610612742.0,Dallas,Mavericks,DAL,0,0,,,,,,0
0020500755,178,1,62,2,9:25 PM,6:24,,,Taylor 6' Turnaround Finger Roll (5 PTS),31 - 46,15,5,1508,Maurice Taylor,1610612752.0,New York,Knicks,NYK,0,0,,,,,,0,0,,,,,,0
0020500755,180,7,2,2,9:26 PM,6:02,,,Frye Violation:Defensive Goaltending,,,5,101112,Channing Frye,1610612752.0,New York,Knicks,NYK,0,0,,,,,,1,0,,,,,,0
0020500755,179,1,44,2,9:26 PM,6:02,Dampier  Reverse Layup (4 PTS) (Stackhouse 4 AST),,,31 - 48,17,4,956,Erick Dampier,1610612742.0,Dallas,Mavericks,DAL,4,711,Jerry Stackhouse,1610612742.0,Dallas,Mavericks,DAL,0,0,,,,,,0
0020500755,181,5,1,2,9:26 PM,5:52,Terry STEAL (1 STL),,Rose Bad Pass Turnover (P1.T6),,,5,147,Jalen Rose,1610612752.0,New York,Knicks,NYK,4,1891,Jason Terry,1610612742.0,Dallas,Mavericks,DAL,0,0,,,,,,0
0020500755,182,6,2,2,9:26 PM,5:50,,,Woods S.FOUL (P1.T3),,,5,2417,Qyntel Woods,1610612752.0,New York,Knicks,NYK,4,1891,Jason Terry,1610612742.0,Dallas,Mavericks,DAL,1,0,,,,,,0
0020500755,183,9,1,2,9:26 PM,5:50,MAVERICKS Timeout: Regular (Full 2 Short 0),,,,,2,1610612742,,,,,,0,0,,,,,,0,0,,,,,,0
0020500755,184,8,0,2,9:28 PM,5:50,SUB: Howard FOR Stackhouse,,,,,4,711,Jerry Stackhouse,1610612742.0,Dallas,Mavericks,DAL,4,2572,Josh Howard,1610612742.0,Dallas,Mavericks,DAL,0,0,,,,,,0
0020500755,186,3,11,2,9:29 PM,5:50,MISS Terry Free Throw 1 of 2,,,,,4,1891,Jason Terry,1610612742.0,Dallas,Mavericks,DAL,0,0,,,,,,0,0,,,,,,0
0020500755,187,4,1,2,9:29 PM,5:50,MAVERICKS Rebound,,,,,2,1610612742,,,,,,0,0,,,,,,0,0,,,,,,0
0020500755,188,3,12,2,9:29 PM,5:50,Terry Free Throw 2 of 2 (10 PTS),,,31 - 49,18,4,1891,Jason Terry,1610612742.0,Dallas,Mavericks,DAL,0,0,,,,,,0,0,,,,,,0
0020500755,189,2,1,2,9:29 PM,5:26,,,MISS Woods 12' Jump Shot,,,5,2417,Qyntel Woods,1610612752.0,New York,Knicks,NYK,0,0,,,,,,0,0,,,,,,0
0020500755,190,4,0,2,9:29 PM,5:25,,,Taylor REBOUND (Off:1 Def:1),,,5,1508,Maurice Taylor,1610612752.0,New York,Knicks,NYK,0,0,,,,,,0,0,,,,,,0
0020500755,191,5,11,2,9:29 PM,5:25,,,Knicks Turnover: Shot Clock (T#7),,,3,1610612752,,,,,,0,0,,,,,,1,0,,,,,,0
0020500755,192,8,0,2,9:30 PM,5:25,,,SUB: Robinson FOR Woods,,,5,2417,Qyntel Woods,1610612752.0,New York,Knicks,NYK,5,101126,Nate Robinson,1610612752.0,New York,Knicks,NYK,0,0,,,,,,0
0020500755,194,5,1,2,9:30 PM,5:01,Terry Bad Pass Turnover (P2.T4),,Frye STEAL (1 STL),,,4,1891,Jason Terry,1610612742.0,Dallas,Mavericks,DAL,5,101112,Channing Frye,1610612752.0,New York,Knicks,NYK,0,0,,,,,,0
0020500755,195,2,5,2,9:30 PM,4:56,,,MISS Robinson  Layup,,,5,101126,Nate Robinson,1610612752.0,New York,Knicks,NYK,0,0,,,,,,0,0,,,,,,0
0020500755,196,4,0,2,9:30 PM,4:55,Daniels REBOUND (Off:0 Def:1),,,,,4,2605,Marquis Daniels,1610612742.0,Dallas,Mavericks,DAL,0,0,,,,,,0,0,,,,,,0
0020500755,197,1,1,2,9:30 PM,4:49,Nowitzki 17' Jump Shot (10 PTS) (Terry 3 AST),,,31 - 51,20,4,1717,Dirk Nowitzki,1610612742.0,Dallas,Mavericks,DAL,4,1891,Jason Terry,1610612742.0,Dallas,Mavericks,DAL,0,0,,,,,,0
0020500755,198,5,11,2,9:31 PM,4:21,,,Knicks Turnover: Shot Clock (T#8),,,3,1610612752,,,,,,0,0,,,,,,1,0,,,,,,0
0020500755,199,7,1,2,9:31 PM,4:21,,,Knicks Violation: Delay of game Violation,,,3,1610612752,,,,,,0,0,,,,,,1,0,,,,,,0
0020500755,200,2,5,2,9:31 PM,4:00,MISS Howard  Layup,,Richardson BLOCK (1 BLK),,,4,2572,Josh Howard,1610612742.0,Dallas,Mavericks,DAL,0,0,,,,,,5,2047,Quentin Richardson,1610612752.0,New York,Knicks,NYK,0
0020500755,201,4,0,2,9:32 PM,3:58,Nowitzki REBOUND (Off:1 Def:5),,,,,4,1717,Dirk Nowitzki,1610612742.0,Dallas,Mavericks,DAL,0,0,,,,,,0,0,,,,,,0
0020500755,202,2,1,2,9:32 PM,3:56,MISS Nowitzki 26' 3PT Jump Shot,,,,,4,1717,Dirk Nowitzki,1610612742.0,Dallas,Mavericks,DAL,0,0,,,,,,0,0,,,,,,0
0020500755,203,4,0,2,9:32 PM,3:56,MAVERICKS Rebound,,,,,2,1610612742,,,,,,0,0,,,,,,0,0,,,,,,0
0020500755,204,5,11,2,9:32 PM,3:56,MAVERICKS Turnover: Shot Clock (T#5),,,,,2,1610612742,,,,,,0,0,,,,,,1,0,,,,,,0
0020500755,205,1,44,2,9:32 PM,3:35,,,Rose  Reverse Layup (7 PTS),33 - 51,18,5,147,Jalen Rose,1610612752.0,New York,Knicks,NYK,0,0,,,,,,0,0,,,,,,0
0020500755,206,6,2,2,9:32 PM,3:35,Dampier S.FOUL (P2.T1),,,,,4,956,Erick Dampier,1610612742.0,Dallas,Mavericks,DAL,5,147,Jalen Rose,1610612752.0,New York,Knicks,NYK,1,0,,,,,,0
0020500755,207,3,10,2,9:33 PM,3:35,,,Rose Free Throw 1 of 1 (8 PTS),34 - 51,17,5,147,Jalen Rose,1610612752.0,New York,Knicks,NYK,0,0,,,,,,0,0,,,,,,0
0020500755,208,6,1,2,9:33 PM,3:19,,,Richardson P.FOUL (P2.T4),,,5,2047,Quentin Richardson,1610612752.0,New York,Knicks,NYK,4,2572,Josh Howard,1610612742.0,Dallas,Mavericks,DAL,1,0,,,,,,0
0020500755,209,2,1,2,9:34 PM,3:07,MISS Howard 15' Jump Shot,,,,,4,2572,Josh Howard,1610612742.0,Dallas,Mavericks,DAL,0,0,,,,,,0,0,,,,,,0
0020500755,210,4,0,2,9:34 PM,3:05,,,Frye REBOUND (Off:2 Def:2),,,5,101112,Channing Frye,1610612752.0,New York,Knicks,NYK,0,0,,,,,,0,0,,,,,,0
0020500755,211,5,1,2,9:34 PM,2:53,Terry STEAL (2 STL),,Frye Bad Pass Turnover (P1.T9),,,5,101112,Channing Frye,1610612752.0,New York,Knicks,NYK,4,1891,Jason Terry,1610612742.0,Dallas,Mavericks,DAL,0,0,,,,,,0
0020500755,212,6,2,2,9:34 PM,2:49,,,Rose S.FOUL (P2.PN),,,5,147,Jalen Rose,1610612752.0,New York,Knicks,NYK,4,2572,Josh Howard,1610612742.0,Dallas,Mavericks,DAL,1,0,,,,,,0
0020500755,213,9,1,2,9:34 PM,2:49,,,Knicks Timeout: Regular (Reg.2 Short 0),,,3,1610612752,,,,,,0,0,,,,,,0,0,,,,,,0
0020500755,214,8,0,2,9:36 PM,2:49,SUB: Stackhouse FOR Daniels,,,,,4,2605,Marquis Daniels,1610612742.0,Dallas,Mavericks,DAL,4,711,Jerry Stackhouse,1610612742.0,Dallas,Mavericks,DAL,0,0,,,,,,0
0020500755,215,8,0,2,9:36 PM,2:49,,,SUB: Rose FOR Taylor,,,5,1508,Maurice Taylor,1610612752.0,New York,Knicks,NYK,5,990,Malik Rose,1610612752.0,New York,Knicks,NYK,0,0,,,,,,0
0020500755,216,3,11,2,9:37 PM,2:49,Howard Free Throw 1 of 2 (11 PTS),,,34 - 52,18,4,2572,Josh Howard,1610612742.0,Dallas,Mavericks,DAL,0,0,,,,,,0,0,,,,,,0
0020500755,217,3,12,2,9:37 PM,2:49,Howard Free Throw 2 of 2 (12 PTS),,,34 - 53,19,4,2572,Josh Howard,1610612742.0,Dallas,Mavericks,DAL,0,0,,,,,,0,0,,,,,,0
0020500755,218,1,1,2,9:37 PM,2:37,,,Frye 17' Jump Shot (4 PTS) (Rose 2 AST),36 - 53,17,5,101112,Channing Frye,1610612752.0,New York,Knicks,NYK,5,147,Jalen Rose,1610612752.0,New York,Knicks,NYK,0,0,,,,,,0
0020500755,219,2,44,2,9:38 PM,2:18,MISS Nowitzki  Reverse Layup,,,,,4,1717,Dirk Nowitzki,1610612742.0,Dallas,Mavericks,DAL,0,0,,,,,,0,0,,,,,,0
0020500755,220,4,0,2,9:38 PM,2:17,,,Frye REBOUND (Off:2 Def:3),,,5,101112,Channing Frye,1610612752.0,New York,Knicks,NYK,0,0,,,,,,0,0,,,,,,0
0020500755,221,1,42,2,9:38 PM,1:59,,,Richardson  Driving Layup (4 PTS) (Frye 1 AST),38 - 53,15,5,2047,Quentin Richardson,1610612752.0,New York,Knicks,NYK,5,101112,Channing Frye,1610612752.0,New York,Knicks,NYK,0,0,,,,,,0
0020500755,222,2,1,2,9:38 PM,1:45,MISS Nowitzki 7' Jump Shot,,,,,4,1717,Dirk Nowitzki,1610612742.0,Dallas,Mavericks,DAL,0,0,,,,,,0,0,,,,,,0
0020500755,223,4,0,2,9:38 PM,1:44,,,Rose REBOUND (Off:0 Def:1),,,5,990,Malik Rose,1610612752.0,New York,Knicks,NYK,0,0,,,,,,0,0,,,,,,0
0020500755,224,1,5,2,9:38 PM,1:39,,,Richardson  Layup (6 PTS) (Robinson 1 AST),40 - 53,13,5,2047,Quentin Richardson,1610612752.0,New York,Knicks,NYK,5,101126,Nate Robinson,1610612752.0,New York,Knicks,NYK,0,0,,,,,,0
0020500755,225,1,42,2,9:39 PM,1:18,Dampier  Driving Layup (6 PTS) (Terry 4 AST),,,40 - 55,15,4,956,Erick Dampier,1610612742.0,Dallas,Mavericks,DAL,4,1891,Jason Terry,1610612742.0,Dallas,Mavericks,DAL,0,0,,,,,,0
0020500755,226,1,1,2,9:39 PM,0:57,,,Richardson 20' Jump Shot (8 PTS),42 - 55,13,5,2047,Quentin Richardson,1610612752.0,New York,Knicks,NYK,0,0,,,,,,0,0,,,,,,0
0020500755,227,6,1,2,9:39 PM,0:42,,,Robinson P.FOUL (P3.PN),,,5,101126,Nate Robinson,1610612752.0,New York,Knicks,NYK,4,1891,Jason Terry,1610612742.0,Dallas,Mavericks,DAL,1,0,,,,,,0
0020500755,228,8,0,2,9:39 PM,0:42,SUB: Van Horn FOR Howard,,,,,4,2572,Josh Howard,1610612742.0,Dallas,Mavericks,DAL,4,1496,Keith Van Horn,1610612742.0,Dallas,Mavericks,DAL,0,0,,,,,,0
0020500755,229,8,0,2,9:40 PM,0:42,,,SUB: Ariza FOR Robinson,,,5,101126,Nate Robinson,1610612752.0,New York,Knicks,NYK,5,2772,Trevor Ariza,1610612752.0,New York,Knicks,NYK,0,0,,,,,,0
0020500755,230,3,11,2,9:40 PM,0:42,Terry Free Throw 1 of 2 (11 PTS),,,42 - 56,14,4,1891,Jason Terry,1610612742.0,Dallas,Mavericks,DAL,0,0,,,,,,0,0,,,,,,0
0020500755,231,8,0,2,9:40 PM,0:42,SUB: Diop FOR Dampier,,,,,4,956,Erick Dampier,1610612742.0,Dallas,Mavericks,DAL,4,2205,DeSagana Diop,1610612742.0,Dallas,Mavericks,DAL,0,0,,,,,,0
0020500755,232,3,12,2,9:40 PM,0:42,Terry Free Throw 2 of 2 (12 PTS),,,42 - 57,15,4,1891,Jason Terry,1610612742.0,Dallas,Mavericks,DAL,0,0,,,,,,0,0,,,,,,0
0020500755,233,6,2,2,9:41 PM,0:27,Diop S.FOUL (P1.T2),,,,,4,2205,DeSagana Diop,1610612742.0,Dallas,Mavericks,DAL,5,990,Malik Rose,1610612752.0,New York,Knicks,NYK,1,0,,,,,,0
0020500755,234,3,11,2,9:41 PM,0:27,,,Rose Free Throw 1 of 2 (6 PTS),43 - 57,14,5,990,Malik Rose,1610612752.0,New York,Knicks,NYK,0,0,,,,,,0,0,,,,,,0
0020500755,236,7,3,2,9:41 PM,0:27,Diop Violation:Lane,,,,,4,2205,DeSagana Diop,1610612742.0,Dallas,Mavericks,DAL,0,0,,,,,,1,0,,,,,,0
0020500755,235,3,12,2,9:41 PM,0:27,,,Rose Free Throw 2 of 2 (7 PTS),44 - 57,13,5,990,Malik Rose,1610612752.0,New York,Knicks,NYK,0,0,,,,,,0,0,,,,,,0
0020500755,238,9,2,2,9:42 PM,0:24,MAVERICKS Timeout: Short (Full 2 Short 1),,,,,2,1610612742,,,,,,0,0,,,,,,0,0,,,,,,0
0020500755,239,8,0,2,9:43 PM,0:24,SUB: Harris FOR Diop,,,,,4,2205,DeSagana Diop,1610612742.0,Dallas,Mavericks,DAL,4,2734,Devin Harris,1610612742.0,Dallas,Mavericks,DAL,0,0,,,,,,0
0020500755,241,6,2,2,9:43 PM,0:05,,,Ariza S.FOUL (P1.PN),,,5,2772,Trevor Ariza,1610612752.0,New York,Knicks,NYK,4,1717,Dirk Nowitzki,1610612742.0,Dallas,Mavericks,DAL,1,0,,,,,,0
0020500755,242,3,11,2,9:44 PM,0:05,Nowitzki Free Throw 1 of 2 (11 PTS),,,44 - 58,14,4,1717,Dirk Nowitzki,1610612742.0,Dallas,Mavericks,DAL,0,0,,,,,,0,0,,,,,,0
0020500755,243,8,0,2,9:44 PM,0:05,,,SUB: Robinson FOR Rose,,,5,147,Jalen Rose,1610612752.0,New York,Knicks,NYK,5,101126,Nate Robinson,1610612752.0,New York,Knicks,NYK,0,0,,,,,,0
0020500755,244,8,0,2,9:44 PM,0:05,,,SUB: Lee FOR Rose,,,5,990,Malik Rose,1610612752.0,New York,Knicks,NYK,5,101135,David Lee,1610612752.0,New York,Knicks,NYK,0,0,,,,,,0
0020500755,245,3,12,2,9:44 PM,0:05,Nowitzki Free Throw 2 of 2 (12 PTS),,,44 - 59,15,4,1717,Dirk Nowitzki,1610612742.0,Dallas,Mavericks,DAL,0,0,,,,,,0,0,,,,,,0
0020500755,246,2,1,2,9:45 PM,0:00,,,MISS Ariza 6' Jump Shot,,,5,2772,Trevor Ariza,1610612752.0,New York,Knicks,NYK,0,0,,,,,,0,0,,,,,,0
0020500755,248,4,0,2,9:45 PM,0:00,,,Richardson REBOUND (Off:2 Def:2),,,5,2047,Quentin Richardson,1610612752.0,New York,Knicks,NYK,0,0,,,,,,0,0,,,,,,0
0020500755,247,2,44,2,9:45 PM,0:00,,,MISS Richardson  Reverse Layup,,,5,2047,Quentin Richardson,1610612752.0,New York,Knicks,NYK,0,0,,,,,,0,0,,,,,,0
0020500755,249,4,0,2,9:45 PM,0:00,,,Knicks Rebound,,,3,1610612752,,,,,,0,0,,,,,,0,0,,,,,,0
0020500755,250,13,0,2,9:45 PM,0:00,,,,44 - 59,15,0,0,,,,,,0,0,,,,,,0,0,,,,,,0
0020500755,252,12,0,3,10:01 PM,12:00,,,,44 - 59,15,0,0,,,,,,0,0,,,,,,0,0,,,,,,0
0020500755,253,5,11,3,10:02 PM,11:36,,,Knicks Turnover: Shot Clock (T#10),,,3,1610612752,,,,,,0,0,,,,,,1,0,,,,,,0
0020500755,254,2,5,3,10:02 PM,11:19,MISS Griffin  Layup,,,,,4,1559,Adrian Griffin,1610612742.0,Dallas,Mavericks,DAL,0,0,,,,,,0,0,,,,,,0
0020500755,256,4,0,3,10:02 PM,11:18,Howard REBOUND (Off:2 Def:1),,,,,4,2572,Josh Howard,1610612742.0,Dallas,Mavericks,DAL,0,0,,,,,,0,0,,,,,,0
0020500755,255,2,5,3,10:02 PM,11:18,MISS Howard  Layup,,,,,4,2572,Josh Howard,1610612742.0,Dallas,Mavericks,DAL,0,0,,,,,,0,0,,,,,,0
0020500755,257,4,0,3,10:02 PM,11:16,Griffin REBOUND (Off:2 Def:0),,,,,4,1559,Adrian Griffin,1610612742.0,Dallas,Mavericks,DAL,0,0,,,,,,0,0,,,,,,0
0020500755,258,2,1,3,10:03 PM,11:11,MISS Howard 25' 3PT Jump Shot,,,,,4,2572,Josh Howard,1610612742.0,Dallas,Mavericks,DAL,0,0,,,,,,0,0,,,,,,0
0020500755,259,4,0,3,10:03 PM,11:09,,,Curry REBOUND (Off:1 Def:2),,,5,2201,Eddy Curry,1610612752.0,New York,Knicks,NYK,0,0,,,,,,0,0,,,,,,0
0020500755,260,5,1,3,10:03 PM,10:47,Nowitzki STEAL (1 STL),,Curry Bad Pass Turnover (P3.T11),,,5,2201,Eddy Curry,1610612752.0,New York,Knicks,NYK,4,1717,Dirk Nowitzki,1610612742.0,Dallas,Mavericks,DAL,0,0,,,,,,0
0020500755,261,2,1,3,10:03 PM,10:25,MISS Diop 14' Jump Shot,,,,,4,2205,DeSagana Diop,1610612742.0,Dallas,Mavericks,DAL,0,0,,,,,,0,0,,,,,,0
0020500755,262,4,0,3,10:03 PM,10:22,,,Rose REBOUND (Off:0 Def:2),,,5,990,Malik Rose,1610612752.0,New York,Knicks,NYK,0,0,,,,,,0,0,,,,,,0
0020500755,263,2,40,3,10:04 PM,10:08,,,MISS Rose  Layup,,,5,147,Jalen Rose,1610612752.0,New York,Knicks,NYK,0,0,,,,,,0,0,,,,,,0
0020500755,264,4,0,3,10:04 PM,10:07,,,Curry REBOUND (Off:2 Def:2),,,5,2201,Eddy Curry,1610612752.0,New York,Knicks,NYK,0,0,,,,,,0,0,,,,,,0
0020500755,265,6,2,3,10:04 PM,10:07,Griffin S.FOUL (P3.T1),,,,,4,1559,Adrian Griffin,1610612742.0,Dallas,Mavericks,DAL,5,2201,Eddy Curry,1610612752.0,New York,Knicks,NYK,1,0,,,,,,0
0020500755,266,3,11,3,10:04 PM,10:07,,,MISS Curry Free Throw 1 of 2,,,5,2201,Eddy Curry,1610612752.0,New York,Knicks,NYK,0,0,,,,,,0,0,,,,,,0
0020500755,267,4,1,3,10:04 PM,10:07,,,Knicks Rebound,,,3,1610612752,,,,,,0,0,,,,,,0,0,,,,,,0
0020500755,268,8,0,3,10:04 PM,10:07,SUB: Daniels FOR Griffin,,,,,4,1559,Adrian Griffin,1610612742.0,Dallas,Mavericks,DAL,4,2605,Marquis Daniels,1610612742.0,Dallas,Mavericks,DAL,0,0,,,,,,0
0020500755,269,3,12,3,10:04 PM,10:07,,,Curry Free Throw 2 of 2 (6 PTS),45 - 59,14,5,2201,Eddy Curry,1610612752.0,New York,Knicks,NYK,0,0,,,,,,0,0,,,,,,0
0020500755,270,1,1,3,10:05 PM,9:46,Nowitzki 22' Jump Shot (14 PTS) (Terry 5 AST),,,45 - 61,16,4,1717,Dirk Nowitzki,1610612742.0,Dallas,Mavericks,DAL,4,1891,Jason Terry,1610612742.0,Dallas,Mavericks,DAL,0,0,,,,,,0
0020500755,271,6,1,3,10:05 PM,9:28,Diop P.FOUL (P2.T2),,,,,4,2205,DeSagana Diop,1610612742.0,Dallas,Mavericks,DAL,5,2201,Eddy Curry,1610612752.0,New York,Knicks,NYK,1,0,,,,,,0
0020500755,272,6,2,3,10:06 PM,9:17,Diop S.FOUL (P3.T3),,,,,4,2205,DeSagana Diop,1610612742.0,Dallas,Mavericks,DAL,5,147,Jalen Rose,1610612752.0,New York,Knicks,NYK,1,0,,,,,,0
0020500755,273,3,11,3,10:06 PM,9:17,,,MISS Rose Free Throw 1 of 2,,,5,147,Jalen Rose,1610612752.0,New York,Knicks,NYK,0,0,,,,,,0,0,,,,,,0
0020500755,274,4,1,3,10:06 PM,9:17,,,Knicks Rebound,,,3,1610612752,,,,,,0,0,,,,,,0,0,,,,,,0
0020500755,275,8,0,3,10:07 PM,9:17,SUB: Mbenga FOR Diop,,,,,4,2205,DeSagana Diop,1610612742.0,Dallas,Mavericks,DAL,4,2788,DJ Mbenga,1610612742.0,Dallas,Mavericks,DAL,0,0,,,,,,0
0020500755,276,3,12,3,10:07 PM,9:17,,,MISS Rose Free Throw 2 of 2,,,5,147,Jalen Rose,1610612752.0,New York,Knicks,NYK,0,0,,,,,,0,0,,,,,,0
0020500755,277,4,0,3,10:07 PM,9:15,Mbenga REBOUND (Off:0 Def:2),,,,,4,2788,DJ Mbenga,1610612742.0,Dallas,Mavericks,DAL,0,0,,,,,,0,0,,,,,,0
0020500755,278,6,1,3,10:07 PM,9:10,,,Robinson P.FOUL (P4.T1),,,5,101126,Nate Robinson,1610612752.0,New York,Knicks,NYK,4,1891,Jason Terry,1610612742.0,Dallas,Mavericks,DAL,1,0,,,,,,0
0020500755,279,2,46,3,10:08 PM,8:55,MISS Terry 17' Running Jump Shot,,,,,4,1891,Jason Terry,1610612742.0,Dallas,Mavericks,DAL,0,0,,,,,,0,0,,,,,,0
0020500755,280,4,0,3,10:08 PM,8:54,,,Knicks Rebound,,,3,1610612752,,,,,,0,0,,,,,,0,0,,,,,,0
0020500755,281,5,8,3,10:09 PM,8:36,,,Curry 3 Second Violation Turnover (P4.T12),,,5,2201,Eddy Curry,1610612752.0,New York,Knicks,NYK,0,0,,,,,,1,0,,,,,,0
0020500755,282,1,1,3,10:09 PM,8:22,Nowitzki 17' Jump Shot (16 PTS) (Daniels 1 AST),,,45 - 63,18,4,1717,Dirk Nowitzki,1610612742.0,Dallas,Mavericks,DAL,4,2605,Marquis Daniels,1610612742.0,Dallas,Mavericks,DAL,0,0,,,,,,0
0020500755,283,1,1,3,10:09 PM,7:58,,,Rose 24' 3PT Jump Shot (11 PTS) (Robinson 2 AST),48 - 63,15,5,147,Jalen Rose,1610612752.0,New York,Knicks,NYK,5,101126,Nate Robinson,1610612752.0,New York,Knicks,NYK,0,0,,,,,,0
0020500755,284,2,1,3,10:10 PM,7:37,MISS Howard 11' Jump Shot,,,,,4,2572,Josh Howard,1610612742.0,Dallas,Mavericks,DAL,0,0,,,,,,0,0,,,,,,0
0020500755,285,4,0,3,10:10 PM,7:35,,,Knicks Rebound,,,3,1610612752,,,,,,0,0,,,,,,0,0,,,,,,0
0020500755,286,1,5,3,10:10 PM,7:24,,,Curry  Layup (8 PTS),50 - 63,13,5,2201,Eddy Curry,1610612752.0,New York,Knicks,NYK,0,0,,,,,,0,0,,,,,,0
0020500755,287,6,2,3,10:10 PM,7:24,Mbenga S.FOUL (P1.T4),,,,,4,2788,DJ Mbenga,1610612742.0,Dallas,Mavericks,DAL,5,2201,Eddy Curry,1610612752.0,New York,Knicks,NYK,1,0,,,,,,0
0020500755,288,8,0,3,10:10 PM,7:24,,,SUB: Ariza FOR Robinson,,,5,101126,Nate Robinson,1610612752.0,New York,Knicks,NYK,5,2772,Trevor Ariza,1610612752.0,New York,Knicks,NYK,0,0,,,,,,0
0020500755,289,3,10,3,10:11 PM,7:24,,,Curry Free Throw 1 of 1 (9 PTS),51 - 63,12,5,2201,Eddy Curry,1610612752.0,New York,Knicks,NYK,0,0,,,,,,0,0,,,,,,0
0020500755,290,2,1,3,10:11 PM,7:05,MISS Nowitzki 19' Jump Shot,,,,,4,1717,Dirk Nowitzki,1610612742.0,Dallas,Mavericks,DAL,0,0,,,,,,0,0,,,,,,0
0020500755,291,4,0,3,10:11 PM,7:04,,,Rose REBOUND (Off:0 Def:1),,,5,147,Jalen Rose,1610612752.0,New York,Knicks,NYK,0,0,,,,,,0,0,,,,,,0
0020500755,292,2,5,3,10:11 PM,6:59,Mbenga BLOCK (4 BLK),,MISS Curry  Layup,,,5,2201,Eddy Curry,1610612752.0,New York,Knicks,NYK,0,0,,,,,,4,2788,DJ Mbenga,1610612742.0,Dallas,Mavericks,DAL,0
0020500755,293,4,0,3,10:11 PM,6:57,Nowitzki REBOUND (Off:1 Def:6),,,,,4,1717,Dirk Nowitzki,1610612742.0,Dallas,Mavericks,DAL,0,0,,,,,,0,0,,,,,,0
0020500755,294,1,66,3,10:11 PM,6:53,Howard 12' Jump Bank Shot (14 PTS) (Nowitzki 1 AST),,,51 - 65,14,4,2572,Josh Howard,1610612742.0,Dallas,Mavericks,DAL,4,1717,Dirk Nowitzki,1610612742.0,Dallas,Mavericks,DAL,0,0,,,,,,0
0020500755,295,5,1,3,10:12 PM,6:35,Mbenga STEAL (1 STL),,Richardson Bad Pass Turnover (P1.T13),,,5,2047,Quentin Richardson,1610612752.0,New York,Knicks,NYK,4,2788,DJ Mbenga,1610612742.0,Dallas,Mavericks,DAL,0,0,,,,,,0
0020500755,296,6,2,3,10:12 PM,6:30,,,Richardson S.FOUL (P3.T2),,,5,2047,Quentin Richardson,1610612752.0,New York,Knicks,NYK,4,2605,Marquis Daniels,1610612742.0,Dallas,Mavericks,DAL,1,0,,,,,,0
0020500755,297,3,11,3,10:12 PM,6:30,Daniels Free Throw 1 of 2 (4 PTS),,,51 - 66,15,4,2605,Marquis Daniels,1610612742.0,Dallas,Mavericks,DAL,0,0,,,,,,0,0,,,,,,0
0020500755,298,3,12,3,10:12 PM,6:30,Daniels Free Throw 2 of 2 (5 PTS),,,51 - 67,16,4,2605,Marquis Daniels,1610612742.0,Dallas,Mavericks,DAL,0,0,,,,,,0,0,,,,,,0
0020500755,299,2,5,3,10:13 PM,6:17,,,MISS Richardson  Layup,,,5,2047,Quentin Richardson,1610612752.0,New York,Knicks,NYK,0,0,,,,,,0,0,,,,,,0
0020500755,301,4,0,3,10:13 PM,6:15,,,Richardson REBOUND (Off:3 Def:2),,,5,2047,Quentin Richardson,1610612752.0,New York,Knicks,NYK,0,0,,,,,,0,0,,,,,,0
0020500755,300,1,4,3,10:13 PM,6:15,,,Richardson  Tip Shot (10 PTS),53 - 67,14,5,2047,Quentin Richardson,1610612752.0,New York,Knicks,NYK,0,0,,,,,,0,0,,,,,,0
0020500755,302,6,18,3,10:13 PM,6:15,,,Knicks Foul,,,3,1610612752,,,,,,0,0,,,,,,1,0,,,,,,0
0020500755,303,3,16,3,10:13 PM,6:15,Nowitzki Free Throw Technical (17 PTS),,,53 - 68,15,4,1717,Dirk Nowitzki,1610612742.0,Dallas,Mavericks,DAL,0,0,,,,,,0,0,,,,,,0
0020500755,304,1,1,3,10:14 PM,5:59,Terry 24' 3PT Jump Shot (15 PTS) (Nowitzki 2 AST),,,53 - 71,18,4,1891,Jason Terry,1610612742.0,Dallas,Mavericks,DAL,4,1717,Dirk Nowitzki,1610612742.0,Dallas,Mavericks,DAL,0,0,,,,,,0
0020500755,305,6,4,3,10:14 PM,5:53,,,Rose OFF.Foul (P3),,,5,147,Jalen Rose,1610612752.0,New York,Knicks,NYK,4,2605,Marquis Daniels,1610612742.0,Dallas,Mavericks,DAL,1,0,,,,,,0
0020500755,306,5,5,3,10:14 PM,5:53,,,Rose Foul Turnover (P2.T14),,,5,147,Jalen Rose,1610612752.0,New York,Knicks,NYK,0,0,,,,,,1,0,,,,,,0
0020500755,307,9,1,3,10:14 PM,5:53,MAVERICKS Timeout: Regular (Full 3 Short 1),,,,,2,1610612742,,,,,,0,0,,,,,,0,0,,,,,,0
0020500755,310,8,0,3,10:16 PM,5:53,,,SUB: Taylor FOR Rose,,,5,990,Malik Rose,1610612752.0,New York,Knicks,NYK,5,1508,Maurice Taylor,1610612752.0,New York,Knicks,NYK,0,0,,,,,,0
0020500755,311,8,0,3,10:16 PM,5:53,,,SUB: Frye FOR Curry,,,5,2201,Eddy Curry,1610612752.0,New York,Knicks,NYK,5,101112,Channing Frye,1610612752.0,New York,Knicks,NYK,0,0,,,,,,0
0020500755,312,2,1,3,10:17 PM,5:36,MISS Terry 12' Jump Shot,,,,,4,1891,Jason Terry,1610612742.0,Dallas,Mavericks,DAL,0,0,,,,,,0,0,,,,,,0
0020500755,313,4,0,3,10:17 PM,5:34,,,Frye REBOUND (Off:2 Def:4),,,5,101112,Channing Frye,1610612752.0,New York,Knicks,NYK,0,0,,,,,,0,0,,,,,,0
0020500755,314,8,0,3,10:17 PM,5:24,SUB: Harris FOR Terry,,,,,4,1891,Jason Terry,1610612742.0,Dallas,Mavericks,DAL,4,2734,Devin Harris,1610612742.0,Dallas,Mavericks,DAL,0,0,,,,,,0
0020500755,315,2,5,3,10:17 PM,5:20,Mbenga BLOCK (5 BLK),,MISS Rose  Layup,,,5,147,Jalen Rose,1610612752.0,New York,Knicks,NYK,0,0,,,,,,4,2788,DJ Mbenga,1610612742.0,Dallas,Mavericks,DAL,0
0020500755,316,4,0,3,10:17 PM,5:18,Daniels REBOUND (Off:0 Def:2),,,,,4,2605,Marquis Daniels,1610612742.0,Dallas,Mavericks,DAL,0,0,,,,,,0,0,,,,,,0
0020500755,317,2,1,3,10:18 PM,5:06,MISS Nowitzki 25' 3PT Jump Shot,,,,,4,1717,Dirk Nowitzki,1610612742.0,Dallas,Mavericks,DAL,0,0,,,,,,0,0,,,,,,0
0020500755,318,4,0,3,10:18 PM,5:05,,,Knicks Rebound,,,3,1610612752,,,,,,0,0,,,,,,0,0,,,,,,0
0020500755,319,8,0,3,10:18 PM,4:41,SUB: Stackhouse FOR Howard,,,,,4,2572,Josh Howard,1610612742.0,Dallas,Mavericks,DAL,4,711,Jerry Stackhouse,1610612742.0,Dallas,Mavericks,DAL,0,0,,,,,,0
0020500755,320,5,11,3,10:18 PM,4:40,,,Knicks Turnover: Shot Clock (T#15),,,3,1610612752,,,,,,0,0,,,,,,1,0,,,,,,0
0020500755,321,6,1,3,10:19 PM,4:26,,,Taylor P.FOUL (P1.T3),,,5,1508,Maurice Taylor,1610612752.0,New York,Knicks,NYK,4,2734,Devin Harris,1610612742.0,Dallas,Mavericks,DAL,1,0,,,,,,0
0020500755,322,2,1,3,10:19 PM,4:15,MISS Daniels 10' Jump Shot,,,,,4,2605,Marquis Daniels,1610612742.0,Dallas,Mavericks,DAL,0,0,,,,,,0,0,,,,,,0
0020500755,323,4,0,3,10:19 PM,4:14,,,Frye REBOUND (Off:2 Def:5),,,5,101112,Channing Frye,1610612752.0,New York,Knicks,NYK,0,0,,,,,,0,0,,,,,,0
0020500755,324,5,1,3,10:19 PM,4:08,Daniels STEAL (1 STL),,Rose Bad Pass Turnover (P3.T16),,,5,147,Jalen Rose,1610612752.0,New York,Knicks,NYK,4,2605,Marquis Daniels,1610612742.0,Dallas,Mavericks,DAL,0,0,,,,,,0
0020500755,325,5,40,3,10:20 PM,3:55,Mbenga Out of Bounds Lost Ball Turnover (P1.T6),,,,,4,2788,DJ Mbenga,1610612742.0,Dallas,Mavericks,DAL,0,0,,,,,,1,0,,,,,,0
0020500755,326,2,1,3,10:20 PM,3:34,,,MISS Frye 21' Jump Shot,,,5,101112,Channing Frye,1610612752.0,New York,Knicks,NYK,0,0,,,,,,0,0,,,,,,0
0020500755,327,4,0,3,10:20 PM,3:32,Harris REBOUND (Off:0 Def:1),,,,,4,2734,Devin Harris,1610612742.0,Dallas,Mavericks,DAL,0,0,,,,,,0,0,,,,,,0
0020500755,328,6,2,3,10:20 PM,3:22,,,Rose S.FOUL (P4.T4),,,5,147,Jalen Rose,1610612752.0,New York,Knicks,NYK,4,1717,Dirk Nowitzki,1610612742.0,Dallas,Mavericks,DAL,1,0,,,,,,0
0020500755,329,8,0,3,10:20 PM,3:22,SUB: Dampier FOR Mbenga,,,,,4,2788,DJ Mbenga,1610612742.0,Dallas,Mavericks,DAL,4,956,Erick Dampier,1610612742.0,Dallas,Mavericks,DAL,0,0,,,,,,0
0020500755,330,3,11,3,10:21 PM,3:22,Nowitzki Free Throw 1 of 2 (18 PTS),,,53 - 72,19,4,1717,Dirk Nowitzki,1610612742.0,Dallas,Mavericks,DAL,0,0,,,,,,0,0,,,,,,0
0020500755,331,8,0,3,10:21 PM,3:22,,,SUB: Curry FOR Taylor,,,5,1508,Maurice Taylor,1610612752.0,New York,Knicks,NYK,5,2201,Eddy Curry,1610612752.0,New York,Knicks,NYK,0,0,,,,,,0
0020500755,332,3,12,3,10:21 PM,3:22,Nowitzki Free Throw 2 of 2 (19 PTS),,,53 - 73,20,4,1717,Dirk Nowitzki,1610612742.0,Dallas,Mavericks,DAL,0,0,,,,,,0,0,,,,,,0
0020500755,333,9,1,3,10:22 PM,3:05,,,Knicks Timeout: Regular (Reg.3 Short 0),,,3,1610612752,,,,,,0,0,,,,,,0,0,,,,,,0
0020500755,336,2,47,3,10:24 PM,3:00,,,MISS Richardson 14' Turnaround Jump Shot,,,5,2047,Quentin Richardson,1610612752.0,New York,Knicks,NYK,0,0,,,,,,0,0,,,,,,0
0020500755,337,4,0,3,10:24 PM,2:58,Harris REBOUND (Off:0 Def:2),,,,,4,2734,Devin Harris,1610612742.0,Dallas,Mavericks,DAL,0,0,,,,,,0,0,,,,,,0
0020500755,338,6,1,3,10:25 PM,2:40,,,Ariza P.FOUL (P2.PN),,,5,2772,Trevor Ariza,1610612752.0,New York,Knicks,NYK,4,711,Jerry Stackhouse,1610612742.0,Dallas,Mavericks,DAL,1,0,,,,,,0
0020500755,339,3,11,3,10:25 PM,2:40,Stackhouse Free Throw 1 of 2 (5 PTS),,,53 - 74,21,4,711,Jerry Stackhouse,1610612742.0,Dallas,Mavericks,DAL,0,0,,,,,,0,0,,,,,,0
0020500755,340,3,12,3,10:25 PM,2:40,Stackhouse Free Throw 2 of 2 (6 PTS),,,53 - 75,22,4,711,Jerry Stackhouse,1610612742.0,Dallas,Mavericks,DAL,0,0,,,,,,0,0,,,,,,0
0020500755,341,6,1,3,10:26 PM,2:26,Stackhouse P.FOUL (P2.PN),,,,,4,711,Jerry Stackhouse,1610612742.0,Dallas,Mavericks,DAL,5,2047,Quentin Richardson,1610612752.0,New York,Knicks,NYK,1,0,,,,,,0
0020500755,342,3,11,3,10:26 PM,2:26,,,Richardson Free Throw 1 of 2 (11 PTS),54 - 75,21,5,2047,Quentin Richardson,1610612752.0,New York,Knicks,NYK,0,0,,,,,,0,0,,,,,,0
0020500755,343,3,12,3,10:26 PM,2:26,,,Richardson Free Throw 2 of 2 (12 PTS),55 - 75,20,5,2047,Quentin Richardson,1610612752.0,New York,Knicks,NYK,0,0,,,,,,0,0,,,,,,0
0020500755,344,1,1,3,10:27 PM,2:10,Stackhouse 10' Jump Shot (8 PTS),,,55 - 77,22,4,711,Jerry Stackhouse,1610612742.0,Dallas,Mavericks,DAL,0,0,,,,,,0,0,,,,,,0
0020500755,345,5,1,3,10:27 PM,1:47,Daniels STEAL (2 STL),,Frye Bad Pass Turnover (P2.T17),,,5,101112,Channing Frye,1610612752.0,New York,Knicks,NYK,4,2605,Marquis Daniels,1610612742.0,Dallas,Mavericks,DAL,0,0,,,,,,0
0020500755,346,6,1,3,10:27 PM,1:44,,,Frye P.FOUL (P1.PN),,,5,101112,Channing Frye,1610612752.0,New York,Knicks,NYK,4,1717,Dirk Nowitzki,1610612742.0,Dallas,Mavericks,DAL,1,0,,,,,,0
0020500755,347,3,11,3,10:27 PM,1:44,Nowitzki Free Throw 1 of 2 (20 PTS),,,55 - 78,23,4,1717,Dirk Nowitzki,1610612742.0,Dallas,Mavericks,DAL,0,0,,,,,,0,0,,,,,,0
0020500755,348,3,12,3,10:28 PM,1:44,Nowitzki Free Throw 2 of 2 (21 PTS),,,55 - 79,24,4,1717,Dirk Nowitzki,1610612742.0,Dallas,Mavericks,DAL,0,0,,,,,,0,0,,,,,,0
0020500755,349,8,0,3,10:28 PM,1:34,SUB: Van Horn FOR Nowitzki,,,,,4,1717,Dirk Nowitzki,1610612742.0,Dallas,Mavericks,DAL,4,1496,Keith Van Horn,1610612742.0,Dallas,Mavericks,DAL,0,0,,,,,,0
0020500755,350,2,5,3,10:29 PM,1:21,,,MISS Rose  Layup,,,5,147,Jalen Rose,1610612752.0,New York,Knicks,NYK,0,0,,,,,,0,0,,,,,,0
0020500755,351,4,0,3,10:29 PM,1:20,,,Rose REBOUND (Off:1 Def:1),,,5,147,Jalen Rose,1610612752.0,New York,Knicks,NYK,0,0,,,,,,0,0,,,,,,0
0020500755,352,1,5,3,10:29 PM,1:19,,,Rose  Layup (13 PTS),57 - 79,22,5,147,Jalen Rose,1610612752.0,New York,Knicks,NYK,0,0,,,,,,0,0,,,,,,0
0020500755,353,6,2,3,10:29 PM,1:15,,,Richardson S.FOUL (P4.PN),,,5,2047,Quentin Richardson,1610612752.0,New York,Knicks,NYK,4,711,Jerry Stackhouse,1610612742.0,Dallas,Mavericks,DAL,1,0,,,,,,0
0020500755,354,3,11,3,10:29 PM,1:15,Stackhouse Free Throw 1 of 2 (9 PTS),,,57 - 80,23,4,711,Jerry Stackhouse,1610612742.0,Dallas,Mavericks,DAL,0,0,,,,,,0,0,,,,,,0
0020500755,355,3,12,3,10:30 PM,1:15,Stackhouse Free Throw 2 of 2 (10 PTS),,,57 - 81,24,4,711,Jerry Stackhouse,1610612742.0,Dallas,Mavericks,DAL,0,0,,,,,,0,0,,,,,,0
0020500755,357,2,5,3,10:30 PM,0:58,,,MISS Richardson  Layup,,,5,2047,Quentin Richardson,1610612752.0,New York,Knicks,NYK,0,0,,,,,,0,0,,,,,,0
0020500755,359,4,0,3,10:30 PM,0:57,,,Frye REBOUND (Off:3 Def:5),,,5,101112,Channing Frye,1610612752.0,New York,Knicks,NYK,0,0,,,,,,0,0,,,,,,0
0020500755,358,2,5,3,10:30 PM,0:57,,,MISS Frye  Layup,,,5,101112,Channing Frye,1610612752.0,New York,Knicks,NYK,0,0,,,,,,0,0,,,,,,0
0020500755,360,4,0,3,10:30 PM,0:56,,,Curry REBOUND (Off:3 Def:2),,,5,2201,Eddy Curry,1610612752.0,New York,Knicks,NYK,0,0,,,,,,0,0,,,,,,0
0020500755,361,6,2,3,10:30 PM,0:56,Dampier S.FOUL (P3.PN),,,,,4,956,Erick Dampier,1610612742.0,Dallas,Mavericks,DAL,5,2201,Eddy Curry,1610612752.0,New York,Knicks,NYK,1,0,,,,,,0
0020500755,362,3,11,3,10:30 PM,0:56,,,Curry Free Throw 1 of 2 (10 PTS),58 - 81,23,5,2201,Eddy Curry,1610612752.0,New York,Knicks,NYK,0,0,,,,,,0,0,,,,,,0
0020500755,363,8,0,3,10:30 PM,0:56,,,SUB: Robinson FOR Rose,,,5,147,Jalen Rose,1610612752.0,New York,Knicks,NYK,5,101126,Nate Robinson,1610612752.0,New York,Knicks,NYK,0,0,,,,,,0
0020500755,364,3,12,3,10:31 PM,0:56,,,MISS Curry Free Throw 2 of 2,,,5,2201,Eddy Curry,1610612752.0,New York,Knicks,NYK,0,0,,,,,,0,0,,,,,,0
0020500755,365,4,0,3,10:31 PM,0:53,,,Ariza REBOUND (Off:1 Def:1),,,5,2772,Trevor Ariza,1610612752.0,New York,Knicks,NYK,0,0,,,,,,0,0,,,,,,0
0020500755,366,6,2,3,10:31 PM,0:53,Daniels S.FOUL (P1.PN),,,,,4,2605,Marquis Daniels,1610612742.0,Dallas,Mavericks,DAL,5,2772,Trevor Ariza,1610612752.0,New York,Knicks,NYK,1,0,,,,,,0
0020500755,367,3,11,3,10:31 PM,0:53,,,Ariza Free Throw 1 of 2 (1 PTS),59 - 81,22,5,2772,Trevor Ariza,1610612752.0,New York,Knicks,NYK,0,0,,,,,,0,0,,,,,,0
0020500755,368,3,12,3,10:31 PM,0:53,,,MISS Ariza Free Throw 2 of 2,,,5,2772,Trevor Ariza,1610612752.0,New York,Knicks,NYK,0,0,,,,,,0,0,,,,,,0
0020500755,369,4,0,3,10:31 PM,0:50,Dampier REBOUND (Off:0 Def:2),,,,,4,956,Erick Dampier,1610612742.0,Dallas,Mavericks,DAL,0,0,,,,,,0,0,,,,,,0
0020500755,370,2,1,3,10:32 PM,0:35,MISS Daniels 12' Jump Shot,,,,,4,2605,Marquis Daniels,1610612742.0,Dallas,Mavericks,DAL,0,0,,,,,,0,0,,,,,,0
0020500755,371,4,0,3,10:32 PM,0:33,Dampier REBOUND (Off:1 Def:2),,,,,4,956,Erick Dampier,1610612742.0,Dallas,Mavericks,DAL,0,0,,,,,,0,0,,,,,,0
0020500755,372,2,1,3,10:32 PM,0:16,MISS Van Horn 19' Jump Shot,,,,,4,1496,Keith Van Horn,1610612742.0,Dallas,Mavericks,DAL,0,0,,,,,,0,0,,,,,,0
0020500755,373,4,0,3,10:32 PM,0:16,Dampier REBOUND (Off:2 Def:2),,,,,4,956,Erick Dampier,1610612742.0,Dallas,Mavericks,DAL,0,0,,,,,,0,0,,,,,,0
0020500755,374,6,3,3,10:32 PM,0:16,,,Curry L.B.FOUL (P4.PN),,,5,2201,Eddy Curry,1610612752.0,New York,Knicks,NYK,4,956,Erick Dampier,1610612742.0,Dallas,Mavericks,DAL,1,0,,,,,,0
0020500755,375,3,11,3,10:32 PM,0:16,MISS Dampier Free Throw 1 of 2,,,,,4,956,Erick Dampier,1610612742.0,Dallas,Mavericks,DAL,0,0,,,,,,0,0,,,,,,0
0020500755,376,4,1,3,10:32 PM,0:16,MAVERICKS Rebound,,,,,2,1610612742,,,,,,0,0,,,,,,0,0,,,,,,0
0020500755,377,3,12,3,10:33 PM,0:16,Dampier Free Throw 2 of 2 (7 PTS),,,59 - 82,23,4,956,Erick Dampier,1610612742.0,Dallas,Mavericks,DAL,0,0,,,,,,0,0,,,,,,0
0020500755,378,5,39,3,10:33 PM,0:03,,,Robinson Step Out of Bounds Turnover (P3.T18),,,5,101126,Nate Robinson,1610612752.0,New York,Knicks,NYK,0,0,,,,,,1,0,,,,,,0
0020500755,379,2,1,3,10:33 PM,0:00,MISS Harris 44' 3PT Jump Shot,,,,,4,2734,Devin Harris,1610612742.0,Dallas,Mavericks,DAL,0,0,,,,,,0,0,,,,,,0
0020500755,380,4,0,3,10:34 PM,0:00,,,Frye REBOUND (Off:3 Def:6),,,5,101112,Channing Frye,1610612752.0,New York,Knicks,NYK,0,0,,,,,,0,0,,,,,,0
0020500755,381,13,0,3,10:34 PM,0:00,,,,59 - 82,23,0,0,,,,,,0,0,,,,,,0,0,,,,,,0
0020500755,383,12,0,4,10:36 PM,12:00,,,,59 - 82,23,0,0,,,,,,0,0,,,,,,0,0,,,,,,0
0020500755,385,7,2,4,10:37 PM,11:44,,,Frye Violation:Defensive Goaltending,,,5,101112,Channing Frye,1610612752.0,New York,Knicks,NYK,0,0,,,,,,1,0,,,,,,0
0020500755,384,1,5,4,10:37 PM,11:44,Harris  Layup (4 PTS) (Daniels 2 AST),,,59 - 84,25,4,2734,Devin Harris,1610612742.0,Dallas,Mavericks,DAL,4,2605,Marquis Daniels,1610612742.0,Dallas,Mavericks,DAL,0,0,,,,,,0
0020500755,386,6,4,4,10:37 PM,11:31,,,Richardson OFF.Foul (P5),,,5,2047,Quentin Richardson,1610612752.0,New York,Knicks,NYK,4,1496,Keith Van Horn,1610612742.0,Dallas,Mavericks,DAL,1,0,,,,,,0
0020500755,387,5,5,4,10:37 PM,11:31,,,Richardson Foul Turnover (P2.T19),,,5,2047,Quentin Richardson,1610612752.0,New York,Knicks,NYK,0,0,,,,,,1,0,,,,,,0
0020500755,388,8,0,4,10:38 PM,11:22,,,SUB: Woods FOR Richardson,,,5,2047,Quentin Richardson,1610612752.0,New York,Knicks,NYK,5,2417,Qyntel Woods,1610612752.0,New York,Knicks,NYK,0,0,,,,,,0
0020500755,389,5,2,4,10:38 PM,11:15,Van Horn Lost Ball Turnover (P1.T7),,Curry STEAL (1 STL),,,4,1496,Keith Van Horn,1610612742.0,Dallas,Mavericks,DAL,5,2201,Eddy Curry,1610612752.0,New York,Knicks,NYK,0,0,,,,,,0
0020500755,390,6,1,4,10:38 PM,11:09,Stackhouse P.FOUL (P3.T1),,,,,4,711,Jerry Stackhouse,1610612742.0,Dallas,Mavericks,DAL,5,101112,Channing Frye,1610612752.0,New York,Knicks,NYK,1,0,,,,,,0
0020500755,391,2,3,4,10:39 PM,10:55,,,MISS Frye 5' Hook Shot,,,5,101112,Channing Frye,1610612752.0,New York,Knicks,NYK,0,0,,,,,,0,0,,,,,,0
0020500755,392,4,0,4,10:39 PM,10:55,Dampier REBOUND (Off:2 Def:3),,,,,4,956,Erick Dampier,1610612742.0,Dallas,Mavericks,DAL,0,0,,,,,,0,0,,,,,,0
0020500755,393,6,1,4,10:39 PM,10:55,,,Frye P.FOUL (P2.T1),,,5,101112,Channing Frye,1610612752.0,New York,Knicks,NYK,4,956,Erick Dampier,1610612742.0,Dallas,Mavericks,DAL,1,0,,,,,,0
0020500755,394,2,5,4,10:39 PM,10:33,MISS Dampier  Layup,,,,,4,956,Erick Dampier,1610612742.0,Dallas,Mavericks,DAL,0,0,,,,,,0,0,,,,,,0
0020500755,395,4,0,4,10:40 PM,10:33,MAVERICKS Rebound,,,,,2,1610612742,,,,,,0,0,,,,,,0,0,,,,,,0
0020500755,396,5,4,4,10:40 PM,10:33,Dampier Traveling Turnover (P1.T8),,,,,4,956,Erick Dampier,1610612742.0,Dallas,Mavericks,DAL,0,0,,,,,,1,0,,,,,,0
0020500755,397,2,3,4,10:40 PM,10:14,,,MISS Curry 7' Hook Shot,,,5,2201,Eddy Curry,1610612752.0,New York,Knicks,NYK,0,0,,,,,,0,0,,,,,,0
0020500755,398,4,0,4,10:40 PM,10:13,Daniels REBOUND (Off:0 Def:3),,,,,4,2605,Marquis Daniels,1610612742.0,Dallas,Mavericks,DAL,0,0,,,,,,0,0,,,,,,0
0020500755,399,7,5,4,10:40 PM,10:12,,,Ariza Violation:Kicked Ball,,,5,2772,Trevor Ariza,1610612752.0,New York,Knicks,NYK,0,0,,,,,,1,0,,,,,,0
0020500755,400,2,5,4,10:41 PM,9:57,MISS Harris  Layup,,,,,4,2734,Devin Harris,1610612742.0,Dallas,Mavericks,DAL,0,0,,,,,,0,0,,,,,,0
0020500755,401,4,0,4,10:41 PM,9:55,,,Robinson REBOUND (Off:1 Def:4),,,5,101126,Nate Robinson,1610612752.0,New York,Knicks,NYK,0,0,,,,,,0,0,,,,,,0
0020500755,402,1,5,4,10:41 PM,9:52,,,Robinson  Layup (7 PTS),61 - 84,23,5,101126,Nate Robinson,1610612752.0,New York,Knicks,NYK,0,0,,,,,,0,0,,,,,,0
0020500755,403,1,8,4,10:41 PM,9:47,Van Horn  Slam Dunk (8 PTS) (Daniels 3 AST),,,61 - 86,25,4,1496,Keith Van Horn,1610612742.0,Dallas,Mavericks,DAL,4,2605,Marquis Daniels,1610612742.0,Dallas,Mavericks,DAL,0,0,,,,,,0
0020500755,404,6,2,4,10:41 PM,9:47,,,Frye S.FOUL (P3.T2),,,5,101112,Channing Frye,1610612752.0,New York,Knicks,NYK,4,1496,Keith Van Horn,1610612742.0,Dallas,Mavericks,DAL,1,0,,,,,,0
0020500755,405,3,10,4,10:41 PM,9:47,Van Horn Free Throw 1 of 1 (9 PTS),,,61 - 87,26,4,1496,Keith Van Horn,1610612742.0,Dallas,Mavericks,DAL,0,0,,,,,,0,0,,,,,,0
0020500755,406,2,1,4,10:42 PM,9:29,,,MISS Frye 10' Jump Shot,,,5,101112,Channing Frye,1610612752.0,New York,Knicks,NYK,0,0,,,,,,0,0,,,,,,0
0020500755,408,4,0,4,10:42 PM,9:28,,,Ariza REBOUND (Off:2 Def:1),,,5,2772,Trevor Ariza,1610612752.0,New York,Knicks,NYK,0,0,,,,,,0,0,,,,,,0
0020500755,407,2,5,4,10:42 PM,9:28,,,MISS Ariza  Layup,,,5,2772,Trevor Ariza,1610612752.0,New York,Knicks,NYK,0,0,,,,,,0,0,,,,,,0
0020500755,409,4,0,4,10:42 PM,9:27,,,Frye REBOUND (Off:4 Def:6),,,5,101112,Channing Frye,1610612752.0,New York,Knicks,NYK,0,0,,,,,,0,0,,,,,,0
0020500755,410,6,2,4,10:42 PM,9:26,Daniels S.FOUL (P2.T2),,,,,4,2605,Marquis Daniels,1610612742.0,Dallas,Mavericks,DAL,5,101112,Channing Frye,1610612752.0,New York,Knicks,NYK,1,0,,,,,,0
0020500755,411,3,11,4,10:42 PM,9:26,,,Frye Free Throw 1 of 2 (5 PTS),62 - 87,25,5,101112,Channing Frye,1610612752.0,New York,Knicks,NYK,0,0,,,,,,0,0,,,,,,0
0020500755,412,3,12,4,10:42 PM,9:26,,,Frye Free Throw 2 of 2 (6 PTS),63 - 87,24,5,101112,Channing Frye,1610612752.0,New York,Knicks,NYK,0,0,,,,,,0,0,,,,,,0
0020500755,413,2,1,4,10:43 PM,9:04,MISS Stackhouse 6' Jump Shot,,Frye BLOCK (1 BLK),,,4,711,Jerry Stackhouse,1610612742.0,Dallas,Mavericks,DAL,0,0,,,,,,5,101112,Channing Frye,1610612752.0,New York,Knicks,NYK,0
0020500755,414,4,0,4,10:43 PM,9:04,MAVERICKS Rebound,,,,,2,1610612742,,,,,,0,0,,,,,,0,0,,,,,,0
0020500755,415,2,1,4,10:43 PM,9:01,MISS Van Horn 14' Jump Shot,,,,,4,1496,Keith Van Horn,1610612742.0,Dallas,Mavericks,DAL,0,0,,,,,,0,0,,,,,,0
0020500755,416,4,0,4,10:43 PM,8:59,Dampier REBOUND (Off:3 Def:3),,,,,4,956,Erick Dampier,1610612742.0,Dallas,Mavericks,DAL,0,0,,,,,,0,0,,,,,,0
0020500755,417,1,5,4,10:43 PM,8:56,Van Horn  Layup (11 PTS) (Harris 3 AST),,,63 - 89,26,4,1496,Keith Van Horn,1610612742.0,Dallas,Mavericks,DAL,4,2734,Devin Harris,1610612742.0,Dallas,Mavericks,DAL,0,0,,,,,,0
0020500755,418,2,1,4,10:43 PM,8:40,,,MISS Frye 12' Jump Shot,,,5,101112,Channing Frye,1610612752.0,New York,Knicks,NYK,0,0,,,,,,0,0,,,,,,0
0020500755,419,4,0,4,10:43 PM,8:38,Dampier REBOUND (Off:3 Def:4),,,,,4,956,Erick Dampier,1610612742.0,Dallas,Mavericks,DAL,0,0,,,,,,0,0,,,,,,0
0020500755,420,6,2,4,10:44 PM,8:23,,,Woods S.FOUL (P2.T3),,,5,2417,Qyntel Woods,1610612752.0,New York,Knicks,NYK,4,956,Erick Dampier,1610612742.0,Dallas,Mavericks,DAL,1,0,,,,,,0
0020500755,421,9,4,4,10:44 PM,8:23,,,,,,1,0,,,,,,0,0,,,,,,0,0,,,,,,0
0020500755,423,8,0,4,10:46 PM,8:23,SUB: Armstrong FOR Harris,,,,,4,2734,Devin Harris,1610612742.0,Dallas,Mavericks,DAL,4,353,Darrell Armstrong,1610612742.0,Dallas,Mavericks,DAL,0,0,,,,,,0
0020500755,424,8,0,4,10:46 PM,8:23,,,SUB: Butler FOR Curry,,,5,2201,Eddy Curry,1610612752.0,New York,Knicks,NYK,5,2866,Jackie Butler,1610612752.0,New York,Knicks,NYK,0,0,,,,,,0
0020500755,425,3,11,4,10:46 PM,8:23,MISS Dampier Free Throw 1 of 2,,,,,4,956,Erick Dampier,1610612742.0,Dallas,Mavericks,DAL,0,0,,,,,,0,0,,,,,,0
0020500755,426,4,1,4,10:46 PM,8:23,MAVERICKS Rebound,,,,,2,1610612742,,,,,,0,0,,,,,,0,0,,,,,,0
0020500755,427,3,12,4,10:47 PM,8:23,Dampier Free Throw 2 of 2 (8 PTS),,,63 - 90,27,4,956,Erick Dampier,1610612742.0,Dallas,Mavericks,DAL,0,0,,,,,,0,0,,,,,,0
0020500755,428,2,5,4,10:47 PM,8:01,,,MISS Frye  Layup,,,5,101112,Channing Frye,1610612752.0,New York,Knicks,NYK,0,0,,,,,,0,0,,,,,,0
0020500755,429,4,0,4,10:47 PM,8:00,,,Robinson REBOUND (Off:2 Def:4),,,5,101126,Nate Robinson,1610612752.0,New York,Knicks,NYK,0,0,,,,,,0,0,,,,,,0
0020500755,430,2,1,4,10:47 PM,7:57,,,MISS Robinson 25' 3PT Jump Shot,,,5,101126,Nate Robinson,1610612752.0,New York,Knicks,NYK,0,0,,,,,,0,0,,,,,,0
0020500755,431,4,0,4,10:47 PM,7:57,,,Knicks Rebound,,,3,1610612752,,,,,,0,0,,,,,,0,0,,,,,,0
0020500755,432,5,11,4,10:47 PM,7:57,,,Knicks Turnover: Shot Clock (T#20),,,3,1610612752,,,,,,0,0,,,,,,1,0,,,,,,0
0020500755,433,2,1,4,10:48 PM,7:44,MISS Armstrong 15' Jump Shot,,,,,4,353,Darrell Armstrong,1610612742.0,Dallas,Mavericks,DAL,0,0,,,,,,0,0,,,,,,0
0020500755,434,4,0,4,10:48 PM,7:43,Dampier REBOUND (Off:4 Def:4),,,,,4,956,Erick Dampier,1610612742.0,Dallas,Mavericks,DAL,0,0,,,,,,0,0,,,,,,0
0020500755,435,2,1,4,10:48 PM,7:39,MISS Van Horn 24' 3PT Jump Shot,,,,,4,1496,Keith Van Horn,1610612742.0,Dallas,Mavericks,DAL,0,0,,,,,,0,0,,,,,,0
0020500755,436,4,0,4,10:48 PM,7:37,,,Knicks Rebound,,,3,1610612752,,,,,,0,0,,,,,,0,0,,,,,,0
0020500755,437,2,1,4,10:48 PM,7:18,,,MISS Ariza 12' Jump Shot,,,5,2772,Trevor Ariza,1610612752.0,New York,Knicks,NYK,0,0,,,,,,0,0,,,,,,0
0020500755,438,4,0,4,10:48 PM,7:15,Dampier REBOUND (Off:4 Def:5),,,,,4,956,Erick Dampier,1610612742.0,Dallas,Mavericks,DAL,0,0,,,,,,0,0,,,,,,0
0020500755,439,5,1,4,10:48 PM,7:13,Dampier Bad Pass Turnover (P2.T9),,Robinson STEAL (1 STL),,,4,956,Erick Dampier,1610612742.0,Dallas,Mavericks,DAL,5,101126,Nate Robinson,1610612752.0,New York,Knicks,NYK,0,0,,,,,,0
0020500755,440,2,1,4,10:48 PM,7:06,,,MISS Ariza 18' Jump Shot,,,5,2772,Trevor Ariza,1610612752.0,New York,Knicks,NYK,0,0,,,,,,0,0,,,,,,0
0020500755,441,4,0,4,10:48 PM,7:05,MAVERICKS Rebound,,,,,2,1610612742,,,,,,0,0,,,,,,0,0,,,,,,0
0020500755,442,5,40,4,10:49 PM,6:55,Stackhouse Out of Bounds Lost Ball Turnover (P1.T10),,,,,4,711,Jerry Stackhouse,1610612742.0,Dallas,Mavericks,DAL,0,0,,,,,,1,0,,,,,,0
0020500755,443,8,0,4,10:49 PM,6:55,SUB: Griffin FOR Stackhouse,,,,,4,711,Jerry Stackhouse,1610612742.0,Dallas,Mavericks,DAL,4,1559,Adrian Griffin,1610612742.0,Dallas,Mavericks,DAL,0,0,,,,,,0
0020500755,444,2,1,4,10:49 PM,6:42,Van Horn BLOCK (1 BLK),,MISS Frye 14' Jump Shot,,,5,101112,Channing Frye,1610612752.0,New York,Knicks,NYK,0,0,,,,,,4,1496,Keith Van Horn,1610612742.0,Dallas,Mavericks,DAL,0
0020500755,445,4,0,4,10:49 PM,6:40,,,Frye REBOUND (Off:5 Def:6),,,5,101112,Channing Frye,1610612752.0,New York,Knicks,NYK,0,0,,,,,,0,0,,,,,,0
0020500755,446,2,1,4,10:50 PM,6:39,Van Horn BLOCK (2 BLK),,MISS Frye 7' Jump Shot,,,5,101112,Channing Frye,1610612752.0,New York,Knicks,NYK,0,0,,,,,,4,1496,Keith Van Horn,1610612742.0,Dallas,Mavericks,DAL,0
0020500755,447,4,0,4,10:50 PM,6:38,,,Frye REBOUND (Off:6 Def:6),,,5,101112,Channing Frye,1610612752.0,New York,Knicks,NYK,0,0,,,,,,0,0,,,,,,0
0020500755,448,6,2,4,10:50 PM,6:38,Van Horn S.FOUL (P2.T3),,,,,4,1496,Keith Van Horn,1610612742.0,Dallas,Mavericks,DAL,5,101112,Channing Frye,1610612752.0,New York,Knicks,NYK,1,0,,,,,,0
0020500755,449,8,0,4,10:50 PM,6:38,,,SUB: Lee FOR Ariza,,,5,2772,Trevor Ariza,1610612752.0,New York,Knicks,NYK,5,101135,David Lee,1610612752.0,New York,Knicks,NYK,0,0,,,,,,0
0020500755,450,3,11,4,10:50 PM,6:38,,,Frye Free Throw 1 of 2 (7 PTS),64 - 90,26,5,101112,Channing Frye,1610612752.0,New York,Knicks,NYK,0,0,,,,,,0,0,,,,,,0
0020500755,451,3,12,4,10:50 PM,6:38,,,Frye Free Throw 2 of 2 (8 PTS),65 - 90,25,5,101112,Channing Frye,1610612752.0,New York,Knicks,NYK,0,0,,,,,,0,0,,,,,,0
0020500755,452,1,3,4,10:51 PM,6:22,Dampier 4' Hook Shot (10 PTS) (Daniels 4 AST),,,65 - 92,27,4,956,Erick Dampier,1610612742.0,Dallas,Mavericks,DAL,4,2605,Marquis Daniels,1610612742.0,Dallas,Mavericks,DAL,0,0,,,,,,0
0020500755,453,6,2,4,10:51 PM,6:22,,,Lee S.FOUL (P1.T4),,,5,101135,David Lee,1610612752.0,New York,Knicks,NYK,4,956,Erick Dampier,1610612742.0,Dallas,Mavericks,DAL,1,0,,,,,,0
0020500755,454,3,10,4,10:51 PM,6:22,Dampier Free Throw 1 of 1 (11 PTS),,,65 - 93,28,4,956,Erick Dampier,1610612742.0,Dallas,Mavericks,DAL,0,0,,,,,,0,0,,,,,,0
0020500755,455,5,1,4,10:51 PM,6:04,Van Horn STEAL (2 STL),,Woods Bad Pass Turnover (P1.T21),,,5,2417,Qyntel Woods,1610612752.0,New York,Knicks,NYK,4,1496,Keith Van Horn,1610612742.0,Dallas,Mavericks,DAL,0,0,,,,,,0
0020500755,456,2,1,4,10:52 PM,5:44,MISS Armstrong 24' 3PT Jump Shot,,,,,4,353,Darrell Armstrong,1610612742.0,Dallas,Mavericks,DAL,0,0,,,,,,0,0,,,,,,0
0020500755,457,4,0,4,10:52 PM,5:42,,,Frye REBOUND (Off:6 Def:7),,,5,101112,Channing Frye,1610612752.0,New York,Knicks,NYK,0,0,,,,,,0,0,,,,,,0
0020500755,458,1,66,4,10:52 PM,5:34,,,Robinson 17' Jump Bank Shot (9 PTS),67 - 93,26,5,101126,Nate Robinson,1610612752.0,New York,Knicks,NYK,0,0,,,,,,0,0,,,,,,0
0020500755,459,5,21,4,10:52 PM,5:20,Daniels Palming Turnover (P2.T11),,,,,4,2605,Marquis Daniels,1610612742.0,Dallas,Mavericks,DAL,0,0,,,,,,1,0,,,,,,0
0020500755,460,9,1,4,10:52 PM,5:20,MAVERICKS Timeout: Regular (Full 4 Short 1),,,,,2,1610612742,,,,,,0,0,,,,,,0,0,,,,,,0
0020500755,463,2,5,4,10:55 PM,5:09,,,MISS Lee  Layup,,,5,101135,David Lee,1610612752.0,New York,Knicks,NYK,0,0,,,,,,0,0,,,,,,0
0020500755,464,4,0,4,10:55 PM,5:07,Dampier REBOUND (Off:4 Def:6),,,,,4,956,Erick Dampier,1610612742.0,Dallas,Mavericks,DAL,0,0,,,,,,0,0,,,,,,0
0020500755,465,2,5,4,10:55 PM,4:50,MISS Armstrong  Layup,,,,,4,353,Darrell Armstrong,1610612742.0,Dallas,Mavericks,DAL,0,0,,,,,,0,0,,,,,,0
0020500755,467,4,0,4,10:55 PM,4:49,Dampier REBOUND (Off:5 Def:6),,,,,4,956,Erick Dampier,1610612742.0,Dallas,Mavericks,DAL,0,0,,,,,,0,0,,,,,,0
0020500755,466,2,5,4,10:55 PM,4:49,MISS Dampier  Layup,,,,,4,956,Erick Dampier,1610612742.0,Dallas,Mavericks,DAL,0,0,,,,,,0,0,,,,,,0
0020500755,469,4,0,4,10:55 PM,4:48,Dampier REBOUND (Off:6 Def:6),,,,,4,956,Erick Dampier,1610612742.0,Dallas,Mavericks,DAL,0,0,,,,,,0,0,,,,,,0
0020500755,468,2,5,4,10:55 PM,4:48,MISS Dampier  Layup,,,,,4,956,Erick Dampier,1610612742.0,Dallas,Mavericks,DAL,0,0,,,,,,0,0,,,,,,0
0020500755,470,4,0,4,10:55 PM,4:46,,,Frye REBOUND (Off:6 Def:8),,,5,101112,Channing Frye,1610612752.0,New York,Knicks,NYK,0,0,,,,,,0,0,,,,,,0
0020500755,471,1,1,4,10:55 PM,4:34,,,Woods 24' 3PT Jump Shot (3 PTS) (Robinson 3 AST),70 - 93,23,5,2417,Qyntel Woods,1610612752.0,New York,Knicks,NYK,5,101126,Nate Robinson,1610612752.0,New York,Knicks,NYK,0,0,,,,,,0
0020500755,472,1,41,4,10:56 PM,4:08,Daniels  Running Layup (7 PTS),,,70 - 95,25,4,2605,Marquis Daniels,1610612742.0,Dallas,Mavericks,DAL,0,0,,,,,,0,0,,,,,,0
0020500755,473,5,4,4,10:56 PM,3:44,,,Woods Traveling Turnover (P2.T22),,,5,2417,Qyntel Woods,1610612752.0,New York,Knicks,NYK,0,0,,,,,,1,0,,,,,,0
0020500755,474,8,0,4,10:56 PM,3:44,SUB: Diop FOR Van Horn,,,,,4,1496,Keith Van Horn,1610612742.0,Dallas,Mavericks,DAL,4,2205,DeSagana Diop,1610612742.0,Dallas,Mavericks,DAL,0,0,,,,,,0
0020500755,475,8,0,4,10:56 PM,3:44,SUB: Mbenga FOR Dampier,,,,,4,956,Erick Dampier,1610612742.0,Dallas,Mavericks,DAL,4,2788,DJ Mbenga,1610612742.0,Dallas,Mavericks,DAL,0,0,,,,,,0
0020500755,476,2,1,4,10:57 PM,3:23,MISS Diop 15' Jump Shot,,,,,4,2205,DeSagana Diop,1610612742.0,Dallas,Mavericks,DAL,0,0,,,,,,0,0,,,,,,0
0020500755,477,4,0,4,10:57 PM,3:21,,,Lee REBOUND (Off:0 Def:1),,,5,101135,David Lee,1610612752.0,New York,Knicks,NYK,0,0,,,,,,0,0,,,,,,0
0020500755,478,1,57,4,10:57 PM,3:04,,,Frye 8' Driving Hook Shot (10 PTS),72 - 95,23,5,101112,Channing Frye,1610612752.0,New York,Knicks,NYK,0,0,,,,,,0,0,,,,,,0
0020500755,479,6,2,4,10:58 PM,2:43,,,Butler S.FOUL (P3.PN),,,5,2866,Jackie Butler,1610612752.0,New York,Knicks,NYK,4,1559,Adrian Griffin,1610612742.0,Dallas,Mavericks,DAL,1,0,,,,,,0
0020500755,480,9,1,4,10:58 PM,2:43,,,Knicks Timeout: Regular (Reg.4 Short 0),,,3,1610612752,,,,,,0,0,,,,,,0,0,,,,,,0
0020500755,483,3,11,4,11:00 PM,2:43,Griffin Free Throw 1 of 2 (1 PTS),,,72 - 96,24,4,1559,Adrian Griffin,1610612742.0,Dallas,Mavericks,DAL,0,0,,,,,,0,0,,,,,,0
0020500755,484,3,12,4,11:00 PM,2:43,Griffin Free Throw 2 of 2 (2 PTS),,,72 - 97,25,4,1559,Adrian Griffin,1610612742.0,Dallas,Mavericks,DAL,0,0,,,,,,0,0,,,,,,0
0020500755,485,2,1,4,11:00 PM,2:27,,,MISS Robinson 18' Jump Shot,,,5,101126,Nate Robinson,1610612752.0,New York,Knicks,NYK,0,0,,,,,,0,0,,,,,,0
0020500755,486,4,0,4,11:00 PM,2:25,Diop REBOUND (Off:0 Def:1),,,,,4,2205,DeSagana Diop,1610612742.0,Dallas,Mavericks,DAL,0,0,,,,,,0,0,,,,,,0
0020500755,487,5,11,4,11:01 PM,2:02,MAVERICKS Turnover: Shot Clock (T#12),,,,,2,1610612742,,,,,,0,0,,,,,,1,0,,,,,,0
0020500755,488,5,1,4,11:01 PM,1:49,Griffin STEAL (1 STL),,Lee Bad Pass Turnover (P1.T23),,,5,101135,David Lee,1610612752.0,New York,Knicks,NYK,4,1559,Adrian Griffin,1610612742.0,Dallas,Mavericks,DAL,0,0,,,,,,0
0020500755,489,2,44,4,11:01 PM,1:44,MISS Armstrong  Reverse Layup,,,,,4,353,Darrell Armstrong,1610612742.0,Dallas,Mavericks,DAL,0,0,,,,,,0,0,,,,,,0
0020500755,490,4,0,4,11:01 PM,1:42,,,Woods REBOUND (Off:0 Def:1),,,5,2417,Qyntel Woods,1610612752.0,New York,Knicks,NYK,0,0,,,,,,0,0,,,,,,0
0020500755,491,2,1,4,11:02 PM,1:25,,,MISS Woods 17' Jump Shot,,,5,2417,Qyntel Woods,1610612752.0,New York,Knicks,NYK,0,0,,,,,,0,0,,,,,,0
0020500755,492,4,0,4,11:02 PM,1:23,,,Butler REBOUND (Off:1 Def:1),,,5,2866,Jackie Butler,1610612752.0,New York,Knicks,NYK,0,0,,,,,,0,0,,,,,,0
0020500755,493,2,1,4,11:02 PM,1:10,,,MISS Frye 19' Jump Shot,,,5,101112,Channing Frye,1610612752.0,New York,Knicks,NYK,0,0,,,,,,0,0,,,,,,0
0020500755,494,4,0,4,11:02 PM,1:06,Armstrong REBOUND (Off:0 Def:1),,,,,4,353,Darrell Armstrong,1610612742.0,Dallas,Mavericks,DAL,0,0,,,,,,0,0,,,,,,0
0020500755,495,5,6,4,11:02 PM,1:04,Armstrong Double Dribble Turnover (P1.T13),,,,,4,353,Darrell Armstrong,1610612742.0,Dallas,Mavericks,DAL,0,0,,,,,,1,0,,,,,,0
0020500755,496,5,2,4,11:03 PM,0:50,Daniels STEAL (3 STL),,Butler Lost Ball Turnover (P1.T24),,,5,2866,Jackie Butler,1610612752.0,New York,Knicks,NYK,4,2605,Marquis Daniels,1610612742.0,Dallas,Mavericks,DAL,0,0,,,,,,0
0020500755,497,2,1,4,11:03 PM,0:41,MISS Armstrong  3PT Jump Shot,,,,,4,353,Darrell Armstrong,1610612742.0,Dallas,Mavericks,DAL,0,0,,,,,,0,0,,,,,,0
0020500755,498,4,0,4,11:03 PM,0:39,,,Woods REBOUND (Off:0 Def:2),,,5,2417,Qyntel Woods,1610612752.0,New York,Knicks,NYK,0,0,,,,,,0,0,,,,,,0
0020500755,499,2,44,4,11:03 PM,0:25,,,MISS Robinson  Reverse Layup,,,5,101126,Nate Robinson,1610612752.0,New York,Knicks,NYK,0,0,,,,,,0,0,,,,,,0
0020500755,500,4,0,4,11:03 PM,0:24,Griffin REBOUND (Off:2 Def:1),,,,,4,1559,Adrian Griffin,1610612742.0,Dallas,Mavericks,DAL,0,0,,,,,,0,0,,,,,,0
0020500755,501,1,1,4,11:03 PM,0:06,Armstrong 25' 3PT Jump Shot (3 PTS),,,72 - 100,28,4,353,Darrell Armstrong,1610612742.0,Dallas,Mavericks,DAL,0,0,,,,,,0,0,,,,,,0
0020500755,502,13,0,4,11:04 PM,0:00,,,,72 - 100,28,0,0,,,,,,0,0,,,,,,0,0,,,,,,0
