GAME_ID,EVENTNUM,EVENTMSGTYPE,EVENTMSGACTIONTYPE,PERIOD,WCTIMESTRING,PCTIMESTRING,HOMEDESCRIPTION,NEUTRALDESCRIPTION,VISITORDESCRIPTION,SCORE,SCOREMARGIN
0021300925,0,12,0,1,9:11 PM,12:00,,,,,
0021300925,1,10,0,1,9:11 PM,12:00,Jump Ball Mozgov vs. Gasol: Tip to Marshall,,,,
0021300925,2,1,1,1,9:11 PM,11:39,,,Gasol 20' Jump Shot (2 PTS),2 - 0,-2
0021300925,3,6,1,1,9:11 PM,11:32,,,Bazemore P.FOUL (P1.T1),,
0021300925,4,5,4,1,9:12 PM,11:26,Faried Traveling Turnover (P1.T1),,,,
0021300925,5,2,1,1,9:12 PM,11:09,,,MISS Gasol 3' Jump Shot,,
0021300925,6,4,0,1,9:12 PM,11:09,Faried REBOUND (Off:0 Def:1),,,,
0021300925,7,1,1,1,9:12 PM,11:00,Faried 10' Jump Shot (2 PTS),,,2 - 2,TIE
0021300925,8,1,1,1,9:13 PM,10:50,,,Gasol 10' Jump Shot (4 PTS) (Marshall 1 AST),4 - 2,-2
0021300925,9,6,2,1,9:13 PM,10:50,Chandler S.FOUL (P1.T1),,,,
0021300925,10,3,10,1,9:13 PM,10:50,,,MISS Gasol Free Throw 1 of 1,,
0021300925,12,4,0,1,9:13 PM,10:48,Faried REBOUND (Off:0 Def:2),,,,
0021300925,13,2,1,1,9:13 PM,10:31,MISS Lawson 13' Jump Shot,,,,
0021300925,14,4,0,1,9:13 PM,10:30,,,Bazemore REBOUND (Off:0 Def:1),,
0021300925,15,1,1,1,9:14 PM,10:21,,,Marshall 26' 3PT Jump Shot (3 PTS) (Bazemore 1 AST),7 - 2,-5
0021300925,16,2,1,1,9:14 PM,10:06,MISS Foye 19' Jump Shot,,,,
0021300925,17,4,0,1,9:14 PM,10:05,,,W. Johnson REBOUND (Off:0 Def:1),,
0021300925,18,2,1,1,9:14 PM,9:57,,,MISS Gasol 12' Jump Shot,,
0021300925,19,4,0,1,9:14 PM,9:56,Lawson REBOUND (Off:0 Def:1),,,,
0021300925,20,5,1,1,9:14 PM,9:50,Lawson Bad Pass Turnover (P1.T2),,Gasol STEAL (1 STL),,
0021300925,21,2,42,1,9:14 PM,9:44,,,MISS Meeks 1' Driving Layup,,
0021300925,22,4,0,1,9:14 PM,9:43,Mozgov REBOUND (Off:0 Def:1),,,,
0021300925,24,1,1,1,9:15 PM,9:25,Chandler 26' 3PT Jump Shot (3 PTS) (Lawson 1 AST),,,7 - 5,-2
0021300925,26,6,4,1,9:15 PM,9:11,,,W. Johnson OFF.Foul (P1),,
0021300925,27,5,5,1,9:15 PM,9:11,,,W. Johnson Foul Turnover (P1.T1),,
0021300925,28,1,1,1,9:16 PM,8:51,Chandler 18' Jump Shot (5 PTS),,,7 - 7,TIE
0021300925,29,2,1,1,9:16 PM,8:43,Faried BLOCK (1 BLK),,MISS W. Johnson 4' Jump Shot,,
0021300925,30,4,0,1,9:16 PM,8:42,Faried REBOUND (Off:0 Def:3),,,,
0021300925,31,1,42,1,9:16 PM,8:38,Mozgov  Driving Layup (2 PTS) (Faried 1 AST),,,7 - 9,2
0021300925,32,2,1,1,9:16 PM,8:28,,,MISS Meeks 25' 3PT Jump Shot,,
0021300925,33,4,0,1,9:16 PM,8:27,,,W. Johnson REBOUND (Off:1 Def:1),,
0021300925,34,2,1,1,9:16 PM,8:21,,,MISS W. Johnson 24' 3PT Jump Shot,,
0021300925,35,4,0,1,9:16 PM,8:20,Mozgov REBOUND (Off:0 Def:2),,,,
0021300925,36,1,1,1,9:16 PM,8:14,Chandler 25' 3PT Jump Shot (8 PTS) (Lawson 2 AST),,,7 - 12,5
0021300925,37,1,1,1,9:17 PM,7:58,,,Gasol 15' Jump Shot (6 PTS) (Marshall 2 AST),9 - 12,3
0021300925,38,1,42,1,9:17 PM,7:49,Lawson 2' Driving Layup (2 PTS),,,9 - 14,5
0021300925,39,1,49,1,9:17 PM,7:39,,,Gasol 1' Driving Dunk (8 PTS) (Marshall 3 AST),11 - 14,3
0021300925,40,2,3,1,9:17 PM,7:27,MISS Mozgov 6' Hook Shot,,,,
0021300925,41,4,0,1,9:17 PM,7:26,,,W. Johnson REBOUND (Off:1 Def:2),,
0021300925,42,2,44,1,9:17 PM,7:15,,,MISS W. Johnson 2' Reverse Layup,,
0021300925,43,4,0,1,9:17 PM,7:14,Mozgov REBOUND (Off:0 Def:3),,,,
0021300925,44,1,1,1,9:17 PM,7:09,Lawson 12' Jump Shot (4 PTS),,,11 - 16,5
0021300925,45,9,1,1,9:18 PM,7:09,,,Lakers Timeout: Regular (Reg.1 Short 0),,
0021300925,49,1,1,1,9:20 PM,6:55,,,Bazemore 24' 3PT Jump Shot (3 PTS) (Marshall 4 AST),14 - 16,2
0021300925,50,1,7,1,9:20 PM,6:45,Faried 2' Dunk (4 PTS) (Lawson 3 AST),,,14 - 18,4
0021300925,51,6,2,1,9:21 PM,6:25,Mozgov S.FOUL (P1.T2),,,,
0021300925,52,3,11,1,9:21 PM,6:25,,,Gasol Free Throw 1 of 2 (9 PTS),15 - 18,3
0021300925,54,3,12,1,9:21 PM,6:25,,,MISS Gasol Free Throw 2 of 2,,
0021300925,56,4,0,1,9:21 PM,6:23,Chandler REBOUND (Off:0 Def:1),,,,
0021300925,57,1,7,1,9:21 PM,6:18,Mozgov 2' Dunk (4 PTS) (Chandler 1 AST),,,15 - 20,5
0021300925,58,6,2,1,9:21 PM,6:18,,,Gasol S.FOUL (P1.T2),,
0021300925,59,3,10,1,9:22 PM,6:18,MISS Mozgov Free Throw 1 of 1,,,,
0021300925,61,4,0,1,9:22 PM,6:15,,,W. Johnson REBOUND (Off:1 Def:3),,
0021300925,62,1,1,1,9:22 PM,5:58,,,Gasol 6' Jump Shot (11 PTS),17 - 20,3
0021300925,63,7,5,1,9:22 PM,5:51,,,W. Johnson Violation:Kicked Ball,,
0021300925,64,8,0,1,9:23 PM,5:51,,,SUB: Henry FOR Meeks,,
0021300925,65,1,52,1,9:23 PM,5:40,Faried 1' Alley Oop Dunk (6 PTS) (Foye 1 AST),,,17 - 22,5
0021300925,66,2,1,1,9:23 PM,5:22,,,MISS Gasol 16' Jump Shot,,
0021300925,67,4,0,1,9:23 PM,5:21,Faried REBOUND (Off:0 Def:4),,,,
0021300925,68,1,42,1,9:23 PM,5:12,Lawson 1' Driving Layup (6 PTS),,,17 - 24,7
0021300925,69,6,2,1,9:23 PM,5:12,,,Henry S.FOUL (P1.T3),,
0021300925,70,8,0,1,9:24 PM,5:12,,,SUB: Kelly FOR W. Johnson,,
0021300925,71,3,10,1,9:24 PM,5:12,MISS Lawson Free Throw 1 of 1,,,,
0021300925,73,4,0,1,9:24 PM,5:10,,,Gasol REBOUND (Off:0 Def:1),,
0021300925,74,1,42,1,9:24 PM,5:02,,,Henry 2' Driving Layup (2 PTS) (Marshall 5 AST),19 - 24,5
0021300925,75,5,1,1,9:24 PM,4:50,Lawson Bad Pass Turnover (P2.T3),,Marshall STEAL (1 STL),,
0021300925,76,1,42,1,9:24 PM,4:44,,,Henry 2' Driving Layup (4 PTS) (Marshall 6 AST),21 - 24,3
0021300925,77,2,1,1,9:25 PM,4:34,MISS Mozgov 19' Jump Shot,,,,
0021300925,78,4,0,1,9:25 PM,4:33,,,Gasol REBOUND (Off:0 Def:2),,
0021300925,79,5,1,1,9:25 PM,4:24,Mozgov STEAL (1 STL),,Bazemore Bad Pass Turnover (P1.T2),,
0021300925,80,1,1,1,9:25 PM,4:15,Lawson 24' 3PT Jump Shot (9 PTS) (Mozgov 1 AST),,,21 - 27,6
0021300925,81,5,1,1,9:25 PM,4:02,Chandler STEAL (1 STL),,Marshall Bad Pass Turnover (P1.T3),,
0021300925,82,1,1,1,9:25 PM,3:54,Lawson 25' 3PT Jump Shot (12 PTS) (Chandler 2 AST),,,21 - 30,9
0021300925,83,9,2,1,9:25 PM,3:54,,,Lakers Timeout: Short (Reg.1 Short 1),,
0021300925,85,8,0,1,9:26 PM,3:54,,,SUB: Farmar FOR Gasol,,
0021300925,86,8,0,1,9:26 PM,3:54,,,SUB: Sacre FOR Marshall,,
0021300925,87,8,0,1,9:26 PM,3:54,SUB: Fournier FOR Foye,,,,
0021300925,88,1,42,1,9:26 PM,3:42,,,Henry 1' Driving Layup (6 PTS),23 - 30,7
0021300925,89,1,65,1,9:27 PM,3:33,Faried 4' Jump Hook Shot (8 PTS) (Lawson 4 AST),,,23 - 32,9
0021300925,90,2,1,1,9:27 PM,3:19,,,MISS Henry 13' Jump Shot,,
0021300925,91,4,0,1,9:27 PM,3:19,,,Sacre REBOUND (Off:1 Def:0),,
0021300925,92,6,2,1,9:27 PM,3:19,Lawson S.FOUL (P1.T3),,,,
0021300925,93,3,11,1,9:27 PM,3:19,,,MISS Sacre Free Throw 1 of 2,,
0021300925,94,4,1,1,9:27 PM,3:19,,,Lakers Rebound,,
0021300925,95,8,0,1,9:27 PM,3:19,,,SUB: Brooks FOR Bazemore,,
0021300925,96,8,0,1,9:27 PM,3:19,SUB: Hickson FOR Mozgov,,,,
0021300925,97,3,12,1,9:27 PM,3:19,,,Sacre Free Throw 2 of 2 (1 PTS),24 - 32,8
0021300925,99,1,1,1,9:28 PM,3:03,Fournier 16' Jump Shot (2 PTS),,,24 - 34,10
0021300925,100,1,1,1,9:28 PM,2:47,,,Sacre 17' Jump Shot (3 PTS) (Farmar 1 AST),26 - 34,8
0021300925,101,1,63,1,9:28 PM,2:37,Hickson 11' Fadeaway Jumper (2 PTS) (Lawson 5 AST),,,26 - 36,10
0021300925,102,2,5,1,9:29 PM,2:22,Hickson BLOCK (1 BLK),,MISS Sacre 2' Layup,,
0021300925,103,4,0,1,9:29 PM,2:21,Chandler REBOUND (Off:0 Def:2),,,,
0021300925,104,1,42,1,9:29 PM,2:13,Chandler 2' Driving Layup (10 PTS),,,26 - 38,12
0021300925,105,1,1,1,9:29 PM,1:50,,,Sacre 11' Jump Shot (5 PTS) (Farmar 2 AST),28 - 38,10
0021300925,106,2,1,1,9:29 PM,1:30,MISS Hickson 16' Jump Shot,,,,
0021300925,107,4,0,1,9:29 PM,1:29,,,Kelly REBOUND (Off:0 Def:1),,
0021300925,108,6,2,1,9:30 PM,1:21,Faried S.FOUL (P1.T4),,,,
0021300925,109,9,1,1,9:30 PM,1:21,NUGGETS Timeout: Regular (Full 1 Short 0),,,,
0021300925,112,8,0,1,9:32 PM,1:21,SUB: Arthur FOR Faried,,,,
0021300925,113,3,11,1,9:32 PM,1:21,,,Kelly Free Throw 1 of 2 (1 PTS),29 - 38,9
0021300925,115,3,12,1,9:33 PM,1:21,,,Kelly Free Throw 2 of 2 (2 PTS),30 - 38,8
0021300925,117,2,42,1,9:33 PM,1:04,MISS Lawson 2' Driving Layup,,,,
0021300925,118,4,0,1,9:33 PM,1:03,,,Sacre REBOUND (Off:1 Def:1),,
0021300925,119,1,1,1,9:33 PM,0:58,,,Farmar 26' 3PT Jump Shot (3 PTS),33 - 38,5
0021300925,120,5,1,1,9:33 PM,0:45,Fournier Bad Pass Turnover (P1.T4),,Farmar STEAL (1 STL),,
0021300925,121,6,1,1,9:34 PM,0:45,Chandler P.FOUL (P2.PN),,,,
0021300925,122,3,11,1,9:34 PM,0:45,,,Farmar Free Throw 1 of 2 (4 PTS),34 - 38,4
0021300925,124,8,0,1,9:34 PM,0:45,SUB: Foye FOR Lawson,,,,
0021300925,125,8,0,1,9:34 PM,0:45,SUB: Brooks FOR Chandler,,,,
0021300925,126,3,12,1,9:34 PM,0:45,,,Farmar Free Throw 2 of 2 (5 PTS),35 - 38,3
0021300925,129,1,1,1,9:35 PM,0:31,Foye 25' 3PT Jump Shot (3 PTS) (Arthur 1 AST),,,35 - 41,6
0021300925,130,5,4,1,9:35 PM,0:25,,,Kelly Traveling Turnover (P1.T4),,
0021300925,131,6,2,1,9:36 PM,0:03,,,Sacre S.FOUL (P1.T4),,
0021300925,132,3,11,1,9:36 PM,0:03,MISS Fournier Free Throw 1 of 2,,,,
0021300925,133,4,1,1,9:36 PM,0:03,NUGGETS Rebound,,,,
0021300925,134,3,12,1,9:36 PM,0:03,Fournier Free Throw 2 of 2 (3 PTS),,,35 - 42,7
0021300925,138,13,0,1,9:37 PM,0:00,,,,35 - 42,7
0021300925,140,12,0,2,9:39 PM,12:00,,,,35 - 42,7
0021300925,141,2,1,2,9:40 PM,11:51,MISS Brooks 15' Jump Shot,,Brooks BLOCK (1 BLK),,
0021300925,142,4,0,2,9:40 PM,11:50,NUGGETS Rebound,,,,
0021300925,144,2,1,2,9:40 PM,11:43,MISS Brooks 20' Jump Shot,,,,
0021300925,145,4,0,2,9:40 PM,11:42,,,Brooks REBOUND (Off:0 Def:1),,
0021300925,146,2,1,2,9:40 PM,11:28,,,MISS Farmar 21' Jump Shot,,
0021300925,147,4,0,2,9:40 PM,11:28,Hickson REBOUND (Off:0 Def:1),,,,
0021300925,148,5,2,2,9:40 PM,11:25,Brooks Lost Ball Turnover (P1.T5),,Henry STEAL (1 STL),,
0021300925,149,1,42,2,9:40 PM,11:20,,,Farmar 2' Driving Layup (7 PTS) (Henry 1 AST),37 - 42,5
0021300925,150,2,1,2,9:40 PM,11:07,MISS Arthur 17' Jump Shot,,,,
0021300925,151,4,0,2,9:40 PM,11:06,,,Kelly REBOUND (Off:0 Def:2),,
0021300925,152,2,3,2,9:41 PM,10:48,,,MISS Sacre 7' Hook Shot,,
0021300925,153,4,0,2,9:41 PM,10:47,Arthur REBOUND (Off:0 Def:1),,,,
0021300925,154,2,1,2,9:41 PM,10:41,MISS Fournier 24' 3PT Jump Shot,,,,
0021300925,155,4,0,2,9:41 PM,10:39,,,Henry REBOUND (Off:0 Def:1),,
0021300925,156,1,42,2,9:41 PM,10:34,,,Kelly 1' Driving Layup (4 PTS) (Henry 2 AST),39 - 42,3
0021300925,157,2,7,2,9:41 PM,10:20,MISS Arthur 2' Dunk,,Sacre BLOCK (1 BLK),,
0021300925,158,4,0,2,9:41 PM,10:18,Hickson REBOUND (Off:1 Def:1),,,,
0021300925,159,1,72,2,9:41 PM,10:15,Hickson 1' Putback Layup (4 PTS),,,39 - 44,5
0021300925,160,2,66,2,9:42 PM,10:10,,,MISS Farmar 10' Jump Bank Shot,,
0021300925,161,4,0,2,9:42 PM,10:10,NUGGETS Rebound,,,,
0021300925,163,2,1,2,9:42 PM,9:57,MISS Brooks 5' Jump Shot,,Farmar BLOCK (1 BLK),,
0021300925,164,4,0,2,9:42 PM,9:56,NUGGETS Rebound,,,,
0021300925,166,5,1,2,9:42 PM,9:51,Hickson Bad Pass Turnover (P1.T6),,Farmar STEAL (2 STL),,
0021300925,167,6,2,2,9:42 PM,9:44,Foye S.FOUL (P1.T1),,,,
0021300925,168,3,11,2,9:43 PM,9:44,,,Brooks Free Throw 1 of 2 (1 PTS),40 - 44,4
0021300925,170,3,12,2,9:43 PM,9:44,,,Brooks Free Throw 2 of 2 (2 PTS),41 - 44,3
0021300925,172,6,4,2,9:43 PM,9:32,Arthur OFF.Foul (P1),,,,
0021300925,173,5,5,2,9:43 PM,9:32,Arthur Foul Turnover (P1.T7),,,,
0021300925,174,2,1,2,9:43 PM,9:21,,,MISS Henry 16' Jump Shot,,
0021300925,175,4,0,2,9:44 PM,9:20,,,Sacre REBOUND (Off:2 Def:1),,
0021300925,176,1,3,2,9:44 PM,9:16,,,Sacre 4' Hook Shot (7 PTS),43 - 44,1
0021300925,177,9,1,2,9:44 PM,9:13,NUGGETS Timeout: Regular (Full 2 Short 0),,,,
0021300925,181,2,47,2,9:46 PM,8:54,MISS Hickson 9' Turnaround Jump Shot,,,,
0021300925,182,4,0,2,9:46 PM,8:54,,,Farmar REBOUND (Off:0 Def:1),,
0021300925,183,2,1,2,9:47 PM,8:46,,,MISS Kelly  3PT Jump Shot,,
0021300925,184,4,0,2,9:47 PM,8:45,Fournier REBOUND (Off:0 Def:1),,,,
0021300925,185,1,1,2,9:47 PM,8:40,Foye 24' 3PT Jump Shot (6 PTS) (Fournier 1 AST),,,43 - 47,4
0021300925,186,1,1,2,9:47 PM,8:23,,,Kelly 26' 3PT Jump Shot (7 PTS) (Farmar 3 AST),46 - 47,1
0021300925,187,2,47,2,9:47 PM,8:09,MISS Arthur 12' Turnaround Jump Shot,,,,
0021300925,188,4,0,2,9:47 PM,8:08,,,Sacre REBOUND (Off:2 Def:2),,
0021300925,189,2,1,2,9:48 PM,7:45,,,MISS Farmar 19' Jump Shot,,
0021300925,190,4,0,2,9:48 PM,7:43,Fournier REBOUND (Off:0 Def:2),,,,
0021300925,191,2,1,2,9:48 PM,7:35,MISS Brooks  3PT Jump Shot,,,,
0021300925,192,4,0,2,9:48 PM,7:33,,,Kelly REBOUND (Off:0 Def:3),,
0021300925,193,1,42,2,9:48 PM,7:30,,,Farmar 1' Driving Layup (9 PTS),48 - 47,-1
0021300925,194,6,2,2,9:48 PM,7:30,Arthur S.FOUL (P2.T2),,,,
0021300925,195,8,0,2,9:48 PM,7:30,,,SUB: Gasol FOR Sacre,,
0021300925,196,8,0,2,9:48 PM,7:30,,,SUB: W. Johnson FOR Brooks,,
0021300925,197,8,0,2,9:48 PM,7:30,SUB: Lawson FOR Hickson,,,,
0021300925,198,8,0,2,9:48 PM,7:30,SUB: Mozgov FOR Arthur,,,,
0021300925,199,8,0,2,9:48 PM,7:30,SUB: Faried FOR Brooks,,,,
0021300925,200,3,10,2,9:49 PM,7:30,,,Farmar Free Throw 1 of 1 (10 PTS),49 - 47,-2
0021300925,202,2,1,2,9:49 PM,7:20,MISS Foye 26' 3PT Jump Shot,,,,
0021300925,203,4,0,2,9:49 PM,7:19,Lawson REBOUND (Off:1 Def:1),,,,
0021300925,204,1,1,2,9:49 PM,7:14,Lawson 26' 3PT Jump Shot (15 PTS),,,49 - 50,1
0021300925,205,5,40,2,9:49 PM,6:58,,,Henry Out of Bounds Lost Ball Turnover (P1.T5),,
0021300925,206,6,2,2,9:50 PM,6:47,,,Henry S.FOUL (P2.T1),,
0021300925,207,3,11,2,9:50 PM,6:47,Mozgov Free Throw 1 of 2 (5 PTS),,,49 - 51,2
0021300925,209,8,0,2,9:50 PM,6:47,,,SUB: Meeks FOR Henry,,
0021300925,210,8,0,2,9:50 PM,6:47,SUB: Chandler FOR Fournier,,,,
0021300925,211,3,12,2,9:50 PM,6:47,Mozgov Free Throw 2 of 2 (6 PTS),,,49 - 52,3
0021300925,214,1,1,2,9:51 PM,6:32,,,Kelly 24' 3PT Jump Shot (10 PTS) (Meeks 1 AST),52 - 52,TIE
0021300925,215,1,1,2,9:51 PM,6:16,Foye 25' 3PT Jump Shot (9 PTS) (Lawson 6 AST),,,52 - 55,3
0021300925,216,1,1,2,9:51 PM,6:02,,,Farmar 24' 3PT Jump Shot (13 PTS) (Meeks 2 AST),55 - 55,TIE
0021300925,217,1,63,2,9:52 PM,5:48,Lawson 5' Fadeaway Jumper (17 PTS),,,55 - 57,2
0021300925,218,5,1,2,9:52 PM,5:40,Foye STEAL (1 STL),,Farmar Bad Pass Turnover (P1.T6),,
0021300925,219,6,1,2,9:52 PM,5:29,,,Gasol P.FOUL (P2.T2),,
0021300925,220,9,4,2,9:52 PM,5:29,,,,,
0021300925,224,3,11,2,9:55 PM,5:29,MISS Mozgov Free Throw 1 of 2,,,,
0021300925,225,4,1,2,9:55 PM,5:29,NUGGETS Rebound,,,,
0021300925,226,3,12,2,9:55 PM,5:29,Mozgov Free Throw 2 of 2 (7 PTS),,,55 - 58,3
0021300925,228,2,63,2,9:56 PM,5:06,,,MISS Kelly 8' Fadeaway Jumper,,
0021300925,229,4,0,2,9:56 PM,5:05,Foye REBOUND (Off:0 Def:1),,,,
0021300925,230,1,66,2,9:56 PM,4:58,Faried 15' Jump Bank Shot (10 PTS) (Foye 2 AST),,,55 - 60,5
0021300925,231,7,5,2,9:56 PM,4:51,Mozgov Violation:Kicked Ball,,,,
0021300925,232,6,1,2,9:56 PM,4:48,Foye P.FOUL (P2.T3),,,,
0021300925,233,2,1,2,9:57 PM,4:41,Foye BLOCK (1 BLK),,MISS Meeks 6' Jump Shot,,
0021300925,234,4,0,2,9:57 PM,4:40,Mozgov REBOUND (Off:0 Def:4),,,,
0021300925,235,2,1,2,9:57 PM,4:37,MISS Foye 24' 3PT Jump Shot,,,,
0021300925,236,4,0,2,9:57 PM,4:36,,,Lakers Rebound,,
0021300925,238,2,56,2,9:57 PM,4:16,,,MISS Gasol 5' Running Hook Shot,,
0021300925,239,4,0,2,9:57 PM,4:16,Mozgov REBOUND (Off:0 Def:5),,,,
0021300925,240,1,1,2,9:57 PM,4:06,Chandler 26' 3PT Jump Shot (13 PTS) (Foye 3 AST),,,55 - 63,8
0021300925,241,2,1,2,9:58 PM,3:59,,,MISS Farmar 25' 3PT Jump Shot,,
0021300925,242,4,0,2,9:58 PM,3:57,Faried REBOUND (Off:0 Def:5),,,,
0021300925,243,1,42,2,9:58 PM,3:51,Lawson 3' Driving Layup (19 PTS),,,55 - 65,10
0021300925,244,9,1,2,9:58 PM,3:51,,,Lakers Timeout: Regular (Reg.2 Short 1),,
0021300925,246,8,0,2,10:00 PM,3:51,,,SUB: Henry FOR Kelly,,
0021300925,247,8,0,2,10:00 PM,3:51,,,SUB: Marshall FOR Farmar,,
0021300925,249,1,1,2,10:00 PM,3:39,,,W. Johnson 22' Jump Shot (2 PTS) (Marshall 7 AST),57 - 65,8
0021300925,250,1,65,2,10:00 PM,3:30,Faried 5' Jump Hook Shot (12 PTS),,,57 - 67,10
0021300925,251,2,5,2,10:01 PM,3:10,Mozgov BLOCK (1 BLK),,MISS Gasol 2' Layup,,
0021300925,252,4,0,2,10:01 PM,3:09,Chandler REBOUND (Off:0 Def:3),,,,
0021300925,253,1,5,2,10:01 PM,2:56,Chandler 2' Layup (15 PTS),,,57 - 69,12
0021300925,254,1,7,2,10:01 PM,2:40,,,Gasol 1' Dunk (13 PTS) (Meeks 3 AST),59 - 69,10
0021300925,255,6,2,2,10:02 PM,2:31,,,W. Johnson S.FOUL (P2.T3),,
0021300925,256,3,11,2,10:02 PM,2:31,Faried Free Throw 1 of 2 (13 PTS),,,59 - 70,11
0021300925,258,3,12,2,10:02 PM,2:31,MISS Faried Free Throw 2 of 2,,,,
0021300925,260,4,0,2,10:02 PM,2:29,,,Gasol REBOUND (Off:0 Def:3),,
0021300925,261,5,1,2,10:02 PM,2:23,,,Meeks Bad Pass Turnover (P1.T7),,
0021300925,262,6,2,2,10:03 PM,2:11,,,W. Johnson S.FOUL (P3.T4),,
0021300925,263,3,11,2,10:03 PM,2:11,MISS Lawson Free Throw 1 of 2,,,,
0021300925,264,4,1,2,10:03 PM,2:11,NUGGETS Rebound,,,,
0021300925,265,8,0,2,10:03 PM,2:11,,,SUB: Kelly FOR W. Johnson,,
0021300925,266,3,12,2,10:03 PM,2:11,Lawson Free Throw 2 of 2 (20 PTS),,,59 - 71,12
0021300925,268,2,1,2,10:04 PM,1:55,,,MISS Gasol 8' Jump Shot,,
0021300925,269,4,0,2,10:04 PM,1:54,Faried REBOUND (Off:0 Def:6),,,,
0021300925,270,2,5,2,10:04 PM,1:48,MISS Mozgov 2' Layup,,Kelly BLOCK (1 BLK),,
0021300925,271,4,0,2,10:04 PM,1:46,,,Marshall REBOUND (Off:0 Def:1),,
0021300925,273,1,1,2,10:05 PM,1:24,,,Gasol 3' Jump Shot (15 PTS),61 - 71,10
0021300925,275,5,1,2,10:05 PM,1:18,Lawson Bad Pass Turnover (P3.T8),,Henry STEAL (2 STL),,
0021300925,276,5,1,2,10:05 PM,1:15,Faried STEAL (1 STL),,Henry Bad Pass Turnover (P2.T8),,
0021300925,277,1,5,2,10:05 PM,1:07,Mozgov 3' Layup (9 PTS) (Foye 4 AST),,,61 - 73,12
0021300925,278,6,2,2,10:05 PM,0:58,Mozgov S.FOUL (P2.T4),,,,
0021300925,279,3,11,2,10:05 PM,0:58,,,Meeks Free Throw 1 of 2 (1 PTS),62 - 73,11
0021300925,281,3,12,2,10:06 PM,0:58,,,Meeks Free Throw 2 of 2 (2 PTS),63 - 73,10
0021300925,283,1,5,2,10:06 PM,0:48,Mozgov 2' Layup (11 PTS) (Lawson 7 AST),,,63 - 75,12
0021300925,284,2,1,2,10:06 PM,0:38,,,MISS Marshall 16' Jump Shot,,
0021300925,285,4,0,2,10:06 PM,0:38,,,Marshall REBOUND (Off:1 Def:1),,
0021300925,286,2,1,2,10:06 PM,0:33,,,MISS Kelly 25' 3PT Jump Shot,,
0021300925,287,4,0,2,10:06 PM,0:32,,,Henry REBOUND (Off:1 Def:1),,
0021300925,288,1,1,2,10:07 PM,0:13,,,Marshall 28' 3PT Jump Shot (6 PTS),66 - 75,9
0021300925,289,1,44,2,10:07 PM,0:02,Faried 3' Reverse Layup (15 PTS) (Lawson 8 AST),,,66 - 77,11
0021300925,290,13,0,2,10:07 PM,0:00,,,,66 - 77,11
0021300925,292,12,0,3,10:23 PM,12:00,,,,66 - 77,11
0021300925,293,2,1,3,10:23 PM,11:40,MISS Chandler 7' Jump Shot,,,,
0021300925,294,4,0,3,10:23 PM,11:40,,,W. Johnson REBOUND (Off:1 Def:4),,
0021300925,295,1,1,3,10:24 PM,11:23,,,Meeks  3PT Jump Shot (5 PTS) (Bazemore 2 AST),69 - 77,8
0021300925,296,2,3,3,10:24 PM,11:12,MISS Mozgov 4' Hook Shot,,,,
0021300925,297,4,0,3,10:24 PM,11:12,,,Lakers Rebound,,
0021300925,299,5,1,3,10:24 PM,10:56,,,Bazemore Bad Pass Turnover (P2.T9),,
0021300925,300,6,1,3,10:25 PM,10:45,,,Marshall P.FOUL (P1.T1),,
0021300925,301,1,1,3,10:25 PM,10:38,Lawson  3PT Jump Shot (23 PTS) (Mozgov 2 AST),,,69 - 80,11
0021300925,302,1,49,3,10:25 PM,10:28,,,Gasol 2' Driving Dunk (17 PTS) (Bazemore 3 AST),71 - 80,9
0021300925,303,5,1,3,10:25 PM,10:13,Lawson Bad Pass Turnover (P4.T9),,W. Johnson STEAL (1 STL),,
0021300925,304,5,1,3,10:26 PM,10:10,Faried STEAL (2 STL),,Meeks Bad Pass Turnover (P2.T10),,
0021300925,305,1,1,3,10:26 PM,10:01,Foye 25' 3PT Jump Shot (12 PTS) (Lawson 9 AST),,,71 - 83,12
0021300925,306,2,1,3,10:26 PM,9:51,,,MISS Bazemore 25' 3PT Jump Shot,,
0021300925,308,4,0,3,10:26 PM,9:51,,,Lakers Rebound,,
0021300925,307,10,0,3,10:26 PM,9:51,Jump Ball Mozgov vs. Gasol: Tip to Bazemore,,,,
0021300925,309,1,49,3,10:27 PM,9:36,,,W. Johnson 2' Driving Dunk (4 PTS) (Gasol 1 AST),73 - 83,10
0021300925,310,1,1,3,10:27 PM,9:17,Lawson  3PT Jump Shot (26 PTS) (Foye 5 AST),,,73 - 86,13
0021300925,311,2,5,3,10:27 PM,9:05,,,MISS Marshall 1' Layup,,
0021300925,312,4,0,3,10:27 PM,9:04,Faried REBOUND (Off:0 Def:7),,,,
0021300925,313,2,1,3,10:27 PM,8:57,MISS Lawson 26' 3PT Jump Shot,,,,
0021300925,314,4,0,3,10:27 PM,8:56,,,Bazemore REBOUND (Off:0 Def:2),,
0021300925,315,2,1,3,10:28 PM,8:42,,,MISS Gasol 7' Jump Shot,,
0021300925,316,4,0,3,10:28 PM,8:41,,,Lakers Rebound,,
0021300925,318,2,44,3,10:28 PM,8:36,,,MISS Meeks 2' Reverse Layup,,
0021300925,319,4,0,3,10:28 PM,8:35,Faried REBOUND (Off:0 Def:8),,,,
0021300925,320,2,5,3,10:28 PM,8:32,MISS Chandler 3' Layup,,W. Johnson BLOCK (1 BLK),,
0021300925,322,4,0,3,10:28 PM,8:31,,,Lakers Rebound,,
0021300925,321,10,0,3,10:28 PM,8:31,Jump Ball Chandler vs. W. Johnson: Tip to Meeks,,,,
0021300925,323,6,1,3,10:29 PM,8:23,Foye P.FOUL (P3.T1),,,,
0021300925,324,2,1,3,10:29 PM,8:15,,,MISS Gasol 17' Jump Shot,,
0021300925,325,4,0,3,10:29 PM,8:14,Chandler REBOUND (Off:0 Def:4),,,,
0021300925,326,1,52,3,10:29 PM,7:52,Mozgov 1' Alley Oop Dunk (13 PTS) (Faried 2 AST),,,73 - 88,15
0021300925,327,1,78,3,10:30 PM,7:38,,,Meeks 11' Floating Jump Shot (7 PTS),75 - 88,13
0021300925,328,1,42,3,10:30 PM,7:28,Lawson 3' Driving Layup (28 PTS),,,75 - 90,15
0021300925,329,1,86,3,10:30 PM,7:11,,,Gasol 10' Turnaround Fadeaway (19 PTS) (Marshall 8 AST),77 - 90,13
0021300925,330,2,1,3,10:30 PM,6:58,MISS Lawson 15' Jump Shot,,,,
0021300925,331,4,0,3,10:30 PM,6:57,Faried REBOUND (Off:1 Def:8),,,,
0021300925,332,2,65,3,10:30 PM,6:55,MISS Faried 6' Jump Hook Shot,,,,
0021300925,333,4,0,3,10:30 PM,6:54,,,Gasol REBOUND (Off:0 Def:4),,
0021300925,334,2,5,3,10:31 PM,6:51,,,MISS Meeks 1' Layup,,
0021300925,335,4,0,3,10:31 PM,6:50,,,Lakers Rebound,,
0021300925,337,2,1,3,10:31 PM,6:43,,,MISS W. Johnson  3PT Jump Shot,,
0021300925,338,4,0,3,10:31 PM,6:42,Lawson REBOUND (Off:1 Def:2),,,,
0021300925,339,2,65,3,10:31 PM,6:37,MISS Faried 5' Jump Hook Shot,,,,
0021300925,340,4,0,3,10:31 PM,6:36,,,Gasol REBOUND (Off:0 Def:5),,
0021300925,341,1,1,3,10:31 PM,6:24,,,Gasol 18' Jump Shot (21 PTS) (Marshall 9 AST),79 - 90,11
0021300925,343,6,1,3,10:32 PM,6:03,,,Bazemore P.FOUL (P2.T2),,
0021300925,344,1,49,3,10:32 PM,5:54,Chandler 1' Driving Dunk (17 PTS) (Lawson 10 AST),,,79 - 92,13
0021300925,345,9,1,3,10:32 PM,5:54,,,Lakers Timeout: Regular (Reg.3 Short 1),,
0021300925,349,2,1,3,10:35 PM,5:39,,,MISS Bazemore 25' 3PT Jump Shot,,
0021300925,350,4,0,3,10:35 PM,5:39,Mozgov REBOUND (Off:0 Def:6),,,,
0021300925,351,2,1,3,10:35 PM,5:27,MISS Foye 24' 3PT Jump Shot,,,,
0021300925,352,4,0,3,10:35 PM,5:26,,,W. Johnson REBOUND (Off:1 Def:5),,
0021300925,353,2,1,3,10:35 PM,5:15,,,MISS Meeks 25' 3PT Jump Shot,,
0021300925,354,4,0,3,10:35 PM,5:14,NUGGETS Rebound,,,,
0021300925,355,6,3,3,10:35 PM,5:14,,,Meeks L.B.FOUL (P1.T3),,
0021300925,356,8,0,3,10:36 PM,5:14,,,SUB: Kelly FOR W. Johnson,,
0021300925,357,1,49,3,10:36 PM,4:55,Chandler 1' Driving Dunk (19 PTS) (Lawson 11 AST),,,79 - 94,15
0021300925,358,6,2,3,10:36 PM,4:55,,,Kelly S.FOUL (P1.T4),,
0021300925,359,3,10,3,10:36 PM,4:55,MISS Chandler Free Throw 1 of 1,,,,
0021300925,361,4,0,3,10:36 PM,4:54,Faried REBOUND (Off:2 Def:8),,,,
0021300925,362,1,5,3,10:37 PM,4:45,Lawson 2' Layup (30 PTS),,,79 - 96,17
0021300925,363,2,1,3,10:37 PM,4:36,,,MISS Gasol 10' Jump Shot,,
0021300925,365,4,0,3,10:37 PM,4:36,,,Kelly REBOUND (Off:1 Def:3),,
0021300925,364,2,5,3,10:37 PM,4:36,,,MISS Kelly 2' Layup,,
0021300925,366,4,0,3,10:37 PM,4:33,Chandler REBOUND (Off:0 Def:5),,,,
0021300925,367,5,8,3,10:37 PM,4:25,Faried 3 Second Violation Turnover (P2.T10),,,,
0021300925,368,8,0,3,10:37 PM,4:25,,,SUB: Henry FOR Bazemore,,
0021300925,369,2,1,3,10:37 PM,4:13,,,MISS Marshall 25' 3PT Jump Shot,,
0021300925,370,4,0,3,10:38 PM,4:12,Faried REBOUND (Off:2 Def:9),,,,
0021300925,371,1,42,3,10:38 PM,4:05,Faried 2' Driving Layup (17 PTS),,,79 - 98,19
0021300925,372,6,2,3,10:38 PM,4:01,Mozgov S.FOUL (P3.T2),,,,
0021300925,373,3,11,3,10:38 PM,4:01,,,Henry Free Throw 1 of 2 (7 PTS),80 - 98,18
0021300925,375,8,0,3,10:38 PM,4:01,,,SUB: Farmar FOR Meeks,,
0021300925,376,8,0,3,10:38 PM,4:01,,,SUB: Sacre FOR Gasol,,
0021300925,377,8,0,3,10:38 PM,4:01,,,SUB: Brooks FOR Marshall,,
0021300925,378,3,12,3,10:39 PM,4:01,,,Henry Free Throw 2 of 2 (8 PTS),81 - 98,17
0021300925,380,2,5,3,10:39 PM,3:49,MISS Mozgov 2' Layup,,Brooks BLOCK (2 BLK),,
0021300925,381,4,0,3,10:39 PM,3:48,,,Sacre REBOUND (Off:2 Def:3),,
0021300925,383,2,1,3,10:40 PM,3:26,,,MISS Kelly  3PT Jump Shot,,
0021300925,384,4,0,3,10:40 PM,3:25,NUGGETS Rebound,,,,
0021300925,386,1,1,3,10:40 PM,3:14,Faried 15' Jump Shot (19 PTS) (Lawson 12 AST),,,81 - 100,19
0021300925,387,6,2,3,10:40 PM,3:06,Faried S.FOUL (P2.T3),,,,
0021300925,388,3,11,3,10:41 PM,3:06,,,MISS Sacre Free Throw 1 of 2,,
0021300925,389,4,1,3,10:41 PM,3:06,,,Lakers Rebound,,
0021300925,390,3,12,3,10:41 PM,3:06,,,Sacre Free Throw 2 of 2 (8 PTS),82 - 100,18
0021300925,392,2,63,3,10:41 PM,2:50,MISS Lawson 17' Fadeaway Jumper,,,,
0021300925,393,4,0,3,10:41 PM,2:49,,,Kelly REBOUND (Off:1 Def:4),,
0021300925,394,5,1,3,10:41 PM,2:43,Faried STEAL (3 STL),,Farmar Bad Pass Turnover (P2.T11),,
0021300925,395,2,1,3,10:41 PM,2:35,MISS Chandler 26' 3PT Jump Shot,,,,
0021300925,396,4,0,3,10:41 PM,2:34,,,Farmar REBOUND (Off:0 Def:2),,
0021300925,397,6,1,3,10:42 PM,2:24,Chandler P.FOUL (P3.T4),,,,
0021300925,398,9,1,3,10:42 PM,2:24,NUGGETS Timeout: Regular (Full 3 Short 0),,,,
0021300925,401,8,0,3,10:44 PM,2:24,SUB: Fournier FOR Chandler,,,,
0021300925,402,8,0,3,10:44 PM,2:24,SUB: Hickson FOR Mozgov,,,,
0021300925,403,1,1,3,10:44 PM,2:16,,,Farmar 25' 3PT Jump Shot (16 PTS) (Sacre 1 AST),85 - 100,15
0021300925,404,6,1,3,10:45 PM,2:01,,,Farmar P.FOUL (P1.PN),,
0021300925,405,3,11,3,10:45 PM,2:01,MISS Fournier Free Throw 1 of 2,,,,
0021300925,406,4,1,3,10:45 PM,2:01,NUGGETS Rebound,,,,
0021300925,407,8,0,3,10:45 PM,2:01,SUB: Brooks FOR Lawson,,,,
0021300925,408,3,12,3,10:45 PM,2:01,Fournier Free Throw 2 of 2 (4 PTS),,,85 - 101,16
0021300925,410,2,5,3,10:46 PM,1:50,,,MISS Henry 2' Layup,,
0021300925,411,4,0,3,10:46 PM,1:49,,,Sacre REBOUND (Off:3 Def:3),,
0021300925,412,2,65,3,10:46 PM,1:46,,,MISS Sacre 8' Jump Hook Shot,,
0021300925,414,4,0,3,10:46 PM,1:45,,,Kelly REBOUND (Off:2 Def:4),,
0021300925,413,2,4,3,10:46 PM,1:45,,,MISS Kelly 2' Tip Shot,,
0021300925,415,4,0,3,10:46 PM,1:43,Brooks REBOUND (Off:0 Def:1),,,,
0021300925,416,1,66,3,10:46 PM,1:39,Faried 10' Jump Bank Shot (21 PTS) (Brooks 1 AST),,,85 - 103,18
0021300925,417,6,2,3,10:46 PM,1:39,,,Kelly S.FOUL (P2.PN),,
0021300925,418,3,10,3,10:46 PM,1:39,Faried Free Throw 1 of 1 (22 PTS),,,85 - 104,19
0021300925,420,5,1,3,10:46 PM,1:29,Foye STEAL (2 STL),,Farmar Bad Pass Turnover (P3.T12),,
0021300925,421,6,2,3,10:47 PM,1:28,,,Henry S.FOUL (P3.PN),,
0021300925,422,3,11,3,10:47 PM,1:28,Fournier Free Throw 1 of 2 (5 PTS),,,85 - 105,20
0021300925,424,3,12,3,10:47 PM,1:28,Fournier Free Throw 2 of 2 (6 PTS),,,85 - 106,21
0021300925,426,2,1,3,10:47 PM,1:17,,,MISS Brooks 4' Jump Shot,,
0021300925,428,4,0,3,10:47 PM,1:17,,,Brooks REBOUND (Off:1 Def:1),,
0021300925,427,2,4,3,10:47 PM,1:17,,,MISS Brooks 3' Tip Shot,,
0021300925,429,4,0,3,10:47 PM,1:15,Foye REBOUND (Off:0 Def:2),,,,
0021300925,430,1,52,3,10:47 PM,1:13,Faried 2' Alley Oop Dunk (24 PTS) (Foye 6 AST),,,85 - 108,23
0021300925,431,9,2,3,10:48 PM,1:13,,,Lakers Timeout: Short (Reg.3 Short 2),,
0021300925,433,8,0,3,10:49 PM,1:13,,,SUB: Marshall FOR Brooks,,
0021300925,435,6,17,3,10:49 PM,1:03,NUGGETS T.Foul (Def. 3 Sec Faried ),,,,
0021300925,436,3,16,3,10:49 PM,1:03,,,Farmar Free Throw Technical (17 PTS),86 - 108,22
0021300925,438,8,0,3,10:49 PM,1:03,,,SUB: Meeks FOR Marshall,,
0021300925,439,1,1,3,10:49 PM,0:54,,,Farmar 26' 3PT Jump Shot (20 PTS) (Kelly 1 AST),89 - 108,19
0021300925,440,1,63,3,10:50 PM,0:39,Brooks 14' Fadeaway Jumper (2 PTS) (Hickson 1 AST),,,89 - 110,21
0021300925,441,1,66,3,10:50 PM,0:31,,,Farmar 9' Jump Bank Shot (22 PTS),91 - 110,19
0021300925,442,2,1,3,10:50 PM,0:18,MISS Fournier 5' Jump Shot,,,,
0021300925,443,4,0,3,10:50 PM,0:17,,,Kelly REBOUND (Off:2 Def:5),,
0021300925,444,2,5,3,10:50 PM,0:00,,,MISS Farmar 3' Layup,,
0021300925,445,4,0,3,10:51 PM,0:00,,,Lakers Rebound,,
0021300925,446,13,0,3,10:51 PM,0:00,,,,91 - 110,19
0021300925,448,12,0,4,10:53 PM,12:00,,,,91 - 110,19
0021300925,449,2,1,4,10:54 PM,11:44,,,MISS Henry 18' Jump Shot,,
0021300925,450,4,0,4,10:54 PM,11:43,,,Sacre REBOUND (Off:4 Def:3),,
0021300925,451,2,1,4,10:54 PM,11:34,,,MISS Farmar 16' Jump Shot,,
0021300925,452,4,0,4,10:54 PM,11:33,Arthur REBOUND (Off:0 Def:2),,,,
0021300925,453,2,1,4,10:54 PM,11:19,MISS Arthur 24' 3PT Jump Shot,,,,
0021300925,454,4,0,4,10:54 PM,11:18,,,Sacre REBOUND (Off:4 Def:4),,
0021300925,455,6,1,4,10:54 PM,11:10,Lawson P.FOUL (P2.T1),,,,
0021300925,456,2,1,4,10:55 PM,11:03,,,MISS Meeks 16' Jump Shot,,
0021300925,457,4,0,4,10:55 PM,11:02,Hickson REBOUND (Off:1 Def:2),,,,
0021300925,458,2,1,4,10:55 PM,10:54,MISS Hickson 19' Jump Shot,,,,
0021300925,459,4,0,4,10:55 PM,10:54,,,Kelly REBOUND (Off:2 Def:6),,
0021300925,460,1,63,4,10:55 PM,10:33,,,Farmar 12' Fadeaway Jumper (24 PTS),93 - 110,17
0021300925,461,1,1,4,10:55 PM,10:20,Brooks 24' 3PT Jump Shot (5 PTS) (Hickson 2 AST),,,93 - 113,20
0021300925,462,6,2,4,10:56 PM,10:11,Hickson S.FOUL (P1.T2),,,,
0021300925,463,3,11,4,10:56 PM,10:11,,,Henry Free Throw 1 of 2 (9 PTS),94 - 113,19
0021300925,465,8,0,4,10:56 PM,10:11,,,SUB: Marshall FOR Farmar,,
0021300925,466,3,12,4,10:56 PM,10:11,,,Henry Free Throw 2 of 2 (10 PTS),95 - 113,18
0021300925,468,1,49,4,10:57 PM,9:54,Hickson 1' Driving Dunk (6 PTS) (Lawson 13 AST),,,95 - 115,20
0021300925,469,1,1,4,10:57 PM,9:42,,,Marshall 4' Jump Shot (8 PTS),97 - 115,18
0021300925,470,2,5,4,10:57 PM,9:30,MISS Lawson 3' Layup,,,,
0021300925,471,4,0,4,10:57 PM,9:29,,,Lakers Rebound,,
0021300925,473,1,1,4,10:57 PM,9:17,,,Kelly 26' 3PT Jump Shot (13 PTS) (Marshall 10 AST),100 - 115,15
0021300925,474,5,2,4,10:58 PM,8:57,Brooks Lost Ball Turnover (P2.T11),,Kelly STEAL (1 STL),,
0021300925,475,1,49,4,10:58 PM,8:52,,,Meeks 2' Driving Dunk (9 PTS) (Henry 3 AST),102 - 115,13
0021300925,476,9,1,4,10:58 PM,8:52,NUGGETS Timeout: Regular (Full 4 Short 0),,,,
0021300925,479,8,0,4,11:00 PM,8:52,SUB: Vesely FOR Arthur,,,,
0021300925,481,2,78,4,11:01 PM,8:29,MISS Vesely 16' Floating Jump Shot,,,,
0021300925,482,4,0,4,11:01 PM,8:28,,,Kelly REBOUND (Off:2 Def:7),,
0021300925,483,2,1,4,11:01 PM,8:08,,,MISS Marshall 25' 3PT Jump Shot,,
0021300925,484,4,0,4,11:01 PM,8:07,Hickson REBOUND (Off:1 Def:3),,,,
0021300925,485,2,5,4,11:02 PM,7:50,MISS Hickson 2' Layup,,,,
0021300925,487,4,0,4,11:02 PM,7:50,Hickson REBOUND (Off:2 Def:3),,,,
0021300925,486,1,87,4,11:02 PM,7:50,Hickson 2' Putback Dunk (8 PTS),,,102 - 117,15
0021300925,488,1,42,4,11:02 PM,7:40,,,Kelly 2' Driving Layup (15 PTS) (Marshall 11 AST),104 - 117,13
0021300925,489,6,1,4,11:02 PM,7:35,,,Marshall P.FOUL (P2.T1),,
0021300925,490,8,0,4,11:02 PM,7:35,SUB: Faried FOR Hickson,,,,
0021300925,491,2,1,4,11:02 PM,7:19,MISS Faried 11' Jump Shot,,,,
0021300925,492,4,0,4,11:02 PM,7:18,,,Henry REBOUND (Off:1 Def:2),,
0021300925,493,6,1,4,11:03 PM,7:16,Lawson P.FOUL (P3.T3),,,,
0021300925,494,2,1,4,11:03 PM,7:06,,,MISS Kelly 24' 3PT Jump Shot,,
0021300925,495,4,0,4,11:03 PM,7:05,,,Kelly REBOUND (Off:3 Def:7),,
0021300925,496,2,1,4,11:03 PM,7:01,,,MISS Meeks  3PT Jump Shot,,
0021300925,497,4,0,4,11:03 PM,7:00,Faried REBOUND (Off:2 Def:10),,,,
0021300925,498,6,14,4,11:03 PM,6:54,,,Kelly FLAGRANT.FOUL.TYPE1 (P3.T2),,
0021300925,499,18,0,4,11:04 PM,6:54,,,,,
0021300925,502,8,0,4,11:05 PM,6:54,,,SUB: Gasol FOR Sacre,,
0021300925,503,3,18,4,11:05 PM,6:54,Faried Free Throw Flagrant 1 of 2 (25 PTS),,,104 - 118,14
0021300925,505,3,19,4,11:05 PM,6:54,Faried Free Throw Flagrant 2 of 2 (26 PTS),,,104 - 119,15
0021300925,507,1,1,4,11:06 PM,6:45,Fournier 25' 3PT Jump Shot (9 PTS) (Lawson 14 AST),,,104 - 122,18
0021300925,508,1,42,4,11:06 PM,6:26,,,Kelly 2' Driving Layup (17 PTS) (Marshall 12 AST),106 - 122,16
0021300925,509,1,5,4,11:06 PM,6:20,Faried 2' Layup (28 PTS) (Lawson 15 AST),,,106 - 124,18
0021300925,510,1,1,4,11:06 PM,6:07,,,Kelly  3PT Jump Shot (20 PTS) (Marshall 13 AST),109 - 124,15
0021300925,512,9,4,4,11:07 PM,5:55,,,,,
0021300925,516,2,5,4,11:09 PM,5:49,MISS Vesely 3' Layup,,,,
0021300925,517,4,0,4,11:09 PM,5:48,,,Henry REBOUND (Off:1 Def:3),,
0021300925,518,2,1,4,11:09 PM,5:42,,,MISS Marshall 18' Jump Shot,,
0021300925,519,4,0,4,11:09 PM,5:42,Fournier REBOUND (Off:0 Def:3),,,,
0021300925,520,2,1,4,11:10 PM,5:35,MISS Faried 20' Jump Shot,,,,
0021300925,521,4,0,4,11:10 PM,5:35,,,Lakers Rebound,,
0021300925,522,6,1,4,11:10 PM,5:35,Vesely P.FOUL (P1.T4),,,,
0021300925,523,2,1,4,11:10 PM,5:21,,,MISS Meeks 3' Jump Shot,,
0021300925,525,4,0,4,11:10 PM,5:20,,,Meeks REBOUND (Off:1 Def:0),,
0021300925,524,1,44,4,11:10 PM,5:20,,,Meeks 1' Reverse Layup (11 PTS),111 - 124,13
0021300925,526,2,1,4,11:10 PM,5:06,MISS Lawson 5' Jump Shot,,,,
0021300925,527,4,0,4,11:10 PM,5:06,Lawson REBOUND (Off:2 Def:2),,,,
0021300925,529,1,5,4,11:11 PM,5:01,Faried 2' Layup (30 PTS) (Fournier 2 AST),,,111 - 126,15
0021300925,530,6,2,4,11:11 PM,5:01,,,Kelly S.FOUL (P4.T3),,
0021300925,531,3,10,4,11:11 PM,5:01,MISS Faried Free Throw 1 of 1,,,,
0021300925,533,4,0,4,11:11 PM,4:59,,,Henry REBOUND (Off:1 Def:4),,
0021300925,534,6,26,4,11:11 PM,4:56,,,Henry Offensive Charge Foul (P4.T4),,
0021300925,535,5,5,4,11:11 PM,4:56,,,Henry Foul Turnover (P3.T13),,
0021300925,536,6,4,4,11:12 PM,4:52,Fournier OFF.Foul (P1),,,,
0021300925,537,5,5,4,11:12 PM,4:52,Fournier Foul Turnover (P2.T12),,,,
0021300925,538,6,2,4,11:12 PM,4:37,Brooks S.FOUL (P1.PN),,,,
0021300925,539,3,11,4,11:12 PM,4:37,,,MISS Meeks Free Throw 1 of 2,,
0021300925,540,4,1,4,11:12 PM,4:37,,,Lakers Rebound,,
0021300925,541,3,12,4,11:13 PM,4:37,,,Meeks Free Throw 2 of 2 (12 PTS),112 - 126,14
0021300925,543,1,5,4,11:13 PM,4:25,Fournier 2' Layup (11 PTS) (Lawson 16 AST),,,112 - 128,16
0021300925,544,1,5,4,11:13 PM,4:15,,,Gasol 2' Layup (23 PTS) (Marshall 14 AST),114 - 128,14
0021300925,545,6,2,4,11:13 PM,4:15,Vesely S.FOUL (P2.PN),,,,
0021300925,546,3,10,4,11:13 PM,4:15,,,Gasol Free Throw 1 of 1 (24 PTS),115 - 128,13
0021300925,548,1,78,4,11:14 PM,4:03,Brooks 5' Floating Jump Shot (7 PTS) (Lawson 17 AST),,,115 - 130,15
0021300925,549,2,1,4,11:14 PM,3:52,,,MISS Marshall 27' 3PT Jump Shot,,
0021300925,550,4,0,4,11:14 PM,3:51,Brooks REBOUND (Off:0 Def:2),,,,
0021300925,551,2,1,4,11:14 PM,3:34,MISS Lawson 24' 3PT Jump Shot,,,,
0021300925,552,4,0,4,11:14 PM,3:33,,,Marshall REBOUND (Off:1 Def:2),,
0021300925,553,6,2,4,11:15 PM,3:30,Faried S.FOUL (P3.PN),,,,
0021300925,554,3,11,4,11:15 PM,3:30,,,Kelly Free Throw 1 of 2 (21 PTS),116 - 130,14
0021300925,556,8,0,4,11:15 PM,3:30,,,SUB: Farmar FOR Marshall,,
0021300925,557,3,12,4,11:15 PM,3:30,,,Kelly Free Throw 2 of 2 (22 PTS),117 - 130,13
0021300925,559,1,47,4,11:16 PM,3:05,Fournier 13' Turnaround Jump Shot (13 PTS),,,117 - 132,15
0021300925,561,6,1,4,11:16 PM,2:53,Vesely P.FOUL (P3.PN),,,,
0021300925,562,9,1,4,11:16 PM,2:53,,,Lakers Timeout: Regular (Reg.4 Short 2),,
0021300925,566,3,11,4,11:19 PM,2:53,,,Gasol Free Throw 1 of 2 (25 PTS),118 - 132,14
0021300925,568,3,12,4,11:19 PM,2:53,,,MISS Gasol Free Throw 2 of 2,,
0021300925,570,4,0,4,11:19 PM,2:51,Fournier REBOUND (Off:0 Def:4),,,,
0021300925,571,2,1,4,11:19 PM,2:29,MISS Faried 16' Jump Shot,,,,
0021300925,572,4,0,4,11:19 PM,2:29,,,Kelly REBOUND (Off:3 Def:8),,
0021300925,573,1,80,4,11:20 PM,2:11,,,Meeks 19' Step Back Jump Shot (14 PTS),120 - 132,12
0021300925,574,2,1,4,11:20 PM,1:56,MISS Lawson 17' Jump Shot,,,,
0021300925,575,4,0,4,11:20 PM,1:55,,,Meeks REBOUND (Off:1 Def:1),,
0021300925,576,1,42,4,11:20 PM,1:53,,,Meeks 2' Driving Layup (16 PTS),122 - 132,10
0021300925,577,2,1,4,11:20 PM,1:31,MISS Faried 5' Jump Shot,,,,
0021300925,578,4,0,4,11:20 PM,1:30,,,Meeks REBOUND (Off:1 Def:2),,
0021300925,579,6,27,4,11:21 PM,1:23,Faried Personal Block Foul (P4.PN),,,,
0021300925,580,3,11,4,11:21 PM,1:23,,,Kelly Free Throw 1 of 2 (23 PTS),123 - 132,9
0021300925,582,3,12,4,11:21 PM,1:23,,,Kelly Free Throw 2 of 2 (24 PTS),124 - 132,8
0021300925,584,2,1,4,11:22 PM,1:01,MISS Lawson 20' Jump Shot,,,,
0021300925,585,4,0,4,11:22 PM,1:00,Faried REBOUND (Off:3 Def:10),,,,
0021300925,586,1,44,4,11:22 PM,0:40,Faried 1' Reverse Layup (32 PTS) (Brooks 2 AST),,,124 - 134,10
0021300925,587,5,1,4,11:22 PM,0:32,Vesely STEAL (1 STL),,Farmar Bad Pass Turnover (P4.T14),,
0021300925,588,6,1,4,11:22 PM,0:31,,,Farmar P.FOUL (P2.PN),,
0021300925,589,2,1,4,11:23 PM,0:08,MISS Brooks 29' 3PT Jump Shot,,,,
0021300925,590,4,0,4,11:23 PM,0:07,NUGGETS Rebound,,,,
0021300925,591,5,11,4,11:23 PM,0:07,NUGGETS Turnover: Shot Clock (T#13),,,,
0021300925,592,1,7,4,11:23 PM,0:03,,,Gasol 1' Dunk (27 PTS) (Farmar 4 AST),126 - 134,8
0021300925,593,13,0,4,11:24 PM,0:00,,,,126 - 134,8
