GAME_ID,EVENTNUM,EVENTMSGTYPE,EVENTMSGACTIONTYPE,PERIOD,WCTIMESTRING,PCTIMESTRING,HOMEDESCRIPTION,NEUTRALDESCRIPTION,VISITORDESCRIPTION,SCORE,SCOREMARGIN,PERSON1TYPE,PLAYER1_ID,PLAYER1_NAME,PLAYER1_TEAM_ID,PLAYER1_TEAM_CITY,PLAYER1_TEAM_NICKNAME,PLAYER1_TEAM_ABBREVIATION,PERSON2TYPE,PLAYER2_ID,PLAYER2_NAME,PLAYER2_TEAM_ID,PLAYER2_TEAM_CITY,PLAYER2_TEAM_NICKNAME,PLAYER2_TEAM_ABBREVIATION,PERSON3TYPE,PLAYER3_ID,PLAYER3_NAME,PLAYER3_TEAM_ID,PLAYER3_TEAM_CITY,PLAYER3_TEAM_NICKNAME,PLAYER3_TEAM_ABBREVIATION,VIDEO_AVAILABLE_FLAG
0021800356,2,12,0,1,7:11 PM,12:00,,,,,,0,0,,,,,,0,0,,,,,,0,0,,,,,,0
0021800356,4,10,0,1,7:11 PM,12:00,Jump Ball Vucevic vs. Jokic: Tip to Gordon,,,,,4,202696,Nikola Vucevic,1610612753.0,Orlando,Magic,ORL,5,203999,Nikola Jokic,1610612743.0,Denver,Nuggets,DEN,4,203932,Aaron Gordon,1610612753.0,Orlando,Magic,ORL,1
0021800356,7,1,58,1,7:11 PM,11:39,Vucevic 9' Turnaround Hook Shot (2 PTS),,,0 - 2,2,4,202696,Nikola Vucevic,1610612753.0,Orlando,Magic,ORL,0,0,,,,,,0,0,,,,,,1
0021800356,8,2,86,1,7:12 PM,11:24,,,MISS Murray 12' Turnaround Fadeaway Shot,,,5,1627750,Jamal Murray,1610612743.0,Denver,Nuggets,DEN,0,0,,,,,,0,0,,,,,,1
0021800356,9,4,0,1,7:12 PM,11:22,Vucevic REBOUND (Off:0 Def:1),,,,,4,202696,Nikola Vucevic,1610612753.0,Orlando,Magic,ORL,0,0,,,,,,0,0,,,,,,1
0021800356,10,2,101,1,7:12 PM,11:11,MISS Gordon 8' Driving Floating Jump Shot,,,,,4,203932,Aaron Gordon,1610612753.0,Orlando,Magic,ORL,0,0,,,,,,0,0,,,,,,1
0021800356,11,4,0,1,7:12 PM,11:09,,,Jokic REBOUND (Off:0 Def:1),,,5,203999,Nikola Jokic,1610612743.0,Denver,Nuggets,DEN,0,0,,,,,,0,0,,,,,,1
0021800356,12,5,13,1,7:12 PM,11:07,,,Millsap Backcourt Turnover (P1.T1),,,5,200794,Paul Millsap,1610612743.0,Denver,Nuggets,DEN,0,0,,,,,,1,0,,,,,,1
0021800356,13,2,1,1,7:12 PM,10:52,MISS Fournier 29' 3PT Jump Shot,,,,,4,203095,Evan Fournier,1610612753.0,Orlando,Magic,ORL,0,0,,,,,,0,0,,,,,,1
0021800356,14,4,0,1,7:12 PM,10:49,,,Millsap REBOUND (Off:0 Def:1),,,5,200794,Paul Millsap,1610612743.0,Denver,Nuggets,DEN,0,0,,,,,,0,0,,,,,,1
0021800356,15,2,98,1,7:13 PM,10:35,,,MISS Jokic 5' Cutting Layup Shot,,,5,203999,Nikola Jokic,1610612743.0,Denver,Nuggets,DEN,0,0,,,,,,0,0,,,,,,1
0021800356,16,4,0,1,7:13 PM,10:31,Vucevic REBOUND (Off:0 Def:2),,,,,4,202696,Nikola Vucevic,1610612753.0,Orlando,Magic,ORL,0,0,,,,,,0,0,,,,,,1
0021800356,17,1,67,1,7:13 PM,10:24,Vucevic 2' Hook Bank Shot (4 PTS) (Augustin 1 AST),,,0 - 4,4,4,202696,Nikola Vucevic,1610612753.0,Orlando,Magic,ORL,4,201571,D.J. Augustin,1610612753.0,Orlando,Magic,ORL,0,0,,,,,,1
0021800356,19,1,98,1,7:13 PM,10:04,,,Hernangomez 1' Cutting Layup Shot (2 PTS) (Jokic 1 AST),2 - 4,2,5,1627823,Juancho Hernangomez,1610612743.0,Denver,Nuggets,DEN,5,203999,Nikola Jokic,1610612743.0,Denver,Nuggets,DEN,0,0,,,,,,1
0021800356,21,6,1,1,7:14 PM,9:53,,,Millsap P.FOUL (P1.T1) (C.Washington),,,5,200794,Paul Millsap,1610612743.0,Denver,Nuggets,DEN,4,203932,Aaron Gordon,1610612753.0,Orlando,Magic,ORL,1,0,,,,,,1
0021800356,23,2,1,1,7:14 PM,9:43,MISS Simmons  3PT Jump Shot,,,,,4,203613,Jonathon Simmons,1610612753.0,Orlando,Magic,ORL,0,0,,,,,,0,0,,,,,,1
0021800356,24,4,0,1,7:14 PM,9:39,,,Murray REBOUND (Off:0 Def:1),,,5,1627750,Jamal Murray,1610612743.0,Denver,Nuggets,DEN,0,0,,,,,,0,0,,,,,,1
0021800356,25,1,41,1,7:14 PM,9:37,,,Murray 1' Running Layup (2 PTS),4 - 4,TIE,5,1627750,Jamal Murray,1610612743.0,Denver,Nuggets,DEN,0,0,,,,,,0,0,,,,,,1
0021800356,26,2,5,1,7:14 PM,9:17,MISS Gordon 2' Layup,,,,,4,203932,Aaron Gordon,1610612753.0,Orlando,Magic,ORL,0,0,,,,,,0,0,,,,,,1
0021800356,27,4,0,1,7:14 PM,9:15,,,Jokic REBOUND (Off:0 Def:2),,,5,203999,Nikola Jokic,1610612743.0,Denver,Nuggets,DEN,0,0,,,,,,0,0,,,,,,1
0021800356,28,2,98,1,7:15 PM,9:08,,,MISS Murray 1' Cutting Layup Shot,,,5,1627750,Jamal Murray,1610612743.0,Denver,Nuggets,DEN,0,0,,,,,,0,0,,,,,,1
0021800356,29,4,0,1,7:15 PM,9:05,,,Murray REBOUND (Off:1 Def:1),,,5,1627750,Jamal Murray,1610612743.0,Denver,Nuggets,DEN,0,0,,,,,,0,0,,,,,,1
0021800356,30,1,1,1,7:15 PM,8:53,,,Millsap  3PT Jump Shot (3 PTS) (Murray 1 AST),7 - 4,-3,5,200794,Paul Millsap,1610612743.0,Denver,Nuggets,DEN,5,1627750,Jamal Murray,1610612743.0,Denver,Nuggets,DEN,0,0,,,,,,1
0021800356,32,6,1,1,7:15 PM,8:43,,,Jokic P.FOUL (P1.T2) (M.Davis),,,5,203999,Nikola Jokic,1610612743.0,Denver,Nuggets,DEN,4,201571,D.J. Augustin,1610612753.0,Orlando,Magic,ORL,1,0,,,,,,1
0021800356,34,1,1,1,7:15 PM,8:37,Vucevic 21' Jump Shot (6 PTS) (Simmons 1 AST),,,7 - 6,-1,4,202696,Nikola Vucevic,1610612753.0,Orlando,Magic,ORL,4,203613,Jonathon Simmons,1610612753.0,Orlando,Magic,ORL,0,0,,,,,,1
0021800356,36,1,101,1,7:16 PM,8:25,,,Murray 13' Driving Floating Jump Shot (4 PTS),9 - 6,-3,5,1627750,Jamal Murray,1610612743.0,Denver,Nuggets,DEN,0,0,,,,,,0,0,,,,,,1
0021800356,37,5,1,1,7:16 PM,8:06,Fournier Bad Pass Turnover (P1.T1),,Murray STEAL (1 STL),,,4,203095,Evan Fournier,1610612753.0,Orlando,Magic,ORL,5,1627750,Jamal Murray,1610612743.0,Denver,Nuggets,DEN,0,0,,,,,,1
0021800356,39,1,1,1,7:16 PM,7:59,,,Millsap  3PT Jump Shot (6 PTS) (Murray 2 AST),12 - 6,-6,5,200794,Paul Millsap,1610612743.0,Denver,Nuggets,DEN,5,1627750,Jamal Murray,1610612743.0,Denver,Nuggets,DEN,0,0,,,,,,1
0021800356,41,2,3,1,7:16 PM,7:33,MISS Vucevic 10' Hook Shot,,,,,4,202696,Nikola Vucevic,1610612753.0,Orlando,Magic,ORL,0,0,,,,,,0,0,,,,,,1
0021800356,42,4,0,1,7:16 PM,7:30,,,Hernangomez REBOUND (Off:0 Def:1),,,5,1627823,Juancho Hernangomez,1610612743.0,Denver,Nuggets,DEN,0,0,,,,,,0,0,,,,,,1
0021800356,43,1,78,1,7:17 PM,7:23,,,Murray 11' Floating Jump Shot (6 PTS) (Jokic 2 AST),14 - 6,-8,5,1627750,Jamal Murray,1610612743.0,Denver,Nuggets,DEN,5,203999,Nikola Jokic,1610612743.0,Denver,Nuggets,DEN,0,0,,,,,,1
0021800356,45,9,1,1,7:17 PM,7:15,MAGIC Timeout: Regular (Full 1 Short 0),,,,,2,1610612753,,,,,,0,0,,,,,,0,0,,,,,,0
0021800356,46,1,6,1,7:20 PM,6:56,Fournier 2' Driving Layup (2 PTS),,,14 - 8,-6,4,203095,Evan Fournier,1610612753.0,Orlando,Magic,ORL,0,0,,,,,,0,0,,,,,,1
0021800356,47,1,1,1,7:20 PM,6:44,,,Hernangomez  3PT Jump Shot (5 PTS) (Jokic 3 AST),17 - 8,-9,5,1627823,Juancho Hernangomez,1610612743.0,Denver,Nuggets,DEN,5,203999,Nikola Jokic,1610612743.0,Denver,Nuggets,DEN,0,0,,,,,,1
0021800356,49,2,1,1,7:20 PM,6:33,MISS Augustin 26' 3PT Jump Shot,,,,,4,201571,D.J. Augustin,1610612753.0,Orlando,Magic,ORL,0,0,,,,,,0,0,,,,,,1
0021800356,50,4,0,1,7:20 PM,6:29,,,Jokic REBOUND (Off:0 Def:3),,,5,203999,Nikola Jokic,1610612743.0,Denver,Nuggets,DEN,0,0,,,,,,0,0,,,,,,1
0021800356,51,1,6,1,7:21 PM,6:18,,,Millsap 7' Driving Layup (8 PTS) (Jokic 4 AST),19 - 8,-11,5,200794,Paul Millsap,1610612743.0,Denver,Nuggets,DEN,5,203999,Nikola Jokic,1610612743.0,Denver,Nuggets,DEN,0,0,,,,,,1
0021800356,53,6,2,1,7:21 PM,6:18,Gordon S.FOUL (P1.T1) (C.Washington),,,,,4,203932,Aaron Gordon,1610612753.0,Orlando,Magic,ORL,5,200794,Paul Millsap,1610612743.0,Denver,Nuggets,DEN,1,0,,,,,,1
0021800356,55,3,10,1,7:21 PM,6:18,,,Millsap Free Throw 1 of 1 (9 PTS),20 - 8,-12,5,200794,Paul Millsap,1610612743.0,Denver,Nuggets,DEN,0,0,,,,,,0,0,,,,,,0
0021800356,56,1,6,1,7:21 PM,6:01,Simmons 6' Driving Layup (2 PTS),,,20 - 10,-10,4,203613,Jonathon Simmons,1610612753.0,Orlando,Magic,ORL,0,0,,,,,,0,0,,,,,,1
0021800356,57,1,1,1,7:22 PM,5:45,,,Murray 19' Jump Shot (8 PTS) (Jokic 5 AST),22 - 10,-12,5,1627750,Jamal Murray,1610612743.0,Denver,Nuggets,DEN,5,203999,Nikola Jokic,1610612743.0,Denver,Nuggets,DEN,0,0,,,,,,1
0021800356,59,1,1,1,7:22 PM,5:31,Gordon 25' 3PT Jump Shot (3 PTS) (Vucevic 1 AST),,,22 - 13,-9,4,203932,Aaron Gordon,1610612753.0,Orlando,Magic,ORL,4,202696,Nikola Vucevic,1610612753.0,Orlando,Magic,ORL,0,0,,,,,,1
0021800356,61,2,79,1,7:22 PM,5:18,,,MISS Murray 13' Pullup Jump Shot,,,5,1627750,Jamal Murray,1610612743.0,Denver,Nuggets,DEN,0,0,,,,,,0,0,,,,,,1
0021800356,62,4,0,1,7:22 PM,5:16,Vucevic REBOUND (Off:0 Def:3),,,,,4,202696,Nikola Vucevic,1610612753.0,Orlando,Magic,ORL,0,0,,,,,,0,0,,,,,,1
0021800356,63,1,1,1,7:22 PM,5:06,Gordon 26' 3PT Jump Shot (6 PTS) (Vucevic 2 AST),,,22 - 16,-6,4,203932,Aaron Gordon,1610612753.0,Orlando,Magic,ORL,4,202696,Nikola Vucevic,1610612753.0,Orlando,Magic,ORL,0,0,,,,,,1
0021800356,65,2,80,1,7:23 PM,4:46,,,MISS Millsap 16' Step Back Jump Shot,,,5,200794,Paul Millsap,1610612743.0,Denver,Nuggets,DEN,0,0,,,,,,0,0,,,,,,1
0021800356,66,4,0,1,7:23 PM,4:43,Vucevic REBOUND (Off:0 Def:4),,,,,4,202696,Nikola Vucevic,1610612753.0,Orlando,Magic,ORL,0,0,,,,,,0,0,,,,,,1
0021800356,67,2,1,1,7:23 PM,4:33,MISS Gordon  3PT Jump Shot,,,,,4,203932,Aaron Gordon,1610612753.0,Orlando,Magic,ORL,0,0,,,,,,0,0,,,,,,1
0021800356,68,4,0,1,7:23 PM,4:30,,,Hernangomez REBOUND (Off:0 Def:2),,,5,1627823,Juancho Hernangomez,1610612743.0,Denver,Nuggets,DEN,0,0,,,,,,0,0,,,,,,1
0021800356,69,2,57,1,7:23 PM,4:21,,,MISS Millsap 7' Driving Hook Shot,,,5,200794,Paul Millsap,1610612743.0,Denver,Nuggets,DEN,0,0,,,,,,0,0,,,,,,1
0021800356,70,4,0,1,7:23 PM,4:19,,,Craig REBOUND (Off:1 Def:0),,,5,1628470,Torrey Craig,1610612743.0,Denver,Nuggets,DEN,0,0,,,,,,0,0,,,,,,1
0021800356,72,1,1,1,7:24 PM,4:08,,,Jokic 25' 3PT Jump Shot (3 PTS) (Hernangomez 1 AST),25 - 16,-9,5,203999,Nikola Jokic,1610612743.0,Denver,Nuggets,DEN,5,1627823,Juancho Hernangomez,1610612743.0,Denver,Nuggets,DEN,0,0,,,,,,1
0021800356,74,1,79,1,7:24 PM,3:52,Gordon 12' Pullup Jump Shot (8 PTS),,,25 - 18,-7,4,203932,Aaron Gordon,1610612753.0,Orlando,Magic,ORL,0,0,,,,,,0,0,,,,,,1
0021800356,75,2,1,1,7:24 PM,3:38,,,MISS Hernangomez  3PT Jump Shot,,,5,1627823,Juancho Hernangomez,1610612743.0,Denver,Nuggets,DEN,0,0,,,,,,0,0,,,,,,1
0021800356,76,4,0,1,7:24 PM,3:35,Gordon REBOUND (Off:0 Def:1),,,,,4,203932,Aaron Gordon,1610612753.0,Orlando,Magic,ORL,0,0,,,,,,0,0,,,,,,1
0021800356,77,1,73,1,7:24 PM,3:30,Gordon 2' Driving Reverse Layup (10 PTS),,,25 - 20,-5,4,203932,Aaron Gordon,1610612753.0,Orlando,Magic,ORL,0,0,,,,,,0,0,,,,,,1
0021800356,78,9,1,1,7:25 PM,3:23,,,Nuggets Timeout: Regular (Reg.1 Short 0),,,3,1610612743,,,,,,0,0,,,,,,0,0,,,,,,0
0021800356,79,8,0,1,7:26 PM,3:23,SUB: Isaac FOR Simmons,,,,,4,203613,Jonathon Simmons,1610612753.0,Orlando,Magic,ORL,4,1628371,Jonathan Isaac,1610612753.0,Orlando,Magic,ORL,0,0,,,,,,0
0021800356,80,8,0,1,7:26 PM,3:23,SUB: Ross FOR Fournier,,,,,4,203095,Evan Fournier,1610612753.0,Orlando,Magic,ORL,4,203082,Terrence Ross,1610612753.0,Orlando,Magic,ORL,0,0,,,,,,0
0021800356,81,8,0,1,7:26 PM,3:23,SUB: Grant FOR Augustin,,,,,4,201571,D.J. Augustin,1610612753.0,Orlando,Magic,ORL,4,1626170,Jerian Grant,1610612753.0,Orlando,Magic,ORL,0,0,,,,,,0
0021800356,82,8,0,1,7:26 PM,3:23,,,SUB: Plumlee FOR Millsap,,,5,200794,Paul Millsap,1610612743.0,Denver,Nuggets,DEN,5,203486,Mason Plumlee,1610612743.0,Denver,Nuggets,DEN,0,0,,,,,,0
0021800356,83,8,0,1,7:26 PM,3:23,,,SUB: Morris FOR Murray,,,5,1627750,Jamal Murray,1610612743.0,Denver,Nuggets,DEN,5,1628420,Monte Morris,1610612743.0,Denver,Nuggets,DEN,0,0,,,,,,0
0021800356,89,2,1,1,7:28 PM,3:10,,,MISS Jokic 18' Jump Shot,,,5,203999,Nikola Jokic,1610612743.0,Denver,Nuggets,DEN,0,0,,,,,,0,0,,,,,,1
0021800356,90,4,0,1,7:28 PM,3:08,Gordon REBOUND (Off:0 Def:2),,,,,4,203932,Aaron Gordon,1610612753.0,Orlando,Magic,ORL,0,0,,,,,,0,0,,,,,,1
0021800356,91,6,1,1,7:28 PM,3:08,,,Plumlee P.FOUL (P1.T3) (K.Scott),,,5,203486,Mason Plumlee,1610612743.0,Denver,Nuggets,DEN,4,203932,Aaron Gordon,1610612753.0,Orlando,Magic,ORL,1,0,,,,,,1
0021800356,93,2,57,1,7:28 PM,2:58,MISS Vucevic 6' Driving Hook Shot,,,,,4,202696,Nikola Vucevic,1610612753.0,Orlando,Magic,ORL,0,0,,,,,,0,0,,,,,,1
0021800356,94,4,0,1,7:28 PM,2:55,,,Plumlee REBOUND (Off:0 Def:1),,,5,203486,Mason Plumlee,1610612743.0,Denver,Nuggets,DEN,0,0,,,,,,0,0,,,,,,1
0021800356,95,6,1,1,7:28 PM,2:43,Isaac P.FOUL (P1.T2) (C.Washington),,,,,4,1628371,Jonathan Isaac,1610612753.0,Orlando,Magic,ORL,5,203999,Nikola Jokic,1610612743.0,Denver,Nuggets,DEN,1,0,,,,,,1
0021800356,97,8,0,1,7:29 PM,2:43,,,SUB: Beasley FOR Craig,,,5,1628470,Torrey Craig,1610612743.0,Denver,Nuggets,DEN,5,1627736,Malik Beasley,1610612743.0,Denver,Nuggets,DEN,0,0,,,,,,0
0021800356,99,1,52,1,7:29 PM,2:36,,,Plumlee 2' Alley Oop Dunk (2 PTS) (Beasley 1 AST),27 - 20,-7,5,203486,Mason Plumlee,1610612743.0,Denver,Nuggets,DEN,5,1627736,Malik Beasley,1610612743.0,Denver,Nuggets,DEN,0,0,,,,,,1
0021800356,101,1,1,1,7:29 PM,2:19,Gordon 26' 3PT Jump Shot (13 PTS) (Isaac 1 AST),,,27 - 23,-4,4,203932,Aaron Gordon,1610612753.0,Orlando,Magic,ORL,4,1628371,Jonathan Isaac,1610612753.0,Orlando,Magic,ORL,0,0,,,,,,1
0021800356,103,6,2,1,7:29 PM,1:59,Vucevic S.FOUL (P1.T3) (K.Scott),,,,,4,202696,Nikola Vucevic,1610612753.0,Orlando,Magic,ORL,5,203486,Mason Plumlee,1610612743.0,Denver,Nuggets,DEN,1,0,,,,,,1
0021800356,105,6,11,1,7:30 PM,1:59,Vucevic T.FOUL (P1.T3) (K.Scott),,,,,4,202696,Nikola Vucevic,1610612753.0,Orlando,Magic,ORL,0,0,,,,,,1,0,,,,,,0
0021800356,106,3,16,1,7:30 PM,1:59,,,MISS Morris Free Throw Technical,,,5,1628420,Monte Morris,1610612743.0,Denver,Nuggets,DEN,0,0,,,,,,0,0,,,,,,0
0021800356,107,4,1,1,7:30 PM,1:59,,,Nuggets Rebound,,,3,1610612743,,,,,,0,0,,,,,,0,0,,,,,,0
0021800356,108,3,11,1,7:30 PM,1:59,,,Plumlee Free Throw 1 of 2 (3 PTS),28 - 23,-5,5,203486,Mason Plumlee,1610612743.0,Denver,Nuggets,DEN,0,0,,,,,,0,0,,,,,,0
0021800356,109,8,0,1,7:30 PM,1:59,,,SUB: Lyles FOR Jokic,,,5,203999,Nikola Jokic,1610612743.0,Denver,Nuggets,DEN,5,1626168,Trey Lyles,1610612743.0,Denver,Nuggets,DEN,0,0,,,,,,0
0021800356,112,8,0,1,7:30 PM,1:59,SUB: Bamba FOR Vucevic,,,,,4,202696,Nikola Vucevic,1610612753.0,Orlando,Magic,ORL,4,1628964,Mo Bamba,1610612753.0,Orlando,Magic,ORL,0,0,,,,,,0
0021800356,111,3,12,1,7:31 PM,1:59,,,Plumlee Free Throw 2 of 2 (4 PTS),29 - 23,-6,5,203486,Mason Plumlee,1610612743.0,Denver,Nuggets,DEN,0,0,,,,,,0,0,,,,,,0
0021800356,114,1,1,1,7:31 PM,1:43,Isaac 26' 3PT Jump Shot (3 PTS) (Bamba 1 AST),,,29 - 26,-3,4,1628371,Jonathan Isaac,1610612753.0,Orlando,Magic,ORL,4,1628964,Mo Bamba,1610612753.0,Orlando,Magic,ORL,0,0,,,,,,1
0021800356,115,1,67,1,7:31 PM,1:24,,,Plumlee 3' Hook Bank Shot (6 PTS),31 - 26,-5,5,203486,Mason Plumlee,1610612743.0,Denver,Nuggets,DEN,0,0,,,,,,0,0,,,,,,1
0021800356,117,2,6,1,7:32 PM,0:59,MISS Gordon 4' Driving Layup,,Plumlee BLOCK (1 BLK),,,4,203932,Aaron Gordon,1610612753.0,Orlando,Magic,ORL,0,0,,,,,,5,203486,Mason Plumlee,1610612743.0,Denver,Nuggets,DEN,1
0021800356,119,4,0,1,7:32 PM,0:59,MAGIC Rebound,,,,,2,1610612753,,,,,,0,0,,,,,,0,0,,,,,,0
0021800356,121,9,1,1,7:32 PM,0:59,MAGIC Timeout: Regular (Full 2 Short 0),,,,,2,1610612753,,,,,,0,0,,,,,,0,0,,,,,,0
0021800356,122,1,1,1,7:33 PM,0:55,Ross 17' Jump Shot (2 PTS) (Isaac 2 AST),,,31 - 28,-3,4,203082,Terrence Ross,1610612753.0,Orlando,Magic,ORL,4,1628371,Jonathan Isaac,1610612753.0,Orlando,Magic,ORL,0,0,,,,,,1
0021800356,124,2,1,1,7:34 PM,0:35,,,MISS Hernangomez 25' 3PT Jump Shot,,,5,1627823,Juancho Hernangomez,1610612743.0,Denver,Nuggets,DEN,0,0,,,,,,0,0,,,,,,1
0021800356,125,4,0,1,7:34 PM,0:32,Bamba REBOUND (Off:0 Def:1),,,,,4,1628964,Mo Bamba,1610612753.0,Orlando,Magic,ORL,0,0,,,,,,0,0,,,,,,1
0021800356,126,5,40,1,7:34 PM,0:19,Isaac Out of Bounds Lost Ball Turnover (P1.T2),,,,,4,1628371,Jonathan Isaac,1610612753.0,Orlando,Magic,ORL,0,0,,,,,,1,0,,,,,,1
0021800356,127,2,101,1,7:35 PM,0:00,Isaac BLOCK (1 BLK),,MISS Lyles 15' Driving Floating Jump Shot,,,5,1626168,Trey Lyles,1610612743.0,Denver,Nuggets,DEN,0,0,,,,,,4,1628371,Jonathan Isaac,1610612753.0,Orlando,Magic,ORL,1
0021800356,129,4,0,1,7:35 PM,0:00,Isaac REBOUND (Off:0 Def:1),,,,,4,1628371,Jonathan Isaac,1610612753.0,Orlando,Magic,ORL,0,0,,,,,,0,0,,,,,,1
0021800356,130,13,0,1,7:35 PM,0:00,,,,31 - 28,-3,0,0,,,,,,0,0,,,,,,0,0,,,,,,1
0021800356,135,12,0,2,7:37 PM,12:00,,,,31 - 28,-3,0,0,,,,,,0,0,,,,,,0,0,,,,,,0
0021800356,136,2,6,2,7:37 PM,11:46,,,MISS Murray 2' Driving Layup,,,5,1627750,Jamal Murray,1610612743.0,Denver,Nuggets,DEN,0,0,,,,,,0,0,,,,,,1
0021800356,137,4,0,2,7:38 PM,11:43,Bamba REBOUND (Off:0 Def:2),,,,,4,1628964,Mo Bamba,1610612753.0,Orlando,Magic,ORL,0,0,,,,,,0,0,,,,,,1
0021800356,138,2,1,2,7:38 PM,11:37,MISS Isaac 16' Jump Shot,,,,,4,1628371,Jonathan Isaac,1610612753.0,Orlando,Magic,ORL,0,0,,,,,,0,0,,,,,,1
0021800356,139,4,0,2,7:38 PM,11:33,,,Murray REBOUND (Off:1 Def:2),,,5,1627750,Jamal Murray,1610612743.0,Denver,Nuggets,DEN,0,0,,,,,,0,0,,,,,,1
0021800356,140,5,1,2,7:38 PM,11:26,Ross STEAL (1 STL),,Morris Bad Pass Turnover (P1.T2),,,5,1628420,Monte Morris,1610612743.0,Denver,Nuggets,DEN,4,203082,Terrence Ross,1610612753.0,Orlando,Magic,ORL,0,0,,,,,,1
0021800356,142,1,41,2,7:38 PM,11:19,Isaac 1' Running Layup (5 PTS) (Ross 1 AST),,,31 - 30,-1,4,1628371,Jonathan Isaac,1610612753.0,Orlando,Magic,ORL,4,203082,Terrence Ross,1610612753.0,Orlando,Magic,ORL,0,0,,,,,,1
0021800356,144,5,2,2,7:38 PM,11:05,Isaac STEAL (1 STL),,Beasley Lost Ball Turnover (P1.T3),,,5,1627736,Malik Beasley,1610612743.0,Denver,Nuggets,DEN,4,1628371,Jonathan Isaac,1610612753.0,Orlando,Magic,ORL,0,0,,,,,,1
0021800356,146,2,1,2,7:38 PM,10:52,MISS Isaac  3PT Jump Shot,,,,,4,1628371,Jonathan Isaac,1610612753.0,Orlando,Magic,ORL,0,0,,,,,,0,0,,,,,,1
0021800356,147,4,0,2,7:38 PM,10:49,,,Morris REBOUND (Off:0 Def:1),,,5,1628420,Monte Morris,1610612743.0,Denver,Nuggets,DEN,0,0,,,,,,0,0,,,,,,1
0021800356,149,1,6,2,7:39 PM,10:29,,,Morris 5' Driving Layup (2 PTS),33 - 30,-3,5,1628420,Monte Morris,1610612743.0,Denver,Nuggets,DEN,0,0,,,,,,0,0,,,,,,1
0021800356,150,1,1,2,7:39 PM,10:16,Ross 27' 3PT Jump Shot (5 PTS) (Bamba 2 AST),,,33 - 33,TIE,4,203082,Terrence Ross,1610612753.0,Orlando,Magic,ORL,4,1628964,Mo Bamba,1610612753.0,Orlando,Magic,ORL,0,0,,,,,,1
0021800356,152,2,79,2,7:40 PM,9:55,,,MISS Beasley 26' 3PT Pullup Jump Shot,,,5,1627736,Malik Beasley,1610612743.0,Denver,Nuggets,DEN,0,0,,,,,,0,0,,,,,,1
0021800356,153,4,0,2,7:40 PM,9:51,Bamba REBOUND (Off:0 Def:3),,,,,4,1628964,Mo Bamba,1610612753.0,Orlando,Magic,ORL,0,0,,,,,,0,0,,,,,,1
0021800356,154,2,1,2,7:40 PM,9:46,MISS Ross 30' 3PT Jump Shot,,,,,4,203082,Terrence Ross,1610612753.0,Orlando,Magic,ORL,0,0,,,,,,0,0,,,,,,1
0021800356,155,4,0,2,7:40 PM,9:41,,,Plumlee REBOUND (Off:0 Def:2),,,5,203486,Mason Plumlee,1610612743.0,Denver,Nuggets,DEN,0,0,,,,,,0,0,,,,,,1
0021800356,156,1,9,2,7:40 PM,9:31,,,Lyles 2' Driving Dunk (2 PTS) (Plumlee 1 AST),35 - 33,-2,5,1626168,Trey Lyles,1610612743.0,Denver,Nuggets,DEN,5,203486,Mason Plumlee,1610612743.0,Denver,Nuggets,DEN,0,0,,,,,,1
0021800356,158,5,45,2,7:40 PM,9:16,Fournier Out of Bounds - Bad Pass Turnover Turnover (P2.T3),,,,,4,203095,Evan Fournier,1610612753.0,Orlando,Magic,ORL,0,0,,,,,,1,0,,,,,,1
0021800356,159,2,1,2,7:41 PM,9:00,,,MISS Lyles 22' Jump Shot,,,5,1626168,Trey Lyles,1610612743.0,Denver,Nuggets,DEN,0,0,,,,,,0,0,,,,,,1
0021800356,160,4,0,2,7:41 PM,8:57,Fournier REBOUND (Off:0 Def:1),,,,,4,203095,Evan Fournier,1610612753.0,Orlando,Magic,ORL,0,0,,,,,,0,0,,,,,,1
0021800356,161,1,105,2,7:41 PM,8:42,Isaac 10' Turnaround Fadeaway Bank Jump Shot (7 PTS),,,35 - 35,TIE,4,1628371,Jonathan Isaac,1610612753.0,Orlando,Magic,ORL,0,0,,,,,,0,0,,,,,,1
0021800356,162,2,1,2,7:41 PM,8:25,,,MISS Lyles 25' 3PT Jump Shot,,,5,1626168,Trey Lyles,1610612743.0,Denver,Nuggets,DEN,0,0,,,,,,0,0,,,,,,1
0021800356,163,4,0,2,7:41 PM,8:22,Bamba REBOUND (Off:0 Def:4),,,,,4,1628964,Mo Bamba,1610612753.0,Orlando,Magic,ORL,0,0,,,,,,0,0,,,,,,1
0021800356,164,1,1,2,7:41 PM,8:09,Bamba  3PT Jump Shot (3 PTS) (Fournier 1 AST),,,35 - 38,3,4,1628964,Mo Bamba,1610612753.0,Orlando,Magic,ORL,4,203095,Evan Fournier,1610612753.0,Orlando,Magic,ORL,0,0,,,,,,1
0021800356,166,1,98,2,7:42 PM,7:51,,,Morris 3' Cutting Layup Shot (4 PTS) (Plumlee 2 AST),37 - 38,1,5,1628420,Monte Morris,1610612743.0,Denver,Nuggets,DEN,5,203486,Mason Plumlee,1610612743.0,Denver,Nuggets,DEN,0,0,,,,,,1
0021800356,168,2,1,2,7:42 PM,7:34,MISS Grant 27' 3PT Jump Shot,,,,,4,1626170,Jerian Grant,1610612753.0,Orlando,Magic,ORL,0,0,,,,,,0,0,,,,,,1
0021800356,169,4,0,2,7:42 PM,7:31,,,Plumlee REBOUND (Off:0 Def:3),,,5,203486,Mason Plumlee,1610612743.0,Denver,Nuggets,DEN,0,0,,,,,,0,0,,,,,,1
0021800356,170,1,86,2,7:42 PM,7:12,,,Plumlee 11' Turnaround Fadeaway (8 PTS),39 - 38,-1,5,203486,Mason Plumlee,1610612743.0,Denver,Nuggets,DEN,0,0,,,,,,0,0,,,,,,1
0021800356,171,1,1,2,7:43 PM,6:56,Bamba 28' 3PT Jump Shot (6 PTS),,,39 - 41,2,4,1628964,Mo Bamba,1610612753.0,Orlando,Magic,ORL,0,0,,,,,,0,0,,,,,,1
0021800356,172,6,1,2,7:43 PM,6:45,Fournier P.FOUL (P1.T1) (K.Scott),,,,,4,203095,Evan Fournier,1610612753.0,Orlando,Magic,ORL,5,1627750,Jamal Murray,1610612743.0,Denver,Nuggets,DEN,1,0,,,,,,1
0021800356,174,9,1,2,7:43 PM,6:45,MAGIC Timeout: Regular (Full 3 Short 0),,,,,2,1610612753,,,,,,0,0,,,,,,0,0,,,,,,0
0021800356,175,6,11,2,7:44 PM,6:45,Fournier T.FOUL (P1.T1) (K.Scott),,,,,4,203095,Evan Fournier,1610612753.0,Orlando,Magic,ORL,0,0,,,,,,1,0,,,,,,0
0021800356,176,8,0,2,7:44 PM,6:45,SUB: Gordon FOR Isaac,,,,,4,1628371,Jonathan Isaac,1610612753.0,Orlando,Magic,ORL,4,203932,Aaron Gordon,1610612753.0,Orlando,Magic,ORL,0,0,,,,,,0
0021800356,177,8,0,2,7:44 PM,6:45,,,SUB: Jokic FOR Plumlee,,,5,203486,Mason Plumlee,1610612743.0,Denver,Nuggets,DEN,5,203999,Nikola Jokic,1610612743.0,Denver,Nuggets,DEN,0,0,,,,,,0
0021800356,180,3,16,2,7:46 PM,6:45,,,Murray Free Throw Technical (9 PTS),40 - 41,1,5,1627750,Jamal Murray,1610612743.0,Denver,Nuggets,DEN,0,0,,,,,,0,0,,,,,,0
0021800356,181,6,1,2,7:46 PM,6:39,Bamba P.FOUL (P1.T2) (C.Washington),,,,,4,1628964,Mo Bamba,1610612753.0,Orlando,Magic,ORL,5,1627750,Jamal Murray,1610612743.0,Denver,Nuggets,DEN,1,0,,,,,,1
0021800356,183,1,5,2,7:47 PM,6:29,,,Jokic 1' Layup (5 PTS),42 - 41,-1,5,203999,Nikola Jokic,1610612743.0,Denver,Nuggets,DEN,0,0,,,,,,0,0,,,,,,1
0021800356,184,5,1,2,7:47 PM,6:14,Bamba Bad Pass Turnover (P1.T4),,Jokic STEAL (1 STL),,,4,1628964,Mo Bamba,1610612753.0,Orlando,Magic,ORL,5,203999,Nikola Jokic,1610612743.0,Denver,Nuggets,DEN,0,0,,,,,,1
0021800356,186,1,41,2,7:47 PM,6:09,,,Lyles 1' Running Layup (4 PTS) (Jokic 6 AST),44 - 41,-3,5,1626168,Trey Lyles,1610612743.0,Denver,Nuggets,DEN,5,203999,Nikola Jokic,1610612743.0,Denver,Nuggets,DEN,0,0,,,,,,1
0021800356,188,1,98,2,7:47 PM,5:44,Bamba 1' Cutting Layup Shot (8 PTS) (Gordon 1 AST),,,44 - 43,-1,4,1628964,Mo Bamba,1610612753.0,Orlando,Magic,ORL,4,203932,Aaron Gordon,1610612753.0,Orlando,Magic,ORL,0,0,,,,,,1
0021800356,190,1,75,2,7:48 PM,5:31,,,Murray 9' Driving Finger Roll Layup (11 PTS) (Jokic 7 AST),46 - 43,-3,5,1627750,Jamal Murray,1610612743.0,Denver,Nuggets,DEN,5,203999,Nikola Jokic,1610612743.0,Denver,Nuggets,DEN,0,0,,,,,,1
0021800356,191,1,108,2,7:48 PM,5:12,Gordon 2' Cutting Dunk Shot (15 PTS) (Grant 1 AST),,,46 - 45,-1,4,203932,Aaron Gordon,1610612753.0,Orlando,Magic,ORL,4,1626170,Jerian Grant,1610612753.0,Orlando,Magic,ORL,0,0,,,,,,1
0021800356,196,6,2,2,7:48 PM,5:01,Fournier S.FOUL (P2.T3) (M.Davis),,,,,4,203095,Evan Fournier,1610612753.0,Orlando,Magic,ORL,5,1627750,Jamal Murray,1610612743.0,Denver,Nuggets,DEN,1,0,,,,,,1
0021800356,198,8,0,2,7:48 PM,5:01,SUB: Simmons FOR Bamba,,,,,4,1628964,Mo Bamba,1610612753.0,Orlando,Magic,ORL,4,203613,Jonathon Simmons,1610612753.0,Orlando,Magic,ORL,0,0,,,,,,0
0021800356,199,8,0,2,7:48 PM,5:01,SUB: Vucevic FOR Fournier,,,,,4,203095,Evan Fournier,1610612753.0,Orlando,Magic,ORL,4,202696,Nikola Vucevic,1610612753.0,Orlando,Magic,ORL,0,0,,,,,,0
0021800356,200,8,0,2,7:48 PM,5:01,,,SUB: Craig FOR Lyles,,,5,1626168,Trey Lyles,1610612743.0,Denver,Nuggets,DEN,5,1628470,Torrey Craig,1610612743.0,Denver,Nuggets,DEN,0,0,,,,,,0
0021800356,201,8,0,2,7:48 PM,5:01,,,SUB: Hernangomez FOR Morris,,,5,1628420,Monte Morris,1610612743.0,Denver,Nuggets,DEN,5,1627823,Juancho Hernangomez,1610612743.0,Denver,Nuggets,DEN,0,0,,,,,,0
0021800356,202,8,0,2,7:48 PM,5:01,,,SUB: Millsap FOR Beasley,,,5,1627736,Malik Beasley,1610612743.0,Denver,Nuggets,DEN,5,200794,Paul Millsap,1610612743.0,Denver,Nuggets,DEN,0,0,,,,,,0
0021800356,208,3,11,2,7:49 PM,5:01,,,Murray Free Throw 1 of 2 (12 PTS),47 - 45,-2,5,1627750,Jamal Murray,1610612743.0,Denver,Nuggets,DEN,0,0,,,,,,0,0,,,,,,0
0021800356,209,3,12,2,7:49 PM,5:01,,,Murray Free Throw 2 of 2 (13 PTS),48 - 45,-3,5,1627750,Jamal Murray,1610612743.0,Denver,Nuggets,DEN,0,0,,,,,,0,0,,,,,,0
0021800356,210,6,1,2,7:49 PM,4:53,,,Murray P.FOUL (P1.T1) (K.Scott),,,5,1627750,Jamal Murray,1610612743.0,Denver,Nuggets,DEN,4,202696,Nikola Vucevic,1610612753.0,Orlando,Magic,ORL,1,0,,,,,,1
0021800356,212,2,1,2,7:50 PM,4:37,MISS Simmons 25' 3PT Jump Shot,,,,,4,203613,Jonathon Simmons,1610612753.0,Orlando,Magic,ORL,0,0,,,,,,0,0,,,,,,1
0021800356,213,4,0,2,7:50 PM,4:34,,,Craig REBOUND (Off:1 Def:1),,,5,1628470,Torrey Craig,1610612743.0,Denver,Nuggets,DEN,0,0,,,,,,0,0,,,,,,1
0021800356,214,1,98,2,7:50 PM,4:28,,,Craig 2' Cutting Layup Shot (2 PTS) (Jokic 8 AST),50 - 45,-5,5,1628470,Torrey Craig,1610612743.0,Denver,Nuggets,DEN,5,203999,Nikola Jokic,1610612743.0,Denver,Nuggets,DEN,0,0,,,,,,1
0021800356,216,6,1,2,7:50 PM,4:19,,,Hernangomez P.FOUL (P1.T2) (K.Scott),,,5,1627823,Juancho Hernangomez,1610612743.0,Denver,Nuggets,DEN,4,203613,Jonathon Simmons,1610612753.0,Orlando,Magic,ORL,1,0,,,,,,1
0021800356,218,1,58,2,7:50 PM,4:12,Vucevic 12' Turnaround Hook Shot (8 PTS) (Gordon 2 AST),,,50 - 47,-3,4,202696,Nikola Vucevic,1610612753.0,Orlando,Magic,ORL,4,203932,Aaron Gordon,1610612753.0,Orlando,Magic,ORL,0,0,,,,,,1
0021800356,220,7,5,2,7:51 PM,4:04,Vucevic Violation:Kicked Ball (K.Scott),,,,,4,202696,Nikola Vucevic,1610612753.0,Orlando,Magic,ORL,0,0,,,,,,1,0,,,,,,0
0021800356,221,2,5,2,7:51 PM,3:53,,,MISS Jokic 3' Layup,,,5,203999,Nikola Jokic,1610612743.0,Denver,Nuggets,DEN,0,0,,,,,,0,0,,,,,,1
0021800356,222,4,0,2,7:51 PM,3:51,Vucevic REBOUND (Off:0 Def:5),,,,,4,202696,Nikola Vucevic,1610612753.0,Orlando,Magic,ORL,0,0,,,,,,0,0,,,,,,1
0021800356,223,1,6,2,7:51 PM,3:45,Vucevic 1' Driving Layup (10 PTS) (Grant 2 AST),,,50 - 49,-1,4,202696,Nikola Vucevic,1610612753.0,Orlando,Magic,ORL,4,1626170,Jerian Grant,1610612753.0,Orlando,Magic,ORL,0,0,,,,,,1
0021800356,225,1,80,2,7:51 PM,3:32,,,Murray 16' Step Back Jump Shot (15 PTS),52 - 49,-3,5,1627750,Jamal Murray,1610612743.0,Denver,Nuggets,DEN,0,0,,,,,,0,0,,,,,,1
0021800356,226,9,1,2,7:52 PM,3:22,MAGIC Timeout: Regular (Full 4 Short 0),,,,,2,1610612753,,,,,,0,0,,,,,,0,0,,,,,,0
0021800356,227,8,0,2,7:53 PM,3:22,SUB: Isaac FOR Grant,,,,,4,1626170,Jerian Grant,1610612753.0,Orlando,Magic,ORL,4,1628371,Jonathan Isaac,1610612753.0,Orlando,Magic,ORL,0,0,,,,,,0
0021800356,228,8,0,2,7:53 PM,3:22,SUB: Augustin FOR Ross,,,,,4,203082,Terrence Ross,1610612753.0,Orlando,Magic,ORL,4,201571,D.J. Augustin,1610612753.0,Orlando,Magic,ORL,0,0,,,,,,0
0021800356,231,10,0,2,7:55 PM,3:10,Jump Ball Vucevic vs. Millsap: Tip to,,,,,4,202696,Nikola Vucevic,1610612753.0,Orlando,Magic,ORL,5,200794,Paul Millsap,1610612743.0,Denver,Nuggets,DEN,3,1610612743,,,,,,1
0021800356,234,5,2,2,7:55 PM,3:10,Vucevic Lost Ball Turnover (P1.T5),,Hernangomez STEAL (1 STL),,,4,202696,Nikola Vucevic,1610612753.0,Orlando,Magic,ORL,5,1627823,Juancho Hernangomez,1610612743.0,Denver,Nuggets,DEN,0,0,,,,,,1
0021800356,236,2,78,2,7:56 PM,2:56,,,MISS Murray 14' Floating Jump Shot,,,5,1627750,Jamal Murray,1610612743.0,Denver,Nuggets,DEN,0,0,,,,,,0,0,,,,,,1
0021800356,237,4,0,2,7:56 PM,2:54,Vucevic REBOUND (Off:0 Def:6),,,,,4,202696,Nikola Vucevic,1610612753.0,Orlando,Magic,ORL,0,0,,,,,,0,0,,,,,,1
0021800356,238,1,1,2,7:56 PM,2:39,Vucevic 26' 3PT Jump Shot (13 PTS) (Simmons 2 AST),,,52 - 52,TIE,4,202696,Nikola Vucevic,1610612753.0,Orlando,Magic,ORL,4,203613,Jonathon Simmons,1610612753.0,Orlando,Magic,ORL,0,0,,,,,,1
0021800356,240,2,80,2,7:56 PM,2:16,,,MISS Murray 17' Step Back Jump Shot,,,5,1627750,Jamal Murray,1610612743.0,Denver,Nuggets,DEN,0,0,,,,,,0,0,,,,,,1
0021800356,241,4,0,2,7:56 PM,2:12,Isaac REBOUND (Off:0 Def:2),,,,,4,1628371,Jonathan Isaac,1610612753.0,Orlando,Magic,ORL,0,0,,,,,,0,0,,,,,,1
0021800356,242,1,98,2,7:56 PM,2:05,Gordon 1' Cutting Layup Shot (17 PTS),,,52 - 54,2,4,203932,Aaron Gordon,1610612753.0,Orlando,Magic,ORL,0,0,,,,,,0,0,,,,,,1
0021800356,244,1,102,2,7:57 PM,1:52,,,Millsap 5' Driving Floating Bank Jump Shot (11 PTS),54 - 54,TIE,5,200794,Paul Millsap,1610612743.0,Denver,Nuggets,DEN,0,0,,,,,,0,0,,,,,,1
0021800356,245,5,1,2,7:57 PM,1:34,Isaac Bad Pass Turnover (P2.T6),,Craig STEAL (1 STL),,,4,1628371,Jonathan Isaac,1610612753.0,Orlando,Magic,ORL,5,1628470,Torrey Craig,1610612743.0,Denver,Nuggets,DEN,0,0,,,,,,1
0021800356,247,6,9,2,7:57 PM,1:34,Augustin C.P.FOUL (P1.T4) (K.Scott),,,,,4,201571,D.J. Augustin,1610612753.0,Orlando,Magic,ORL,5,1628470,Torrey Craig,1610612743.0,Denver,Nuggets,DEN,1,0,,,,,,1
0021800356,249,18,1,2,7:57 PM,1:34,,,,54 - 54,TIE,0,247,Joe Dumars,,,,,0,0,,,,,,1,0,,,,,,0
0021800356,250,3,25,2,7:59 PM,1:34,,,MISS Craig Free Throw Clear Path 1 of 2,,,5,1628470,Torrey Craig,1610612743.0,Denver,Nuggets,DEN,0,0,,,,,,0,0,,,,,,0
0021800356,251,4,1,2,7:59 PM,1:34,,,Nuggets Rebound,,,3,1610612743,,,,,,0,0,,,,,,0,0,,,,,,0
0021800356,252,3,26,2,7:59 PM,1:34,,,Craig Free Throw Clear Path 2 of 2 (3 PTS),55 - 54,-1,5,1628470,Torrey Craig,1610612743.0,Denver,Nuggets,DEN,0,0,,,,,,0,0,,,,,,0
0021800356,253,6,1,2,7:59 PM,1:23,Gordon P.FOUL (P2.PN) (C.Washington),,,,,4,203932,Aaron Gordon,1610612753.0,Orlando,Magic,ORL,5,200794,Paul Millsap,1610612743.0,Denver,Nuggets,DEN,1,0,,,,,,1
0021800356,256,3,11,2,8:00 PM,1:23,,,MISS Millsap Free Throw 1 of 2,,,5,200794,Paul Millsap,1610612743.0,Denver,Nuggets,DEN,0,0,,,,,,0,0,,,,,,0
0021800356,257,4,1,2,8:00 PM,1:23,,,Nuggets Rebound,,,3,1610612743,,,,,,0,0,,,,,,0,0,,,,,,0
0021800356,258,3,12,2,8:00 PM,1:23,,,MISS Millsap Free Throw 2 of 2,,,5,200794,Paul Millsap,1610612743.0,Denver,Nuggets,DEN,0,0,,,,,,0,0,,,,,,0
0021800356,259,4,0,2,8:00 PM,1:20,Vucevic REBOUND (Off:0 Def:7),,,,,4,202696,Nikola Vucevic,1610612753.0,Orlando,Magic,ORL,0,0,,,,,,0,0,,,,,,1
0021800356,260,2,1,2,8:00 PM,1:04,MISS Isaac  3PT Jump Shot,,,,,4,1628371,Jonathan Isaac,1610612753.0,Orlando,Magic,ORL,0,0,,,,,,0,0,,,,,,1
0021800356,261,4,0,2,8:00 PM,1:02,Vucevic REBOUND (Off:1 Def:7),,,,,4,202696,Nikola Vucevic,1610612753.0,Orlando,Magic,ORL,0,0,,,,,,0,0,,,,,,1
0021800356,262,2,79,2,8:01 PM,0:52,MISS Gordon 30' 3PT Pullup Jump Shot,,,,,4,203932,Aaron Gordon,1610612753.0,Orlando,Magic,ORL,0,0,,,,,,0,0,,,,,,1
0021800356,263,4,0,2,8:01 PM,0:50,,,Craig REBOUND (Off:1 Def:2),,,5,1628470,Torrey Craig,1610612743.0,Denver,Nuggets,DEN,0,0,,,,,,0,0,,,,,,1
0021800356,264,5,8,2,8:01 PM,0:34,,,Craig 3 Second Violation Turnover (P1.T4),,,5,1628470,Torrey Craig,1610612743.0,Denver,Nuggets,DEN,0,0,,,,,,1,0,,,,,,1
0021800356,265,8,0,2,8:01 PM,0:34,SUB: Ross FOR Gordon,,,,,4,203932,Aaron Gordon,1610612753.0,Orlando,Magic,ORL,4,203082,Terrence Ross,1610612753.0,Orlando,Magic,ORL,0,0,,,,,,0
0021800356,267,2,47,2,8:02 PM,0:14,MISS Vucevic 12' Turnaround Jump Shot,,,,,4,202696,Nikola Vucevic,1610612753.0,Orlando,Magic,ORL,0,0,,,,,,0,0,,,,,,1
0021800356,268,4,0,2,8:02 PM,0:11,,,Jokic REBOUND (Off:0 Def:4),,,5,203999,Nikola Jokic,1610612743.0,Denver,Nuggets,DEN,0,0,,,,,,0,0,,,,,,1
0021800356,269,6,1,2,8:02 PM,0:07,Augustin P.FOUL (P2.PN) (C.Washington),,,,,4,201571,D.J. Augustin,1610612753.0,Orlando,Magic,ORL,5,203999,Nikola Jokic,1610612743.0,Denver,Nuggets,DEN,1,0,,,,,,1
0021800356,271,3,11,2,8:02 PM,0:07,,,MISS Jokic Free Throw 1 of 2,,,5,203999,Nikola Jokic,1610612743.0,Denver,Nuggets,DEN,0,0,,,,,,0,0,,,,,,0
0021800356,272,4,1,2,8:02 PM,0:07,,,Nuggets Rebound,,,3,1610612743,,,,,,0,0,,,,,,0,0,,,,,,0
0021800356,273,3,12,2,8:03 PM,0:07,,,Jokic Free Throw 2 of 2 (6 PTS),56 - 54,-2,5,203999,Nikola Jokic,1610612743.0,Denver,Nuggets,DEN,0,0,,,,,,0,0,,,,,,0
0021800356,274,6,28,2,8:03 PM,0:03,,,Hernangomez Personal Take Foul (P2.T3) (K.Scott),,,5,1627823,Juancho Hernangomez,1610612743.0,Denver,Nuggets,DEN,4,203613,Jonathon Simmons,1610612753.0,Orlando,Magic,ORL,1,0,,,,,,1
0021800356,276,8,0,2,8:03 PM,0:03,,,SUB: Beasley FOR Hernangomez,,,5,1627823,Juancho Hernangomez,1610612743.0,Denver,Nuggets,DEN,5,1627736,Malik Beasley,1610612743.0,Denver,Nuggets,DEN,0,0,,,,,,0
0021800356,278,2,47,2,8:03 PM,0:01,MISS Ross 28' 3PT Turnaround Jump Shot,,,,,4,203082,Terrence Ross,1610612753.0,Orlando,Magic,ORL,0,0,,,,,,0,0,,,,,,1
0021800356,279,4,0,2,8:03 PM,0:01,MAGIC Rebound,,,,,2,1610612753,,,,,,0,0,,,,,,0,0,,,,,,0
0021800356,280,13,0,2,8:03 PM,0:00,,,,56 - 54,-2,0,0,,,,,,0,0,,,,,,0,0,,,,,,1
0021800356,287,12,0,3,8:18 PM,12:00,,,,56 - 54,-2,0,0,,,,,,0,0,,,,,,0,0,,,,,,0
0021800356,288,1,98,3,8:19 PM,11:46,,,Murray 1' Cutting Layup Shot (17 PTS) (Jokic 9 AST),58 - 54,-4,5,1627750,Jamal Murray,1610612743.0,Denver,Nuggets,DEN,5,203999,Nikola Jokic,1610612743.0,Denver,Nuggets,DEN,0,0,,,,,,1
0021800356,290,1,1,3,8:19 PM,11:31,Fournier  3PT Jump Shot (5 PTS) (Augustin 2 AST),,,58 - 57,-1,4,203095,Evan Fournier,1610612753.0,Orlando,Magic,ORL,4,201571,D.J. Augustin,1610612753.0,Orlando,Magic,ORL,0,0,,,,,,1
0021800356,292,6,2,3,8:19 PM,11:15,Simmons S.FOUL (P1.T1) (K.Scott),,,,,4,203613,Jonathon Simmons,1610612753.0,Orlando,Magic,ORL,5,1627750,Jamal Murray,1610612743.0,Denver,Nuggets,DEN,1,0,,,,,,1
0021800356,294,3,11,3,8:20 PM,11:15,,,Murray Free Throw 1 of 2 (18 PTS),59 - 57,-2,5,1627750,Jamal Murray,1610612743.0,Denver,Nuggets,DEN,0,0,,,,,,0,0,,,,,,0
0021800356,295,3,12,3,8:20 PM,11:15,,,MISS Murray Free Throw 2 of 2,,,5,1627750,Jamal Murray,1610612743.0,Denver,Nuggets,DEN,0,0,,,,,,0,0,,,,,,0
0021800356,296,4,0,3,8:20 PM,11:09,Vucevic REBOUND (Off:1 Def:8),,,,,4,202696,Nikola Vucevic,1610612753.0,Orlando,Magic,ORL,0,0,,,,,,0,0,,,,,,1
0021800356,297,1,1,3,8:20 PM,11:01,Fournier 25' 3PT Jump Shot (8 PTS) (Gordon 3 AST),,,59 - 60,1,4,203095,Evan Fournier,1610612753.0,Orlando,Magic,ORL,4,203932,Aaron Gordon,1610612753.0,Orlando,Magic,ORL,0,0,,,,,,1
0021800356,299,2,86,3,8:20 PM,10:41,,,MISS Millsap 8' Turnaround Fadeaway Shot,,,5,200794,Paul Millsap,1610612743.0,Denver,Nuggets,DEN,0,0,,,,,,0,0,,,,,,1
0021800356,300,4,0,3,8:20 PM,10:38,Gordon REBOUND (Off:0 Def:3),,,,,4,203932,Aaron Gordon,1610612753.0,Orlando,Magic,ORL,0,0,,,,,,0,0,,,,,,1
0021800356,301,2,1,3,8:21 PM,10:25,MISS Simmons  3PT Jump Shot,,,,,4,203613,Jonathon Simmons,1610612753.0,Orlando,Magic,ORL,0,0,,,,,,0,0,,,,,,1
0021800356,302,4,0,3,8:21 PM,10:22,,,Hernangomez REBOUND (Off:0 Def:3),,,5,1627823,Juancho Hernangomez,1610612743.0,Denver,Nuggets,DEN,0,0,,,,,,0,0,,,,,,1
0021800356,303,6,17,3,8:21 PM,10:15,MAGIC T.Foul (Def. 3 Sec Gordon ) (C.Washington),,,,,4,203932,Aaron Gordon,1610612753.0,Orlando,Magic,ORL,0,0,,,,,,1,0,,,,,,1
0021800356,304,3,16,3,8:21 PM,10:15,,,Murray Free Throw Technical (19 PTS),60 - 60,TIE,5,1627750,Jamal Murray,1610612743.0,Denver,Nuggets,DEN,0,0,,,,,,0,0,,,,,,0
0021800356,305,1,98,3,8:22 PM,10:04,,,Hernangomez 2' Cutting Layup Shot (7 PTS) (Murray 3 AST),62 - 60,-2,5,1627823,Juancho Hernangomez,1610612743.0,Denver,Nuggets,DEN,5,1627750,Jamal Murray,1610612743.0,Denver,Nuggets,DEN,0,0,,,,,,1
0021800356,307,1,1,3,8:22 PM,9:47,Vucevic 26' 3PT Jump Shot (16 PTS) (Gordon 4 AST),,,62 - 63,1,4,202696,Nikola Vucevic,1610612753.0,Orlando,Magic,ORL,4,203932,Aaron Gordon,1610612753.0,Orlando,Magic,ORL,0,0,,,,,,1
0021800356,309,6,1,3,8:22 PM,9:36,Simmons P.FOUL (P2.T2) (C.Washington),,,,,4,203613,Jonathon Simmons,1610612753.0,Orlando,Magic,ORL,5,203999,Nikola Jokic,1610612743.0,Denver,Nuggets,DEN,1,0,,,,,,1
0021800356,311,2,101,3,8:23 PM,9:24,,,MISS Murray 9' Driving Floating Jump Shot,,,5,1627750,Jamal Murray,1610612743.0,Denver,Nuggets,DEN,0,0,,,,,,0,0,,,,,,1
0021800356,312,4,0,3,8:23 PM,9:21,Vucevic REBOUND (Off:1 Def:9),,,,,4,202696,Nikola Vucevic,1610612753.0,Orlando,Magic,ORL,0,0,,,,,,0,0,,,,,,1
0021800356,313,2,1,3,8:23 PM,9:17,MISS Vucevic 26' 3PT Jump Shot,,,,,4,202696,Nikola Vucevic,1610612753.0,Orlando,Magic,ORL,0,0,,,,,,0,0,,,,,,1
0021800356,314,4,0,3,8:23 PM,9:13,,,Craig REBOUND (Off:1 Def:3),,,5,1628470,Torrey Craig,1610612743.0,Denver,Nuggets,DEN,0,0,,,,,,0,0,,,,,,1
0021800356,315,1,1,3,8:23 PM,8:56,,,Murray 29' 3PT Jump Shot (22 PTS) (Hernangomez 2 AST),65 - 63,-2,5,1627750,Jamal Murray,1610612743.0,Denver,Nuggets,DEN,5,1627823,Juancho Hernangomez,1610612743.0,Denver,Nuggets,DEN,0,0,,,,,,1
0021800356,317,5,39,3,8:23 PM,8:38,Simmons Step Out of Bounds Turnover (P1.T7),,,,,4,203613,Jonathon Simmons,1610612753.0,Orlando,Magic,ORL,0,0,,,,,,1,0,,,,,,1
0021800356,318,1,1,3,8:24 PM,8:29,,,Millsap 14' Jump Shot (13 PTS) (Murray 4 AST),67 - 63,-4,5,200794,Paul Millsap,1610612743.0,Denver,Nuggets,DEN,5,1627750,Jamal Murray,1610612743.0,Denver,Nuggets,DEN,0,0,,,,,,1
0021800356,320,1,1,3,8:24 PM,8:14,Fournier 24' 3PT Jump Shot (11 PTS) (Augustin 3 AST),,,67 - 66,-1,4,203095,Evan Fournier,1610612753.0,Orlando,Magic,ORL,4,201571,D.J. Augustin,1610612753.0,Orlando,Magic,ORL,0,0,,,,,,1
0021800356,322,2,1,3,8:24 PM,7:54,,,MISS Jokic 27' 3PT Jump Shot,,,5,203999,Nikola Jokic,1610612743.0,Denver,Nuggets,DEN,0,0,,,,,,0,0,,,,,,1
0021800356,323,4,0,3,8:24 PM,7:50,Fournier REBOUND (Off:0 Def:2),,,,,4,203095,Evan Fournier,1610612753.0,Orlando,Magic,ORL,0,0,,,,,,0,0,,,,,,1
0021800356,324,6,26,3,8:24 PM,7:44,Gordon Offensive Charge Foul (P3.T3) (K.Scott),,,,,4,203932,Aaron Gordon,1610612753.0,Orlando,Magic,ORL,5,203999,Nikola Jokic,1610612743.0,Denver,Nuggets,DEN,1,0,,,,,,1
0021800356,326,5,37,3,8:24 PM,7:44,Gordon Offensive Foul Turnover (P1.T8),,,,,4,203932,Aaron Gordon,1610612753.0,Orlando,Magic,ORL,0,0,,,,,,1,0,,,,,,1
0021800356,327,5,4,3,8:25 PM,7:28,,,Millsap Traveling Turnover (P2.T5),,,5,200794,Paul Millsap,1610612743.0,Denver,Nuggets,DEN,0,0,,,,,,1,0,,,,,,1
0021800356,328,1,79,3,8:26 PM,7:09,Augustin 27' 3PT Pullup Jump Shot (3 PTS),,,67 - 69,2,4,201571,D.J. Augustin,1610612753.0,Orlando,Magic,ORL,0,0,,,,,,0,0,,,,,,1
0021800356,329,9,1,3,8:26 PM,7:07,,,Nuggets Timeout: Regular (Reg.2 Short 0),,,3,1610612743,,,,,,0,0,,,,,,0,0,,,,,,0
0021800356,330,2,1,3,8:29 PM,6:56,,,MISS Jokic 20' Jump Shot,,,5,203999,Nikola Jokic,1610612743.0,Denver,Nuggets,DEN,0,0,,,,,,0,0,,,,,,1
0021800356,331,4,0,3,8:29 PM,6:51,Fournier REBOUND (Off:0 Def:3),,,,,4,203095,Evan Fournier,1610612753.0,Orlando,Magic,ORL,0,0,,,,,,0,0,,,,,,1
0021800356,332,2,6,3,8:29 PM,6:42,MISS Simmons 3' Driving Layup,,,,,4,203613,Jonathon Simmons,1610612753.0,Orlando,Magic,ORL,0,0,,,,,,0,0,,,,,,1
0021800356,333,4,0,3,8:29 PM,6:39,,,Millsap REBOUND (Off:0 Def:2),,,5,200794,Paul Millsap,1610612743.0,Denver,Nuggets,DEN,0,0,,,,,,0,0,,,,,,1
0021800356,334,5,2,3,8:29 PM,6:36,Gordon STEAL (1 STL),,Murray Lost Ball Turnover (P1.T6),,,5,1627750,Jamal Murray,1610612743.0,Denver,Nuggets,DEN,4,203932,Aaron Gordon,1610612753.0,Orlando,Magic,ORL,0,0,,,,,,1
0021800356,336,2,41,3,8:29 PM,6:32,MISS Gordon 1' Running Layup,,,,,4,203932,Aaron Gordon,1610612753.0,Orlando,Magic,ORL,0,0,,,,,,0,0,,,,,,1
0021800356,337,4,0,3,8:29 PM,6:30,,,Jokic REBOUND (Off:0 Def:5),,,5,203999,Nikola Jokic,1610612743.0,Denver,Nuggets,DEN,0,0,,,,,,0,0,,,,,,1
0021800356,338,1,41,3,8:29 PM,6:27,,,Craig  Running Layup (5 PTS) (Jokic 10 AST),69 - 69,TIE,5,1628470,Torrey Craig,1610612743.0,Denver,Nuggets,DEN,5,203999,Nikola Jokic,1610612743.0,Denver,Nuggets,DEN,0,0,,,,,,1
0021800356,340,1,1,3,8:30 PM,6:11,Fournier  3PT Jump Shot (14 PTS) (Vucevic 3 AST),,,69 - 72,3,4,203095,Evan Fournier,1610612753.0,Orlando,Magic,ORL,4,202696,Nikola Vucevic,1610612753.0,Orlando,Magic,ORL,0,0,,,,,,1
0021800356,342,1,108,3,8:30 PM,5:56,,,Hernangomez 1' Cutting Dunk Shot (9 PTS) (Craig 1 AST),71 - 72,1,5,1627823,Juancho Hernangomez,1610612743.0,Denver,Nuggets,DEN,5,1628470,Torrey Craig,1610612743.0,Denver,Nuggets,DEN,0,0,,,,,,1
0021800356,344,1,6,3,8:30 PM,5:33,Augustin 2' Driving Layup (5 PTS),,,71 - 74,3,4,201571,D.J. Augustin,1610612753.0,Orlando,Magic,ORL,0,0,,,,,,0,0,,,,,,1
0021800356,345,1,108,3,8:30 PM,5:17,,,Murray 1' Cutting Dunk Shot (24 PTS) (Millsap 1 AST),73 - 74,1,5,1627750,Jamal Murray,1610612743.0,Denver,Nuggets,DEN,5,200794,Paul Millsap,1610612743.0,Denver,Nuggets,DEN,0,0,,,,,,1
0021800356,347,1,3,3,8:31 PM,4:57,Vucevic 7' Hook Shot (18 PTS) (Augustin 4 AST),,,73 - 76,3,4,202696,Nikola Vucevic,1610612753.0,Orlando,Magic,ORL,4,201571,D.J. Augustin,1610612753.0,Orlando,Magic,ORL,0,0,,,,,,1
0021800356,349,2,79,3,8:31 PM,4:43,,,MISS Murray 21' Pullup Jump Shot,,,5,1627750,Jamal Murray,1610612743.0,Denver,Nuggets,DEN,0,0,,,,,,0,0,,,,,,1
0021800356,350,4,0,3,8:31 PM,4:41,Vucevic REBOUND (Off:1 Def:10),,,,,4,202696,Nikola Vucevic,1610612753.0,Orlando,Magic,ORL,0,0,,,,,,0,0,,,,,,1
0021800356,351,2,47,3,8:31 PM,4:30,MISS Vucevic 10' Turnaround Jump Shot,,,,,4,202696,Nikola Vucevic,1610612753.0,Orlando,Magic,ORL,0,0,,,,,,0,0,,,,,,1
0021800356,352,4,0,3,8:31 PM,4:28,,,Millsap REBOUND (Off:0 Def:3),,,5,200794,Paul Millsap,1610612743.0,Denver,Nuggets,DEN,0,0,,,,,,0,0,,,,,,1
0021800356,353,2,101,3,8:31 PM,4:18,,,MISS Millsap 11' Driving Floating Jump Shot,,,5,200794,Paul Millsap,1610612743.0,Denver,Nuggets,DEN,0,0,,,,,,0,0,,,,,,1
0021800356,354,4,0,3,8:31 PM,4:14,Fournier REBOUND (Off:0 Def:4),,,,,4,203095,Evan Fournier,1610612753.0,Orlando,Magic,ORL,0,0,,,,,,0,0,,,,,,1
0021800356,355,1,1,3,8:32 PM,4:10,Augustin 28' 3PT Jump Shot (8 PTS) (Fournier 2 AST),,,73 - 79,6,4,201571,D.J. Augustin,1610612753.0,Orlando,Magic,ORL,4,203095,Evan Fournier,1610612753.0,Orlando,Magic,ORL,0,0,,,,,,1
0021800356,357,9,1,3,8:32 PM,4:09,,,Nuggets Timeout: Regular (Reg.3 Short 0),,,3,1610612743,,,,,,0,0,,,,,,0,0,,,,,,0
0021800356,358,8,0,3,8:34 PM,4:09,SUB: Isaac FOR Simmons,,,,,4,203613,Jonathon Simmons,1610612753.0,Orlando,Magic,ORL,4,1628371,Jonathan Isaac,1610612753.0,Orlando,Magic,ORL,0,0,,,,,,0
0021800356,359,8,0,3,8:34 PM,4:09,SUB: Ross FOR Fournier,,,,,4,203095,Evan Fournier,1610612753.0,Orlando,Magic,ORL,4,203082,Terrence Ross,1610612753.0,Orlando,Magic,ORL,0,0,,,,,,0
0021800356,360,8,0,3,8:34 PM,4:09,,,SUB: Morris FOR Millsap,,,5,200794,Paul Millsap,1610612743.0,Denver,Nuggets,DEN,5,1628420,Monte Morris,1610612743.0,Denver,Nuggets,DEN,0,0,,,,,,0
0021800356,361,8,0,3,8:34 PM,4:09,,,SUB: Plumlee FOR Jokic,,,5,203999,Nikola Jokic,1610612743.0,Denver,Nuggets,DEN,5,203486,Mason Plumlee,1610612743.0,Denver,Nuggets,DEN,0,0,,,,,,0
0021800356,362,8,0,3,8:34 PM,4:09,,,SUB: Beasley FOR Murray,,,5,1627750,Jamal Murray,1610612743.0,Denver,Nuggets,DEN,5,1627736,Malik Beasley,1610612743.0,Denver,Nuggets,DEN,0,0,,,,,,0
0021800356,363,8,0,3,8:34 PM,4:09,,,SUB: Lyles FOR Hernangomez,,,5,1627823,Juancho Hernangomez,1610612743.0,Denver,Nuggets,DEN,5,1626168,Trey Lyles,1610612743.0,Denver,Nuggets,DEN,0,0,,,,,,0
0021800356,370,1,101,3,8:35 PM,3:51,,,Morris 18' Driving Floating Jump Shot (6 PTS),75 - 79,4,5,1628420,Monte Morris,1610612743.0,Denver,Nuggets,DEN,0,0,,,,,,0,0,,,,,,1
0021800356,371,1,3,3,8:35 PM,3:33,Vucevic 8' Hook Shot (20 PTS) (Augustin 5 AST),,,75 - 81,6,4,202696,Nikola Vucevic,1610612753.0,Orlando,Magic,ORL,4,201571,D.J. Augustin,1610612753.0,Orlando,Magic,ORL,0,0,,,,,,1
0021800356,373,1,1,3,8:35 PM,3:16,,,Lyles 24' 3PT Jump Shot (7 PTS) (Morris 1 AST),78 - 81,3,5,1626168,Trey Lyles,1610612743.0,Denver,Nuggets,DEN,5,1628420,Monte Morris,1610612743.0,Denver,Nuggets,DEN,0,0,,,,,,1
0021800356,376,6,1,3,8:36 PM,3:00,,,Craig P.FOUL (P1.T1) (K.Scott),,,5,1628470,Torrey Craig,1610612743.0,Denver,Nuggets,DEN,4,203932,Aaron Gordon,1610612753.0,Orlando,Magic,ORL,1,0,,,,,,1
0021800356,378,8,0,3,8:36 PM,3:00,SUB: Grant FOR Gordon,,,,,4,203932,Aaron Gordon,1610612753.0,Orlando,Magic,ORL,4,1626170,Jerian Grant,1610612753.0,Orlando,Magic,ORL,0,0,,,,,,0
0021800356,379,8,0,3,8:36 PM,3:00,SUB: Simmons FOR Augustin,,,,,4,201571,D.J. Augustin,1610612753.0,Orlando,Magic,ORL,4,203613,Jonathon Simmons,1610612753.0,Orlando,Magic,ORL,0,0,,,,,,0
0021800356,382,2,98,3,8:36 PM,2:50,MISS Simmons 1' Cutting Layup Shot,,,,,4,203613,Jonathon Simmons,1610612753.0,Orlando,Magic,ORL,0,0,,,,,,0,0,,,,,,1
0021800356,383,4,0,3,8:36 PM,2:48,,,Plumlee REBOUND (Off:0 Def:4),,,5,203486,Mason Plumlee,1610612743.0,Denver,Nuggets,DEN,0,0,,,,,,0,0,,,,,,1
0021800356,384,1,1,3,8:37 PM,2:37,,,Beasley 26' 3PT Jump Shot (3 PTS) (Morris 2 AST),81 - 81,TIE,5,1627736,Malik Beasley,1610612743.0,Denver,Nuggets,DEN,5,1628420,Monte Morris,1610612743.0,Denver,Nuggets,DEN,0,0,,,,,,1
0021800356,386,2,58,3,8:37 PM,2:15,MISS Vucevic 6' Turnaround Hook Shot,,,,,4,202696,Nikola Vucevic,1610612753.0,Orlando,Magic,ORL,0,0,,,,,,0,0,,,,,,1
0021800356,387,4,0,3,8:37 PM,2:12,,,Plumlee REBOUND (Off:0 Def:5),,,5,203486,Mason Plumlee,1610612743.0,Denver,Nuggets,DEN,0,0,,,,,,0,0,,,,,,1
0021800356,388,1,1,3,8:37 PM,1:55,,,Beasley 25' 3PT Jump Shot (6 PTS) (Morris 3 AST),84 - 81,-3,5,1627736,Malik Beasley,1610612743.0,Denver,Nuggets,DEN,5,1628420,Monte Morris,1610612743.0,Denver,Nuggets,DEN,0,0,,,,,,1
0021800356,390,1,1,3,8:37 PM,1:37,Vucevic 17' Jump Shot (22 PTS) (Ross 2 AST),,,84 - 83,-1,4,202696,Nikola Vucevic,1610612753.0,Orlando,Magic,ORL,4,203082,Terrence Ross,1610612753.0,Orlando,Magic,ORL,0,0,,,,,,1
0021800356,392,6,26,3,8:38 PM,1:14,,,Plumlee Offensive Charge Foul (P2.T2) (K.Scott),,,5,203486,Mason Plumlee,1610612743.0,Denver,Nuggets,DEN,4,1626170,Jerian Grant,1610612753.0,Orlando,Magic,ORL,1,0,,,,,,1
0021800356,394,5,37,3,8:38 PM,1:14,,,Plumlee Offensive Foul Turnover (P1.T7),,,5,203486,Mason Plumlee,1610612743.0,Denver,Nuggets,DEN,0,0,,,,,,1,0,,,,,,1
0021800356,395,8,0,3,8:38 PM,1:14,SUB: Bamba FOR Vucevic,,,,,4,202696,Nikola Vucevic,1610612753.0,Orlando,Magic,ORL,4,1628964,Mo Bamba,1610612753.0,Orlando,Magic,ORL,0,0,,,,,,0
0021800356,396,8,0,3,8:38 PM,1:14,,,SUB: Murray FOR Craig,,,5,1628470,Torrey Craig,1610612743.0,Denver,Nuggets,DEN,5,1627750,Jamal Murray,1610612743.0,Denver,Nuggets,DEN,0,0,,,,,,0
0021800356,399,1,1,3,8:39 PM,0:58,Bamba  3PT Jump Shot (11 PTS) (Grant 3 AST),,,84 - 86,2,4,1628964,Mo Bamba,1610612753.0,Orlando,Magic,ORL,4,1626170,Jerian Grant,1610612753.0,Orlando,Magic,ORL,0,0,,,,,,1
0021800356,401,1,101,3,8:39 PM,0:42,,,Morris 11' Driving Floating Jump Shot (8 PTS) (Plumlee 3 AST),86 - 86,TIE,5,1628420,Monte Morris,1610612743.0,Denver,Nuggets,DEN,5,203486,Mason Plumlee,1610612743.0,Denver,Nuggets,DEN,0,0,,,,,,1
0021800356,403,2,1,3,8:39 PM,0:30,MISS Isaac  3PT Jump Shot,,,,,4,1628371,Jonathan Isaac,1610612753.0,Orlando,Magic,ORL,0,0,,,,,,0,0,,,,,,1
0021800356,404,4,0,3,8:39 PM,0:27,,,Plumlee REBOUND (Off:0 Def:6),,,5,203486,Mason Plumlee,1610612743.0,Denver,Nuggets,DEN,0,0,,,,,,0,0,,,,,,1
0021800356,405,1,79,3,8:40 PM,0:10,,,Morris 17' Pullup Jump Shot (10 PTS),88 - 86,-2,5,1628420,Monte Morris,1610612743.0,Denver,Nuggets,DEN,0,0,,,,,,0,0,,,,,,1
0021800356,406,6,28,3,8:40 PM,0:04,,,Plumlee Personal Take Foul (P3.PN) (C.Washington),,,5,203486,Mason Plumlee,1610612743.0,Denver,Nuggets,DEN,4,1626170,Jerian Grant,1610612753.0,Orlando,Magic,ORL,1,0,,,,,,1
0021800356,408,8,0,3,8:40 PM,0:04,,,SUB: Craig FOR Lyles,,,5,1626168,Trey Lyles,1610612743.0,Denver,Nuggets,DEN,5,1628470,Torrey Craig,1610612743.0,Denver,Nuggets,DEN,0,0,,,,,,0
0021800356,411,5,1,3,8:41 PM,0:02,Simmons Bad Pass Turnover (P2.T9),,Craig STEAL (2 STL),,,4,203613,Jonathon Simmons,1610612753.0,Orlando,Magic,ORL,5,1628470,Torrey Craig,1610612743.0,Denver,Nuggets,DEN,0,0,,,,,,1
0021800356,413,2,2,3,8:41 PM,0:00,,,MISS Beasley 12' Running Jump Shot,,,5,1627736,Malik Beasley,1610612743.0,Denver,Nuggets,DEN,0,0,,,,,,0,0,,,,,,1
0021800356,414,4,0,3,8:41 PM,0:00,,,Nuggets Rebound,,,3,1610612743,,,,,,0,0,,,,,,0,0,,,,,,0
0021800356,415,13,0,3,8:41 PM,0:00,,,,88 - 86,-2,0,0,,,,,,0,0,,,,,,0,0,,,,,,1
0021800356,420,12,0,4,8:43 PM,12:00,,,,88 - 86,-2,0,0,,,,,,0,0,,,,,,0,0,,,,,,0
0021800356,421,6,1,4,8:43 PM,11:55,,,Beasley P.FOUL (P1.T1) (M.Davis),,,5,1627736,Malik Beasley,1610612743.0,Denver,Nuggets,DEN,4,203082,Terrence Ross,1610612753.0,Orlando,Magic,ORL,1,0,,,,,,1
0021800356,423,6,1,4,8:44 PM,11:46,,,Beasley P.FOUL (P2.T2) (C.Washington),,,5,1627736,Malik Beasley,1610612743.0,Denver,Nuggets,DEN,4,1628964,Mo Bamba,1610612753.0,Orlando,Magic,ORL,1,0,,,,,,1
0021800356,425,1,79,4,8:44 PM,11:40,Ross 28' 3PT Pullup Jump Shot (8 PTS),,,88 - 89,1,4,203082,Terrence Ross,1610612753.0,Orlando,Magic,ORL,0,0,,,,,,0,0,,,,,,1
0021800356,426,6,2,4,8:44 PM,11:19,Bamba S.FOUL (P2.T1) (M.Davis),,,,,4,1628964,Mo Bamba,1610612753.0,Orlando,Magic,ORL,5,203486,Mason Plumlee,1610612743.0,Denver,Nuggets,DEN,1,0,,,,,,1
0021800356,428,3,11,4,8:45 PM,11:19,,,Plumlee Free Throw 1 of 2 (9 PTS),89 - 89,TIE,5,203486,Mason Plumlee,1610612743.0,Denver,Nuggets,DEN,0,0,,,,,,0,0,,,,,,0
0021800356,429,3,12,4,8:45 PM,11:19,,,Plumlee Free Throw 2 of 2 (10 PTS),90 - 89,-1,5,203486,Mason Plumlee,1610612743.0,Denver,Nuggets,DEN,0,0,,,,,,0,0,,,,,,0
0021800356,430,2,1,4,8:45 PM,11:02,MISS Ross 29' 3PT Jump Shot,,,,,4,203082,Terrence Ross,1610612753.0,Orlando,Magic,ORL,0,0,,,,,,0,0,,,,,,1
0021800356,431,4,0,4,8:45 PM,10:58,Isaac REBOUND (Off:1 Def:2),,,,,4,1628371,Jonathan Isaac,1610612753.0,Orlando,Magic,ORL,0,0,,,,,,0,0,,,,,,1
0021800356,432,2,79,4,8:45 PM,10:54,MISS Bamba 16' Pullup Jump Shot,,,,,4,1628964,Mo Bamba,1610612753.0,Orlando,Magic,ORL,0,0,,,,,,0,0,,,,,,1
0021800356,433,4,0,4,8:45 PM,10:54,,,Beasley REBOUND (Off:0 Def:1),,,5,1627736,Malik Beasley,1610612743.0,Denver,Nuggets,DEN,0,0,,,,,,0,0,,,,,,1
0021800356,434,1,1,4,8:46 PM,10:41,,,Morris  3PT Jump Shot (13 PTS) (Murray 5 AST),93 - 89,-4,5,1628420,Monte Morris,1610612743.0,Denver,Nuggets,DEN,5,1627750,Jamal Murray,1610612743.0,Denver,Nuggets,DEN,0,0,,,,,,1
0021800356,437,2,1,4,8:46 PM,10:25,MISS Fournier 20' Jump Shot,,,,,4,203095,Evan Fournier,1610612753.0,Orlando,Magic,ORL,0,0,,,,,,0,0,,,,,,1
0021800356,438,4,0,4,8:46 PM,10:22,,,Lyles REBOUND (Off:0 Def:1),,,5,1626168,Trey Lyles,1610612743.0,Denver,Nuggets,DEN,0,0,,,,,,0,0,,,,,,1
0021800356,439,6,2,4,8:46 PM,10:14,Bamba S.FOUL (P3.T2) (C.Washington),,,,,4,1628964,Mo Bamba,1610612753.0,Orlando,Magic,ORL,5,1626168,Trey Lyles,1610612743.0,Denver,Nuggets,DEN,1,0,,,,,,1
0021800356,441,3,11,4,8:47 PM,10:14,,,Lyles Free Throw 1 of 2 (8 PTS),94 - 89,-5,5,1626168,Trey Lyles,1610612743.0,Denver,Nuggets,DEN,0,0,,,,,,0,0,,,,,,0
0021800356,442,3,12,4,8:47 PM,10:14,,,Lyles Free Throw 2 of 2 (9 PTS),95 - 89,-6,5,1626168,Trey Lyles,1610612743.0,Denver,Nuggets,DEN,0,0,,,,,,0,0,,,,,,0
0021800356,443,2,1,4,8:47 PM,10:03,MISS Isaac 27' 3PT Jump Shot,,,,,4,1628371,Jonathan Isaac,1610612753.0,Orlando,Magic,ORL,0,0,,,,,,0,0,,,,,,1
0021800356,444,4,0,4,8:47 PM,10:00,,,Beasley REBOUND (Off:0 Def:2),,,5,1627736,Malik Beasley,1610612743.0,Denver,Nuggets,DEN,0,0,,,,,,0,0,,,,,,1
0021800356,445,6,2,4,8:48 PM,9:57,Fournier S.FOUL (P3.T3) (K.Scott),,,,,4,203095,Evan Fournier,1610612753.0,Orlando,Magic,ORL,5,203486,Mason Plumlee,1610612743.0,Denver,Nuggets,DEN,1,0,,,,,,1
0021800356,447,3,11,4,8:48 PM,9:57,,,MISS Plumlee Free Throw 1 of 2,,,5,203486,Mason Plumlee,1610612743.0,Denver,Nuggets,DEN,0,0,,,,,,0,0,,,,,,0
0021800356,448,4,1,4,8:48 PM,9:57,,,Nuggets Rebound,,,3,1610612743,,,,,,0,0,,,,,,0,0,,,,,,0
0021800356,449,3,12,4,8:48 PM,9:57,,,MISS Plumlee Free Throw 2 of 2,,,5,203486,Mason Plumlee,1610612743.0,Denver,Nuggets,DEN,0,0,,,,,,0,0,,,,,,0
0021800356,450,4,0,4,8:48 PM,9:54,Fournier REBOUND (Off:0 Def:5),,,,,4,203095,Evan Fournier,1610612753.0,Orlando,Magic,ORL,0,0,,,,,,0,0,,,,,,1
0021800356,451,1,79,4,8:49 PM,9:38,Isaac 22' Pullup Jump Shot (9 PTS) (Fournier 3 AST),,,95 - 91,-4,4,1628371,Jonathan Isaac,1610612753.0,Orlando,Magic,ORL,4,203095,Evan Fournier,1610612753.0,Orlando,Magic,ORL,0,0,,,,,,1
0021800356,453,2,6,4,8:49 PM,9:19,Bamba BLOCK (1 BLK),,MISS Beasley 2' Driving Layup,,,5,1627736,Malik Beasley,1610612743.0,Denver,Nuggets,DEN,0,0,,,,,,4,1628964,Mo Bamba,1610612753.0,Orlando,Magic,ORL,1
0021800356,454,4,0,4,8:49 PM,9:17,Isaac REBOUND (Off:1 Def:3),,,,,4,1628371,Jonathan Isaac,1610612753.0,Orlando,Magic,ORL,0,0,,,,,,0,0,,,,,,1
0021800356,455,6,2,4,8:49 PM,9:13,,,Lyles S.FOUL (P1.T3) (K.Scott),,,5,1626168,Trey Lyles,1610612743.0,Denver,Nuggets,DEN,4,1628371,Jonathan Isaac,1610612753.0,Orlando,Magic,ORL,1,0,,,,,,1
0021800356,457,3,11,4,8:49 PM,9:13,Isaac Free Throw 1 of 2 (10 PTS),,,95 - 92,-3,4,1628371,Jonathan Isaac,1610612753.0,Orlando,Magic,ORL,0,0,,,,,,0,0,,,,,,0
0021800356,458,3,12,4,8:50 PM,9:13,Isaac Free Throw 2 of 2 (11 PTS),,,95 - 93,-2,4,1628371,Jonathan Isaac,1610612753.0,Orlando,Magic,ORL,0,0,,,,,,0,0,,,,,,0
0021800356,459,1,79,4,8:50 PM,9:01,,,Lyles 15' Pullup Jump Shot (11 PTS) (Murray 6 AST),97 - 93,-4,5,1626168,Trey Lyles,1610612743.0,Denver,Nuggets,DEN,5,1627750,Jamal Murray,1610612743.0,Denver,Nuggets,DEN,0,0,,,,,,1
0021800356,461,2,6,4,8:50 PM,8:35,MISS Fournier 7' Driving Layup,,Lyles BLOCK (1 BLK),,,4,203095,Evan Fournier,1610612753.0,Orlando,Magic,ORL,0,0,,,,,,5,1626168,Trey Lyles,1610612743.0,Denver,Nuggets,DEN,1
0021800356,463,4,0,4,8:50 PM,8:31,Fournier REBOUND (Off:1 Def:5),,,,,4,203095,Evan Fournier,1610612753.0,Orlando,Magic,ORL,0,0,,,,,,0,0,,,,,,1
0021800356,464,1,1,4,8:51 PM,8:28,Fournier  3PT Jump Shot (17 PTS),,,97 - 96,-1,4,203095,Evan Fournier,1610612753.0,Orlando,Magic,ORL,0,0,,,,,,0,0,,,,,,1
0021800356,465,2,1,4,8:51 PM,8:13,,,MISS Lyles 27' 3PT Jump Shot,,,5,1626168,Trey Lyles,1610612743.0,Denver,Nuggets,DEN,0,0,,,,,,0,0,,,,,,1
0021800356,466,4,0,4,8:51 PM,8:13,Bamba REBOUND (Off:0 Def:5),,,,,4,1628964,Mo Bamba,1610612753.0,Orlando,Magic,ORL,0,0,,,,,,0,0,,,,,,1
0021800356,467,2,1,4,8:51 PM,8:00,MISS Bamba 10' Jump Shot,,,,,4,1628964,Mo Bamba,1610612753.0,Orlando,Magic,ORL,0,0,,,,,,0,0,,,,,,1
0021800356,468,4,0,4,8:51 PM,7:58,,,Lyles REBOUND (Off:0 Def:2),,,5,1626168,Trey Lyles,1610612743.0,Denver,Nuggets,DEN,0,0,,,,,,0,0,,,,,,1
0021800356,469,2,79,4,8:51 PM,7:42,,,MISS Murray 19' Pullup Jump Shot,,,5,1627750,Jamal Murray,1610612743.0,Denver,Nuggets,DEN,0,0,,,,,,0,0,,,,,,1
0021800356,470,4,0,4,8:51 PM,7:37,,,Morris REBOUND (Off:1 Def:1),,,5,1628420,Monte Morris,1610612743.0,Denver,Nuggets,DEN,0,0,,,,,,0,0,,,,,,1
0021800356,471,5,2,4,8:51 PM,7:29,Bamba STEAL (1 STL),,Morris Lost Ball Turnover (P2.T8),,,5,1628420,Monte Morris,1610612743.0,Denver,Nuggets,DEN,4,1628964,Mo Bamba,1610612753.0,Orlando,Magic,ORL,0,0,,,,,,1
0021800356,473,2,1,4,8:52 PM,7:21,MISS Fournier 28' 3PT Jump Shot,,,,,4,203095,Evan Fournier,1610612753.0,Orlando,Magic,ORL,0,0,,,,,,0,0,,,,,,1
0021800356,474,4,0,4,8:52 PM,7:17,,,Beasley REBOUND (Off:0 Def:3),,,5,1627736,Malik Beasley,1610612743.0,Denver,Nuggets,DEN,0,0,,,,,,0,0,,,,,,1
0021800356,475,6,4,4,8:52 PM,7:08,,,Lyles OFF.Foul (P2) (K.Scott),,,5,1626168,Trey Lyles,1610612743.0,Denver,Nuggets,DEN,4,203095,Evan Fournier,1610612753.0,Orlando,Magic,ORL,1,0,,,,,,1
0021800356,477,5,37,4,8:52 PM,7:08,,,Lyles Offensive Foul Turnover (P1.T9),,,5,1626168,Trey Lyles,1610612743.0,Denver,Nuggets,DEN,0,0,,,,,,1,0,,,,,,1
0021800356,478,8,0,4,8:52 PM,7:08,SUB: Gordon FOR Isaac,,,,,4,1628371,Jonathan Isaac,1610612753.0,Orlando,Magic,ORL,4,203932,Aaron Gordon,1610612753.0,Orlando,Magic,ORL,0,0,,,,,,0
0021800356,480,1,1,4,8:52 PM,6:55,Ross 6' Jump Shot (10 PTS) (Fournier 4 AST),,,97 - 98,1,4,203082,Terrence Ross,1610612753.0,Orlando,Magic,ORL,4,203095,Evan Fournier,1610612753.0,Orlando,Magic,ORL,0,0,,,,,,1
0021800356,482,9,1,4,8:53 PM,6:55,,,Nuggets Timeout: Regular (Reg.4 Short 0),,,3,1610612743,,,,,,0,0,,,,,,0,0,,,,,,0
0021800356,484,2,6,4,8:56 PM,6:44,,,MISS Morris 3' Driving Layup,,,5,1628420,Monte Morris,1610612743.0,Denver,Nuggets,DEN,0,0,,,,,,0,0,,,,,,1
0021800356,485,4,0,4,8:56 PM,6:44,,,Plumlee REBOUND (Off:1 Def:6),,,5,203486,Mason Plumlee,1610612743.0,Denver,Nuggets,DEN,0,0,,,,,,0,0,,,,,,1
0021800356,486,6,2,4,8:56 PM,6:44,Fournier S.FOUL (P4.T4) (K.Scott),,,,,4,203095,Evan Fournier,1610612753.0,Orlando,Magic,ORL,5,203486,Mason Plumlee,1610612743.0,Denver,Nuggets,DEN,1,0,,,,,,1
0021800356,488,3,11,4,8:56 PM,6:44,,,MISS Plumlee Free Throw 1 of 2,,,5,203486,Mason Plumlee,1610612743.0,Denver,Nuggets,DEN,0,0,,,,,,0,0,,,,,,0
0021800356,489,4,1,4,8:56 PM,6:44,,,Nuggets Rebound,,,3,1610612743,,,,,,0,0,,,,,,0,0,,,,,,0
0021800356,490,8,0,4,8:56 PM,6:44,,,SUB: Hernangomez FOR Murray,,,5,1627750,Jamal Murray,1610612743.0,Denver,Nuggets,DEN,5,1627823,Juancho Hernangomez,1610612743.0,Denver,Nuggets,DEN,0,0,,,,,,0
0021800356,492,3,12,4,8:56 PM,6:44,,,MISS Plumlee Free Throw 2 of 2,,,5,203486,Mason Plumlee,1610612743.0,Denver,Nuggets,DEN,0,0,,,,,,0,0,,,,,,0
0021800356,493,4,0,4,8:56 PM,6:44,,,Nuggets Rebound,,,3,1610612743,,,,,,0,0,,,,,,0,0,,,,,,0
0021800356,494,6,3,4,8:56 PM,6:44,Bamba L.B.FOUL (P4.PN) (M.Davis),,,,,4,1628964,Mo Bamba,1610612753.0,Orlando,Magic,ORL,5,1626168,Trey Lyles,1610612743.0,Denver,Nuggets,DEN,1,0,,,,,,1
0021800356,496,3,11,4,8:57 PM,6:44,,,MISS Lyles Free Throw 1 of 2,,,5,1626168,Trey Lyles,1610612743.0,Denver,Nuggets,DEN,0,0,,,,,,0,0,,,,,,0
0021800356,497,4,1,4,8:57 PM,6:44,,,Nuggets Rebound,,,3,1610612743,,,,,,0,0,,,,,,0,0,,,,,,0
0021800356,498,3,12,4,8:57 PM,6:44,,,Lyles Free Throw 2 of 2 (12 PTS),98 - 98,TIE,5,1626168,Trey Lyles,1610612743.0,Denver,Nuggets,DEN,0,0,,,,,,0,0,,,,,,0
0021800356,499,2,1,4,8:58 PM,6:28,MISS Grant 26' 3PT Jump Shot,,,,,4,1626170,Jerian Grant,1610612753.0,Orlando,Magic,ORL,0,0,,,,,,0,0,,,,,,1
0021800356,500,4,0,4,8:58 PM,6:22,Bamba REBOUND (Off:1 Def:5),,,,,4,1628964,Mo Bamba,1610612753.0,Orlando,Magic,ORL,0,0,,,,,,0,0,,,,,,1
0021800356,501,2,1,4,8:58 PM,6:14,MISS Grant 6' Jump Shot,,,,,4,1626170,Jerian Grant,1610612753.0,Orlando,Magic,ORL,0,0,,,,,,0,0,,,,,,1
0021800356,503,4,0,4,8:58 PM,6:13,,,Nuggets Rebound,,,3,1610612743,,,,,,0,0,,,,,,0,0,,,,,,1
0021800356,504,6,3,4,8:58 PM,6:13,Grant L.B.FOUL (P1.PN) (C.Washington),,,,,4,1626170,Jerian Grant,1610612753.0,Orlando,Magic,ORL,5,203486,Mason Plumlee,1610612743.0,Denver,Nuggets,DEN,1,0,,,,,,1
0021800356,506,3,11,4,8:59 PM,6:13,,,Plumlee Free Throw 1 of 2 (11 PTS),99 - 98,-1,5,203486,Mason Plumlee,1610612743.0,Denver,Nuggets,DEN,0,0,,,,,,0,0,,,,,,0
0021800356,507,8,0,4,8:59 PM,6:13,SUB: Vucevic FOR Bamba,,,,,4,1628964,Mo Bamba,1610612753.0,Orlando,Magic,ORL,4,202696,Nikola Vucevic,1610612753.0,Orlando,Magic,ORL,0,0,,,,,,0
0021800356,508,8,0,4,8:59 PM,6:13,,,SUB: Millsap FOR Lyles,,,5,1626168,Trey Lyles,1610612743.0,Denver,Nuggets,DEN,5,200794,Paul Millsap,1610612743.0,Denver,Nuggets,DEN,0,0,,,,,,0
0021800356,509,8,0,4,8:59 PM,6:13,,,SUB: Murray FOR Morris,,,5,1628420,Monte Morris,1610612743.0,Denver,Nuggets,DEN,5,1627750,Jamal Murray,1610612743.0,Denver,Nuggets,DEN,0,0,,,,,,0
0021800356,513,3,12,4,8:59 PM,6:13,,,MISS Plumlee Free Throw 2 of 2,,,5,203486,Mason Plumlee,1610612743.0,Denver,Nuggets,DEN,0,0,,,,,,0,0,,,,,,0
0021800356,514,4,0,4,8:59 PM,6:10,Vucevic REBOUND (Off:1 Def:11),,,,,4,202696,Nikola Vucevic,1610612753.0,Orlando,Magic,ORL,0,0,,,,,,0,0,,,,,,1
0021800356,515,1,1,4,8:59 PM,5:58,Fournier 24' 3PT Jump Shot (20 PTS) (Vucevic 4 AST),,,99 - 101,2,4,203095,Evan Fournier,1610612753.0,Orlando,Magic,ORL,4,202696,Nikola Vucevic,1610612753.0,Orlando,Magic,ORL,0,0,,,,,,1
0021800356,517,1,108,4,8:59 PM,5:40,,,Beasley 1' Cutting Dunk Shot (8 PTS) (Plumlee 4 AST),101 - 101,TIE,5,1627736,Malik Beasley,1610612743.0,Denver,Nuggets,DEN,5,203486,Mason Plumlee,1610612743.0,Denver,Nuggets,DEN,0,0,,,,,,1
0021800356,519,1,79,4,9:00 PM,5:16,Ross 19' Pullup Jump Shot (12 PTS),,,101 - 103,2,4,203082,Terrence Ross,1610612753.0,Orlando,Magic,ORL,0,0,,,,,,0,0,,,,,,1
0021800356,521,6,1,4,9:00 PM,5:04,Gordon P.FOUL (P4.PN) (K.Scott),,,,,4,203932,Aaron Gordon,1610612753.0,Orlando,Magic,ORL,5,200794,Paul Millsap,1610612743.0,Denver,Nuggets,DEN,1,0,,,,,,1
0021800356,523,3,11,4,9:00 PM,5:04,,,Millsap Free Throw 1 of 2 (14 PTS),102 - 103,1,5,200794,Paul Millsap,1610612743.0,Denver,Nuggets,DEN,0,0,,,,,,0,0,,,,,,0
0021800356,524,8,0,4,9:00 PM,5:04,SUB: Isaac FOR Grant,,,,,4,1626170,Jerian Grant,1610612753.0,Orlando,Magic,ORL,4,1628371,Jonathan Isaac,1610612753.0,Orlando,Magic,ORL,0,0,,,,,,0
0021800356,525,8,0,4,9:00 PM,5:04,SUB: Augustin FOR Ross,,,,,4,203082,Terrence Ross,1610612753.0,Orlando,Magic,ORL,4,201571,D.J. Augustin,1610612753.0,Orlando,Magic,ORL,0,0,,,,,,0
0021800356,526,8,0,4,9:00 PM,5:04,,,SUB: Jokic FOR Plumlee,,,5,203486,Mason Plumlee,1610612743.0,Denver,Nuggets,DEN,5,203999,Nikola Jokic,1610612743.0,Denver,Nuggets,DEN,0,0,,,,,,0
0021800356,530,3,12,4,9:01 PM,5:04,,,Millsap Free Throw 2 of 2 (15 PTS),103 - 103,TIE,5,200794,Paul Millsap,1610612743.0,Denver,Nuggets,DEN,0,0,,,,,,0,0,,,,,,0
0021800356,531,2,58,4,9:01 PM,4:44,MISS Vucevic 10' Turnaround Hook Shot,,,,,4,202696,Nikola Vucevic,1610612753.0,Orlando,Magic,ORL,0,0,,,,,,0,0,,,,,,1
0021800356,532,4,0,4,9:01 PM,4:40,,,Millsap REBOUND (Off:0 Def:4),,,5,200794,Paul Millsap,1610612743.0,Denver,Nuggets,DEN,0,0,,,,,,0,0,,,,,,1
0021800356,533,1,5,4,9:01 PM,4:25,,,Hernangomez 2' Layup (11 PTS) (Jokic 11 AST),105 - 103,-2,5,1627823,Juancho Hernangomez,1610612743.0,Denver,Nuggets,DEN,5,203999,Nikola Jokic,1610612743.0,Denver,Nuggets,DEN,0,0,,,,,,1
0021800356,536,2,1,4,9:02 PM,4:07,MISS Isaac 24' 3PT Jump Shot,,,,,4,1628371,Jonathan Isaac,1610612753.0,Orlando,Magic,ORL,0,0,,,,,,0,0,,,,,,1
0021800356,537,4,0,4,9:02 PM,4:07,MAGIC Rebound,,,,,2,1610612753,,,,,,0,0,,,,,,0,0,,,,,,0
0021800356,538,6,1,4,9:02 PM,4:07,,,Murray P.FOUL (P2.T4) (K.Scott),,,5,1627750,Jamal Murray,1610612743.0,Denver,Nuggets,DEN,4,202696,Nikola Vucevic,1610612753.0,Orlando,Magic,ORL,1,0,,,,,,1
0021800356,540,5,11,4,9:02 PM,3:53,MAGIC Turnover: Shot Clock (T#10),,,,,2,1610612753,,,,,,0,0,,,,,,1,0,,,,,,0
0021800356,541,1,6,4,9:03 PM,3:33,,,Jokic 1' Driving Layup (8 PTS) (Millsap 2 AST),107 - 103,-4,5,203999,Nikola Jokic,1610612743.0,Denver,Nuggets,DEN,5,200794,Paul Millsap,1610612743.0,Denver,Nuggets,DEN,0,0,,,,,,1
0021800356,542,9,1,4,9:03 PM,3:33,MAGIC Timeout: Regular (Full 5 Short 0),,,,,2,1610612753,,,,,,0,0,,,,,,0,0,,,,,,0
0021800356,544,8,0,4,9:05 PM,3:33,SUB: Ross FOR Isaac,,,,,4,1628371,Jonathan Isaac,1610612753.0,Orlando,Magic,ORL,4,203082,Terrence Ross,1610612753.0,Orlando,Magic,ORL,0,0,,,,,,0
0021800356,546,2,1,4,9:06 PM,3:17,MISS Gordon 25' 3PT Jump Shot,,,,,4,203932,Aaron Gordon,1610612753.0,Orlando,Magic,ORL,0,0,,,,,,0,0,,,,,,1
0021800356,547,4,0,4,9:06 PM,3:14,,,Murray REBOUND (Off:1 Def:3),,,5,1627750,Jamal Murray,1610612743.0,Denver,Nuggets,DEN,0,0,,,,,,0,0,,,,,,1
0021800356,548,2,5,4,9:06 PM,3:05,,,MISS Murray 6' Layup,,,5,1627750,Jamal Murray,1610612743.0,Denver,Nuggets,DEN,0,0,,,,,,0,0,,,,,,1
0021800356,549,4,0,4,9:06 PM,3:05,MAGIC Rebound,,,,,2,1610612753,,,,,,0,0,,,,,,0,0,,,,,,0
0021800356,550,6,3,4,9:06 PM,3:05,,,Murray L.B.FOUL (P3.PN) (M.Davis),,,5,1627750,Jamal Murray,1610612743.0,Denver,Nuggets,DEN,4,203095,Evan Fournier,1610612753.0,Orlando,Magic,ORL,1,0,,,,,,1
0021800356,552,3,11,4,9:07 PM,3:05,Fournier Free Throw 1 of 2 (21 PTS),,,107 - 104,-3,4,203095,Evan Fournier,1610612753.0,Orlando,Magic,ORL,0,0,,,,,,0,0,,,,,,0
0021800356,553,3,12,4,9:07 PM,3:05,Fournier Free Throw 2 of 2 (22 PTS),,,107 - 105,-2,4,203095,Evan Fournier,1610612753.0,Orlando,Magic,ORL,0,0,,,,,,0,0,,,,,,0
0021800356,554,9,1,4,9:07 PM,3:05,,,Nuggets Timeout: Regular (Reg.5 Short 0),,,3,1610612743,,,,,,0,0,,,,,,0,0,,,,,,0
0021800356,555,2,101,4,9:09 PM,2:48,,,MISS Murray 13' Driving Floating Jump Shot,,,5,1627750,Jamal Murray,1610612743.0,Denver,Nuggets,DEN,0,0,,,,,,0,0,,,,,,1
0021800356,556,4,0,4,9:09 PM,2:45,Gordon REBOUND (Off:0 Def:4),,,,,4,203932,Aaron Gordon,1610612753.0,Orlando,Magic,ORL,0,0,,,,,,0,0,,,,,,1
0021800356,557,2,1,4,9:09 PM,2:41,MISS Ross 26' 3PT Jump Shot,,,,,4,203082,Terrence Ross,1610612753.0,Orlando,Magic,ORL,0,0,,,,,,0,0,,,,,,1
0021800356,558,4,0,4,9:09 PM,2:37,,,Jokic REBOUND (Off:0 Def:6),,,5,203999,Nikola Jokic,1610612743.0,Denver,Nuggets,DEN,0,0,,,,,,0,0,,,,,,1
0021800356,559,1,1,4,9:09 PM,2:25,,,Hernangomez 27' 3PT Jump Shot (14 PTS) (Murray 7 AST),110 - 105,-5,5,1627823,Juancho Hernangomez,1610612743.0,Denver,Nuggets,DEN,5,1627750,Jamal Murray,1610612743.0,Denver,Nuggets,DEN,0,0,,,,,,1
0021800356,561,2,73,4,9:10 PM,2:02,MISS Fournier 2' Driving Reverse Layup,,,,,4,203095,Evan Fournier,1610612753.0,Orlando,Magic,ORL,0,0,,,,,,0,0,,,,,,1
0021800356,562,4,0,4,9:10 PM,1:58,Gordon REBOUND (Off:1 Def:4),,,,,4,203932,Aaron Gordon,1610612753.0,Orlando,Magic,ORL,0,0,,,,,,0,0,,,,,,1
0021800356,563,1,107,4,9:10 PM,1:58,Gordon 1' Tip Dunk Shot (19 PTS),,,110 - 107,-3,4,203932,Aaron Gordon,1610612753.0,Orlando,Magic,ORL,0,0,,,,,,0,0,,,,,,1
0021800356,564,1,78,4,9:10 PM,1:48,,,Jokic 13' Floating Jump Shot (10 PTS) (Murray 8 AST),112 - 107,-5,5,203999,Nikola Jokic,1610612743.0,Denver,Nuggets,DEN,5,1627750,Jamal Murray,1610612743.0,Denver,Nuggets,DEN,0,0,,,,,,1
0021800356,566,1,6,4,9:10 PM,1:35,Fournier 2' Driving Layup (24 PTS),,,112 - 109,-3,4,203095,Evan Fournier,1610612753.0,Orlando,Magic,ORL,0,0,,,,,,0,0,,,,,,1
0021800356,567,2,1,4,9:11 PM,1:21,,,MISS Jokic 27' 3PT Jump Shot,,,5,203999,Nikola Jokic,1610612743.0,Denver,Nuggets,DEN,0,0,,,,,,0,0,,,,,,1
0021800356,568,4,0,4,9:11 PM,1:16,Gordon REBOUND (Off:1 Def:5),,,,,4,203932,Aaron Gordon,1610612753.0,Orlando,Magic,ORL,0,0,,,,,,0,0,,,,,,1
0021800356,569,2,1,4,9:11 PM,1:03,MISS Ross 27' 3PT Jump Shot,,,,,4,203082,Terrence Ross,1610612753.0,Orlando,Magic,ORL,0,0,,,,,,0,0,,,,,,1
0021800356,570,4,0,4,9:11 PM,1:02,,,Nuggets Rebound,,,3,1610612743,,,,,,0,0,,,,,,0,0,,,,,,0
0021800356,571,2,5,4,9:11 PM,0:42,Gordon BLOCK (1 BLK),,MISS Jokic 2' Layup,,,5,203999,Nikola Jokic,1610612743.0,Denver,Nuggets,DEN,0,0,,,,,,4,203932,Aaron Gordon,1610612753.0,Orlando,Magic,ORL,1
0021800356,572,4,0,4,9:11 PM,0:38,Vucevic REBOUND (Off:1 Def:12),,,,,4,202696,Nikola Vucevic,1610612753.0,Orlando,Magic,ORL,0,0,,,,,,0,0,,,,,,1
0021800356,573,2,1,4,9:11 PM,0:35,MISS Gordon 28' 3PT Jump Shot,,,,,4,203932,Aaron Gordon,1610612753.0,Orlando,Magic,ORL,0,0,,,,,,0,0,,,,,,1
0021800356,574,4,0,4,9:12 PM,0:31,,,Hernangomez REBOUND (Off:0 Def:4),,,5,1627823,Juancho Hernangomez,1610612743.0,Denver,Nuggets,DEN,0,0,,,,,,0,0,,,,,,1
0021800356,575,2,5,4,9:12 PM,0:10,Fournier BLOCK (1 BLK),,MISS Murray 6' Layup,,,5,1627750,Jamal Murray,1610612743.0,Denver,Nuggets,DEN,0,0,,,,,,4,203095,Evan Fournier,1610612753.0,Orlando,Magic,ORL,1
0021800356,577,4,0,4,9:12 PM,0:09,Fournier REBOUND (Off:1 Def:6),,,,,4,203095,Evan Fournier,1610612753.0,Orlando,Magic,ORL,0,0,,,,,,0,0,,,,,,1
0021800356,578,9,1,4,9:12 PM,0:09,MAGIC Timeout: Regular (Full 6 Short 0),,,,,2,1610612753,,,,,,0,0,,,,,,0,0,,,,,,0
0021800356,580,8,0,4,9:13 PM,0:09,,,SUB: Plumlee FOR Jokic,,,5,203999,Nikola Jokic,1610612743.0,Denver,Nuggets,DEN,5,203486,Mason Plumlee,1610612743.0,Denver,Nuggets,DEN,0,0,,,,,,0
0021800356,581,8,0,4,9:13 PM,0:09,,,SUB: Craig FOR Murray,,,5,1627750,Jamal Murray,1610612743.0,Denver,Nuggets,DEN,5,1628470,Torrey Craig,1610612743.0,Denver,Nuggets,DEN,0,0,,,,,,0
0021800356,584,1,1,4,9:14 PM,0:07,Ross 25' 3PT Jump Shot (15 PTS) (Gordon 5 AST),,,112 - 112,TIE,4,203082,Terrence Ross,1610612753.0,Orlando,Magic,ORL,4,203932,Aaron Gordon,1610612753.0,Orlando,Magic,ORL,0,0,,,,,,1
0021800356,586,9,1,4,9:14 PM,0:06,,,Nuggets Timeout: Regular (Reg.6 Short 0),,,3,1610612743,,,,,,0,0,,,,,,0,0,,,,,,0
0021800356,587,8,0,4,9:15 PM,0:06,SUB: Simmons FOR Augustin,,,,,4,201571,D.J. Augustin,1610612753.0,Orlando,Magic,ORL,4,203613,Jonathon Simmons,1610612753.0,Orlando,Magic,ORL,0,0,,,,,,0
0021800356,588,8,0,4,9:15 PM,0:06,SUB: Isaac FOR Ross,,,,,4,203082,Terrence Ross,1610612753.0,Orlando,Magic,ORL,4,1628371,Jonathan Isaac,1610612753.0,Orlando,Magic,ORL,0,0,,,,,,0
0021800356,589,8,0,4,9:15 PM,0:06,,,SUB: Murray FOR Plumlee,,,5,203486,Mason Plumlee,1610612743.0,Denver,Nuggets,DEN,5,1627750,Jamal Murray,1610612743.0,Denver,Nuggets,DEN,0,0,,,,,,0
0021800356,590,8,0,4,9:15 PM,0:06,,,SUB: Jokic FOR Craig,,,5,1628470,Torrey Craig,1610612743.0,Denver,Nuggets,DEN,5,203999,Nikola Jokic,1610612743.0,Denver,Nuggets,DEN,0,0,,,,,,0
0021800356,595,2,63,4,9:16 PM,0:01,,,MISS Murray 10' Fadeaway Jumper,,,5,1627750,Jamal Murray,1610612743.0,Denver,Nuggets,DEN,0,0,,,,,,0,0,,,,,,1
0021800356,596,4,0,4,9:16 PM,0:01,,,Nuggets Rebound,,,3,1610612743,,,,,,0,0,,,,,,0,0,,,,,,0
0021800356,597,13,0,4,9:16 PM,0:00,,,,112 - 112,TIE,0,0,,,,,,0,0,,,,,,0,0,,,,,,1
0021800356,602,12,0,5,9:18 PM,5:00,,,,112 - 112,TIE,0,0,,,,,,0,0,,,,,,0,0,,,,,,0
0021800356,604,10,0,5,9:18 PM,5:00,Jump Ball Vucevic vs. Jokic: Tip to Beasley,,,,,4,202696,Nikola Vucevic,1610612753.0,Orlando,Magic,ORL,5,203999,Nikola Jokic,1610612743.0,Denver,Nuggets,DEN,5,1627736,Malik Beasley,1610612743.0,Denver,Nuggets,DEN,1
0021800356,607,2,3,5,9:19 PM,4:40,,,MISS Jokic 7' Hook Shot,,,5,203999,Nikola Jokic,1610612743.0,Denver,Nuggets,DEN,0,0,,,,,,0,0,,,,,,1
0021800356,608,4,0,5,9:19 PM,4:38,MAGIC Rebound,,,,,2,1610612753,,,,,,0,0,,,,,,0,0,,,,,,0
0021800356,609,2,79,5,9:19 PM,4:24,MISS Fournier 27' 3PT Pullup Jump Shot,,,,,4,203095,Evan Fournier,1610612753.0,Orlando,Magic,ORL,0,0,,,,,,0,0,,,,,,1
0021800356,610,4,0,5,9:19 PM,4:21,,,Millsap REBOUND (Off:0 Def:5),,,5,200794,Paul Millsap,1610612743.0,Denver,Nuggets,DEN,0,0,,,,,,0,0,,,,,,1
0021800356,611,6,2,5,9:19 PM,4:09,Fournier S.FOUL (P5.T1) (C.Washington),,,,,4,203095,Evan Fournier,1610612753.0,Orlando,Magic,ORL,5,200794,Paul Millsap,1610612743.0,Denver,Nuggets,DEN,1,0,,,,,,1
0021800356,613,3,11,5,9:20 PM,4:09,,,MISS Millsap Free Throw 1 of 2,,,5,200794,Paul Millsap,1610612743.0,Denver,Nuggets,DEN,0,0,,,,,,0,0,,,,,,0
0021800356,614,4,1,5,9:20 PM,4:09,,,Nuggets Rebound,,,3,1610612743,,,,,,0,0,,,,,,0,0,,,,,,0
0021800356,615,3,12,5,9:20 PM,4:09,,,Millsap Free Throw 2 of 2 (16 PTS),113 - 112,-1,5,200794,Paul Millsap,1610612743.0,Denver,Nuggets,DEN,0,0,,,,,,0,0,,,,,,0
0021800356,616,2,101,5,9:20 PM,3:53,MISS Gordon 15' Driving Floating Jump Shot,,,,,4,203932,Aaron Gordon,1610612753.0,Orlando,Magic,ORL,0,0,,,,,,0,0,,,,,,1
0021800356,617,4,0,5,9:20 PM,3:49,,,Jokic REBOUND (Off:0 Def:7),,,5,203999,Nikola Jokic,1610612743.0,Denver,Nuggets,DEN,0,0,,,,,,0,0,,,,,,1
0021800356,618,1,5,5,9:21 PM,3:36,,,Millsap 3' Layup (18 PTS) (Jokic 12 AST),115 - 112,-3,5,200794,Paul Millsap,1610612743.0,Denver,Nuggets,DEN,5,203999,Nikola Jokic,1610612743.0,Denver,Nuggets,DEN,0,0,,,,,,1
0021800356,620,6,1,5,9:21 PM,3:26,,,Jokic P.FOUL (P2.T1) (K.Scott),,,5,203999,Nikola Jokic,1610612743.0,Denver,Nuggets,DEN,4,201571,D.J. Augustin,1610612753.0,Orlando,Magic,ORL,1,0,,,,,,1
0021800356,622,2,79,5,9:21 PM,3:20,MISS Gordon 21' Pullup Jump Shot,,,,,4,203932,Aaron Gordon,1610612753.0,Orlando,Magic,ORL,0,0,,,,,,0,0,,,,,,1
0021800356,623,4,0,5,9:21 PM,3:17,Fournier REBOUND (Off:2 Def:6),,,,,4,203095,Evan Fournier,1610612753.0,Orlando,Magic,ORL,0,0,,,,,,0,0,,,,,,1
0021800356,624,6,2,5,9:21 PM,3:16,,,Hernangomez S.FOUL (P3.T2) (M.Davis),,,5,1627823,Juancho Hernangomez,1610612743.0,Denver,Nuggets,DEN,4,203095,Evan Fournier,1610612753.0,Orlando,Magic,ORL,1,0,,,,,,1
0021800356,626,3,11,5,9:22 PM,3:16,Fournier Free Throw 1 of 2 (25 PTS),,,115 - 113,-2,4,203095,Evan Fournier,1610612753.0,Orlando,Magic,ORL,0,0,,,,,,0,0,,,,,,0
0021800356,627,3,12,5,9:22 PM,3:16,Fournier Free Throw 2 of 2 (26 PTS),,,115 - 114,-1,4,203095,Evan Fournier,1610612753.0,Orlando,Magic,ORL,0,0,,,,,,0,0,,,,,,0
0021800356,628,5,45,5,9:22 PM,3:07,,,Jokic Out of Bounds - Bad Pass Turnover Turnover (P1.T10),,,5,203999,Nikola Jokic,1610612743.0,Denver,Nuggets,DEN,0,0,,,,,,1,0,,,,,,1
0021800356,629,2,79,5,9:23 PM,2:45,MISS Fournier 25' 3PT Pullup Jump Shot,,,,,4,203095,Evan Fournier,1610612753.0,Orlando,Magic,ORL,0,0,,,,,,0,0,,,,,,1
0021800356,630,4,0,5,9:23 PM,2:42,,,Millsap REBOUND (Off:0 Def:6),,,5,200794,Paul Millsap,1610612743.0,Denver,Nuggets,DEN,0,0,,,,,,0,0,,,,,,1
0021800356,631,2,1,5,9:23 PM,2:30,,,MISS Murray 27' 3PT Jump Shot,,,5,1627750,Jamal Murray,1610612743.0,Denver,Nuggets,DEN,0,0,,,,,,0,0,,,,,,1
0021800356,632,4,0,5,9:23 PM,2:27,Vucevic REBOUND (Off:1 Def:13),,,,,4,202696,Nikola Vucevic,1610612753.0,Orlando,Magic,ORL,0,0,,,,,,0,0,,,,,,1
0021800356,633,6,1,5,9:23 PM,2:23,,,Beasley P.FOUL (P3.T3) (C.Washington),,,5,1627736,Malik Beasley,1610612743.0,Denver,Nuggets,DEN,4,201571,D.J. Augustin,1610612753.0,Orlando,Magic,ORL,1,0,,,,,,1
0021800356,635,2,1,5,9:24 PM,2:16,MISS Vucevic 27' 3PT Jump Shot,,,,,4,202696,Nikola Vucevic,1610612753.0,Orlando,Magic,ORL,0,0,,,,,,0,0,,,,,,1
0021800356,636,4,0,5,9:24 PM,2:13,,,Millsap REBOUND (Off:0 Def:7),,,5,200794,Paul Millsap,1610612743.0,Denver,Nuggets,DEN,0,0,,,,,,0,0,,,,,,1
0021800356,637,6,1,5,9:24 PM,2:00,Fournier P.FOUL (P6.T2) (C.Washington),,,,,4,203095,Evan Fournier,1610612753.0,Orlando,Magic,ORL,5,203999,Nikola Jokic,1610612743.0,Denver,Nuggets,DEN,1,0,,,,,,1
0021800356,639,8,0,5,9:25 PM,2:00,SUB: Isaac FOR Fournier,,,,,4,203095,Evan Fournier,1610612753.0,Orlando,Magic,ORL,4,1628371,Jonathan Isaac,1610612753.0,Orlando,Magic,ORL,0,0,,,,,,0
0021800356,641,6,11,5,9:25 PM,2:00,Fournier T.FOUL (P6.T2) (K.Scott),,,,,4,203095,Evan Fournier,1610612753.0,Orlando,Magic,ORL,0,0,,,,,,1,0,,,,,,0
0021800356,675,11,4,5,9:25 PM,2:00,Fournier Ejection:Other,,,,,4,203095,Evan Fournier,1610612753.0,Orlando,Magic,ORL,0,0,,,,,,1,0,,,,,,0
0021800356,642,3,16,5,9:25 PM,2:00,,,Murray Free Throw Technical (25 PTS),116 - 114,-2,5,1627750,Jamal Murray,1610612743.0,Denver,Nuggets,DEN,0,0,,,,,,0,0,,,,,,0
0021800356,643,1,1,5,9:25 PM,1:48,,,Murray  3PT Jump Shot (28 PTS) (Jokic 13 AST),119 - 114,-5,5,1627750,Jamal Murray,1610612743.0,Denver,Nuggets,DEN,5,203999,Nikola Jokic,1610612743.0,Denver,Nuggets,DEN,0,0,,,,,,1
0021800356,645,2,1,5,9:26 PM,1:35,MISS Ross 27' 3PT Jump Shot,,,,,4,203082,Terrence Ross,1610612753.0,Orlando,Magic,ORL,0,0,,,,,,0,0,,,,,,1
0021800356,646,4,0,5,9:26 PM,1:32,,,Jokic REBOUND (Off:0 Def:8),,,5,203999,Nikola Jokic,1610612743.0,Denver,Nuggets,DEN,0,0,,,,,,0,0,,,,,,1
0021800356,647,1,1,5,9:26 PM,1:13,,,Jokic 14' Jump Shot (12 PTS),121 - 114,-7,5,203999,Nikola Jokic,1610612743.0,Denver,Nuggets,DEN,0,0,,,,,,0,0,,,,,,1
0021800356,648,9,1,5,9:26 PM,1:13,MAGIC Timeout: Regular (Full 7 Short 0),,,,,2,1610612753,,,,,,0,0,,,,,,0,0,,,,,,0
0021800356,649,1,9,5,9:28 PM,1:04,Vucevic 3' Driving Dunk (24 PTS) (Ross 3 AST),,,121 - 116,-5,4,202696,Nikola Vucevic,1610612753.0,Orlando,Magic,ORL,4,203082,Terrence Ross,1610612753.0,Orlando,Magic,ORL,0,0,,,,,,1
0021800356,651,2,6,5,9:28 PM,0:45,,,MISS Murray 2' Driving Layup,,,5,1627750,Jamal Murray,1610612743.0,Denver,Nuggets,DEN,0,0,,,,,,0,0,,,,,,1
0021800356,652,4,0,5,9:28 PM,0:43,Ross REBOUND (Off:0 Def:1),,,,,4,203082,Terrence Ross,1610612753.0,Orlando,Magic,ORL,0,0,,,,,,0,0,,,,,,1
0021800356,653,6,1,5,9:29 PM,0:39,,,Jokic P.FOUL (P3.PN) (C.Washington),,,5,203999,Nikola Jokic,1610612743.0,Denver,Nuggets,DEN,4,203082,Terrence Ross,1610612753.0,Orlando,Magic,ORL,1,0,,,,,,0
0021800356,655,3,11,5,9:29 PM,0:39,Ross Free Throw 1 of 2 (16 PTS),,,121 - 117,-4,4,203082,Terrence Ross,1610612753.0,Orlando,Magic,ORL,0,0,,,,,,0,0,,,,,,0
0021800356,656,3,12,5,9:29 PM,0:39,Ross Free Throw 2 of 2 (17 PTS),,,121 - 118,-3,4,203082,Terrence Ross,1610612753.0,Orlando,Magic,ORL,0,0,,,,,,0,0,,,,,,1
0021800356,658,18,0,5,9:30 PM,0:23,,,,121 - 118,-3,0,657,,,,,,0,0,,,,,,1,0,,,,,,0
0021800356,659,6,1,5,9:32 PM,0:20,Vucevic P.FOUL (P2.PN) (K.Scott),,,,,4,202696,Nikola Vucevic,1610612753.0,Orlando,Magic,ORL,5,1627750,Jamal Murray,1610612743.0,Denver,Nuggets,DEN,1,0,,,,,,1
0021800356,661,3,11,5,9:34 PM,0:20,,,Murray Free Throw 1 of 2 (29 PTS),122 - 118,-4,5,1627750,Jamal Murray,1610612743.0,Denver,Nuggets,DEN,0,0,,,,,,0,0,,,,,,1
0021800356,662,3,12,5,9:34 PM,0:20,,,Murray Free Throw 2 of 2 (30 PTS),123 - 118,-5,5,1627750,Jamal Murray,1610612743.0,Denver,Nuggets,DEN,0,0,,,,,,0,0,,,,,,1
0021800356,663,9,1,5,9:34 PM,0:20,MAGIC Timeout: Regular (Full 8 Short 0),,,,,2,1610612753,,,,,,0,0,,,,,,0,0,,,,,,0
0021800356,664,2,79,5,9:36 PM,0:17,MISS Isaac 27' 3PT Pullup Jump Shot,,,,,4,1628371,Jonathan Isaac,1610612753.0,Orlando,Magic,ORL,0,0,,,,,,0,0,,,,,,1
0021800356,665,4,0,5,9:36 PM,0:11,,,Beasley REBOUND (Off:0 Def:4),,,5,1627736,Malik Beasley,1610612743.0,Denver,Nuggets,DEN,0,0,,,,,,0,0,,,,,,1
0021800356,666,6,1,5,9:36 PM,0:10,Isaac P.FOUL (P2.PN) (C.Washington),,,,,4,1628371,Jonathan Isaac,1610612753.0,Orlando,Magic,ORL,5,1627750,Jamal Murray,1610612743.0,Denver,Nuggets,DEN,1,0,,,,,,1
0021800356,668,3,11,5,9:37 PM,0:10,,,Murray Free Throw 1 of 2 (31 PTS),124 - 118,-6,5,1627750,Jamal Murray,1610612743.0,Denver,Nuggets,DEN,0,0,,,,,,0,0,,,,,,1
0021800356,669,3,12,5,9:37 PM,0:10,,,MISS Murray Free Throw 2 of 2,,,5,1627750,Jamal Murray,1610612743.0,Denver,Nuggets,DEN,0,0,,,,,,0,0,,,,,,1
0021800356,670,4,0,5,9:37 PM,0:08,Vucevic REBOUND (Off:1 Def:14),,,,,4,202696,Nikola Vucevic,1610612753.0,Orlando,Magic,ORL,0,0,,,,,,0,0,,,,,,1
0021800356,671,2,2,5,9:37 PM,0:03,MISS Gordon 27' 3PT Running Jump Shot,,,,,4,203932,Aaron Gordon,1610612753.0,Orlando,Magic,ORL,0,0,,,,,,0,0,,,,,,1
0021800356,672,4,0,5,9:37 PM,0:00,,,Millsap REBOUND (Off:0 Def:8),,,5,200794,Paul Millsap,1610612743.0,Denver,Nuggets,DEN,0,0,,,,,,0,0,,,,,,1
0021800356,673,13,0,5,9:37 PM,0:00,,,,124 - 118,-6,0,0,,,,,,0,0,,,,,,0,0,,,,,,1
