GAME_ID,EVENTNUM,EVENTMSGTYPE,EVENTMSGACTIONTYPE,PERIOD,WCTIMESTRING,PCTIMESTRING,HOMEDESCRIPTION,NEUTRALDESCRIPTION,VISITORDESCRIPTION,SCORE,SCOREMARGIN
0029700688,0,12,0,1,12:05 PM,12:00,,,,,
0029700688,1,10,0,1,12:08 PM,12:00,Jump Ball Willis vs. Baker: Tip to Drexler,,,,
0029700688,2,6,4,1,12:08 PM,11:41,Elie OFF.Foul (P1),,,,
0029700688,3,5,5,1,12:08 PM,11:41,Elie Foul Turnover (P1.T1),,,,
0029700688,4,5,1,1,12:08 PM,11:27,Elie STEAL (1 STL),,Schrempf Bad Pass Turnover (P1.T1),,
0029700688,6,10,0,1,12:09 PM,11:11,Jump Ball Willis vs. Payton: Tip to Maloney,,,,
0029700688,7,2,1,1,12:09 PM,10:54,MISS Drexler 25' 3PT Jump Shot,,,,
0029700688,8,4,0,1,12:09 PM,10:52,Olajuwon REBOUND (Off:1 Def:0),,,,
0029700688,9,5,2,1,12:10 PM,10:43,Willis Lost Ball Turnover (P1.T2),,Hawkins STEAL (1 STL),,
0029700688,10,1,1,1,12:10 PM,10:36,,,Baker 6' Jump Shot (2 PTS) (Schrempf 1 AST),2 - 0,-2
0029700688,11,2,1,1,12:10 PM,10:19,MISS Elie 25' 3PT Jump Shot,,,,
0029700688,12,4,0,1,12:10 PM,10:17,,,Hawkins REBOUND (Off:0 Def:1),,
0029700688,13,2,5,1,12:10 PM,10:11,,,MISS Baker  Layup,,
0029700688,15,4,0,1,12:10 PM,10:09,,,Schrempf REBOUND (Off:1 Def:0),,
0029700688,14,1,4,1,12:10 PM,10:09,,,Schrempf  Tip Shot (2 PTS),4 - 0,-4
0029700688,16,2,1,1,12:10 PM,9:57,MISS Maloney 22' Jump Shot,,,,
0029700688,17,4,0,1,12:10 PM,9:54,Olajuwon REBOUND (Off:2 Def:0),,,,
0029700688,18,2,3,1,12:11 PM,9:52,MISS Drexler 5' Hook Shot,,,,
0029700688,20,4,0,1,12:11 PM,9:49,Elie REBOUND (Off:1 Def:0),,,,
0029700688,19,1,5,1,12:11 PM,9:49,Elie  Layup (2 PTS),,,4 - 2,-2
0029700688,21,1,1,1,12:11 PM,9:27,,,Schrempf 15' Jump Shot (4 PTS) (Baker 1 AST),6 - 2,-4
0029700688,22,2,1,1,12:11 PM,9:11,MISS Drexler 25' 3PT Jump Shot,,,,
0029700688,23,4,0,1,12:11 PM,9:09,,,Baker REBOUND (Off:0 Def:1),,
0029700688,24,2,1,1,12:11 PM,9:03,,,MISS Payton 24' 3PT Jump Shot,,
0029700688,26,4,0,1,12:11 PM,9:01,,,Baker REBOUND (Off:1 Def:1),,
0029700688,25,1,5,1,12:11 PM,9:00,,,Baker  Layup (4 PTS),8 - 2,-6
0029700688,27,9,1,1,12:12 PM,8:54,ROCKETS Timeout: Regular (Full 1 Short 0),,,,
0029700688,29,2,6,1,12:14 PM,8:45,MISS Drexler  Driving Layup,,,,
0029700688,31,4,0,1,12:14 PM,8:43,Olajuwon REBOUND (Off:3 Def:0),,,,
0029700688,30,1,7,1,12:14 PM,8:43,Olajuwon  Dunk (2 PTS),,,8 - 4,-4
0029700688,32,2,1,1,12:14 PM,8:25,,,MISS Hawkins 8' Jump Shot,,
0029700688,33,4,0,1,12:15 PM,8:23,Olajuwon REBOUND (Off:3 Def:1),,,,
0029700688,34,2,5,1,12:15 PM,8:16,MISS Elie  Layup,,McIlvaine BLOCK (1 BLK),,
0029700688,35,4,0,1,12:15 PM,8:15,,,Baker REBOUND (Off:1 Def:2),,
0029700688,36,1,5,1,12:15 PM,8:10,,,Payton  Layup (2 PTS),10 - 4,-6
0029700688,37,1,1,1,12:15 PM,7:51,Willis 12' Jump Shot (2 PTS) (Olajuwon 1 AST),,,10 - 6,-4
0029700688,38,6,2,1,12:15 PM,7:44,Elie S.FOUL (P2.T1),,,,
0029700688,40,3,11,1,12:16 PM,7:44,,,Payton Free Throw 1 of 2 (3 PTS),11 - 6,-5
0029700688,41,8,0,1,12:16 PM,7:44,SUB: Rhodes FOR Elie,,,,
0029700688,42,3,12,1,12:16 PM,7:44,,,MISS Payton Free Throw 2 of 2,,
0029700688,43,4,0,1,12:16 PM,7:44,Willis REBOUND (Off:0 Def:1),,,,
0029700688,45,2,1,1,12:16 PM,7:23,MISS Rhodes 21' Jump Shot,,,,
0029700688,46,4,0,1,12:16 PM,7:21,,,Baker REBOUND (Off:1 Def:3),,
0029700688,47,2,3,1,12:17 PM,7:08,,,MISS Schrempf 5' Hook Shot,,
0029700688,49,4,0,1,12:17 PM,7:04,,,McIlvaine REBOUND (Off:1 Def:0),,
0029700688,48,2,4,1,12:17 PM,7:04,,,MISS McIlvaine  Tip Shot,,
0029700688,51,4,0,1,12:17 PM,7:03,,,McIlvaine REBOUND (Off:2 Def:0),,
0029700688,50,1,3,1,12:17 PM,7:03,,,McIlvaine 2' Hook Shot (2 PTS),13 - 6,-7
0029700688,52,1,1,1,12:17 PM,6:52,Willis 12' Jump Shot (4 PTS) (Rhodes 1 AST),,,13 - 8,-5
0029700688,54,6,2,1,12:17 PM,6:42,Rhodes S.FOUL (P1.T2),,,,
0029700688,56,3,11,1,12:18 PM,6:42,,,MISS Payton Free Throw 1 of 2,,
0029700688,57,4,0,1,12:18 PM,6:42,,,SuperSonics Rebound,,
0029700688,58,3,12,1,12:18 PM,6:42,,,Payton Free Throw 2 of 2 (4 PTS),14 - 8,-6
0029700688,59,2,1,1,12:18 PM,6:29,MISS Rhodes 20' Jump Shot,,,,
0029700688,60,4,0,1,12:18 PM,6:27,ROCKETS Rebound,,,,
0029700688,61,2,1,1,12:18 PM,6:08,MISS Olajuwon 15' Jump Shot,,,,
0029700688,62,4,0,1,12:18 PM,6:07,Drexler REBOUND (Off:1 Def:0),,,,
0029700688,63,2,1,1,12:19 PM,6:03,MISS Maloney 25' 3PT Jump Shot,,,,
0029700688,65,4,0,1,12:19 PM,6:01,Willis REBOUND (Off:1 Def:1),,,,
0029700688,64,2,4,1,12:19 PM,6:01,MISS Willis  Tip Shot,,,,
0029700688,66,4,0,1,12:19 PM,6:00,ROCKETS Rebound,,,,
0029700688,67,2,1,1,12:19 PM,5:45,MISS Maloney 25' 3PT Jump Shot,,,,
0029700688,68,4,0,1,12:19 PM,5:42,,,Baker REBOUND (Off:1 Def:4),,
0029700688,69,5,1,1,12:19 PM,5:34,,,Baker Bad Pass Turnover (P1.T2),,
0029700688,70,8,0,1,12:19 PM,5:34,SUB: Barkley FOR Olajuwon,,,,
0029700688,72,1,1,1,12:20 PM,5:20,Drexler 18' Jump Shot (2 PTS),,,14 - 10,-4
0029700688,73,6,1,1,12:20 PM,5:09,Barkley P.FOUL (P1.T3),,,,
0029700688,74,1,1,1,12:20 PM,5:05,,,Payton 24' 3PT Jump Shot (7 PTS),17 - 10,-7
0029700688,75,6,2,1,12:21 PM,4:52,,,Baker S.FOUL (P1.T1),,
0029700688,76,3,11,1,12:21 PM,4:52,Maloney Free Throw 1 of 2 (1 PTS),,,17 - 11,-6
0029700688,77,3,12,1,12:21 PM,4:52,Maloney Free Throw 2 of 2 (2 PTS),,,17 - 12,-5
0029700688,78,6,4,1,12:21 PM,4:37,,,McIlvaine OFF.Foul (P1),,
0029700688,79,5,5,1,12:21 PM,4:37,,,McIlvaine Foul Turnover (P1.T3),,
0029700688,80,5,11,1,12:22 PM,4:12,ROCKETS Turnover: Shot Clock (T#3),,,,
0029700688,81,2,1,1,12:22 PM,4:03,,,MISS Payton 24' 3PT Jump Shot,,
0029700688,82,4,0,1,12:22 PM,4:01,Barkley REBOUND (Off:0 Def:1),,,,
0029700688,83,5,1,1,12:22 PM,3:57,Barkley Bad Pass Turnover (P1.T4),,,,
0029700688,84,8,0,1,12:23 PM,3:57,,,SUB: Ellis FOR Hawkins,,
0029700688,85,1,1,1,12:23 PM,3:44,,,Schrempf 17' Jump Shot (6 PTS),19 - 12,-7
0029700688,86,2,1,1,12:23 PM,3:17,MISS Barkley 14' Jump Shot,,,,
0029700688,87,4,0,1,12:23 PM,3:15,,,Ellis REBOUND (Off:0 Def:1),,
0029700688,88,1,1,1,12:23 PM,3:06,,,Ellis 25' 3PT Jump Shot (3 PTS) (Baker 2 AST),22 - 12,-10
0029700688,89,9,2,1,12:24 PM,2:58,ROCKETS Timeout: Short (Full 1 Short 1),,,,
0029700688,91,9,1,1,12:24 PM,2:58,,,SuperSonics Timeout: Regular (Reg.1 Short 0),,
0029700688,92,8,0,1,12:26 PM,2:58,SUB: Bullard FOR Rhodes,,,,
0029700688,93,8,0,1,12:26 PM,2:58,,,SUB: Perkins FOR McIlvaine,,
0029700688,94,1,1,1,12:27 PM,2:50,Drexler 10' Jump Shot (4 PTS),,,22 - 14,-8
0029700688,95,6,1,1,12:27 PM,2:35,Drexler P.FOUL (P1.T4),,,,
0029700688,98,6,1,1,12:28 PM,2:25,Willis P.FOUL (P1.PN),,,,
0029700688,99,3,11,1,12:28 PM,2:25,,,Baker Free Throw 1 of 2 (5 PTS),23 - 14,-9
0029700688,100,3,12,1,12:28 PM,2:25,,,MISS Baker Free Throw 2 of 2,,
0029700688,101,4,0,1,12:28 PM,2:25,Barkley REBOUND (Off:0 Def:2),,,,
0029700688,102,2,1,1,12:28 PM,2:12,MISS Maloney 22' Jump Shot,,,,
0029700688,103,4,0,1,12:28 PM,2:10,,,Perkins REBOUND (Off:0 Def:1),,
0029700688,104,2,1,1,12:29 PM,1:55,,,MISS Schrempf 22' Jump Shot,,
0029700688,105,4,0,1,12:29 PM,1:53,,,SuperSonics Rebound,,
0029700688,106,2,1,1,12:29 PM,1:49,,,MISS Payton  3PT Jump Shot,,
0029700688,107,4,0,1,12:29 PM,1:47,,,Baker REBOUND (Off:2 Def:4),,
0029700688,108,1,1,1,12:29 PM,1:44,,,Perkins 24' 3PT Jump Shot (3 PTS) (Baker 3 AST),26 - 14,-12
0029700688,109,1,5,1,12:29 PM,1:29,Barkley  Layup (2 PTS) (Maloney 1 AST),,,26 - 16,-10
0029700688,110,1,1,1,12:30 PM,1:16,,,Payton 24' 3PT Jump Shot (10 PTS),29 - 16,-13
0029700688,111,1,2,1,12:30 PM,0:52,Bullard 9' Running Jump Shot (2 PTS),,,29 - 18,-11
0029700688,112,2,1,1,12:30 PM,0:42,,,MISS Schrempf 25' 3PT Jump Shot,,
0029700688,113,4,0,1,12:30 PM,0:39,Barkley REBOUND (Off:0 Def:3),,,,
0029700688,114,6,1,1,12:30 PM,0:32,,,Ellis P.FOUL (P1.T2),,
0029700688,115,8,0,1,12:31 PM,0:32,,,SUB: Wingate FOR Schrempf,,
0029700688,116,2,1,1,12:31 PM,0:23,MISS Bullard 26' 3PT Jump Shot,,,,
0029700688,117,4,0,1,12:31 PM,0:21,,,SuperSonics Rebound,,
0029700688,119,1,5,1,12:31 PM,0:05,,,Payton  Layup (12 PTS) (Wingate 1 AST),31 - 18,-13
0029700688,120,1,2,1,12:31 PM,0:00,Maloney 10' Running Jump Shot (4 PTS),,,31 - 20,-11
0029700688,121,13,0,1,12:31 PM,0:00,,,,31 - 20,-11
0029700688,123,12,0,2,12:34 PM,12:00,,,,31 - 20,-11
0029700688,124,1,1,2,12:35 PM,11:45,,,Wingate 20' Jump Shot (2 PTS),33 - 20,-13
0029700688,125,1,1,2,12:35 PM,11:26,Johnson 21' Jump Shot (2 PTS) (Bullard 1 AST),,,33 - 22,-11
0029700688,126,5,1,2,12:35 PM,11:15,Willis STEAL (1 STL),,Perkins Bad Pass Turnover (P1.T4),,
0029700688,127,5,1,2,12:35 PM,11:10,Maloney Bad Pass Turnover (P1.T5),,Wingate STEAL (1 STL),,
0029700688,128,1,5,2,12:35 PM,11:04,,,Payton  Layup (14 PTS) (Wingate 2 AST),35 - 22,-13
0029700688,129,6,1,2,12:35 PM,10:51,,,Payton P.FOUL (P1.T1),,
0029700688,130,8,0,2,12:36 PM,10:51,SUB: Rhodes FOR Maloney,,,,
0029700688,132,5,2,2,12:36 PM,10:40,Willis Lost Ball Turnover (P2.T6),,,,
0029700688,133,1,1,2,12:36 PM,10:18,,,Perkins 10' Jump Shot (5 PTS) (Payton 1 AST),37 - 22,-15
0029700688,134,7,2,2,12:37 PM,10:04,,,SuperSonics Violation: Def. Goaltending Violation,,
0029700688,135,8,0,2,12:37 PM,10:04,SUB: Olajuwon FOR Willis,,,,
0029700688,136,2,1,2,12:37 PM,9:58,MISS Bullard 25' 3PT Jump Shot,,,,
0029700688,137,4,0,2,12:37 PM,9:56,,,Perkins REBOUND (Off:0 Def:2),,
0029700688,138,2,6,2,12:37 PM,9:44,,,MISS Williams  Driving Layup,,
0029700688,139,4,0,2,12:37 PM,9:43,Barkley REBOUND (Off:0 Def:4),,,,
0029700688,140,6,1,2,12:37 PM,9:34,,,Williams P.FOUL (P1.T2),,
0029700688,141,8,0,2,12:37 PM,9:34,,,SUB: Anthony FOR Payton,,
0029700688,142,1,5,2,12:38 PM,9:23,Barkley  Layup (4 PTS),,,37 - 24,-13
0029700688,143,5,2,2,12:38 PM,9:16,Rhodes STEAL (1 STL),,Anthony Lost Ball Turnover (P1.T5),,
0029700688,144,1,6,2,12:38 PM,9:12,Rhodes  Driving Layup (2 PTS),,,37 - 26,-11
0029700688,145,6,2,2,12:38 PM,9:12,,,Anthony S.FOUL (P1.T3),,
0029700688,146,3,10,2,12:38 PM,9:12,Rhodes Free Throw 1 of 1 (3 PTS),,,37 - 27,-10
0029700688,147,5,2,2,12:39 PM,8:54,Bullard STEAL (1 STL),,Wingate Lost Ball Turnover (P1.T6),,
0029700688,148,2,2,2,12:39 PM,8:41,MISS Bullard 6' Running Jump Shot,,,,
0029700688,149,4,0,2,12:39 PM,8:39,,,Perkins REBOUND (Off:0 Def:3),,
0029700688,150,1,1,2,12:39 PM,8:29,,,Perkins 26' 3PT Jump Shot (8 PTS) (Anthony 1 AST),40 - 27,-13
0029700688,151,6,1,2,12:39 PM,8:17,,,Wingate P.FOUL (P1.T4),,
0029700688,152,8,0,2,12:39 PM,8:17,,,SUB: Baker FOR Williams,,
0029700688,153,8,0,2,12:40 PM,8:17,,,SUB: Hawkins FOR Wingate,,
0029700688,154,8,0,2,12:40 PM,8:17,,,SUB: Schrempf FOR Ellis,,
0029700688,155,2,1,2,12:40 PM,8:08,MISS Johnson 24' 3PT Jump Shot,,,,
0029700688,157,4,0,2,12:40 PM,8:06,Olajuwon REBOUND (Off:4 Def:1),,,,
0029700688,156,1,1,2,12:40 PM,8:05,Olajuwon 6' Jump Shot (4 PTS),,,40 - 29,-11
0029700688,158,1,1,2,12:40 PM,7:51,,,Anthony 24' 3PT Jump Shot (3 PTS),43 - 29,-14
0029700688,159,2,1,2,12:41 PM,7:24,MISS Barkley  3PT Jump Shot,,,,
0029700688,160,4,0,2,12:41 PM,7:22,,,Hawkins REBOUND (Off:0 Def:2),,
0029700688,161,2,1,2,12:41 PM,7:11,,,MISS Anthony 24' 3PT Jump Shot,,
0029700688,162,4,0,2,12:41 PM,7:09,Barkley REBOUND (Off:0 Def:5),,,,
0029700688,163,9,1,2,12:41 PM,7:04,ROCKETS Timeout: Regular (Full 2 Short 1),,,,
0029700688,165,2,6,2,12:44 PM,6:50,MISS Rhodes  Driving Layup,,,,
0029700688,166,4,0,2,12:44 PM,6:48,,,SuperSonics Rebound,,
0029700688,167,6,3,2,12:44 PM,6:48,Olajuwon L.B.FOUL (P1.T1),,,,
0029700688,168,2,1,2,12:44 PM,6:30,,,MISS Hawkins 24' 3PT Jump Shot,,
0029700688,169,4,0,2,12:44 PM,6:28,Johnson REBOUND (Off:0 Def:1),,,,
0029700688,170,1,5,2,12:44 PM,6:20,Rhodes  Layup (5 PTS),,,43 - 31,-12
0029700688,171,2,1,2,12:45 PM,6:14,,,MISS Anthony 17' Jump Shot,,
0029700688,172,4,0,2,12:45 PM,6:11,Bullard REBOUND (Off:0 Def:1),,,,
0029700688,173,6,2,2,12:45 PM,6:07,,,Schrempf S.FOUL (P1.PN),,
0029700688,174,3,11,2,12:45 PM,6:07,Johnson Free Throw 1 of 2 (3 PTS),,,43 - 32,-11
0029700688,175,3,12,2,12:45 PM,6:07,MISS Johnson Free Throw 2 of 2,,,,
0029700688,176,4,0,2,12:45 PM,6:07,Barkley REBOUND (Off:1 Def:5),,,,
0029700688,177,2,1,2,12:45 PM,5:50,MISS Rhodes 20' Jump Shot,,,,
0029700688,179,4,0,2,12:45 PM,5:47,Barkley REBOUND (Off:2 Def:5),,,,
0029700688,178,2,5,2,12:45 PM,5:47,MISS Barkley  Layup,,,,
0029700688,181,4,0,2,12:46 PM,5:46,Olajuwon REBOUND (Off:5 Def:1),,,,
0029700688,180,1,4,2,12:46 PM,5:46,Olajuwon  Tip Shot (6 PTS),,,43 - 34,-9
0029700688,183,8,0,2,12:46 PM,5:25,,,SUB: Ellis FOR Perkins,,
0029700688,184,8,0,2,12:46 PM,5:25,,,SUB: Payton FOR Anthony,,
0029700688,185,8,0,2,12:46 PM,5:25,SUB: Drexler FOR Bullard,,,,
0029700688,186,6,1,2,12:46 PM,5:20,Rhodes P.FOUL (P2.T2),,,,
0029700688,187,2,6,2,12:47 PM,5:09,Olajuwon BLOCK (1 BLK),,MISS Baker  Driving Layup,,
0029700688,188,4,0,2,12:47 PM,5:08,,,SuperSonics Rebound,,
0029700688,189,2,1,2,12:47 PM,5:00,,,MISS Payton 9' Jump Shot,,
0029700688,190,4,0,2,12:47 PM,4:58,Barkley REBOUND (Off:2 Def:6),,,,
0029700688,191,6,1,2,12:47 PM,4:57,,,Payton P.FOUL (P2.PN),,
0029700688,193,3,11,2,12:48 PM,4:57,Rhodes Free Throw 1 of 2 (6 PTS),,,43 - 35,-8
0029700688,194,3,12,2,12:48 PM,4:57,Rhodes Free Throw 2 of 2 (7 PTS),,,43 - 36,-7
0029700688,195,1,1,2,12:48 PM,4:45,,,Payton 24' 3PT Jump Shot (17 PTS),46 - 36,-10
0029700688,196,1,1,2,12:49 PM,4:22,Olajuwon 12' Jump Shot (8 PTS) (Rhodes 2 AST),,,46 - 38,-8
0029700688,197,6,2,2,12:49 PM,4:01,Olajuwon S.FOUL (P2.T3),,,,
0029700688,198,3,11,2,12:49 PM,4:01,,,MISS Baker Free Throw 1 of 2,,
0029700688,199,4,0,2,12:49 PM,4:01,,,SuperSonics Rebound,,
0029700688,200,3,12,2,12:49 PM,4:01,,,Baker Free Throw 2 of 2 (6 PTS),47 - 38,-9
0029700688,201,2,3,2,12:50 PM,3:52,MISS Olajuwon 5' Hook Shot,,Baker BLOCK (1 BLK),,
0029700688,203,4,0,2,12:50 PM,3:50,Barkley REBOUND (Off:3 Def:6),,,,
0029700688,202,1,5,2,12:50 PM,3:50,Barkley  Layup (6 PTS),,,47 - 40,-7
0029700688,204,2,1,2,12:50 PM,3:32,,,MISS Payton 25' 3PT Jump Shot,,
0029700688,205,4,0,2,12:50 PM,3:30,Barkley REBOUND (Off:3 Def:7),,,,
0029700688,206,2,6,2,12:50 PM,3:23,MISS Rhodes  Driving Layup,,,,
0029700688,207,4,0,2,12:50 PM,3:22,,,SuperSonics Rebound,,
0029700688,208,6,3,2,12:51 PM,3:22,Drexler L.B.FOUL (P2.T4),,,,
0029700688,209,9,1,2,12:51 PM,3:22,,,SuperSonics Timeout: Regular (Reg.2 Short 0),,
0029700688,211,2,1,2,12:54 PM,3:02,,,MISS Payton 25' 3PT Jump Shot,,
0029700688,212,4,0,2,12:54 PM,3:00,,,Schrempf REBOUND (Off:2 Def:0),,
0029700688,213,2,1,2,12:54 PM,2:57,,,MISS Ellis 17' Jump Shot,,
0029700688,214,4,0,2,12:54 PM,2:56,,,Baker REBOUND (Off:3 Def:4),,
0029700688,215,6,2,2,12:54 PM,2:53,Olajuwon S.FOUL (P3.PN),,,,
0029700688,216,3,11,2,12:54 PM,2:53,,,MISS Baker Free Throw 1 of 2,,
0029700688,217,4,0,2,12:54 PM,2:53,,,SuperSonics Rebound,,
0029700688,218,8,0,2,12:54 PM,2:53,SUB: Willis FOR Olajuwon,,,,
0029700688,219,3,12,2,12:54 PM,2:53,,,Baker Free Throw 2 of 2 (7 PTS),48 - 40,-8
0029700688,220,2,1,2,12:55 PM,2:40,MISS Drexler 12' Jump Shot,,,,
0029700688,221,4,0,2,12:55 PM,2:38,,,Ellis REBOUND (Off:0 Def:2),,
0029700688,222,2,6,2,12:55 PM,2:21,,,MISS Payton  Driving Layup,,
0029700688,223,4,0,2,12:55 PM,2:19,Willis REBOUND (Off:1 Def:2),,,,
0029700688,224,6,17,2,12:55 PM,2:06,,,SuperSonics Foul,,
0029700688,225,3,16,2,12:55 PM,2:06,Johnson Free Throw Technical (4 PTS),,,48 - 41,-7
0029700688,226,8,0,2,12:56 PM,2:06,SUB: Elie FOR Johnson,,,,
0029700688,227,1,1,2,12:56 PM,1:54,Willis 14' Jump Shot (6 PTS) (Drexler 1 AST),,,48 - 43,-5
0029700688,228,6,1,2,12:56 PM,1:37,Willis P.FOUL (P2.PN),,,,
0029700688,229,3,11,2,12:56 PM,1:37,,,MISS Baker Free Throw 1 of 2,,
0029700688,230,4,0,2,12:56 PM,1:37,,,SuperSonics Rebound,,
0029700688,231,3,12,2,12:57 PM,1:37,,,Baker Free Throw 2 of 2 (8 PTS),49 - 43,-6
0029700688,232,2,1,2,12:57 PM,1:20,MISS Rhodes 8' Jump Shot,,,,
0029700688,233,4,0,2,12:57 PM,1:17,,,Schrempf REBOUND (Off:2 Def:1),,
0029700688,234,2,1,2,12:57 PM,1:12,,,MISS Hawkins 24' 3PT Jump Shot,,
0029700688,235,4,0,2,12:57 PM,1:10,Barkley REBOUND (Off:3 Def:8),,,,
0029700688,236,2,1,2,12:58 PM,1:03,MISS Willis 13' Jump Shot,,,,
0029700688,237,4,0,2,12:58 PM,1:01,,,Schrempf REBOUND (Off:2 Def:2),,
0029700688,238,1,6,2,12:58 PM,0:54,,,Ellis  Driving Layup (5 PTS) (Payton 2 AST),51 - 43,-8
0029700688,239,2,1,2,12:58 PM,0:38,MISS Drexler 25' 3PT Jump Shot,,,,
0029700688,240,4,0,2,12:58 PM,0:36,,,Hawkins REBOUND (Off:0 Def:3),,
0029700688,241,1,6,2,12:58 PM,0:33,,,Schrempf  Driving Layup (8 PTS) (Payton 3 AST),53 - 43,-10
0029700688,242,1,7,2,12:59 PM,0:17,Barkley  Dunk (8 PTS) (Drexler 2 AST),,,53 - 45,-8
0029700688,243,1,1,2,12:59 PM,0:05,,,Baker 8' Jump Shot (10 PTS) (Payton 4 AST),55 - 45,-10
0029700688,244,1,6,2,12:59 PM,0:02,Drexler  Driving Layup (6 PTS),,,55 - 47,-8
0029700688,245,2,1,2,12:59 PM,0:00,,,MISS Ellis 24' 3PT Jump Shot,,
0029700688,247,4,0,2,12:59 PM,0:00,,,SuperSonics Rebound,,
0029700688,246,13,0,2,12:59 PM,0:00,,,,55 - 47,-8
0029700688,249,12,0,3,1:17 PM,12:00,,,,55 - 47,-8
0029700688,250,1,1,3,1:17 PM,11:38,,,Baker 10' Jump Shot (12 PTS),57 - 47,-10
0029700688,251,5,2,3,1:17 PM,11:18,Olajuwon Lost Ball Turnover (P1.T7),,Hawkins STEAL (2 STL),,
0029700688,252,1,2,3,1:18 PM,11:14,,,Payton 3' Running Jump Shot (19 PTS),59 - 47,-12
0029700688,253,6,4,3,1:18 PM,11:00,Elie OFF.Foul (P3),,,,
0029700688,254,5,5,3,1:18 PM,11:00,Elie Foul Turnover (P2.T8),,,,
0029700688,255,2,1,3,1:18 PM,10:40,,,MISS Payton 25' 3PT Jump Shot,,
0029700688,256,4,0,3,1:18 PM,10:38,Olajuwon REBOUND (Off:5 Def:2),,,,
0029700688,257,1,5,3,1:18 PM,10:35,Drexler  Layup (8 PTS) (Olajuwon 2 AST),,,59 - 49,-10
0029700688,258,7,6,3,1:19 PM,10:17,Elie Violation:Double Lane,,,,
0029700688,260,2,1,3,1:19 PM,10:12,,,MISS Baker 19' Jump Shot,,
0029700688,261,4,0,3,1:19 PM,10:10,,,Schrempf REBOUND (Off:3 Def:2),,
0029700688,262,2,1,3,1:19 PM,10:04,,,MISS Payton 24' 3PT Jump Shot,,
0029700688,263,4,0,3,1:19 PM,10:02,Maloney REBOUND (Off:0 Def:1),,,,
0029700688,264,6,2,3,1:19 PM,9:59,,,Hawkins S.FOUL (P1.T1),,
0029700688,265,3,11,3,1:20 PM,9:59,Elie Free Throw 1 of 2 (3 PTS),,,59 - 50,-9
0029700688,266,3,12,3,1:20 PM,9:59,Elie Free Throw 2 of 2 (4 PTS),,,59 - 51,-8
0029700688,267,2,1,3,1:20 PM,9:45,,,MISS McIlvaine 4' Jump Shot,,
0029700688,268,4,0,3,1:20 PM,9:43,Willis REBOUND (Off:1 Def:3),,,,
0029700688,269,5,2,3,1:20 PM,9:35,Willis Lost Ball Turnover (P3.T9),,Baker STEAL (1 STL),,
0029700688,270,5,8,3,1:21 PM,9:25,,,Baker 3 Second Violation Turnover (P2.T7),,
0029700688,272,2,1,3,1:21 PM,9:14,MISS Drexler 24' 3PT Jump Shot,,,,
0029700688,273,4,0,3,1:21 PM,9:13,,,SuperSonics Rebound,,
0029700688,274,2,1,3,1:21 PM,9:04,,,MISS McIlvaine 16' Jump Shot,,
0029700688,275,4,0,3,1:21 PM,9:02,Elie REBOUND (Off:1 Def:1),,,,
0029700688,276,6,2,3,1:21 PM,8:58,,,McIlvaine S.FOUL (P2.T2),,
0029700688,277,3,11,3,1:21 PM,8:58,Drexler Free Throw 1 of 2 (9 PTS),,,59 - 52,-7
0029700688,278,3,12,3,1:22 PM,8:58,MISS Drexler Free Throw 2 of 2,,,,
0029700688,279,4,0,3,1:22 PM,8:58,Willis REBOUND (Off:2 Def:3),,,,
0029700688,280,1,5,3,1:22 PM,8:56,Willis  Layup (8 PTS),,,59 - 54,-5
0029700688,281,2,1,3,1:22 PM,8:30,,,MISS Payton 25' 3PT Jump Shot,,
0029700688,282,4,0,3,1:23 PM,8:29,ROCKETS Rebound,,,,
0029700688,283,2,1,3,1:23 PM,8:19,MISS Olajuwon 17' Jump Shot,,,,
0029700688,284,4,0,3,1:23 PM,8:17,,,Hawkins REBOUND (Off:0 Def:4),,
0029700688,285,5,1,3,1:23 PM,8:01,,,Hawkins Bad Pass Turnover (P1.T8),,
0029700688,286,2,1,3,1:24 PM,7:46,MISS Willis 16' Jump Shot,,,,
0029700688,287,4,0,3,1:24 PM,7:44,Olajuwon REBOUND (Off:6 Def:2),,,,
0029700688,288,1,1,3,1:24 PM,7:42,Elie 24' 3PT Jump Shot (7 PTS) (Olajuwon 3 AST),,,59 - 57,-2
0029700688,289,2,1,3,1:24 PM,7:18,,,MISS Baker 10' Jump Shot,,
0029700688,290,4,0,3,1:24 PM,7:16,,,Schrempf REBOUND (Off:4 Def:2),,
0029700688,291,2,1,3,1:24 PM,7:15,,,MISS Schrempf 9' Jump Shot,,
0029700688,292,4,0,3,1:24 PM,7:14,ROCKETS Rebound,,,,
0029700688,293,6,3,3,1:24 PM,7:14,,,McIlvaine L.B.FOUL (P3.T3),,
0029700688,294,2,1,3,1:25 PM,7:01,MISS Maloney 24' 3PT Jump Shot,,,,
0029700688,295,4,0,3,1:25 PM,6:58,,,Hawkins REBOUND (Off:0 Def:5),,
0029700688,296,2,2,3,1:25 PM,6:52,,,MISS Schrempf 7' Running Jump Shot,,
0029700688,297,4,0,3,1:25 PM,6:51,Maloney REBOUND (Off:0 Def:2),,,,
0029700688,298,1,1,3,1:25 PM,6:46,Drexler 15' Jump Shot (11 PTS) (Maloney 2 AST),,,59 - 59,TIE
0029700688,299,6,1,3,1:25 PM,6:22,Elie P.FOUL (P4.T1),,,,
0029700688,300,9,1,3,1:26 PM,6:22,ROCKETS Timeout: Regular (Full 3 Short 1),,,,
0029700688,302,8,0,3,1:28 PM,6:22,SUB: Rhodes FOR Elie,,,,
0029700688,303,6,2,3,1:28 PM,6:12,Maloney S.FOUL (P1.T2),,,,
0029700688,304,3,11,3,1:29 PM,6:12,,,Hawkins Free Throw 1 of 2 (1 PTS),60 - 59,-1
0029700688,305,3,12,3,1:29 PM,6:12,,,Hawkins Free Throw 2 of 2 (2 PTS),61 - 59,-2
0029700688,306,1,1,3,1:29 PM,5:54,Maloney 24' 3PT Jump Shot (7 PTS) (Rhodes 3 AST),,,61 - 62,1
0029700688,307,2,1,3,1:30 PM,5:36,Olajuwon BLOCK (2 BLK),,MISS Payton 6' Jump Shot,,
0029700688,308,4,0,3,1:30 PM,5:34,Drexler REBOUND (Off:1 Def:1),,,,
0029700688,309,6,1,3,1:30 PM,5:31,,,Schrempf P.FOUL (P2.T4),,
0029700688,310,3,11,3,1:30 PM,5:31,Drexler Free Throw 1 of 2 (12 PTS),,,61 - 63,2
0029700688,311,3,12,3,1:30 PM,5:31,Drexler Free Throw 2 of 2 (13 PTS),,,61 - 64,3
0029700688,312,2,1,3,1:31 PM,5:11,,,MISS Payton 24' 3PT Jump Shot,,
0029700688,313,4,0,3,1:31 PM,5:09,,,McIlvaine REBOUND (Off:3 Def:0),,
0029700688,314,7,6,3,1:31 PM,5:00,Rhodes Violation:Double Lane,,,,
0029700688,315,8,0,3,1:31 PM,5:00,,,SUB: Perkins FOR McIlvaine,,
0029700688,317,2,1,3,1:31 PM,4:52,,,MISS Hawkins 18' Jump Shot,,
0029700688,318,4,0,3,1:31 PM,4:50,Olajuwon REBOUND (Off:6 Def:3),,,,
0029700688,319,6,1,3,1:32 PM,4:42,,,Payton P.FOUL (P3.PN),,
0029700688,320,3,11,3,1:32 PM,4:42,MISS Maloney Free Throw 1 of 2,,,,
0029700688,321,4,0,3,1:32 PM,4:42,ROCKETS Rebound,,,,
0029700688,322,3,12,3,1:32 PM,4:42,Maloney Free Throw 2 of 2 (8 PTS),,,61 - 65,4
0029700688,323,1,1,3,1:32 PM,4:30,,,Perkins 24' 3PT Jump Shot (11 PTS) (Schrempf 2 AST),64 - 65,1
0029700688,324,2,1,3,1:33 PM,4:13,MISS Maloney 24' 3PT Jump Shot,,Baker BLOCK (2 BLK),,
0029700688,325,4,0,3,1:33 PM,4:11,ROCKETS Rebound,,,,
0029700688,326,8,0,3,1:33 PM,4:11,,,SUB: Ellis FOR Hawkins,,
0029700688,327,2,1,3,1:33 PM,4:00,MISS Olajuwon 16' Jump Shot,,,,
0029700688,328,4,0,3,1:33 PM,3:58,,,Payton REBOUND (Off:0 Def:1),,
0029700688,329,6,1,3,1:33 PM,3:50,Olajuwon P.FOUL (P4.T3),,,,
0029700688,330,8,0,3,1:33 PM,3:50,SUB: Barkley FOR Olajuwon,,,,
0029700688,331,5,4,3,1:35 PM,3:26,,,Baker Traveling Turnover (P3.T9),,
0029700688,332,2,1,3,1:35 PM,3:11,MISS Drexler 18' Jump Shot,,,,
0029700688,333,4,0,3,1:35 PM,3:09,Barkley REBOUND (Off:4 Def:8),,,,
0029700688,334,2,1,3,1:35 PM,2:58,MISS Barkley 9' Jump Shot,,,,
0029700688,335,4,0,3,1:35 PM,2:57,,,Ellis REBOUND (Off:0 Def:3),,
0029700688,336,5,2,3,1:35 PM,2:47,Drexler STEAL (1 STL),,Payton Lost Ball Turnover (P1.T10),,
0029700688,337,1,1,3,1:36 PM,2:34,Willis 17' Jump Shot (10 PTS) (Barkley 1 AST),,,64 - 67,3
0029700688,338,9,1,3,1:36 PM,2:25,,,SuperSonics Timeout: Regular (Reg.3 Short 0),,
0029700688,340,5,1,3,1:39 PM,2:13,Drexler STEAL (2 STL),,Ellis Bad Pass Turnover (P1.T11),,
0029700688,341,1,5,3,1:39 PM,2:09,Maloney  Layup (10 PTS) (Drexler 3 AST),,,64 - 69,5
0029700688,342,5,2,3,1:39 PM,1:46,Drexler STEAL (3 STL),,Schrempf Lost Ball Turnover (P2.T12),,
0029700688,343,2,1,3,1:39 PM,1:27,MISS Drexler 25' 3PT Jump Shot,,,,
0029700688,344,4,0,3,1:39 PM,1:25,,,Ellis REBOUND (Off:0 Def:4),,
0029700688,345,5,1,3,1:40 PM,1:18,Barkley STEAL (1 STL),,Baker Bad Pass Turnover (P4.T13),,
0029700688,346,9,2,3,1:40 PM,1:09,ROCKETS Timeout: Short (Full 3 Short 2),,,,
0029700688,348,8,0,3,1:40 PM,1:09,SUB: Johnson FOR Rhodes,,,,
0029700688,349,8,0,3,1:41 PM,1:09,,,SUB: Hawkins FOR Baker,,
0029700688,350,6,1,3,1:41 PM,0:56,,,Perkins P.FOUL (P1.PN),,
0029700688,351,3,11,3,1:41 PM,0:56,Maloney Free Throw 1 of 2 (11 PTS),,,64 - 70,6
0029700688,352,3,12,3,1:41 PM,0:56,Maloney Free Throw 2 of 2 (12 PTS),,,64 - 71,7
0029700688,353,2,2,3,1:42 PM,0:37,,,MISS Hawkins 7' Running Jump Shot,,
0029700688,354,4,0,3,1:42 PM,0:35,Barkley REBOUND (Off:4 Def:9),,,,
0029700688,355,2,1,3,1:42 PM,0:24,MISS Willis 16' Jump Shot,,,,
0029700688,356,4,0,3,1:42 PM,0:22,ROCKETS Rebound,,,,
0029700688,357,6,3,3,1:42 PM,0:22,,,Schrempf L.B.FOUL (P3.PN),,
0029700688,358,3,11,3,1:42 PM,0:22,MISS Barkley Free Throw 1 of 2,,,,
0029700688,359,4,0,3,1:42 PM,0:22,ROCKETS Rebound,,,,
0029700688,360,3,12,3,1:43 PM,0:22,Barkley Free Throw 2 of 2 (9 PTS),,,64 - 72,8
0029700688,361,2,6,3,1:43 PM,0:05,,,MISS Payton  Driving Layup,,
0029700688,363,4,0,3,1:43 PM,0:03,,,Perkins REBOUND (Off:1 Def:3),,
0029700688,362,2,5,3,1:43 PM,0:02,,,MISS Perkins  Layup,,
0029700688,364,4,0,3,1:43 PM,0:01,Barkley REBOUND (Off:4 Def:10),,,,
0029700688,365,2,1,3,1:44 PM,0:00,MISS Barkley 55' 3PT Jump Shot,,,,
0029700688,367,4,0,3,1:44 PM,0:00,ROCKETS Rebound,,,,
0029700688,366,13,0,3,1:44 PM,0:00,,,,64 - 72,8
0029700688,369,12,0,4,1:46 PM,12:00,,,,64 - 72,8
0029700688,370,2,1,4,1:47 PM,11:37,MISS Johnson 25' 3PT Jump Shot,,,,
0029700688,371,4,0,4,1:47 PM,11:36,ROCKETS Rebound,,,,
0029700688,372,5,11,4,1:47 PM,11:36,ROCKETS Turnover: Shot Clock (T#10),,,,
0029700688,373,2,1,4,1:47 PM,11:23,Willis BLOCK (1 BLK),,MISS Ellis 9' Jump Shot,,
0029700688,374,4,0,4,1:47 PM,11:21,Drexler REBOUND (Off:1 Def:2),,,,
0029700688,375,1,1,4,1:48 PM,11:02,Drexler 24' 3PT Jump Shot (16 PTS) (Johnson 1 AST),,,64 - 75,11
0029700688,376,6,2,4,1:48 PM,10:33,Willis S.FOUL (P3.T1),,,,
0029700688,377,8,0,4,1:48 PM,10:33,,,SUB: Baker FOR Schrempf,,
0029700688,378,3,11,4,1:48 PM,10:33,,,MISS Perkins Free Throw 1 of 2,,
0029700688,379,4,0,4,1:48 PM,10:33,,,SuperSonics Rebound,,
0029700688,380,8,0,4,1:49 PM,10:33,SUB: Olajuwon FOR Willis,,,,
0029700688,381,3,12,4,1:49 PM,10:33,,,Perkins Free Throw 2 of 2 (12 PTS),65 - 75,10
0029700688,382,1,1,4,1:49 PM,10:19,Olajuwon 12' Jump Shot (10 PTS) (Drexler 4 AST),,,65 - 77,12
0029700688,383,5,2,4,1:50 PM,10:07,Olajuwon STEAL (1 STL),,Baker Lost Ball Turnover (P5.T14),,
0029700688,384,1,6,4,1:50 PM,10:02,Johnson  Driving Layup (6 PTS) (Drexler 5 AST),,,65 - 79,14
0029700688,385,9,1,4,1:50 PM,9:58,,,SuperSonics Timeout: Regular (Reg.4 Short 0),,
0029700688,387,2,6,4,1:52 PM,9:49,,,MISS Payton  Driving Layup,,
0029700688,388,4,0,4,1:53 PM,9:48,Barkley REBOUND (Off:4 Def:11),,,,
0029700688,389,6,1,4,1:53 PM,9:38,,,Perkins P.FOUL (P2.T1),,
0029700688,390,8,0,4,1:53 PM,9:38,,,SUB: Anthony FOR Hawkins,,
0029700688,391,1,1,4,1:53 PM,9:24,Olajuwon 5' Jump Shot (12 PTS) (Johnson 2 AST),,,65 - 81,16
0029700688,392,2,3,4,1:54 PM,9:02,,,MISS Baker 4' Hook Shot,,
0029700688,393,4,0,4,1:54 PM,9:00,Maloney REBOUND (Off:0 Def:3),,,,
0029700688,394,6,2,4,1:54 PM,8:38,,,Perkins S.FOUL (P3.T2),,
0029700688,395,3,11,4,1:54 PM,8:38,Barkley Free Throw 1 of 2 (10 PTS),,,65 - 82,17
0029700688,396,3,12,4,1:55 PM,8:38,Barkley Free Throw 2 of 2 (11 PTS),,,65 - 83,18
0029700688,397,2,1,4,1:55 PM,8:26,,,MISS Anthony  3PT Jump Shot,,
0029700688,398,4,0,4,1:55 PM,8:24,,,Payton REBOUND (Off:1 Def:1),,
0029700688,399,6,1,4,1:55 PM,8:24,Johnson P.FOUL (P1.T2),,,,
0029700688,400,6,2,4,1:56 PM,8:13,Johnson S.FOUL (P2.T3),,,,
0029700688,401,3,11,4,1:56 PM,8:13,,,Baker Free Throw 1 of 2 (13 PTS),66 - 83,17
0029700688,402,3,12,4,1:56 PM,8:13,,,Baker Free Throw 2 of 2 (14 PTS),67 - 83,16
0029700688,403,1,1,4,1:57 PM,7:59,Johnson 24' 3PT Jump Shot (9 PTS) (Maloney 3 AST),,,67 - 86,19
0029700688,404,2,1,4,1:57 PM,7:43,,,MISS Anthony  3PT Jump Shot,,
0029700688,405,4,0,4,1:57 PM,7:41,Olajuwon REBOUND (Off:6 Def:4),,,,
0029700688,406,2,1,4,1:57 PM,7:37,MISS Drexler 15' Jump Shot,,,,
0029700688,407,4,0,4,1:57 PM,7:35,,,Ellis REBOUND (Off:0 Def:5),,
0029700688,408,6,1,4,1:57 PM,7:25,Johnson P.FOUL (P3.T4),,,,
0029700688,409,2,1,4,1:58 PM,7:18,,,MISS Payton 11' Jump Shot,,
0029700688,410,4,0,4,1:58 PM,7:17,Barkley REBOUND (Off:4 Def:12),,,,
0029700688,411,5,11,4,1:58 PM,6:53,ROCKETS Turnover: Shot Clock (T#11),,,,
0029700688,413,6,1,4,1:58 PM,6:35,Olajuwon P.FOUL (P5.PN),,,,
0029700688,414,8,0,4,1:59 PM,6:35,SUB: Willis FOR Olajuwon,,,,
0029700688,416,3,11,4,1:59 PM,6:35,,,MISS Baker Free Throw 1 of 2,,
0029700688,417,4,0,4,1:59 PM,6:35,,,SuperSonics Rebound,,
0029700688,418,8,0,4,1:59 PM,6:35,,,SUB: Schrempf FOR Perkins,,
0029700688,419,3,12,4,1:59 PM,6:35,,,Baker Free Throw 2 of 2 (15 PTS),68 - 86,18
0029700688,420,2,5,4,2:00 PM,6:19,MISS Maloney  Layup,,,,
0029700688,423,4,0,4,2:00 PM,6:18,Barkley REBOUND (Off:5 Def:12),,,,
0029700688,424,6,2,4,2:00 PM,6:17,,,Payton S.FOUL (P4.T3),,
0029700688,425,3,11,4,2:00 PM,6:17,Barkley Free Throw 1 of 2 (12 PTS),,,68 - 87,19
0029700688,426,3,12,4,2:00 PM,6:17,MISS Barkley Free Throw 2 of 2,,,,
0029700688,427,4,0,4,2:01 PM,6:17,,,Schrempf REBOUND (Off:4 Def:3),,
0029700688,428,2,1,4,2:01 PM,6:04,,,MISS Anthony 24' 3PT Jump Shot,,
0029700688,429,4,0,4,2:01 PM,6:02,Maloney REBOUND (Off:0 Def:4),,,,
0029700688,430,1,1,4,2:01 PM,5:46,Johnson 24' 3PT Jump Shot (12 PTS) (Barkley 2 AST),,,68 - 90,22
0029700688,431,9,1,4,2:01 PM,5:41,,,SuperSonics Timeout: Regular (Reg.5 Short 0),,
0029700688,434,6,1,4,2:04 PM,5:33,Willis P.FOUL (P4.PN),,,,
0029700688,435,3,11,4,2:05 PM,5:33,,,Payton Free Throw 1 of 2 (20 PTS),69 - 90,21
0029700688,436,3,12,4,2:05 PM,5:33,,,MISS Payton Free Throw 2 of 2,,
0029700688,437,4,0,4,2:05 PM,5:33,Barkley REBOUND (Off:5 Def:13),,,,
0029700688,438,2,1,4,2:05 PM,5:15,MISS Drexler 24' 3PT Jump Shot,,,,
0029700688,439,4,0,4,2:05 PM,5:13,,,Baker REBOUND (Off:3 Def:5),,
0029700688,440,8,0,4,2:05 PM,5:09,,,SUB: Wingate FOR Schrempf,,
0029700688,441,8,0,4,2:05 PM,5:09,,,SUB: McIlvaine FOR Baker,,
0029700688,442,8,0,4,2:06 PM,5:09,,,SUB: Williams FOR Ellis,,
0029700688,443,8,0,4,2:06 PM,5:09,,,SUB: Cotton FOR Payton,,
0029700688,444,6,2,4,2:06 PM,5:01,Drexler S.FOUL (P3.PN),,,,
0029700688,445,3,11,4,2:06 PM,5:01,,,Cotton Free Throw 1 of 2 (1 PTS),70 - 90,20
0029700688,446,3,12,4,2:06 PM,5:01,,,Cotton Free Throw 2 of 2 (2 PTS),71 - 90,19
0029700688,447,2,1,4,2:07 PM,4:47,MISS Johnson 25' 3PT Jump Shot,,,,
0029700688,448,4,0,4,2:07 PM,4:44,,,Cotton REBOUND (Off:0 Def:1),,
0029700688,449,1,5,4,2:07 PM,4:40,,,Wingate  Layup (4 PTS) (Anthony 2 AST),73 - 90,17
0029700688,450,6,4,4,2:07 PM,4:22,Barkley OFF.Foul (P2),,,,
0029700688,451,5,5,4,2:07 PM,4:22,Barkley Foul Turnover (P2.T12),,,,
0029700688,452,1,1,4,2:08 PM,4:12,,,Wingate 20' Jump Shot (6 PTS) (Anthony 3 AST),75 - 90,15
0029700688,453,5,1,4,2:08 PM,3:47,Maloney Bad Pass Turnover (P2.T13),,Wingate STEAL (2 STL),,
0029700688,454,1,5,4,2:08 PM,3:43,,,Cotton  Layup (4 PTS) (Wingate 3 AST),77 - 90,13
0029700688,455,9,1,4,2:08 PM,3:42,ROCKETS Timeout: Regular (Full 4 Short 2),,,,
0029700688,457,2,6,4,2:11 PM,3:28,MISS Drexler  Driving Layup,,McIlvaine BLOCK (2 BLK),,
0029700688,458,4,0,4,2:11 PM,3:26,,,Williams REBOUND (Off:0 Def:1),,
0029700688,459,5,1,4,2:11 PM,3:25,Johnson STEAL (1 STL),,Williams Bad Pass Turnover (P1.T15),,
0029700688,460,2,1,4,2:11 PM,3:13,MISS Johnson 18' Jump Shot,,,,
0029700688,462,4,0,4,2:11 PM,3:11,Drexler REBOUND (Off:2 Def:2),,,,
0029700688,461,1,5,4,2:11 PM,3:11,Drexler  Layup (18 PTS),,,77 - 92,15
0029700688,463,1,1,4,2:11 PM,3:02,,,Cotton 22' Jump Shot (6 PTS) (Anthony 4 AST),79 - 92,13
0029700688,464,2,6,4,2:12 PM,2:40,MISS Drexler  Driving Layup,,,,
0029700688,465,4,0,4,2:12 PM,2:38,Maloney REBOUND (Off:1 Def:4),,,,
0029700688,466,1,1,4,2:12 PM,2:36,Willis 18' Jump Shot (12 PTS) (Maloney 4 AST),,,79 - 94,15
0029700688,467,2,5,4,2:12 PM,2:25,,,MISS Anthony  Layup,,
0029700688,468,4,0,4,2:12 PM,2:23,Barkley REBOUND (Off:5 Def:14),,,,
0029700688,469,2,1,4,2:12 PM,2:01,MISS Maloney 24' 3PT Jump Shot,,,,
0029700688,470,4,0,4,2:12 PM,1:58,,,McIlvaine REBOUND (Off:3 Def:1),,
0029700688,471,1,1,4,2:12 PM,1:54,,,Cotton 21' Jump Shot (8 PTS) (Anthony 5 AST),81 - 94,13
0029700688,472,2,1,4,2:13 PM,1:37,MISS Johnson 24' 3PT Jump Shot,,,,
0029700688,473,4,0,4,2:13 PM,1:35,,,Williams REBOUND (Off:0 Def:2),,
0029700688,474,2,1,4,2:13 PM,1:27,,,MISS Williams 4' Jump Shot,,
0029700688,475,4,0,4,2:13 PM,1:25,Barkley REBOUND (Off:5 Def:15),,,,
0029700688,476,6,1,4,2:13 PM,1:25,,,Williams P.FOUL (P2.T4),,
0029700688,477,2,1,4,2:14 PM,1:10,MISS Maloney  3PT Jump Shot,,,,
0029700688,478,4,0,4,2:14 PM,1:08,Drexler REBOUND (Off:3 Def:2),,,,
0029700688,479,2,1,4,2:14 PM,0:51,MISS Maloney 24' 3PT Jump Shot,,,,
0029700688,480,4,0,4,2:14 PM,0:48,Barkley REBOUND (Off:6 Def:15),,,,
0029700688,481,6,1,4,2:14 PM,0:42,,,Anthony P.FOUL (P2.PN),,
0029700688,482,8,0,4,2:15 PM,0:42,,,SUB: Howard FOR Cotton,,
0029700688,483,3,11,4,2:15 PM,0:42,MISS Drexler Free Throw 1 of 2,,,,
0029700688,484,4,0,4,2:15 PM,0:42,ROCKETS Rebound,,,,
0029700688,485,3,12,4,2:15 PM,0:42,Drexler Free Throw 2 of 2 (19 PTS),,,81 - 95,14
0029700688,486,2,1,4,2:16 PM,0:30,,,MISS Howard 5' Jump Shot,,
0029700688,488,4,0,4,2:16 PM,0:28,,,Howard REBOUND (Off:1 Def:0),,
0029700688,487,1,5,4,2:16 PM,0:28,,,Howard  Layup (2 PTS),83 - 95,12
0029700688,489,6,1,4,2:16 PM,0:17,,,Anthony P.FOUL (P3.PN),,
0029700688,490,3,11,4,2:16 PM,0:17,Johnson Free Throw 1 of 2 (13 PTS),,,83 - 96,13
0029700688,491,3,12,4,2:16 PM,0:17,Johnson Free Throw 2 of 2 (14 PTS),,,83 - 97,14
0029700688,492,5,2,4,2:17 PM,0:11,,,Anthony Lost Ball Turnover (P2.T16),,
0029700688,493,13,0,4,2:17 PM,0:00,,,,83 - 97,14
