GAME_ID,EVENTNUM,EVENTMSGTYPE,EVENTMSGACTIONTYPE,PERIOD,WCTIMESTRING,PCTIMESTRING,HOMEDESCRIPTION,NEUTRALDESCRIPTION,VISITORDESCRIPTION,SCORE,SCOREMARGIN
0020800899,0,12,0,1,7:38 PM,12:00,,,,,
0020800899,1,10,0,1,7:46 PM,12:00,Jump Ball Wallace vs. Nene: Tip to Stuckey,,,,
0020800899,2,6,1,1,7:47 PM,11:41,,,Jones P.FOUL (P1.T1),,
0020800899,3,1,1,1,7:48 PM,11:32,Prince 19' Jump Shot (2 PTS) (Hamilton 1 AST),,,0 - 2,2
0020800899,4,1,1,1,7:48 PM,11:13,,,Nene 17' Jump Shot (2 PTS) (Martin 1 AST),2 - 2,TIE
0020800899,5,2,5,1,7:48 PM,10:49,MISS McDyess  Layup,,,,
0020800899,6,4,0,1,7:48 PM,10:48,McDyess REBOUND (Off:1 Def:0),,,,
0020800899,7,2,5,1,7:48 PM,10:42,MISS Stuckey  Layup,,,,
0020800899,8,4,0,1,7:48 PM,10:40,Wallace REBOUND (Off:1 Def:0),,,,
0020800899,9,1,87,1,7:48 PM,10:38,Wallace  Putback Dunk (2 PTS),,,2 - 4,2
0020800899,10,1,79,1,7:49 PM,10:26,,,Billups 20' Pullup Jump Shot (2 PTS),4 - 4,TIE
0020800899,11,1,1,1,7:49 PM,10:05,Prince 24' 3PT Jump Shot (5 PTS) (Hamilton 2 AST),,,4 - 7,3
0020800899,12,1,42,1,7:49 PM,9:49,,,Martin  Driving Layup (2 PTS) (Billups 1 AST),6 - 7,1
0020800899,13,1,1,1,7:50 PM,9:29,Wallace 25' 3PT Jump Shot (5 PTS) (Hamilton 3 AST),,,6 - 10,4
0020800899,14,2,47,1,7:50 PM,9:14,,,MISS Martin 15' Turnaround Jump Shot,,
0020800899,15,4,0,1,7:50 PM,9:13,Wallace REBOUND (Off:1 Def:1),,,,
0020800899,16,1,1,1,7:50 PM,8:58,McDyess 18' Jump Shot (2 PTS) (Hamilton 4 AST),,,6 - 12,6
0020800899,17,1,1,1,7:50 PM,8:45,,,Jones  3PT Jump Shot (3 PTS) (Billups 2 AST),9 - 12,3
0020800899,18,1,5,1,7:51 PM,8:18,McDyess  Layup (4 PTS) (Hamilton 5 AST),,,9 - 14,5
0020800899,19,1,7,1,7:51 PM,8:07,,,Nene  Dunk (4 PTS) (Martin 2 AST),11 - 14,3
0020800899,20,2,1,1,7:51 PM,7:47,MISS Hamilton 26' 3PT Jump Shot,,,,
0020800899,21,4,0,1,7:51 PM,7:44,,,Martin REBOUND (Off:0 Def:1),,
0020800899,22,5,1,1,7:52 PM,7:37,Prince STEAL (1 STL),,Nene Bad Pass Turnover (P1.T1),,
0020800899,23,5,1,1,7:52 PM,7:32,Prince Bad Pass Turnover (P1.T1),,Nene STEAL (1 STL),,
0020800899,24,6,1,1,7:52 PM,7:26,Stuckey P.FOUL (P1.T1),,,,
0020800899,25,2,1,1,7:52 PM,7:19,,,MISS Martin 17' Jump Shot,,
0020800899,26,4,0,1,7:52 PM,7:17,PISTONS Rebound,,,,
0020800899,27,6,2,1,7:53 PM,6:56,,,Nene S.FOUL (P1.T2),,
0020800899,28,3,11,1,7:53 PM,6:56,Prince Free Throw 1 of 2 (6 PTS),,,11 - 15,4
0020800899,30,3,12,1,7:53 PM,6:56,Prince Free Throw 2 of 2 (7 PTS),,,11 - 16,5
0020800899,32,2,5,1,7:54 PM,6:41,,,MISS Martin  Layup,,
0020800899,33,4,0,1,7:54 PM,6:40,Wallace REBOUND (Off:1 Def:2),,,,
0020800899,34,6,1,1,7:54 PM,6:22,,,Jones P.FOUL (P2.T3),,
0020800899,35,8,0,1,7:54 PM,6:22,,,SUB: Smith FOR Jones,,
0020800899,36,2,63,1,7:55 PM,6:10,MISS Wallace 16' Fadeaway Jumper,,,,
0020800899,37,4,0,1,7:55 PM,6:09,,,Nene REBOUND (Off:0 Def:1),,
0020800899,38,1,63,1,7:55 PM,6:00,,,Billups 18' Fadeaway Jumper (4 PTS),13 - 16,3
0020800899,39,2,1,1,7:55 PM,5:43,MISS Hamilton 18' Jump Shot,,,,
0020800899,40,4,0,1,7:55 PM,5:42,,,Billups REBOUND (Off:0 Def:1),,
0020800899,41,1,1,1,7:55 PM,5:29,,,Billups 20' Jump Shot (6 PTS),15 - 16,1
0020800899,42,6,2,1,7:56 PM,5:25,,,Kleiza S.FOUL (P1.T4),,
0020800899,43,9,1,1,7:56 PM,5:25,PISTONS Timeout: Regular (Full 1 Short 0),,,,
0020800899,44,3,11,1,7:59 PM,5:25,Stuckey Free Throw 1 of 2 (1 PTS),,,15 - 17,2
0020800899,46,3,12,1,7:59 PM,5:25,Stuckey Free Throw 2 of 2 (2 PTS),,,15 - 18,3
0020800899,49,5,1,1,7:59 PM,5:06,Stuckey STEAL (1 STL),,Smith Bad Pass Turnover (P1.T2),,
0020800899,50,2,5,1,8:00 PM,5:02,MISS Stuckey  Layup,,Billups BLOCK (1 BLK),,
0020800899,51,4,0,1,8:00 PM,5:00,,,Kleiza REBOUND (Off:0 Def:1),,
0020800899,52,6,2,1,8:00 PM,4:55,McDyess S.FOUL (P1.T2),,,,
0020800899,53,3,11,1,8:00 PM,4:55,,,Billups Free Throw 1 of 2 (7 PTS),16 - 18,2
0020800899,55,3,12,1,8:00 PM,4:55,,,Billups Free Throw 2 of 2 (8 PTS),17 - 18,1
0020800899,57,5,1,1,8:01 PM,4:37,Hamilton Bad Pass Turnover (P1.T2),,Nene STEAL (2 STL),,
0020800899,58,1,1,1,8:01 PM,4:31,,,Billups 27' 3PT Jump Shot (11 PTS),20 - 18,-2
0020800899,88,18,0,1,8:01 PM,4:31,,,,20 - 18,-2
0020800899,59,6,2,1,8:01 PM,4:14,,,Martin S.FOUL (P1.PN),,
0020800899,60,3,11,1,8:01 PM,4:14,Wallace Free Throw 1 of 2 (6 PTS),,,20 - 19,-1
0020800899,62,3,12,1,8:02 PM,4:14,Wallace Free Throw 2 of 2 (7 PTS),,,20 - 20,TIE
0020800899,64,1,3,1,8:02 PM,3:57,,,Nene 8' Hook Shot (6 PTS),22 - 20,-2
0020800899,65,6,4,1,8:03 PM,3:40,Stuckey OFF.Foul (P2),,,,
0020800899,66,5,5,1,8:03 PM,3:40,Stuckey Foul Turnover (P1.T3),,,,
0020800899,67,8,0,1,8:03 PM,3:40,SUB: Bynum FOR Stuckey,,,,
0020800899,68,2,1,1,8:03 PM,3:21,,,MISS Billups 27' 3PT Jump Shot,,
0020800899,69,4,0,1,8:03 PM,3:20,Prince REBOUND (Off:0 Def:1),,,,
0020800899,70,2,78,1,8:04 PM,3:07,MISS Bynum 8' Floating Jump Shot,,,,
0020800899,71,4,0,1,8:04 PM,3:05,McDyess REBOUND (Off:2 Def:0),,,,
0020800899,72,1,4,1,8:04 PM,3:03,McDyess  Tip Shot (6 PTS),,,22 - 22,TIE
0020800899,73,2,1,1,8:04 PM,2:51,,,MISS Kleiza  3PT Jump Shot,,
0020800899,74,4,0,1,8:04 PM,2:50,,,Kleiza REBOUND (Off:1 Def:1),,
0020800899,75,1,79,1,8:04 PM,2:39,,,Billups 18' Pullup Jump Shot (13 PTS),24 - 22,-2
0020800899,76,2,1,1,8:04 PM,2:24,MISS Hamilton 17' Jump Shot,,,,
0020800899,77,4,0,1,8:04 PM,2:23,,,Kleiza REBOUND (Off:1 Def:2),,
0020800899,78,2,1,1,8:05 PM,2:13,,,MISS Kleiza 25' 3PT Jump Shot,,
0020800899,79,4,0,1,8:05 PM,2:12,McDyess REBOUND (Off:2 Def:1),,,,
0020800899,80,1,47,1,8:05 PM,2:01,Prince 15' Turnaround Jump Shot (9 PTS),,,24 - 24,TIE
0020800899,81,2,5,1,8:05 PM,1:50,,,MISS Smith  Layup,,
0020800899,82,4,0,1,8:05 PM,1:47,,,Martin REBOUND (Off:1 Def:1),,
0020800899,83,1,87,1,8:05 PM,1:46,,,Martin  Putback Dunk (4 PTS),26 - 24,-2
0020800899,84,2,44,1,8:05 PM,1:23,MISS Hamilton  Reverse Layup,,,,
0020800899,85,4,0,1,8:05 PM,1:22,,,Nene REBOUND (Off:0 Def:2),,
0020800899,86,9,1,1,8:06 PM,1:09,,,Nuggets Timeout: Regular (Reg.1 Short 0),,
0020800899,89,8,0,1,8:08 PM,1:09,,,SUB: Andersen FOR Martin,,
0020800899,90,8,0,1,8:08 PM,1:09,,,SUB: Balkman FOR Kleiza,,
0020800899,91,8,0,1,8:09 PM,1:09,SUB: Maxiell FOR McDyess,,,,
0020800899,92,2,1,1,8:09 PM,0:57,,,MISS Billups 18' Jump Shot,,
0020800899,93,4,0,1,8:09 PM,0:56,,,Balkman REBOUND (Off:1 Def:0),,
0020800899,94,6,4,1,8:09 PM,0:49,,,Billups OFF.Foul (P1),,
0020800899,95,5,5,1,8:09 PM,0:49,,,Billups Foul Turnover (P1.T3),,
0020800899,96,2,1,1,8:09 PM,0:32,MISS Hamilton 24' 3PT Jump Shot,,,,
0020800899,97,4,0,1,8:10 PM,0:31,Hamilton REBOUND (Off:1 Def:0),,,,
0020800899,98,1,42,1,8:10 PM,0:27,Hamilton  Driving Layup (2 PTS),,,26 - 26,TIE
0020800899,99,6,1,1,8:10 PM,0:15,Hamilton P.FOUL (P1.T3),,,,
0020800899,100,2,1,1,8:10 PM,0:00,,,MISS Smith 25' 3PT Jump Shot,,
0020800899,101,4,0,1,8:10 PM,0:00,Bynum REBOUND (Off:0 Def:1),,,,
0020800899,102,13,0,1,8:10 PM,0:00,,,,26 - 26,TIE
0020800899,103,12,0,2,8:14 PM,12:00,,,,26 - 26,TIE
0020800899,104,2,1,2,8:14 PM,11:42,,,MISS Andersen 19' Jump Shot,,
0020800899,105,4,0,2,8:14 PM,11:41,,,Balkman REBOUND (Off:2 Def:0),,
0020800899,106,1,4,2,8:14 PM,11:39,,,Balkman  Tip Shot (2 PTS),28 - 26,-2
0020800899,107,6,4,2,8:14 PM,11:26,Maxiell OFF.Foul (P1),,,,
0020800899,108,5,5,2,8:14 PM,11:26,Maxiell Foul Turnover (P1.T4),,,,
0020800899,109,1,5,2,8:15 PM,11:09,,,Smith  Layup (2 PTS) (Carter 1 AST),30 - 26,-4
0020800899,111,2,1,2,8:15 PM,10:51,MISS Herrmann 19' Jump Shot,,,,
0020800899,112,4,0,2,8:15 PM,10:50,,,Andersen REBOUND (Off:0 Def:1),,
0020800899,113,6,4,2,8:15 PM,10:41,,,Balkman OFF.Foul (P1),,
0020800899,114,5,5,2,8:15 PM,10:41,,,Balkman Foul Turnover (P1.T4),,
0020800899,115,2,1,2,8:16 PM,10:28,MISS Bynum 19' Jump Shot,,,,
0020800899,116,4,0,2,8:16 PM,10:27,Maxiell REBOUND (Off:1 Def:0),,,,
0020800899,117,6,2,2,8:16 PM,10:20,,,Andersen S.FOUL (P1.T1),,
0020800899,118,3,11,2,8:16 PM,10:20,MISS Bynum Free Throw 1 of 2,,,,
0020800899,120,4,1,2,8:16 PM,10:20,PISTONS Rebound,,,,
0020800899,121,3,12,2,8:16 PM,10:20,Bynum Free Throw 2 of 2 (1 PTS),,,30 - 27,-3
0020800899,124,6,1,2,8:17 PM,10:16,Bynum P.FOUL (P1.T1),,,,
0020800899,125,1,5,2,8:17 PM,10:03,,,Martin  Layup (6 PTS) (Smith 1 AST),32 - 27,-5
0020800899,126,1,42,2,8:18 PM,9:47,Bynum  Driving Layup (3 PTS),,,32 - 29,-3
0020800899,127,8,0,2,8:18 PM,9:41,,,SUB: Nene FOR Martin,,
0020800899,128,8,0,2,8:18 PM,9:41,SUB: Brown FOR Johnson,,,,
0020800899,129,2,5,2,8:18 PM,9:31,,,MISS Smith  Layup,,
0020800899,130,4,0,2,8:18 PM,9:30,,,Balkman REBOUND (Off:3 Def:0),,
0020800899,131,1,46,2,8:18 PM,9:24,,,Carter 10' Running Jump Shot (2 PTS),34 - 29,-5
0020800899,132,2,1,2,8:19 PM,9:05,MISS Hamilton 16' Jump Shot,,,,
0020800899,133,4,0,2,8:19 PM,9:04,,,Smith REBOUND (Off:0 Def:1),,
0020800899,134,1,7,2,8:19 PM,8:56,,,Nene  Dunk (8 PTS) (Smith 2 AST),36 - 29,-7
0020800899,135,9,1,2,8:19 PM,8:52,PISTONS Timeout: Regular (Full 2 Short 0),,,,
0020800899,136,8,0,2,8:21 PM,8:52,SUB: Prince FOR Hamilton,,,,
0020800899,137,1,1,2,8:22 PM,8:39,Prince 19' Jump Shot (11 PTS) (Bynum 1 AST),,,36 - 31,-5
0020800899,138,6,2,2,8:22 PM,8:27,Maxiell S.FOUL (P2.T2),,,,
0020800899,139,3,11,2,8:22 PM,8:27,,,Nene Free Throw 1 of 2 (9 PTS),37 - 31,-6
0020800899,141,3,12,2,8:23 PM,8:27,,,MISS Nene Free Throw 2 of 2,,
0020800899,143,4,0,2,8:23 PM,8:26,Maxiell REBOUND (Off:1 Def:1),,,,
0020800899,144,2,3,2,8:23 PM,8:09,MISS Bynum 12' Hook Shot,,,,
0020800899,145,4,0,2,8:23 PM,8:08,,,Andersen REBOUND (Off:0 Def:2),,
0020800899,146,2,4,2,8:24 PM,7:57,,,MISS Andersen  Tip Shot,,
0020800899,147,4,0,2,8:24 PM,7:56,,,Andersen REBOUND (Off:1 Def:2),,
0020800899,148,2,4,2,8:24 PM,7:56,,,MISS Andersen  Tip Shot,,
0020800899,149,4,0,2,8:24 PM,7:54,,,Andersen REBOUND (Off:2 Def:2),,
0020800899,150,2,4,2,8:24 PM,7:52,,,MISS Andersen  Tip Shot,,
0020800899,151,4,0,2,8:24 PM,7:50,Bynum REBOUND (Off:0 Def:2),,,,
0020800899,152,8,0,2,8:24 PM,7:37,SUB: Stuckey FOR Bynum,,,,
0020800899,153,10,0,2,8:24 PM,7:37,Jump Ball Prince vs. Smith: Tip to Maxiell,,,,
0020800899,154,2,1,2,8:25 PM,7:27,MISS Prince 26' 3PT Jump Shot,,,,
0020800899,155,4,0,2,8:25 PM,7:26,,,Nene REBOUND (Off:0 Def:3),,
0020800899,156,6,1,2,8:25 PM,7:20,Brown P.FOUL (P1.T3),,,,
0020800899,157,2,1,2,8:25 PM,7:04,Maxiell BLOCK (1 BLK),,MISS Andersen 16' Jump Shot,,
0020800899,158,4,0,2,8:25 PM,7:02,Maxiell REBOUND (Off:1 Def:2),,,,
0020800899,159,6,4,2,8:26 PM,6:46,Herrmann OFF.Foul (P1),,,,
0020800899,160,5,5,2,8:26 PM,6:46,Herrmann Foul Turnover (P1.T5),,,,
0020800899,161,8,0,2,8:26 PM,6:46,,,SUB: Billups FOR Smith,,
0020800899,162,2,5,2,8:26 PM,6:32,,,MISS Nene  Layup,,
0020800899,163,4,0,2,8:26 PM,6:30,Herrmann REBOUND (Off:0 Def:1),,,,
0020800899,164,2,1,2,8:27 PM,6:08,MISS Prince 13' Jump Shot,,,,
0020800899,165,4,0,2,8:27 PM,6:08,PISTONS Rebound,,,,
0020800899,166,6,3,2,8:27 PM,6:08,,,Nene L.B.FOUL (P2.T2),,
0020800899,167,2,1,2,8:27 PM,6:03,MISS Herrmann 27' 3PT Jump Shot,,,,
0020800899,168,4,0,2,8:27 PM,6:02,,,Andersen REBOUND (Off:2 Def:3),,
0020800899,169,5,1,2,8:27 PM,5:56,,,Carter Bad Pass Turnover (P1.T5),,
0020800899,170,9,4,2,8:27 PM,5:56,,,,,
0020800899,171,8,0,2,8:30 PM,5:56,SUB: McDyess FOR Maxiell,,,,
0020800899,172,6,2,2,8:31 PM,5:34,,,Balkman S.FOUL (P2.T3),,
0020800899,173,3,11,2,8:31 PM,5:34,Prince Free Throw 1 of 2 (12 PTS),,,37 - 32,-5
0020800899,175,3,12,2,8:31 PM,5:34,MISS Prince Free Throw 2 of 2,,,,
0020800899,177,4,0,2,8:32 PM,5:33,,,Andersen REBOUND (Off:2 Def:4),,
0020800899,178,1,5,2,8:32 PM,5:22,,,Balkman  Layup (4 PTS) (Carter 2 AST),39 - 32,-7
0020800899,179,6,2,2,8:32 PM,5:22,Herrmann S.FOUL (P2.T4),,,,
0020800899,180,8,0,2,8:32 PM,5:22,SUB: Hamilton FOR Herrmann,,,,
0020800899,181,8,0,2,8:32 PM,5:22,,,SUB: Martin FOR Andersen,,
0020800899,182,3,10,2,8:32 PM,5:22,,,MISS Balkman Free Throw 1 of 1,,
0020800899,184,4,0,2,8:32 PM,5:21,McDyess REBOUND (Off:2 Def:2),,,,
0020800899,185,6,2,2,8:33 PM,5:07,,,Martin S.FOUL (P2.T4),,
0020800899,186,3,11,2,8:33 PM,5:07,MISS Stuckey Free Throw 1 of 2,,,,
0020800899,187,4,1,2,8:33 PM,5:07,PISTONS Rebound,,,,
0020800899,188,3,12,2,8:33 PM,5:07,Stuckey Free Throw 2 of 2 (3 PTS),,,39 - 33,-6
0020800899,190,2,5,2,8:34 PM,4:51,McDyess BLOCK (1 BLK),,MISS Martin  Layup,,
0020800899,191,4,0,2,8:34 PM,4:51,,,Nuggets Rebound,,
0020800899,192,2,3,2,8:34 PM,4:44,,,MISS Martin 8' Hook Shot,,
0020800899,193,4,0,2,8:34 PM,4:43,Stuckey REBOUND (Off:0 Def:1),,,,
0020800899,194,2,1,2,8:34 PM,4:34,MISS McDyess 19' Jump Shot,,,,
0020800899,195,4,0,2,8:34 PM,4:33,,,Balkman REBOUND (Off:3 Def:1),,
0020800899,196,2,7,2,8:34 PM,4:18,,,MISS Martin  Dunk,,
0020800899,197,4,0,2,8:34 PM,4:17,,,Balkman REBOUND (Off:4 Def:1),,
0020800899,198,1,7,2,8:35 PM,4:15,,,Nene  Dunk (11 PTS) (Balkman 1 AST),41 - 33,-8
0020800899,199,1,46,2,8:35 PM,3:54,Stuckey 7' Running Jump Shot (5 PTS),,,41 - 35,-6
0020800899,200,1,1,2,8:35 PM,3:44,,,Billups 24' 3PT Jump Shot (16 PTS) (Carter 3 AST),44 - 35,-9
0020800899,201,2,1,2,8:35 PM,3:19,MISS Stuckey 19' Jump Shot,,,,
0020800899,202,4,0,2,8:35 PM,3:18,,,Balkman REBOUND (Off:4 Def:2),,
0020800899,203,2,1,2,8:36 PM,3:11,,,MISS Billups 26' 3PT Jump Shot,,
0020800899,204,4,0,2,8:36 PM,3:11,PISTONS Rebound,,,,
0020800899,205,8,0,2,8:36 PM,3:11,SUB: Wallace FOR Brown,,,,
0020800899,206,8,0,2,8:36 PM,3:11,,,SUB: Smith FOR Carter,,
0020800899,207,8,0,2,8:36 PM,3:11,,,SUB: Kleiza FOR Balkman,,
0020800899,208,5,4,2,8:36 PM,2:53,Stuckey Traveling Turnover (P2.T6),,,,
0020800899,209,9,1,2,8:36 PM,2:53,,,Nuggets Timeout: Regular (Reg.2 Short 0),,
0020800899,211,2,1,2,8:40 PM,2:32,,,MISS Billups 26' 3PT Jump Shot,,
0020800899,212,4,0,2,8:40 PM,2:31,Wallace REBOUND (Off:1 Def:3),,,,
0020800899,213,6,2,2,8:40 PM,2:14,,,Smith S.FOUL (P1.PN),,
0020800899,214,3,11,2,8:40 PM,2:14,McDyess Free Throw 1 of 2 (7 PTS),,,44 - 36,-8
0020800899,216,8,0,2,8:40 PM,2:14,SUB: Bynum FOR Stuckey,,,,
0020800899,217,3,12,2,8:41 PM,2:14,McDyess Free Throw 2 of 2 (8 PTS),,,44 - 37,-7
0020800899,219,1,1,2,8:41 PM,1:55,,,Billups 27' 3PT Jump Shot (19 PTS) (Smith 3 AST),47 - 37,-10
0020800899,220,6,2,2,8:42 PM,1:36,,,Nene S.FOUL (P3.PN),,
0020800899,221,3,11,2,8:42 PM,1:36,Bynum Free Throw 1 of 2 (4 PTS),,,47 - 38,-9
0020800899,223,8,0,2,8:42 PM,1:36,,,SUB: Andersen FOR Nene,,
0020800899,224,3,12,2,8:42 PM,1:36,Bynum Free Throw 2 of 2 (5 PTS),,,47 - 39,-8
0020800899,226,2,1,2,8:43 PM,1:20,,,MISS Smith 17' Jump Shot,,
0020800899,227,4,0,2,8:43 PM,1:19,PISTONS Rebound,,,,
0020800899,228,6,3,2,8:43 PM,1:19,,,Billups L.B.FOUL (P2.PN),,
0020800899,229,3,11,2,8:43 PM,1:19,Bynum Free Throw 1 of 2 (6 PTS),,,47 - 40,-7
0020800899,231,3,12,2,8:43 PM,1:19,Bynum Free Throw 2 of 2 (7 PTS),,,47 - 41,-6
0020800899,233,6,1,2,8:44 PM,1:08,Bynum P.FOUL (P2.PN),,,,
0020800899,234,8,0,2,8:44 PM,1:08,,,SUB: Carter FOR Smith,,
0020800899,235,3,11,2,8:44 PM,1:08,,,Billups Free Throw 1 of 2 (20 PTS),48 - 41,-7
0020800899,237,3,12,2,8:44 PM,1:08,,,Billups Free Throw 2 of 2 (21 PTS),49 - 41,-8
0020800899,239,1,46,2,8:45 PM,0:53,Hamilton 10' Running Jump Shot (4 PTS) (Bynum 2 AST),,,49 - 43,-6
0020800899,240,6,2,2,8:45 PM,0:53,,,Carter S.FOUL (P1.PN),,
0020800899,241,3,10,2,8:45 PM,0:53,Hamilton Free Throw 1 of 1 (5 PTS),,,49 - 44,-5
0020800899,243,1,1,2,8:45 PM,0:40,,,Carter 22' Jump Shot (4 PTS) (Billups 3 AST),51 - 44,-7
0020800899,244,2,1,2,8:46 PM,0:20,MISS Wallace 27' 3PT Jump Shot,,,,
0020800899,245,4,0,2,8:46 PM,0:19,,,Carter REBOUND (Off:0 Def:1),,
0020800899,246,1,7,2,8:46 PM,0:02,,,Andersen  Dunk (2 PTS) (Billups 4 AST),53 - 44,-9
0020800899,247,6,2,2,8:46 PM,0:02,Bynum S.FOUL (P3.PN),,,,
0020800899,248,3,10,2,8:46 PM,0:02,,,Andersen Free Throw 1 of 1 (3 PTS),54 - 44,-10
0020800899,250,2,1,2,8:47 PM,0:00,MISS Bynum 54' 3PT Jump Shot,,,,
0020800899,251,4,0,2,8:47 PM,0:00,PISTONS Rebound,,,,
0020800899,252,13,0,2,8:47 PM,0:00,,,,54 - 44,-10
0020800899,254,12,0,3,9:05 PM,12:00,,,,54 - 44,-10
0020800899,255,1,5,3,9:05 PM,11:38,,,Nene  Layup (13 PTS) (Martin 3 AST),56 - 44,-12
0020800899,256,1,1,3,9:05 PM,11:17,Prince 16' Jump Shot (14 PTS) (Stuckey 1 AST),,,56 - 46,-10
0020800899,257,1,1,3,9:06 PM,10:55,,,Nene 15' Jump Shot (15 PTS) (Kleiza 1 AST),58 - 46,-12
0020800899,258,1,47,3,9:06 PM,10:35,Hamilton 10' Turnaround Jump Shot (7 PTS) (Wallace 1 AST),,,58 - 48,-10
0020800899,259,1,42,3,9:06 PM,10:26,,,Billups  Driving Layup (23 PTS),60 - 48,-12
0020800899,260,9,2,3,9:07 PM,10:26,PISTONS Timeout: Short (Full 2 Short 1),,,,
0020800899,261,6,2,3,9:08 PM,10:09,,,Billups S.FOUL (P3.T1),,
0020800899,262,3,11,3,9:08 PM,10:09,Stuckey Free Throw 1 of 2 (6 PTS),,,60 - 49,-11
0020800899,264,3,12,3,9:08 PM,10:09,Stuckey Free Throw 2 of 2 (7 PTS),,,60 - 50,-10
0020800899,266,2,1,3,9:08 PM,9:52,,,MISS Nene 18' Jump Shot,,
0020800899,267,4,0,3,9:08 PM,9:51,Wallace REBOUND (Off:1 Def:4),,,,
0020800899,268,2,1,3,9:09 PM,9:39,MISS Wallace 26' 3PT Jump Shot,,,,
0020800899,269,4,0,3,9:09 PM,9:38,,,Jones REBOUND (Off:0 Def:1),,
0020800899,270,1,42,3,9:09 PM,9:32,,,Jones  Driving Layup (5 PTS),62 - 50,-12
0020800899,271,1,5,3,9:09 PM,9:17,Prince  Layup (16 PTS) (Wallace 2 AST),,,62 - 52,-10
0020800899,272,2,5,3,9:09 PM,8:50,,,MISS Martin  Layup,,
0020800899,273,4,0,3,9:09 PM,8:48,McDyess REBOUND (Off:2 Def:3),,,,
0020800899,274,1,42,3,9:10 PM,8:44,Stuckey  Driving Layup (9 PTS),,,62 - 54,-8
0020800899,275,1,1,3,9:10 PM,8:26,,,Billups 26' 3PT Jump Shot (26 PTS),65 - 54,-11
0020800899,276,2,1,3,9:10 PM,7:58,MISS Hamilton 25' 3PT Jump Shot,,,,
0020800899,277,4,0,3,9:10 PM,7:57,Wallace REBOUND (Off:2 Def:4),,,,
0020800899,278,1,5,3,9:10 PM,7:54,Hamilton  Layup (9 PTS) (Wallace 3 AST),,,65 - 56,-9
0020800899,279,6,1,3,9:11 PM,7:41,Hamilton P.FOUL (P2.T1),,,,
0020800899,280,5,2,3,9:11 PM,7:32,McDyess STEAL (1 STL),,Billups Lost Ball Turnover (P2.T6),,
0020800899,281,1,1,3,9:11 PM,7:26,Hamilton 15' Jump Shot (11 PTS),,,65 - 58,-7
0020800899,282,2,5,3,9:11 PM,7:08,,,MISS Kleiza  Layup,,
0020800899,283,4,0,3,9:11 PM,7:07,McDyess REBOUND (Off:2 Def:4),,,,
0020800899,284,5,1,3,9:12 PM,7:04,McDyess Bad Pass Turnover (P1.T7),,Jones STEAL (1 STL),,
0020800899,285,6,2,3,9:12 PM,7:03,McDyess S.FOUL (P2.T2),,,,
0020800899,286,3,11,3,9:12 PM,7:03,,,MISS Kleiza Free Throw 1 of 2,,
0020800899,287,4,1,3,9:12 PM,7:03,,,Nuggets Rebound,,
0020800899,288,3,12,3,9:12 PM,7:03,,,MISS Kleiza Free Throw 2 of 2,,
0020800899,290,4,0,3,9:12 PM,7:02,McDyess REBOUND (Off:2 Def:5),,,,
0020800899,291,1,1,3,9:13 PM,6:44,Wallace 21' Jump Shot (9 PTS) (Stuckey 2 AST),,,65 - 60,-5
0020800899,292,6,2,3,9:13 PM,6:33,Wallace S.FOUL (P1.T3),,,,
0020800899,293,3,11,3,9:13 PM,6:33,,,MISS Martin Free Throw 1 of 2,,
0020800899,294,4,1,3,9:13 PM,6:33,,,Nuggets Rebound,,
0020800899,295,3,12,3,9:13 PM,6:33,,,MISS Martin Free Throw 2 of 2,,
0020800899,297,4,0,3,9:14 PM,6:32,Wallace REBOUND (Off:2 Def:5),,,,
0020800899,298,2,1,3,9:14 PM,6:18,MISS Hamilton 20' Jump Shot,,,,
0020800899,299,4,0,3,9:14 PM,6:17,,,Martin REBOUND (Off:1 Def:2),,
0020800899,300,2,1,3,9:14 PM,6:10,,,MISS Jones 17' Jump Shot,,
0020800899,301,4,0,3,9:14 PM,6:10,,,Nuggets Rebound,,
0020800899,302,2,1,3,9:14 PM,6:00,,,MISS Martin 19' Jump Shot,,
0020800899,303,4,0,3,9:14 PM,5:58,PISTONS Rebound,,,,
0020800899,304,9,1,3,9:15 PM,5:58,PISTONS Timeout: Regular (Full 3 Short 1),,,,
0020800899,305,2,63,3,9:18 PM,5:41,MISS Wallace 15' Fadeaway Jumper,,,,
0020800899,306,4,0,3,9:18 PM,5:40,McDyess REBOUND (Off:3 Def:5),,,,
0020800899,307,2,1,3,9:18 PM,5:33,MISS Prince 26' 3PT Jump Shot,,,,
0020800899,308,4,0,3,9:18 PM,5:32,McDyess REBOUND (Off:4 Def:5),,,,
0020800899,309,1,1,3,9:18 PM,5:28,Hamilton 11' Jump Shot (13 PTS) (McDyess 1 AST),,,65 - 62,-3
0020800899,310,1,42,3,9:18 PM,5:06,,,Nene  Driving Layup (17 PTS) (Martin 4 AST),67 - 62,-5
0020800899,311,1,58,3,9:19 PM,4:43,Wallace 11' Turnaround Hook Shot (11 PTS),,,67 - 64,-3
0020800899,312,2,78,3,9:19 PM,4:28,,,MISS Billups 8' Floating Jump Shot,,
0020800899,313,4,0,3,9:19 PM,4:27,McDyess REBOUND (Off:4 Def:6),,,,
0020800899,314,1,1,3,9:19 PM,4:15,McDyess 16' Jump Shot (10 PTS) (Stuckey 3 AST),,,67 - 66,-1
0020800899,315,1,42,3,9:19 PM,3:53,,,Kleiza  Driving Layup (2 PTS),69 - 66,-3
0020800899,316,1,42,3,9:20 PM,3:41,Stuckey  Driving Layup (11 PTS),,,69 - 68,-1
0020800899,317,2,3,3,9:20 PM,3:18,,,MISS Martin 10' Hook Shot,,
0020800899,318,4,0,3,9:20 PM,3:17,Wallace REBOUND (Off:2 Def:6),,,,
0020800899,319,6,1,3,9:20 PM,3:07,,,Jones P.FOUL (P3.T2),,
0020800899,320,8,0,3,9:20 PM,3:07,SUB: Maxiell FOR McDyess,,,,
0020800899,321,8,0,3,9:21 PM,3:07,,,SUB: Smith FOR Kleiza,,
0020800899,322,6,1,3,9:21 PM,3:01,,,Jones P.FOUL (P4.T3),,
0020800899,323,5,1,3,9:21 PM,2:56,Stuckey Bad Pass Turnover (P3.T8),,,,
0020800899,324,9,1,3,9:22 PM,2:56,,,Nuggets Timeout: Regular (Reg.3 Short 0),,
0020800899,325,6,2,3,9:25 PM,2:45,Maxiell S.FOUL (P3.T4),,,,
0020800899,326,3,11,3,9:25 PM,2:45,,,MISS Nene Free Throw 1 of 2,,
0020800899,327,4,1,3,9:25 PM,2:45,,,Nuggets Rebound,,
0020800899,328,3,12,3,9:25 PM,2:45,,,Nene Free Throw 2 of 2 (18 PTS),70 - 68,-2
0020800899,330,6,1,3,9:26 PM,2:35,,,Smith P.FOUL (P2.T4),,
0020800899,331,8,0,3,9:26 PM,2:35,,,SUB: Andersen FOR Nene,,
0020800899,332,2,1,3,9:26 PM,2:23,MISS Wallace  3PT Jump Shot,,,,
0020800899,333,4,0,3,9:26 PM,2:22,Prince REBOUND (Off:1 Def:1),,,,
0020800899,334,1,5,3,9:26 PM,2:09,Wallace  Layup (13 PTS) (Stuckey 4 AST),,,70 - 70,TIE
0020800899,335,2,1,3,9:27 PM,1:51,Prince BLOCK (1 BLK),,MISS Smith 26' 3PT Jump Shot,,
0020800899,336,4,0,3,9:27 PM,1:50,Wallace REBOUND (Off:2 Def:7),,,,
0020800899,337,1,1,3,9:27 PM,1:44,Hamilton 20' Jump Shot (15 PTS),,,70 - 72,2
0020800899,338,1,79,3,9:27 PM,1:26,,,Billups 16' Pullup Jump Shot (28 PTS),72 - 72,TIE
0020800899,339,2,7,3,9:27 PM,1:10,MISS Maxiell  Dunk,,Andersen BLOCK (1 BLK),,
0020800899,340,4,0,3,9:27 PM,1:09,,,Andersen REBOUND (Off:2 Def:5),,
0020800899,341,2,1,3,9:28 PM,0:58,,,MISS Billups 27' 3PT Jump Shot,,
0020800899,342,4,0,3,9:28 PM,0:57,,,Smith REBOUND (Off:1 Def:1),,
0020800899,343,2,5,3,9:28 PM,0:55,Wallace BLOCK (1 BLK),,MISS Andersen  Layup,,
0020800899,344,4,0,3,9:28 PM,0:53,Wallace REBOUND (Off:2 Def:8),,,,
0020800899,345,6,2,3,9:28 PM,0:51,,,Martin S.FOUL (P3.PN),,
0020800899,347,8,0,3,9:28 PM,0:51,,,SUB: Balkman FOR Jones,,
0020800899,348,3,11,3,9:28 PM,0:51,Stuckey Free Throw 1 of 2 (12 PTS),,,72 - 73,1
0020800899,350,3,12,3,9:28 PM,0:51,Stuckey Free Throw 2 of 2 (13 PTS),,,72 - 74,2
0020800899,352,6,1,3,9:29 PM,0:36,Hamilton P.FOUL (P3.PN),,,,
0020800899,353,3,11,3,9:29 PM,0:36,,,Billups Free Throw 1 of 2 (29 PTS),73 - 74,1
0020800899,355,3,12,3,9:30 PM,0:36,,,Billups Free Throw 2 of 2 (30 PTS),74 - 74,TIE
0020800899,357,2,1,3,9:30 PM,0:20,MISS Hamilton 17' Jump Shot,,,,
0020800899,358,4,0,3,9:30 PM,0:19,Stuckey REBOUND (Off:1 Def:1),,,,
0020800899,359,2,1,3,9:31 PM,0:00,MISS Prince 11' Jump Shot,,,,
0020800899,360,4,0,3,9:31 PM,0:00,,,Nuggets Rebound,,
0020800899,361,13,0,3,9:31 PM,0:00,,,,74 - 74,TIE
0020800899,362,12,0,4,9:34 PM,12:00,,,,74 - 74,TIE
0020800899,363,6,1,4,9:35 PM,11:43,,,Balkman P.FOUL (P3.T1),,
0020800899,364,2,1,4,9:35 PM,11:35,MISS McDyess 20' Jump Shot,,,,
0020800899,365,4,0,4,9:35 PM,11:34,,,Smith REBOUND (Off:1 Def:2),,
0020800899,366,1,1,4,9:35 PM,11:19,,,Nene 19' Jump Shot (20 PTS) (Andersen 1 AST),76 - 74,-2
0020800899,367,1,5,4,9:36 PM,10:55,Prince  Layup (18 PTS) (McDyess 2 AST),,,76 - 76,TIE
0020800899,368,2,5,4,9:36 PM,10:35,McDyess BLOCK (2 BLK),,MISS Smith  Layup,,
0020800899,369,4,0,4,9:36 PM,10:32,,,Nuggets Rebound,,
0020800899,370,2,1,4,9:36 PM,10:27,Stuckey BLOCK (1 BLK),,MISS Billups 13' Jump Shot,,
0020800899,371,4,0,4,9:36 PM,10:26,,,Nene REBOUND (Off:1 Def:3),,
0020800899,372,2,4,4,9:36 PM,10:26,,,MISS Nene  Tip Shot,,
0020800899,373,4,0,4,9:36 PM,10:26,,,Nuggets Rebound,,
0020800899,374,5,11,4,9:36 PM,10:26,,,Nuggets Turnover: Shot Clock (T#7),,
0020800899,375,6,2,4,9:37 PM,10:10,,,Billups S.FOUL (P4.T2),,
0020800899,376,3,11,4,9:37 PM,10:10,Stuckey Free Throw 1 of 2 (14 PTS),,,76 - 77,1
0020800899,379,8,0,4,9:38 PM,10:10,,,SUB: Carter FOR Billups,,
0020800899,380,3,12,4,9:38 PM,10:10,Stuckey Free Throw 2 of 2 (15 PTS),,,76 - 78,2
0020800899,382,2,1,4,9:38 PM,9:50,,,MISS Carter 18' Jump Shot,,
0020800899,383,4,0,4,9:38 PM,9:49,,,Nene REBOUND (Off:2 Def:3),,
0020800899,384,6,4,4,9:39 PM,9:45,,,Nene OFF.Foul (P4),,
0020800899,385,5,5,4,9:39 PM,9:45,,,Nene Foul Turnover (P2.T8),,
0020800899,386,8,0,4,9:39 PM,9:45,SUB: Bynum FOR Stuckey,,,,
0020800899,387,1,1,4,9:39 PM,9:22,McDyess 18' Jump Shot (12 PTS) (Bynum 3 AST),,,76 - 80,4
0020800899,389,6,2,4,9:39 PM,9:12,Bynum S.FOUL (P4.T1),,,,
0020800899,390,3,11,4,9:40 PM,9:12,,,MISS Carter Free Throw 1 of 2,,
0020800899,391,4,1,4,9:40 PM,9:12,,,Nuggets Rebound,,
0020800899,392,3,12,4,9:40 PM,9:12,,,Carter Free Throw 2 of 2 (5 PTS),77 - 80,3
0020800899,394,1,1,4,9:40 PM,8:54,McDyess 17' Jump Shot (14 PTS) (Bynum 4 AST),,,77 - 82,5
0020800899,395,2,1,4,9:41 PM,8:35,,,MISS Andersen 18' Jump Shot,,
0020800899,396,4,0,4,9:41 PM,8:34,,,Balkman REBOUND (Off:5 Def:2),,
0020800899,397,1,73,4,9:41 PM,8:22,,,Smith  Driving Reverse Layup (4 PTS),79 - 82,3
0020800899,398,2,5,4,9:41 PM,8:05,MISS Bynum  Layup,,Andersen BLOCK (2 BLK),,
0020800899,399,4,0,4,9:41 PM,8:05,PISTONS Rebound,,,,
0020800899,400,9,4,4,9:41 PM,8:05,,,,,
0020800899,401,2,1,4,9:44 PM,7:55,MISS Prince 17' Jump Shot,,,,
0020800899,402,4,0,4,9:44 PM,7:54,Prince REBOUND (Off:2 Def:1),,,,
0020800899,403,1,1,4,9:44 PM,7:38,McDyess 17' Jump Shot (16 PTS) (Prince 1 AST),,,79 - 84,5
0020800899,404,2,1,4,9:45 PM,7:18,,,MISS Smith 18' Jump Shot,,
0020800899,405,4,0,4,9:45 PM,7:17,PISTONS Rebound,,,,
0020800899,406,8,0,4,9:45 PM,7:17,,,SUB: Billups FOR Carter,,
0020800899,407,1,3,4,9:45 PM,6:59,Prince 7' Hook Shot (20 PTS),,,79 - 86,7
0020800899,408,2,5,4,9:46 PM,6:46,,,MISS Smith  Layup,,
0020800899,409,4,0,4,9:46 PM,6:45,,,Nene REBOUND (Off:3 Def:3),,
0020800899,410,6,2,4,9:46 PM,6:38,McDyess S.FOUL (P3.T2),,,,
0020800899,411,3,11,4,9:46 PM,6:38,,,Smith Free Throw 1 of 2 (5 PTS),80 - 86,6
0020800899,413,3,12,4,9:46 PM,6:38,,,Smith Free Throw 2 of 2 (6 PTS),81 - 86,5
0020800899,415,5,1,4,9:47 PM,6:14,Prince Bad Pass Turnover (P2.T9),,Smith STEAL (1 STL),,
0020800899,416,9,1,4,9:47 PM,6:14,,,Nuggets Timeout: Regular (Reg.4 Short 0),,
0020800899,417,8,0,4,9:49 PM,6:14,,,SUB: Martin FOR Andersen,,
0020800899,418,8,0,4,9:49 PM,6:14,SUB: Hamilton FOR Herrmann,,,,
0020800899,419,8,0,4,9:49 PM,6:14,SUB: Stuckey FOR Bynum,,,,
0020800899,420,8,0,4,9:50 PM,6:14,SUB: Wallace FOR Maxiell,,,,
0020800899,421,1,79,4,9:50 PM,6:02,,,Billups 14' Pullup Jump Shot (32 PTS),83 - 86,3
0020800899,422,1,1,4,9:50 PM,5:36,Prince 24' 3PT Jump Shot (23 PTS) (Hamilton 6 AST),,,83 - 89,6
0020800899,423,6,1,4,9:50 PM,5:26,Hamilton P.FOUL (P4.T3),,,,
0020800899,424,2,1,4,9:51 PM,5:14,,,MISS Balkman 20' Jump Shot,,
0020800899,425,4,0,4,9:51 PM,5:13,,,Nuggets Rebound,,
0020800899,426,2,5,4,9:51 PM,5:05,Prince BLOCK (2 BLK),,MISS Billups  Layup,,
0020800899,427,4,0,4,9:51 PM,5:02,,,Smith REBOUND (Off:2 Def:2),,
0020800899,428,1,1,4,9:51 PM,4:58,,,Smith 26' 3PT Jump Shot (9 PTS),86 - 89,3
0020800899,430,5,19,4,9:52 PM,4:17,Hamilton Kicked Ball Violation Turnover (P2.T10),,,,
0020800899,431,2,3,4,9:52 PM,4:11,,,MISS Martin 7' Hook Shot,,
0020800899,432,4,0,4,9:52 PM,4:10,McDyess REBOUND (Off:4 Def:7),,,,
0020800899,433,1,1,4,9:53 PM,3:57,Stuckey 18' Jump Shot (17 PTS) (Prince 2 AST),,,86 - 91,5
0020800899,434,8,0,4,9:53 PM,3:36,,,SUB: Andersen FOR Martin,,
0020800899,435,2,5,4,9:53 PM,3:33,Prince BLOCK (3 BLK),,MISS Balkman  Layup,,
0020800899,436,4,0,4,9:53 PM,3:31,Prince REBOUND (Off:2 Def:2),,,,
0020800899,437,1,1,4,9:54 PM,3:15,Wallace 28' 3PT Jump Shot (16 PTS) (Hamilton 7 AST),,,86 - 94,8
0020800899,438,9,1,4,9:54 PM,3:14,,,Nuggets Timeout: Regular (Reg.5 Short 0),,
0020800899,440,8,0,4,9:56 PM,3:14,,,SUB: Kleiza FOR Andersen,,
0020800899,441,1,1,4,9:57 PM,2:57,,,Smith 20' Jump Shot (11 PTS),88 - 94,6
0020800899,442,2,1,4,9:57 PM,2:29,MISS Stuckey 12' Jump Shot,,,,
0020800899,443,4,0,4,9:57 PM,2:28,,,Nuggets Rebound,,
0020800899,444,1,1,4,9:58 PM,2:09,,,Smith 16' Jump Shot (13 PTS),90 - 94,4
0020800899,445,2,1,4,9:58 PM,1:33,MISS Wallace 19' Jump Shot,,,,
0020800899,446,4,0,4,9:58 PM,1:32,Hamilton REBOUND (Off:2 Def:0),,,,
0020800899,447,2,5,4,9:59 PM,1:12,MISS Hamilton  Layup,,Nene BLOCK (1 BLK),,
0020800899,448,4,0,4,9:59 PM,1:12,PISTONS Rebound,,,,
0020800899,449,9,2,4,9:59 PM,1:12,PISTONS Timeout: Short (Full 3 Short 2),,,,
0020800899,450,2,5,4,10:00 PM,1:09,MISS Hamilton  Layup,,,,
0020800899,451,4,0,4,10:00 PM,1:08,,,Smith REBOUND (Off:2 Def:3),,
0020800899,452,2,7,4,10:00 PM,1:02,McDyess BLOCK (3 BLK),,MISS Smith  Dunk,,
0020800899,453,4,0,4,10:00 PM,1:00,McDyess REBOUND (Off:4 Def:8),,,,
0020800899,454,2,1,4,10:00 PM,0:39,MISS Prince 19' Jump Shot,,,,
0020800899,455,4,0,4,10:00 PM,0:38,Stuckey REBOUND (Off:2 Def:1),,,,
0020800899,456,6,1,4,10:01 PM,0:28,,,Kleiza P.FOUL (P2.T3),,
0020800899,457,6,1,4,10:01 PM,0:27,,,Smith P.FOUL (P3.PN),,
0020800899,458,3,11,4,10:01 PM,0:27,Hamilton Free Throw 1 of 2 (16 PTS),,,90 - 95,5
0020800899,460,3,12,4,10:02 PM,0:27,Hamilton Free Throw 2 of 2 (17 PTS),,,90 - 96,6
0020800899,462,9,2,4,10:02 PM,0:27,,,Nuggets Timeout: Short (Reg.5 Short 1),,
0020800899,463,6,2,4,10:04 PM,0:19,Hamilton S.FOUL (P5.T4),,,,
0020800899,464,3,11,4,10:04 PM,0:19,,,Billups Free Throw 1 of 2 (33 PTS),91 - 96,5
0020800899,466,8,0,4,10:04 PM,0:19,,,SUB: Jones FOR Kleiza,,
0020800899,467,3,12,4,10:04 PM,0:19,,,Billups Free Throw 2 of 2 (34 PTS),92 - 96,4
0020800899,469,6,1,4,10:04 PM,0:18,,,Smith P.FOUL (P4.PN),,
0020800899,470,3,11,4,10:05 PM,0:18,Hamilton Free Throw 1 of 2 (18 PTS),,,92 - 97,5
0020800899,472,8,0,4,10:05 PM,0:18,,,SUB: Kleiza FOR Jones,,
0020800899,473,3,12,4,10:05 PM,0:18,Hamilton Free Throw 2 of 2 (19 PTS),,,92 - 98,6
0020800899,476,9,1,4,10:06 PM,0:18,,,Nuggets Timeout: Regular (Reg.6 Short 1),,
0020800899,477,1,1,4,10:07 PM,0:15,,,Smith 26' 3PT Jump Shot (16 PTS) (Nene 1 AST),95 - 98,3
0020800899,478,6,1,4,10:08 PM,0:10,,,Smith P.FOUL (P5.PN),,
0020800899,479,3,11,4,10:08 PM,0:10,Hamilton Free Throw 1 of 2 (20 PTS),,,95 - 99,4
0020800899,481,3,12,4,10:08 PM,0:10,Hamilton Free Throw 2 of 2 (21 PTS),,,95 - 100,5
0020800899,483,2,1,4,10:09 PM,0:03,,,MISS Smith 25' 3PT Jump Shot,,
0020800899,484,4,0,4,10:09 PM,0:02,,,Nene REBOUND (Off:4 Def:3),,
0020800899,485,2,1,4,10:09 PM,0:00,,,MISS Nene 26' 3PT Jump Shot,,
0020800899,486,4,0,4,10:09 PM,0:00,Stuckey REBOUND (Off:2 Def:2),,,,
0020800899,487,13,0,4,10:09 PM,0:00,,,,95 - 100,5
