GAME_ID,EVENTNUM,EVENTMSGTYPE,EVENTMSGACTIONTYPE,PERIOD,WCTIMESTRING,PCTIMESTRING,HOMEDESCRIPTION,NEUTRALDESCRIPTION,VISITORDESCRIPTION,SCORE,SCOREMARGIN,PERSON1TYPE,PLAYER1_ID,PLAYER1_NAME,PLAYER1_TEAM_ID,PLAYER1_TEAM_CITY,PLAYER1_TEAM_NICKNAME,PLAYER1_TEAM_ABBREVIATION,PERSON2TYPE,PLAYER2_ID,PLAYER2_NAME,PLAYER2_TEAM_ID,PLAYER2_TEAM_CITY,PLAYER2_TEAM_NICKNAME,PLAYER2_TEAM_ABBREVIATION,PERSON3TYPE,PLAYER3_ID,PLAYER3_NAME,PLAYER3_TEAM_ID,PLAYER3_TEAM_CITY,PLAYER3_TEAM_NICKNAME,PLAYER3_TEAM_ABBREVIATION,VIDEO_AVAILABLE_FLAG
0020900630,0,12,0,1,8:13 PM,12:00,,,,,,0,0,,,,,,0,0,,,,,,0,0,,,,,,0
0020900630,1,10,0,1,8:13 PM,12:00,Jump Ball Gasol vs. Green: Tip to Westbrook,,,,,4,201188,Marc Gasol,1610612763.0,Memphis,Grizzlies,MEM,5,201145,Jeff Green,1610612760.0,Oklahoma City,Thunder,OKC,5,201566,Russell Westbrook,1610612760.0,Oklahoma City,Thunder,OKC,0
0020900630,2,1,42,1,8:14 PM,11:42,,,Westbrook  Driving Layup (2 PTS),2 - 0,-2,5,201566,Russell Westbrook,1610612760.0,Oklahoma City,Thunder,OKC,0,0,,,,,,0,0,,,,,,0
0020900630,3,2,1,1,8:15 PM,11:23,MISS Gay 16' Jump Shot,,,,,4,200752,Rudy Gay,1610612763.0,Memphis,Grizzlies,MEM,0,0,,,,,,0,0,,,,,,0
0020900630,4,4,0,1,8:15 PM,11:22,Gasol REBOUND (Off:1 Def:0),,,,,4,201188,Marc Gasol,1610612763.0,Memphis,Grizzlies,MEM,0,0,,,,,,0,0,,,,,,0
0020900630,5,2,1,1,8:15 PM,11:13,MISS Gay 25' 3PT Jump Shot,,,,,4,200752,Rudy Gay,1610612763.0,Memphis,Grizzlies,MEM,0,0,,,,,,0,0,,,,,,0
0020900630,6,4,0,1,8:15 PM,11:11,Gasol REBOUND (Off:2 Def:0),,,,,4,201188,Marc Gasol,1610612763.0,Memphis,Grizzlies,MEM,0,0,,,,,,0,0,,,,,,0
0020900630,7,5,2,1,8:15 PM,11:05,Mayo Lost Ball Turnover (P1.T1),,Sefolosha STEAL (1 STL),,,4,201564,O.J. Mayo,1610612763.0,Memphis,Grizzlies,MEM,5,200757,Thabo Sefolosha,1610612760.0,Oklahoma City,Thunder,OKC,0,0,,,,,,0
0020900630,8,1,5,1,8:15 PM,11:02,,,Westbrook  Layup (4 PTS),4 - 0,-4,5,201566,Russell Westbrook,1610612760.0,Oklahoma City,Thunder,OKC,0,0,,,,,,0,0,,,,,,0
0020900630,9,6,2,1,8:15 PM,11:02,Mayo S.FOUL (P1.T1),,,,,4,201564,O.J. Mayo,1610612763.0,Memphis,Grizzlies,MEM,5,201566,Russell Westbrook,1610612760.0,Oklahoma City,Thunder,OKC,1,0,,,,,,0
0020900630,10,3,10,1,8:15 PM,11:02,,,MISS Westbrook Free Throw 1 of 1,,,5,201566,Russell Westbrook,1610612760.0,Oklahoma City,Thunder,OKC,0,0,,,,,,0,0,,,,,,0
0020900630,12,4,0,1,8:16 PM,11:01,Randolph REBOUND (Off:0 Def:1),,,,,4,2216,Zach Randolph,1610612763.0,Memphis,Grizzlies,MEM,0,0,,,,,,0,0,,,,,,0
0020900630,13,5,4,1,8:16 PM,10:41,Mayo Traveling Turnover (P2.T2),,,,,4,201564,O.J. Mayo,1610612763.0,Memphis,Grizzlies,MEM,0,0,,,,,,1,0,,,,,,0
0020900630,14,5,2,1,8:16 PM,10:23,Conley STEAL (1 STL),,Durant Lost Ball Turnover (P1.T1),,,5,201142,Kevin Durant,1610612760.0,Oklahoma City,Thunder,OKC,4,201144,Mike Conley,1610612763.0,Memphis,Grizzlies,MEM,0,0,,,,,,0
0020900630,15,1,79,1,8:16 PM,10:16,Gay 9' Pullup Jump Shot (2 PTS),,,4 - 2,-2,4,200752,Rudy Gay,1610612763.0,Memphis,Grizzlies,MEM,0,0,,,,,,0,0,,,,,,0
0020900630,16,2,1,1,8:17 PM,9:56,,,MISS Durant 17' Jump Shot,,,5,201142,Kevin Durant,1610612760.0,Oklahoma City,Thunder,OKC,0,0,,,,,,0,0,,,,,,0
0020900630,17,4,0,1,8:17 PM,9:54,,,Green REBOUND (Off:1 Def:0),,,5,201145,Jeff Green,1610612760.0,Oklahoma City,Thunder,OKC,0,0,,,,,,0,0,,,,,,0
0020900630,18,2,79,1,8:17 PM,9:37,,,MISS Westbrook 19' Pullup Jump Shot,,,5,201566,Russell Westbrook,1610612760.0,Oklahoma City,Thunder,OKC,0,0,,,,,,0,0,,,,,,0
0020900630,19,4,0,1,8:17 PM,9:34,Randolph REBOUND (Off:0 Def:2),,,,,4,2216,Zach Randolph,1610612763.0,Memphis,Grizzlies,MEM,0,0,,,,,,0,0,,,,,,0
0020900630,20,1,5,1,8:17 PM,9:28,Gasol  Layup (2 PTS) (Randolph 1 AST),,,4 - 4,TIE,4,201188,Marc Gasol,1610612763.0,Memphis,Grizzlies,MEM,4,2216,Zach Randolph,1610612763.0,Memphis,Grizzlies,MEM,0,0,,,,,,0
0020900630,21,6,4,1,8:18 PM,9:11,,,Durant OFF.Foul (P1),,,5,201142,Kevin Durant,1610612760.0,Oklahoma City,Thunder,OKC,4,201188,Marc Gasol,1610612763.0,Memphis,Grizzlies,MEM,1,0,,,,,,0
0020900630,22,5,5,1,8:18 PM,9:11,,,Durant Foul Turnover (P2.T2),,,5,201142,Kevin Durant,1610612760.0,Oklahoma City,Thunder,OKC,0,0,,,,,,1,0,,,,,,0
0020900630,23,1,1,1,8:18 PM,8:49,Conley 26' 3PT Jump Shot (3 PTS) (Randolph 2 AST),,,4 - 7,3,4,201144,Mike Conley,1610612763.0,Memphis,Grizzlies,MEM,4,2216,Zach Randolph,1610612763.0,Memphis,Grizzlies,MEM,0,0,,,,,,0
0020900630,24,2,1,1,8:19 PM,8:30,,,MISS Krstic 17' Jump Shot,,,5,2420,Nenad Krstic,1610612760.0,Oklahoma City,Thunder,OKC,0,0,,,,,,0,0,,,,,,0
0020900630,25,4,0,1,8:19 PM,8:29,Conley REBOUND (Off:0 Def:1),,,,,4,201144,Mike Conley,1610612763.0,Memphis,Grizzlies,MEM,0,0,,,,,,0,0,,,,,,0
0020900630,26,1,1,1,8:19 PM,8:18,Conley 26' 3PT Jump Shot (6 PTS) (Randolph 3 AST),,,4 - 10,6,4,201144,Mike Conley,1610612763.0,Memphis,Grizzlies,MEM,4,2216,Zach Randolph,1610612763.0,Memphis,Grizzlies,MEM,0,0,,,,,,0
0020900630,27,2,1,1,8:19 PM,7:48,,,MISS Westbrook 19' Jump Shot,,,5,201566,Russell Westbrook,1610612760.0,Oklahoma City,Thunder,OKC,0,0,,,,,,0,0,,,,,,0
0020900630,28,4,0,1,8:19 PM,7:47,Gasol REBOUND (Off:2 Def:1),,,,,4,201188,Marc Gasol,1610612763.0,Memphis,Grizzlies,MEM,0,0,,,,,,0,0,,,,,,0
0020900630,29,6,2,1,8:20 PM,7:41,,,Westbrook S.FOUL (P1.T1),,,5,201566,Russell Westbrook,1610612760.0,Oklahoma City,Thunder,OKC,4,201564,O.J. Mayo,1610612763.0,Memphis,Grizzlies,MEM,1,0,,,,,,0
0020900630,30,3,11,1,8:20 PM,7:41,Mayo Free Throw 1 of 2 (1 PTS),,,4 - 11,7,4,201564,O.J. Mayo,1610612763.0,Memphis,Grizzlies,MEM,0,0,,,,,,0,0,,,,,,0
0020900630,31,3,12,1,8:20 PM,7:41,Mayo Free Throw 2 of 2 (2 PTS),,,4 - 12,8,4,201564,O.J. Mayo,1610612763.0,Memphis,Grizzlies,MEM,0,0,,,,,,0,0,,,,,,0
0020900630,33,9,2,1,8:20 PM,7:36,,,Thunder Timeout: Short (Reg.0 Short 1),,,3,1610612760,,,,,,0,0,,,,,,0,0,,,,,,0
0020900630,35,6,1,1,8:22 PM,7:31,Gay P.FOUL (P1.T2),,,,,4,200752,Rudy Gay,1610612763.0,Memphis,Grizzlies,MEM,5,201566,Russell Westbrook,1610612760.0,Oklahoma City,Thunder,OKC,1,0,,,,,,0
0020900630,36,1,1,1,8:22 PM,7:25,,,Green 26' 3PT Jump Shot (3 PTS) (Westbrook 1 AST),7 - 12,5,5,201145,Jeff Green,1610612760.0,Oklahoma City,Thunder,OKC,5,201566,Russell Westbrook,1610612760.0,Oklahoma City,Thunder,OKC,0,0,,,,,,0
0020900630,37,5,1,1,8:22 PM,7:09,Mayo Bad Pass Turnover (P3.T3),,,,,4,201564,O.J. Mayo,1610612763.0,Memphis,Grizzlies,MEM,0,0,,,,,,0,0,,,,,,0
0020900630,38,6,2,1,8:23 PM,6:58,Gasol S.FOUL (P1.T3),,,,,4,201188,Marc Gasol,1610612763.0,Memphis,Grizzlies,MEM,5,2420,Nenad Krstic,1610612760.0,Oklahoma City,Thunder,OKC,1,0,,,,,,0
0020900630,39,3,11,1,8:23 PM,6:58,,,MISS Krstic Free Throw 1 of 2,,,5,2420,Nenad Krstic,1610612760.0,Oklahoma City,Thunder,OKC,0,0,,,,,,0,0,,,,,,0
0020900630,40,4,1,1,8:23 PM,6:58,,,Thunder Rebound,,,3,1610612760,,,,,,0,0,,,,,,0,0,,,,,,0
0020900630,41,3,12,1,8:23 PM,6:58,,,MISS Krstic Free Throw 2 of 2,,,5,2420,Nenad Krstic,1610612760.0,Oklahoma City,Thunder,OKC,0,0,,,,,,0,0,,,,,,0
0020900630,43,4,0,1,8:23 PM,6:57,Gay REBOUND (Off:0 Def:1),,,,,4,200752,Rudy Gay,1610612763.0,Memphis,Grizzlies,MEM,0,0,,,,,,0,0,,,,,,0
0020900630,44,2,5,1,8:24 PM,6:39,MISS Gasol  Layup,,,,,4,201188,Marc Gasol,1610612763.0,Memphis,Grizzlies,MEM,0,0,,,,,,0,0,,,,,,0
0020900630,45,4,0,1,8:24 PM,6:38,,,Westbrook REBOUND (Off:0 Def:1),,,5,201566,Russell Westbrook,1610612760.0,Oklahoma City,Thunder,OKC,0,0,,,,,,0,0,,,,,,0
0020900630,46,2,5,1,8:24 PM,6:32,Mayo BLOCK (1 BLK),,MISS Green  Layup,,,5,201145,Jeff Green,1610612760.0,Oklahoma City,Thunder,OKC,0,0,,,,,,4,201564,O.J. Mayo,1610612763.0,Memphis,Grizzlies,MEM,0
0020900630,47,4,0,1,8:24 PM,6:29,,,Green REBOUND (Off:2 Def:0),,,5,201145,Jeff Green,1610612760.0,Oklahoma City,Thunder,OKC,0,0,,,,,,0,0,,,,,,0
0020900630,48,1,87,1,8:24 PM,6:28,,,Green  Putback Dunk (5 PTS),9 - 12,3,5,201145,Jeff Green,1610612760.0,Oklahoma City,Thunder,OKC,0,0,,,,,,0,0,,,,,,0
0020900630,49,2,1,1,8:24 PM,6:07,MISS Mayo 25' 3PT Jump Shot,,,,,4,201564,O.J. Mayo,1610612763.0,Memphis,Grizzlies,MEM,0,0,,,,,,0,0,,,,,,0
0020900630,50,4,0,1,8:24 PM,6:06,GRIZZLIES Rebound,,,,,2,1610612763,,,,,,0,0,,,,,,0,0,,,,,,0
0020900630,51,1,63,1,8:25 PM,5:53,Gay 11' Fadeaway Jumper (4 PTS),,,9 - 14,5,4,200752,Rudy Gay,1610612763.0,Memphis,Grizzlies,MEM,0,0,,,,,,0,0,,,,,,0
0020900630,52,1,5,1,8:25 PM,5:39,,,Sefolosha  Layup (2 PTS) (Westbrook 2 AST),11 - 14,3,5,200757,Thabo Sefolosha,1610612760.0,Oklahoma City,Thunder,OKC,5,201566,Russell Westbrook,1610612760.0,Oklahoma City,Thunder,OKC,0,0,,,,,,0
0020900630,53,1,46,1,8:25 PM,5:23,Randolph 5' Running Jump Shot (2 PTS) (Conley 1 AST),,,11 - 16,5,4,2216,Zach Randolph,1610612763.0,Memphis,Grizzlies,MEM,4,201144,Mike Conley,1610612763.0,Memphis,Grizzlies,MEM,0,0,,,,,,0
0020900630,54,2,1,1,8:26 PM,5:06,,,MISS Durant  3PT Jump Shot,,,5,201142,Kevin Durant,1610612760.0,Oklahoma City,Thunder,OKC,0,0,,,,,,0,0,,,,,,0
0020900630,55,4,0,1,8:26 PM,5:03,GRIZZLIES Rebound,,,,,2,1610612763,,,,,,0,0,,,,,,0,0,,,,,,0
0020900630,56,9,1,1,8:26 PM,5:03,GRIZZLIES Timeout: Regular (Full 1 Short 0),,,,,2,1610612763,,,,,,0,0,,,,,,0,0,,,,,,0
0020900630,59,2,5,1,8:29 PM,4:49,MISS Randolph  Layup,,,,,4,2216,Zach Randolph,1610612763.0,Memphis,Grizzlies,MEM,0,0,,,,,,0,0,,,,,,0
0020900630,61,4,0,1,8:29 PM,4:47,Gasol REBOUND (Off:3 Def:1),,,,,4,201188,Marc Gasol,1610612763.0,Memphis,Grizzlies,MEM,0,0,,,,,,0,0,,,,,,0
0020900630,60,2,4,1,8:29 PM,4:47,MISS Gasol  Tip Shot,,,,,4,201188,Marc Gasol,1610612763.0,Memphis,Grizzlies,MEM,0,0,,,,,,0,0,,,,,,0
0020900630,62,4,0,1,8:29 PM,4:47,Randolph REBOUND (Off:1 Def:2),,,,,4,2216,Zach Randolph,1610612763.0,Memphis,Grizzlies,MEM,0,0,,,,,,0,0,,,,,,0
0020900630,63,6,2,1,8:29 PM,4:47,,,Krstic S.FOUL (P1.T2),,,5,2420,Nenad Krstic,1610612760.0,Oklahoma City,Thunder,OKC,4,2216,Zach Randolph,1610612763.0,Memphis,Grizzlies,MEM,1,0,,,,,,0
0020900630,64,3,11,1,8:29 PM,4:47,Randolph Free Throw 1 of 2 (3 PTS),,,11 - 17,6,4,2216,Zach Randolph,1610612763.0,Memphis,Grizzlies,MEM,0,0,,,,,,0,0,,,,,,0
0020900630,66,8,0,1,8:29 PM,4:47,,,SUB: Collison FOR Krstic,,,5,2420,Nenad Krstic,1610612760.0,Oklahoma City,Thunder,OKC,5,2555,Nick Collison,1610612760.0,Oklahoma City,Thunder,OKC,0,0,,,,,,0
0020900630,67,8,0,1,8:29 PM,4:47,,,SUB: Harden FOR Sefolosha,,,5,200757,Thabo Sefolosha,1610612760.0,Oklahoma City,Thunder,OKC,5,201935,James Harden,1610612760.0,Oklahoma City,Thunder,OKC,0,0,,,,,,0
0020900630,68,3,12,1,8:29 PM,4:47,Randolph Free Throw 2 of 2 (4 PTS),,,11 - 18,7,4,2216,Zach Randolph,1610612763.0,Memphis,Grizzlies,MEM,0,0,,,,,,0,0,,,,,,0
0020900630,70,2,79,1,8:30 PM,4:34,,,MISS Durant 11' Pullup Jump Shot,,,5,201142,Kevin Durant,1610612760.0,Oklahoma City,Thunder,OKC,0,0,,,,,,0,0,,,,,,0
0020900630,71,4,0,1,8:30 PM,4:32,Gasol REBOUND (Off:3 Def:2),,,,,4,201188,Marc Gasol,1610612763.0,Memphis,Grizzlies,MEM,0,0,,,,,,0,0,,,,,,0
0020900630,72,5,8,1,8:30 PM,4:16,Gasol 3 Second Violation Turnover (P1.T4),,,,,4,201188,Marc Gasol,1610612763.0,Memphis,Grizzlies,MEM,0,0,,,,,,1,0,,,,,,0
0020900630,73,5,2,1,8:30 PM,4:07,Gasol STEAL (1 STL),,Westbrook Lost Ball Turnover (P1.T3),,,5,201566,Russell Westbrook,1610612760.0,Oklahoma City,Thunder,OKC,4,201188,Marc Gasol,1610612763.0,Memphis,Grizzlies,MEM,0,0,,,,,,0
0020900630,74,6,2,1,8:31 PM,4:03,,,Collison S.FOUL (P1.T3),,,5,2555,Nick Collison,1610612760.0,Oklahoma City,Thunder,OKC,4,200752,Rudy Gay,1610612763.0,Memphis,Grizzlies,MEM,1,0,,,,,,0
0020900630,75,3,11,1,8:31 PM,4:03,MISS Gay Free Throw 1 of 2,,,,,4,200752,Rudy Gay,1610612763.0,Memphis,Grizzlies,MEM,0,0,,,,,,0,0,,,,,,0
0020900630,76,4,1,1,8:31 PM,4:03,GRIZZLIES Rebound,,,,,2,1610612763,,,,,,0,0,,,,,,0,0,,,,,,0
0020900630,77,8,0,1,8:31 PM,4:03,SUB: Thabeet FOR Gasol,,,,,4,201188,Marc Gasol,1610612763.0,Memphis,Grizzlies,MEM,4,201934,Hasheem Thabeet,1610612763.0,Memphis,Grizzlies,MEM,0,0,,,,,,0
0020900630,78,3,12,1,8:31 PM,4:03,Gay Free Throw 2 of 2 (5 PTS),,,11 - 19,8,4,200752,Rudy Gay,1610612763.0,Memphis,Grizzlies,MEM,0,0,,,,,,0,0,,,,,,0
0020900630,80,1,79,1,8:32 PM,3:53,,,Durant 13' Pullup Jump Shot (2 PTS),13 - 19,6,5,201142,Kevin Durant,1610612760.0,Oklahoma City,Thunder,OKC,0,0,,,,,,0,0,,,,,,0
0020900630,81,1,1,1,8:32 PM,3:35,Randolph 22' Jump Shot (6 PTS),,,13 - 21,8,4,2216,Zach Randolph,1610612763.0,Memphis,Grizzlies,MEM,0,0,,,,,,0,0,,,,,,0
0020900630,82,5,2,1,8:32 PM,3:19,Mayo STEAL (1 STL),,Westbrook Lost Ball Turnover (P2.T4),,,5,201566,Russell Westbrook,1610612760.0,Oklahoma City,Thunder,OKC,4,201564,O.J. Mayo,1610612763.0,Memphis,Grizzlies,MEM,0,0,,,,,,0
0020900630,83,2,1,1,8:32 PM,3:13,MISS Conley 7' Jump Shot,,,,,4,201144,Mike Conley,1610612763.0,Memphis,Grizzlies,MEM,0,0,,,,,,0,0,,,,,,0
0020900630,84,4,0,1,8:32 PM,3:11,,,Harden REBOUND (Off:0 Def:1),,,5,201935,James Harden,1610612760.0,Oklahoma City,Thunder,OKC,0,0,,,,,,0,0,,,,,,0
0020900630,85,1,5,1,8:32 PM,3:08,,,Durant  Layup (4 PTS) (Harden 1 AST),15 - 21,6,5,201142,Kevin Durant,1610612760.0,Oklahoma City,Thunder,OKC,5,201935,James Harden,1610612760.0,Oklahoma City,Thunder,OKC,0,0,,,,,,0
0020900630,86,2,1,1,8:33 PM,2:49,MISS Randolph 15' Jump Shot,,,,,4,2216,Zach Randolph,1610612763.0,Memphis,Grizzlies,MEM,0,0,,,,,,0,0,,,,,,0
0020900630,87,4,0,1,8:33 PM,2:48,,,Harden REBOUND (Off:0 Def:2),,,5,201935,James Harden,1610612760.0,Oklahoma City,Thunder,OKC,0,0,,,,,,0,0,,,,,,0
0020900630,88,9,1,1,8:33 PM,2:44,,,Thunder Timeout: Regular (Reg.1 Short 1),,,3,1610612760,,,,,,0,0,,,,,,0,0,,,,,,0
0020900630,92,2,1,1,8:36 PM,2:37,Gay BLOCK (1 BLK),,MISS Durant 14' Jump Shot,,,5,201142,Kevin Durant,1610612760.0,Oklahoma City,Thunder,OKC,0,0,,,,,,4,200752,Rudy Gay,1610612763.0,Memphis,Grizzlies,MEM,0
0020900630,93,4,0,1,8:36 PM,2:35,Gay REBOUND (Off:0 Def:2),,,,,4,200752,Rudy Gay,1610612763.0,Memphis,Grizzlies,MEM,0,0,,,,,,0,0,,,,,,0
0020900630,94,2,1,1,8:36 PM,2:16,MISS Randolph 19' Jump Shot,,,,,4,2216,Zach Randolph,1610612763.0,Memphis,Grizzlies,MEM,0,0,,,,,,0,0,,,,,,0
0020900630,95,4,0,1,8:36 PM,2:15,,,Collison REBOUND (Off:0 Def:1),,,5,2555,Nick Collison,1610612760.0,Oklahoma City,Thunder,OKC,0,0,,,,,,0,0,,,,,,0
0020900630,96,2,1,1,8:36 PM,2:05,,,MISS Collison 17' Jump Shot,,,5,2555,Nick Collison,1610612760.0,Oklahoma City,Thunder,OKC,0,0,,,,,,0,0,,,,,,0
0020900630,97,4,0,1,8:36 PM,2:04,Gay REBOUND (Off:0 Def:3),,,,,4,200752,Rudy Gay,1610612763.0,Memphis,Grizzlies,MEM,0,0,,,,,,0,0,,,,,,0
0020900630,98,2,79,1,8:37 PM,1:38,MISS Mayo 22' Pullup Jump Shot,,,,,4,201564,O.J. Mayo,1610612763.0,Memphis,Grizzlies,MEM,0,0,,,,,,0,0,,,,,,0
0020900630,99,4,0,1,8:37 PM,1:36,Thabeet REBOUND (Off:1 Def:0),,,,,4,201934,Hasheem Thabeet,1610612763.0,Memphis,Grizzlies,MEM,0,0,,,,,,0,0,,,,,,0
0020900630,100,1,5,1,8:37 PM,1:32,Gay  Layup (7 PTS) (Randolph 4 AST),,,15 - 23,8,4,200752,Rudy Gay,1610612763.0,Memphis,Grizzlies,MEM,4,2216,Zach Randolph,1610612763.0,Memphis,Grizzlies,MEM,0,0,,,,,,0
0020900630,101,1,1,1,8:37 PM,1:17,,,Harden 26' 3PT Jump Shot (3 PTS) (Westbrook 3 AST),18 - 23,5,5,201935,James Harden,1610612760.0,Oklahoma City,Thunder,OKC,5,201566,Russell Westbrook,1610612760.0,Oklahoma City,Thunder,OKC,0,0,,,,,,0
0020900630,102,2,1,1,8:37 PM,1:02,MISS Mayo 26' 3PT Jump Shot,,,,,4,201564,O.J. Mayo,1610612763.0,Memphis,Grizzlies,MEM,0,0,,,,,,0,0,,,,,,0
0020900630,103,4,0,1,8:37 PM,1:01,Thabeet REBOUND (Off:2 Def:0),,,,,4,201934,Hasheem Thabeet,1610612763.0,Memphis,Grizzlies,MEM,0,0,,,,,,0,0,,,,,,0
0020900630,104,1,1,1,8:37 PM,0:59,Conley 26' 3PT Jump Shot (9 PTS) (Thabeet 1 AST),,,18 - 26,8,4,201144,Mike Conley,1610612763.0,Memphis,Grizzlies,MEM,4,201934,Hasheem Thabeet,1610612763.0,Memphis,Grizzlies,MEM,0,0,,,,,,0
0020900630,105,5,1,1,8:38 PM,0:49,Conley STEAL (2 STL),,Westbrook Bad Pass Turnover (P3.T5),,,5,201566,Russell Westbrook,1610612760.0,Oklahoma City,Thunder,OKC,4,201144,Mike Conley,1610612763.0,Memphis,Grizzlies,MEM,0,0,,,,,,0
0020900630,106,1,8,1,8:38 PM,0:46,Gay  Slam Dunk (9 PTS),,,18 - 28,10,4,200752,Rudy Gay,1610612763.0,Memphis,Grizzlies,MEM,0,0,,,,,,0,0,,,,,,0
0020900630,107,6,2,1,8:38 PM,0:28,Thabeet S.FOUL (P1.T4),,,,,4,201934,Hasheem Thabeet,1610612763.0,Memphis,Grizzlies,MEM,5,201142,Kevin Durant,1610612760.0,Oklahoma City,Thunder,OKC,1,0,,,,,,0
0020900630,108,8,0,1,8:38 PM,0:28,SUB: Young FOR Mayo,,,,,4,201564,O.J. Mayo,1610612763.0,Memphis,Grizzlies,MEM,4,201970,Sam Young,1610612763.0,Memphis,Grizzlies,MEM,0,0,,,,,,0
0020900630,109,8,0,1,8:38 PM,0:28,SUB: Tinsley FOR Conley,,,,,4,201144,Mike Conley,1610612763.0,Memphis,Grizzlies,MEM,4,2224,Jamaal Tinsley,1610612763.0,Memphis,Grizzlies,MEM,0,0,,,,,,0
0020900630,110,8,0,1,8:39 PM,0:28,,,SUB: Maynor FOR Green,,,5,201145,Jeff Green,1610612760.0,Oklahoma City,Thunder,OKC,5,201953,Eric Maynor,1610612760.0,Oklahoma City,Thunder,OKC,0,0,,,,,,0
0020900630,111,8,0,1,8:39 PM,0:28,,,SUB: Ibaka FOR Westbrook,,,5,201566,Russell Westbrook,1610612760.0,Oklahoma City,Thunder,OKC,5,201586,Serge Ibaka,1610612760.0,Oklahoma City,Thunder,OKC,0,0,,,,,,0
0020900630,112,3,11,1,8:39 PM,0:28,,,Durant Free Throw 1 of 2 (5 PTS),19 - 28,9,5,201142,Kevin Durant,1610612760.0,Oklahoma City,Thunder,OKC,0,0,,,,,,0,0,,,,,,0
0020900630,114,3,12,1,8:39 PM,0:28,,,Durant Free Throw 2 of 2 (6 PTS),20 - 28,8,5,201142,Kevin Durant,1610612760.0,Oklahoma City,Thunder,OKC,0,0,,,,,,0,0,,,,,,0
0020900630,116,2,78,1,8:39 PM,0:19,MISS Tinsley 11' Floating Jump Shot,,,,,4,2224,Jamaal Tinsley,1610612763.0,Memphis,Grizzlies,MEM,0,0,,,,,,0,0,,,,,,0
0020900630,117,4,0,1,8:39 PM,0:17,,,Harden REBOUND (Off:0 Def:3),,,5,201935,James Harden,1610612760.0,Oklahoma City,Thunder,OKC,0,0,,,,,,0,0,,,,,,0
0020900630,118,2,5,1,8:39 PM,0:03,,,MISS Durant  Layup,,,5,201142,Kevin Durant,1610612760.0,Oklahoma City,Thunder,OKC,0,0,,,,,,0,0,,,,,,0
0020900630,120,4,0,1,8:39 PM,0:02,,,Ibaka REBOUND (Off:1 Def:0),,,5,201586,Serge Ibaka,1610612760.0,Oklahoma City,Thunder,OKC,0,0,,,,,,0,0,,,,,,0
0020900630,119,2,4,1,8:39 PM,0:02,,,MISS Ibaka  Tip Shot,,,5,201586,Serge Ibaka,1610612760.0,Oklahoma City,Thunder,OKC,0,0,,,,,,0,0,,,,,,0
0020900630,121,4,0,1,8:39 PM,0:01,,,Durant REBOUND (Off:1 Def:0),,,5,201142,Kevin Durant,1610612760.0,Oklahoma City,Thunder,OKC,0,0,,,,,,0,0,,,,,,0
0020900630,122,2,63,1,8:39 PM,0:01,Thabeet BLOCK (1 BLK),,MISS Durant 12' Fadeaway Jumper,,,5,201142,Kevin Durant,1610612760.0,Oklahoma City,Thunder,OKC,0,0,,,,,,4,201934,Hasheem Thabeet,1610612763.0,Memphis,Grizzlies,MEM,0
0020900630,123,4,0,1,8:40 PM,0:00,Gay REBOUND (Off:0 Def:4),,,,,4,200752,Rudy Gay,1610612763.0,Memphis,Grizzlies,MEM,0,0,,,,,,0,0,,,,,,0
0020900630,124,13,0,1,8:40 PM,0:00,,,,20 - 28,8,0,0,,,,,,0,0,,,,,,0,0,,,,,,0
0020900630,126,12,0,2,8:43 PM,12:00,,,,20 - 28,8,0,0,,,,,,0,0,,,,,,0,0,,,,,,0
0020900630,127,2,1,2,8:43 PM,11:35,MISS Gay 26' 3PT Jump Shot,,,,,4,200752,Rudy Gay,1610612763.0,Memphis,Grizzlies,MEM,0,0,,,,,,0,0,,,,,,0
0020900630,128,4,0,2,8:43 PM,11:33,Gasol REBOUND (Off:4 Def:2),,,,,4,201188,Marc Gasol,1610612763.0,Memphis,Grizzlies,MEM,0,0,,,,,,0,0,,,,,,0
0020900630,129,1,5,2,8:43 PM,11:30,Young  Layup (2 PTS) (Tinsley 1 AST),,,20 - 30,10,4,201970,Sam Young,1610612763.0,Memphis,Grizzlies,MEM,4,2224,Jamaal Tinsley,1610612763.0,Memphis,Grizzlies,MEM,0,0,,,,,,0
0020900630,130,6,2,2,8:43 PM,11:11,Young S.FOUL (P1.T1),,,,,4,201970,Sam Young,1610612763.0,Memphis,Grizzlies,MEM,5,201142,Kevin Durant,1610612760.0,Oklahoma City,Thunder,OKC,1,0,,,,,,0
0020900630,131,3,11,2,8:44 PM,11:11,,,Durant Free Throw 1 of 2 (7 PTS),21 - 30,9,5,201142,Kevin Durant,1610612760.0,Oklahoma City,Thunder,OKC,0,0,,,,,,0,0,,,,,,0
0020900630,133,3,12,2,8:44 PM,11:11,,,Durant Free Throw 2 of 2 (8 PTS),22 - 30,8,5,201142,Kevin Durant,1610612760.0,Oklahoma City,Thunder,OKC,0,0,,,,,,0,0,,,,,,0
0020900630,135,1,46,2,8:44 PM,10:54,Gay 8' Running Jump Shot (11 PTS),,,22 - 32,10,4,200752,Rudy Gay,1610612763.0,Memphis,Grizzlies,MEM,0,0,,,,,,0,0,,,,,,0
0020900630,136,1,1,2,8:45 PM,10:43,,,Durant 19' Jump Shot (10 PTS) (Maynor 1 AST),24 - 32,8,5,201142,Kevin Durant,1610612760.0,Oklahoma City,Thunder,OKC,5,201953,Eric Maynor,1610612760.0,Oklahoma City,Thunder,OKC,0,0,,,,,,0
0020900630,137,5,2,2,8:45 PM,10:28,Gasol Lost Ball Turnover (P2.T5),,Harden STEAL (1 STL),,,4,201188,Marc Gasol,1610612763.0,Memphis,Grizzlies,MEM,5,201935,James Harden,1610612760.0,Oklahoma City,Thunder,OKC,0,0,,,,,,0
0020900630,138,6,1,2,8:45 PM,10:26,Tinsley P.FOUL (P1.T2),,,,,4,2224,Jamaal Tinsley,1610612763.0,Memphis,Grizzlies,MEM,5,201935,James Harden,1610612760.0,Oklahoma City,Thunder,OKC,1,0,,,,,,0
0020900630,139,6,4,2,8:46 PM,10:15,,,Collison OFF.Foul (P2),,,5,2555,Nick Collison,1610612760.0,Oklahoma City,Thunder,OKC,4,2224,Jamaal Tinsley,1610612763.0,Memphis,Grizzlies,MEM,1,0,,,,,,0
0020900630,140,5,5,2,8:46 PM,10:15,,,Collison Foul Turnover (P1.T6),,,5,2555,Nick Collison,1610612760.0,Oklahoma City,Thunder,OKC,0,0,,,,,,1,0,,,,,,0
0020900630,141,2,1,2,8:46 PM,10:01,MISS Gay 26' 3PT Jump Shot,,,,,4,200752,Rudy Gay,1610612763.0,Memphis,Grizzlies,MEM,0,0,,,,,,0,0,,,,,,0
0020900630,142,4,0,2,8:46 PM,9:59,,,Thunder Rebound,,,3,1610612760,,,,,,0,0,,,,,,0,0,,,,,,0
0020900630,143,2,42,2,8:47 PM,9:45,Gasol BLOCK (1 BLK),,MISS Harden  Driving Layup,,,5,201935,James Harden,1610612760.0,Oklahoma City,Thunder,OKC,0,0,,,,,,4,201188,Marc Gasol,1610612763.0,Memphis,Grizzlies,MEM,0
0020900630,144,4,0,2,8:47 PM,9:42,Tinsley REBOUND (Off:0 Def:1),,,,,4,2224,Jamaal Tinsley,1610612763.0,Memphis,Grizzlies,MEM,0,0,,,,,,0,0,,,,,,0
0020900630,145,1,8,2,8:47 PM,9:41,Gay  Slam Dunk (13 PTS) (Tinsley 2 AST),,,24 - 34,10,4,200752,Rudy Gay,1610612763.0,Memphis,Grizzlies,MEM,4,2224,Jamaal Tinsley,1610612763.0,Memphis,Grizzlies,MEM,0,0,,,,,,0
0020900630,146,9,1,2,8:47 PM,9:37,,,Thunder Timeout: Regular (Reg.2 Short 1),,,3,1610612760,,,,,,0,0,,,,,,0,0,,,,,,0
0020900630,148,8,0,2,8:49 PM,9:37,,,SUB: Green FOR Durant,,,5,201142,Kevin Durant,1610612760.0,Oklahoma City,Thunder,OKC,5,201145,Jeff Green,1610612760.0,Oklahoma City,Thunder,OKC,0,0,,,,,,0
0020900630,149,8,0,2,8:49 PM,9:37,,,SUB: Mullens FOR Collison,,,5,2555,Nick Collison,1610612760.0,Oklahoma City,Thunder,OKC,5,201957,Byron Mullens,1610612760.0,Oklahoma City,Thunder,OKC,0,0,,,,,,0
0020900630,150,6,1,2,8:50 PM,9:29,Tinsley P.FOUL (P2.T3),,,,,4,2224,Jamaal Tinsley,1610612763.0,Memphis,Grizzlies,MEM,5,201953,Eric Maynor,1610612760.0,Oklahoma City,Thunder,OKC,1,0,,,,,,0
0020900630,151,2,1,2,8:50 PM,9:17,,,MISS Green 14' Jump Shot,,,5,201145,Jeff Green,1610612760.0,Oklahoma City,Thunder,OKC,0,0,,,,,,0,0,,,,,,0
0020900630,152,4,0,2,8:50 PM,9:16,Thabeet REBOUND (Off:2 Def:1),,,,,4,201934,Hasheem Thabeet,1610612763.0,Memphis,Grizzlies,MEM,0,0,,,,,,0,0,,,,,,0
0020900630,153,1,7,2,8:50 PM,9:12,Gasol  Dunk (4 PTS) (Tinsley 3 AST),,,24 - 36,12,4,201188,Marc Gasol,1610612763.0,Memphis,Grizzlies,MEM,4,2224,Jamaal Tinsley,1610612763.0,Memphis,Grizzlies,MEM,0,0,,,,,,0
0020900630,154,1,79,2,8:50 PM,8:55,,,Maynor 15' Pullup Jump Shot (2 PTS),26 - 36,10,5,201953,Eric Maynor,1610612760.0,Oklahoma City,Thunder,OKC,0,0,,,,,,0,0,,,,,,0
0020900630,155,1,79,2,8:51 PM,8:38,Gay 13' Pullup Jump Shot (15 PTS),,,26 - 38,12,4,200752,Rudy Gay,1610612763.0,Memphis,Grizzlies,MEM,0,0,,,,,,0,0,,,,,,0
0020900630,156,2,1,2,8:51 PM,8:22,,,MISS Ibaka 20' Jump Shot,,,5,201586,Serge Ibaka,1610612760.0,Oklahoma City,Thunder,OKC,0,0,,,,,,0,0,,,,,,0
0020900630,157,4,0,2,8:51 PM,8:20,Thabeet REBOUND (Off:2 Def:2),,,,,4,201934,Hasheem Thabeet,1610612763.0,Memphis,Grizzlies,MEM,0,0,,,,,,0,0,,,,,,0
0020900630,158,1,3,2,8:51 PM,8:07,Gasol 6' Hook Shot (6 PTS) (Tinsley 4 AST),,,26 - 40,14,4,201188,Marc Gasol,1610612763.0,Memphis,Grizzlies,MEM,4,2224,Jamaal Tinsley,1610612763.0,Memphis,Grizzlies,MEM,0,0,,,,,,0
0020900630,159,5,40,2,8:51 PM,7:50,,,Harden Out of Bounds Lost Ball Turnover (P1.T7),,,5,201935,James Harden,1610612760.0,Oklahoma City,Thunder,OKC,0,0,,,,,,0,0,,,,,,0
0020900630,160,8,0,2,8:52 PM,7:50,SUB: Mayo FOR Gay,,,,,4,200752,Rudy Gay,1610612763.0,Memphis,Grizzlies,MEM,4,201564,O.J. Mayo,1610612763.0,Memphis,Grizzlies,MEM,0,0,,,,,,0
0020900630,161,8,0,2,8:52 PM,7:50,,,SUB: Durant FOR Ibaka,,,5,201586,Serge Ibaka,1610612760.0,Oklahoma City,Thunder,OKC,5,201142,Kevin Durant,1610612760.0,Oklahoma City,Thunder,OKC,0,0,,,,,,0
0020900630,162,2,1,2,8:52 PM,7:44,MISS Young 21' Jump Shot,,,,,4,201970,Sam Young,1610612763.0,Memphis,Grizzlies,MEM,0,0,,,,,,0,0,,,,,,0
0020900630,163,4,0,2,8:52 PM,7:43,,,Harden REBOUND (Off:0 Def:4),,,5,201935,James Harden,1610612760.0,Oklahoma City,Thunder,OKC,0,0,,,,,,0,0,,,,,,0
0020900630,164,6,2,2,8:52 PM,7:37,Thabeet S.FOUL (P2.T4),,,,,4,201934,Hasheem Thabeet,1610612763.0,Memphis,Grizzlies,MEM,5,201935,James Harden,1610612760.0,Oklahoma City,Thunder,OKC,1,0,,,,,,0
0020900630,165,3,11,2,8:52 PM,7:37,,,Harden Free Throw 1 of 2 (4 PTS),27 - 40,13,5,201935,James Harden,1610612760.0,Oklahoma City,Thunder,OKC,0,0,,,,,,0,0,,,,,,0
0020900630,167,3,12,2,8:53 PM,7:37,,,Harden Free Throw 2 of 2 (5 PTS),28 - 40,12,5,201935,James Harden,1610612760.0,Oklahoma City,Thunder,OKC,0,0,,,,,,0,0,,,,,,0
0020900630,169,6,1,2,8:53 PM,7:26,,,Harden P.FOUL (P1.T1),,,5,201935,James Harden,1610612760.0,Oklahoma City,Thunder,OKC,4,201564,O.J. Mayo,1610612763.0,Memphis,Grizzlies,MEM,1,0,,,,,,0
0020900630,170,5,8,2,8:54 PM,7:19,Thabeet 3 Second Violation Turnover (P1.T6),,,,,4,201934,Hasheem Thabeet,1610612763.0,Memphis,Grizzlies,MEM,0,0,,,,,,1,0,,,,,,0
0020900630,171,6,2,2,8:54 PM,7:07,Young S.FOUL (P2.PN),,,,,4,201970,Sam Young,1610612763.0,Memphis,Grizzlies,MEM,5,201935,James Harden,1610612760.0,Oklahoma City,Thunder,OKC,1,0,,,,,,0
0020900630,172,3,11,2,8:54 PM,7:07,,,Harden Free Throw 1 of 2 (6 PTS),29 - 40,11,5,201935,James Harden,1610612760.0,Oklahoma City,Thunder,OKC,0,0,,,,,,0,0,,,,,,0
0020900630,174,3,12,2,8:54 PM,7:07,,,Harden Free Throw 2 of 2 (7 PTS),30 - 40,10,5,201935,James Harden,1610612760.0,Oklahoma City,Thunder,OKC,0,0,,,,,,0,0,,,,,,0
0020900630,176,6,4,2,8:55 PM,6:58,Tinsley OFF.Foul (P3),,,,,4,2224,Jamaal Tinsley,1610612763.0,Memphis,Grizzlies,MEM,5,201953,Eric Maynor,1610612760.0,Oklahoma City,Thunder,OKC,1,0,,,,,,0
0020900630,177,5,5,2,8:55 PM,6:58,Tinsley Foul Turnover (P1.T7),,,,,4,2224,Jamaal Tinsley,1610612763.0,Memphis,Grizzlies,MEM,0,0,,,,,,1,0,,,,,,0
0020900630,178,8,0,2,8:55 PM,6:58,SUB: Randolph FOR Thabeet,,,,,4,201934,Hasheem Thabeet,1610612763.0,Memphis,Grizzlies,MEM,4,2216,Zach Randolph,1610612763.0,Memphis,Grizzlies,MEM,0,0,,,,,,0
0020900630,179,8,0,2,8:55 PM,6:58,SUB: Conley FOR Tinsley,,,,,4,2224,Jamaal Tinsley,1610612763.0,Memphis,Grizzlies,MEM,4,201144,Mike Conley,1610612763.0,Memphis,Grizzlies,MEM,0,0,,,,,,0
0020900630,180,2,1,2,8:55 PM,6:45,,,MISS Maynor 24' 3PT Jump Shot,,,5,201953,Eric Maynor,1610612760.0,Oklahoma City,Thunder,OKC,0,0,,,,,,0,0,,,,,,0
0020900630,181,4,0,2,8:55 PM,6:44,Young REBOUND (Off:0 Def:1),,,,,4,201970,Sam Young,1610612763.0,Memphis,Grizzlies,MEM,0,0,,,,,,0,0,,,,,,0
0020900630,182,6,5,2,8:56 PM,6:31,,,Maynor IN.FOUL (P1.T2),,,5,201953,Eric Maynor,1610612760.0,Oklahoma City,Thunder,OKC,4,201144,Mike Conley,1610612763.0,Memphis,Grizzlies,MEM,1,0,,,,,,0
0020900630,183,3,11,2,8:56 PM,6:31,Conley Free Throw 1 of 2 (10 PTS),,,30 - 41,11,4,201144,Mike Conley,1610612763.0,Memphis,Grizzlies,MEM,0,0,,,,,,0,0,,,,,,0
0020900630,185,3,12,2,8:56 PM,6:31,Conley Free Throw 2 of 2 (11 PTS),,,30 - 42,12,4,201144,Mike Conley,1610612763.0,Memphis,Grizzlies,MEM,0,0,,,,,,0,0,,,,,,0
0020900630,187,1,1,2,8:57 PM,6:15,,,Durant 14' Jump Shot (12 PTS) (Maynor 2 AST),32 - 42,10,5,201142,Kevin Durant,1610612760.0,Oklahoma City,Thunder,OKC,5,201953,Eric Maynor,1610612760.0,Oklahoma City,Thunder,OKC,0,0,,,,,,0
0020900630,188,2,1,2,8:57 PM,5:54,MISS Conley  3PT Jump Shot,,,,,4,201144,Mike Conley,1610612763.0,Memphis,Grizzlies,MEM,0,0,,,,,,0,0,,,,,,0
0020900630,189,4,0,2,8:57 PM,5:53,,,Harden REBOUND (Off:0 Def:5),,,5,201935,James Harden,1610612760.0,Oklahoma City,Thunder,OKC,0,0,,,,,,0,0,,,,,,0
0020900630,190,1,7,2,8:57 PM,5:49,,,Durant  Dunk (14 PTS) (Harden 2 AST),34 - 42,8,5,201142,Kevin Durant,1610612760.0,Oklahoma City,Thunder,OKC,5,201935,James Harden,1610612760.0,Oklahoma City,Thunder,OKC,0,0,,,,,,0
0020900630,191,9,1,2,8:58 PM,5:39,GRIZZLIES Timeout: Regular (Full 2 Short 0),,,,,2,1610612763,,,,,,0,0,,,,,,0,0,,,,,,0
0020900630,194,8,0,2,9:00 PM,5:39,SUB: Gay FOR Young,,,,,4,201970,Sam Young,1610612763.0,Memphis,Grizzlies,MEM,4,200752,Rudy Gay,1610612763.0,Memphis,Grizzlies,MEM,0,0,,,,,,0
0020900630,195,1,79,2,9:00 PM,5:20,Mayo 17' Pullup Jump Shot (4 PTS),,,34 - 44,10,4,201564,O.J. Mayo,1610612763.0,Memphis,Grizzlies,MEM,0,0,,,,,,0,0,,,,,,0
0020900630,196,6,2,2,9:01 PM,5:00,Gay S.FOUL (P2.PN),,,,,4,200752,Rudy Gay,1610612763.0,Memphis,Grizzlies,MEM,5,201142,Kevin Durant,1610612760.0,Oklahoma City,Thunder,OKC,1,0,,,,,,0
0020900630,197,3,11,2,9:01 PM,5:00,,,Durant Free Throw 1 of 2 (15 PTS),35 - 44,9,5,201142,Kevin Durant,1610612760.0,Oklahoma City,Thunder,OKC,0,0,,,,,,0,0,,,,,,0
0020900630,199,3,12,2,9:01 PM,5:00,,,Durant Free Throw 2 of 2 (16 PTS),36 - 44,8,5,201142,Kevin Durant,1610612760.0,Oklahoma City,Thunder,OKC,0,0,,,,,,0,0,,,,,,0
0020900630,201,6,2,2,9:02 PM,4:44,,,Mullens S.FOUL (P1.T3),,,5,201957,Byron Mullens,1610612760.0,Oklahoma City,Thunder,OKC,4,201188,Marc Gasol,1610612763.0,Memphis,Grizzlies,MEM,1,0,,,,,,0
0020900630,202,3,11,2,9:02 PM,4:44,Gasol Free Throw 1 of 2 (7 PTS),,,36 - 45,9,4,201188,Marc Gasol,1610612763.0,Memphis,Grizzlies,MEM,0,0,,,,,,0,0,,,,,,0
0020900630,204,8,0,2,9:02 PM,4:44,,,SUB: Sefolosha FOR Harden,,,5,201935,James Harden,1610612760.0,Oklahoma City,Thunder,OKC,5,200757,Thabo Sefolosha,1610612760.0,Oklahoma City,Thunder,OKC,0,0,,,,,,0
0020900630,205,8,0,2,9:02 PM,4:44,,,SUB: Krstic FOR Mullens,,,5,201957,Byron Mullens,1610612760.0,Oklahoma City,Thunder,OKC,5,2420,Nenad Krstic,1610612760.0,Oklahoma City,Thunder,OKC,0,0,,,,,,0
0020900630,206,3,12,2,9:02 PM,4:44,Gasol Free Throw 2 of 2 (8 PTS),,,36 - 46,10,4,201188,Marc Gasol,1610612763.0,Memphis,Grizzlies,MEM,0,0,,,,,,0,0,,,,,,0
0020900630,208,2,1,2,9:03 PM,4:28,,,MISS Sefolosha  3PT Jump Shot,,,5,200757,Thabo Sefolosha,1610612760.0,Oklahoma City,Thunder,OKC,0,0,,,,,,0,0,,,,,,0
0020900630,209,4,0,2,9:03 PM,4:26,Gasol REBOUND (Off:4 Def:3),,,,,4,201188,Marc Gasol,1610612763.0,Memphis,Grizzlies,MEM,0,0,,,,,,0,0,,,,,,0
0020900630,210,2,47,2,9:03 PM,4:10,MISS Gasol 8' Turnaround Jump Shot,,,,,4,201188,Marc Gasol,1610612763.0,Memphis,Grizzlies,MEM,0,0,,,,,,0,0,,,,,,0
0020900630,211,4,0,2,9:03 PM,4:08,,,Maynor REBOUND (Off:0 Def:1),,,5,201953,Eric Maynor,1610612760.0,Oklahoma City,Thunder,OKC,0,0,,,,,,0,0,,,,,,0
0020900630,212,1,46,2,9:04 PM,3:52,,,Green 9' Running Jump Shot (7 PTS),38 - 46,8,5,201145,Jeff Green,1610612760.0,Oklahoma City,Thunder,OKC,0,0,,,,,,0,0,,,,,,0
0020900630,213,2,1,2,9:04 PM,3:32,MISS Randolph 22' Jump Shot,,,,,4,2216,Zach Randolph,1610612763.0,Memphis,Grizzlies,MEM,0,0,,,,,,0,0,,,,,,0
0020900630,214,4,0,2,9:04 PM,3:30,,,Durant REBOUND (Off:1 Def:1),,,5,201142,Kevin Durant,1610612760.0,Oklahoma City,Thunder,OKC,0,0,,,,,,0,0,,,,,,0
0020900630,215,6,2,2,9:04 PM,3:24,Gasol S.FOUL (P2.PN),,,,,4,201188,Marc Gasol,1610612763.0,Memphis,Grizzlies,MEM,5,201142,Kevin Durant,1610612760.0,Oklahoma City,Thunder,OKC,1,0,,,,,,0
0020900630,216,3,11,2,9:04 PM,3:24,,,MISS Durant Free Throw 1 of 2,,,5,201142,Kevin Durant,1610612760.0,Oklahoma City,Thunder,OKC,0,0,,,,,,0,0,,,,,,0
0020900630,217,4,1,2,9:04 PM,3:24,,,Thunder Rebound,,,3,1610612760,,,,,,0,0,,,,,,0,0,,,,,,0
0020900630,218,3,12,2,9:05 PM,3:24,,,Durant Free Throw 2 of 2 (17 PTS),39 - 46,7,5,201142,Kevin Durant,1610612760.0,Oklahoma City,Thunder,OKC,0,0,,,,,,0,0,,,,,,0
0020900630,220,6,2,2,9:05 PM,3:07,,,Durant S.FOUL (P2.T4),,,5,201142,Kevin Durant,1610612760.0,Oklahoma City,Thunder,OKC,4,2216,Zach Randolph,1610612763.0,Memphis,Grizzlies,MEM,1,0,,,,,,0
0020900630,221,3,11,2,9:05 PM,3:07,Randolph Free Throw 1 of 2 (7 PTS),,,39 - 47,8,4,2216,Zach Randolph,1610612763.0,Memphis,Grizzlies,MEM,0,0,,,,,,0,0,,,,,,0
0020900630,223,3,12,2,9:06 PM,3:07,MISS Randolph Free Throw 2 of 2,,,,,4,2216,Zach Randolph,1610612763.0,Memphis,Grizzlies,MEM,0,0,,,,,,0,0,,,,,,0
0020900630,225,4,0,2,9:06 PM,3:05,,,Sefolosha REBOUND (Off:0 Def:1),,,5,200757,Thabo Sefolosha,1610612760.0,Oklahoma City,Thunder,OKC,0,0,,,,,,0,0,,,,,,0
0020900630,226,1,7,2,9:06 PM,2:55,,,Krstic  Dunk (2 PTS) (Maynor 3 AST),41 - 47,6,5,2420,Nenad Krstic,1610612760.0,Oklahoma City,Thunder,OKC,5,201953,Eric Maynor,1610612760.0,Oklahoma City,Thunder,OKC,0,0,,,,,,0
0020900630,227,5,2,2,9:07 PM,2:33,Conley Lost Ball Turnover (P1.T8),,Sefolosha STEAL (2 STL),,,4,201144,Mike Conley,1610612763.0,Memphis,Grizzlies,MEM,5,200757,Thabo Sefolosha,1610612760.0,Oklahoma City,Thunder,OKC,0,0,,,,,,0
0020900630,228,1,7,2,9:07 PM,2:29,,,Durant  Dunk (19 PTS) (Sefolosha 1 AST),43 - 47,4,5,201142,Kevin Durant,1610612760.0,Oklahoma City,Thunder,OKC,5,200757,Thabo Sefolosha,1610612760.0,Oklahoma City,Thunder,OKC,0,0,,,,,,0
0020900630,229,2,5,2,9:07 PM,2:17,MISS Randolph  Layup,,,,,4,2216,Zach Randolph,1610612763.0,Memphis,Grizzlies,MEM,0,0,,,,,,0,0,,,,,,0
0020900630,230,4,0,2,9:07 PM,2:16,,,Krstic REBOUND (Off:0 Def:1),,,5,2420,Nenad Krstic,1610612760.0,Oklahoma City,Thunder,OKC,0,0,,,,,,0,0,,,,,,0
0020900630,231,1,7,2,9:07 PM,2:11,,,Green  Dunk (9 PTS) (Sefolosha 2 AST),45 - 47,2,5,201145,Jeff Green,1610612760.0,Oklahoma City,Thunder,OKC,5,200757,Thabo Sefolosha,1610612760.0,Oklahoma City,Thunder,OKC,0,0,,,,,,0
0020900630,232,9,2,2,9:07 PM,2:07,GRIZZLIES Timeout: Short (Full 2 Short 1),,,,,2,1610612763,,,,,,0,0,,,,,,0,0,,,,,,0
0020900630,234,9,4,2,9:07 PM,2:07,,,,,,1,0,,,,,,0,0,,,,,,0,0,,,,,,0
0020900630,236,2,1,2,9:10 PM,1:49,MISS Mayo 8' Jump Shot,,Green BLOCK (1 BLK),,,4,201564,O.J. Mayo,1610612763.0,Memphis,Grizzlies,MEM,0,0,,,,,,5,201145,Jeff Green,1610612760.0,Oklahoma City,Thunder,OKC,0
0020900630,237,4,0,2,9:10 PM,1:48,,,Green REBOUND (Off:2 Def:1),,,5,201145,Jeff Green,1610612760.0,Oklahoma City,Thunder,OKC,0,0,,,,,,0,0,,,,,,0
0020900630,238,2,79,2,9:10 PM,1:42,,,MISS Maynor 14' Pullup Jump Shot,,,5,201953,Eric Maynor,1610612760.0,Oklahoma City,Thunder,OKC,0,0,,,,,,0,0,,,,,,0
0020900630,239,4,0,2,9:11 PM,1:40,Gasol REBOUND (Off:4 Def:4),,,,,4,201188,Marc Gasol,1610612763.0,Memphis,Grizzlies,MEM,0,0,,,,,,0,0,,,,,,0
0020900630,240,6,2,2,9:11 PM,1:26,,,Green S.FOUL (P1.PN),,,5,201145,Jeff Green,1610612760.0,Oklahoma City,Thunder,OKC,4,201564,O.J. Mayo,1610612763.0,Memphis,Grizzlies,MEM,1,0,,,,,,0
0020900630,241,3,11,2,9:11 PM,1:26,Mayo Free Throw 1 of 2 (5 PTS),,,45 - 48,3,4,201564,O.J. Mayo,1610612763.0,Memphis,Grizzlies,MEM,0,0,,,,,,0,0,,,,,,0
0020900630,243,8,0,2,9:11 PM,1:26,SUB: Thabeet FOR Gasol,,,,,4,201188,Marc Gasol,1610612763.0,Memphis,Grizzlies,MEM,4,201934,Hasheem Thabeet,1610612763.0,Memphis,Grizzlies,MEM,0,0,,,,,,0
0020900630,244,3,12,2,9:11 PM,1:26,MISS Mayo Free Throw 2 of 2,,,,,4,201564,O.J. Mayo,1610612763.0,Memphis,Grizzlies,MEM,0,0,,,,,,0,0,,,,,,0
0020900630,246,4,0,2,9:12 PM,1:24,,,Sefolosha REBOUND (Off:0 Def:2),,,5,200757,Thabo Sefolosha,1610612760.0,Oklahoma City,Thunder,OKC,0,0,,,,,,0,0,,,,,,0
0020900630,247,2,1,2,9:12 PM,1:07,,,MISS Green 25' 3PT Jump Shot,,,5,201145,Jeff Green,1610612760.0,Oklahoma City,Thunder,OKC,0,0,,,,,,0,0,,,,,,0
0020900630,248,4,0,2,9:12 PM,1:06,Mayo REBOUND (Off:0 Def:1),,,,,4,201564,O.J. Mayo,1610612763.0,Memphis,Grizzlies,MEM,0,0,,,,,,0,0,,,,,,0
0020900630,249,2,5,2,9:12 PM,1:02,MISS Randolph  Layup,,Green BLOCK (2 BLK),,,4,2216,Zach Randolph,1610612763.0,Memphis,Grizzlies,MEM,0,0,,,,,,5,201145,Jeff Green,1610612760.0,Oklahoma City,Thunder,OKC,0
0020900630,250,4,0,2,9:12 PM,0:59,,,Durant REBOUND (Off:1 Def:2),,,5,201142,Kevin Durant,1610612760.0,Oklahoma City,Thunder,OKC,0,0,,,,,,0,0,,,,,,0
0020900630,251,1,1,2,9:12 PM,0:46,,,Krstic 9' Jump Shot (4 PTS) (Maynor 4 AST),47 - 48,1,5,2420,Nenad Krstic,1610612760.0,Oklahoma City,Thunder,OKC,5,201953,Eric Maynor,1610612760.0,Oklahoma City,Thunder,OKC,0,0,,,,,,0
0020900630,252,2,1,2,9:12 PM,0:33,MISS Gay 16' Jump Shot,,,,,4,200752,Rudy Gay,1610612763.0,Memphis,Grizzlies,MEM,0,0,,,,,,0,0,,,,,,0
0020900630,253,4,0,2,9:13 PM,0:32,,,Maynor REBOUND (Off:0 Def:2),,,5,201953,Eric Maynor,1610612760.0,Oklahoma City,Thunder,OKC,0,0,,,,,,0,0,,,,,,0
0020900630,254,6,2,2,9:13 PM,0:18,Conley S.FOUL (P1.PN),,,,,4,201144,Mike Conley,1610612763.0,Memphis,Grizzlies,MEM,5,2420,Nenad Krstic,1610612760.0,Oklahoma City,Thunder,OKC,1,0,,,,,,0
0020900630,255,3,11,2,9:13 PM,0:18,,,Krstic Free Throw 1 of 2 (5 PTS),48 - 48,TIE,5,2420,Nenad Krstic,1610612760.0,Oklahoma City,Thunder,OKC,0,0,,,,,,0,0,,,,,,0
0020900630,257,8,0,2,9:13 PM,0:18,,,SUB: Harden FOR Durant,,,5,201142,Kevin Durant,1610612760.0,Oklahoma City,Thunder,OKC,5,201935,James Harden,1610612760.0,Oklahoma City,Thunder,OKC,0,0,,,,,,0
0020900630,258,8,0,2,9:13 PM,0:18,SUB: Gasol FOR Thabeet,,,,,4,201934,Hasheem Thabeet,1610612763.0,Memphis,Grizzlies,MEM,4,201188,Marc Gasol,1610612763.0,Memphis,Grizzlies,MEM,0,0,,,,,,0
0020900630,259,3,12,2,9:13 PM,0:18,,,Krstic Free Throw 2 of 2 (6 PTS),49 - 48,-1,5,2420,Nenad Krstic,1610612760.0,Oklahoma City,Thunder,OKC,0,0,,,,,,0,0,,,,,,0
0020900630,261,2,1,2,9:14 PM,0:01,MISS Randolph 24' 3PT Jump Shot,,,,,4,2216,Zach Randolph,1610612763.0,Memphis,Grizzlies,MEM,0,0,,,,,,0,0,,,,,,0
0020900630,263,4,0,2,9:14 PM,0:00,GRIZZLIES Rebound,,,,,2,1610612763,,,,,,0,0,,,,,,0,0,,,,,,0
0020900630,262,13,0,2,9:14 PM,0:00,,,,49 - 48,-1,0,0,,,,,,0,0,,,,,,0,0,,,,,,0
0020900630,265,12,0,3,9:31 PM,12:00,,,,49 - 48,-1,0,0,,,,,,0,0,,,,,,0,0,,,,,,0
0020900630,266,2,1,3,9:31 PM,11:36,MISS Gay 20' Jump Shot,,,,,4,200752,Rudy Gay,1610612763.0,Memphis,Grizzlies,MEM,0,0,,,,,,0,0,,,,,,0
0020900630,268,4,0,3,9:31 PM,11:35,Randolph REBOUND (Off:2 Def:2),,,,,4,2216,Zach Randolph,1610612763.0,Memphis,Grizzlies,MEM,0,0,,,,,,0,0,,,,,,0
0020900630,267,1,4,3,9:31 PM,11:35,Randolph  Tip Shot (9 PTS),,,49 - 50,1,4,2216,Zach Randolph,1610612763.0,Memphis,Grizzlies,MEM,0,0,,,,,,0,0,,,,,,0
0020900630,269,6,2,3,9:31 PM,11:35,,,Green S.FOUL (P2.T1),,,5,201145,Jeff Green,1610612760.0,Oklahoma City,Thunder,OKC,4,2216,Zach Randolph,1610612763.0,Memphis,Grizzlies,MEM,1,0,,,,,,0
0020900630,270,3,10,3,9:32 PM,11:35,Randolph Free Throw 1 of 1 (10 PTS),,,49 - 51,2,4,2216,Zach Randolph,1610612763.0,Memphis,Grizzlies,MEM,0,0,,,,,,0,0,,,,,,0
0020900630,272,2,5,3,9:32 PM,11:20,,,MISS Green  Layup,,,5,201145,Jeff Green,1610612760.0,Oklahoma City,Thunder,OKC,0,0,,,,,,0,0,,,,,,0
0020900630,273,4,0,3,9:32 PM,11:18,,,Green REBOUND (Off:3 Def:1),,,5,201145,Jeff Green,1610612760.0,Oklahoma City,Thunder,OKC,0,0,,,,,,0,0,,,,,,0
0020900630,274,1,72,3,9:32 PM,11:16,,,Green  Putback Layup (11 PTS),51 - 51,TIE,5,201145,Jeff Green,1610612760.0,Oklahoma City,Thunder,OKC,0,0,,,,,,0,0,,,,,,0
0020900630,275,5,1,3,9:32 PM,11:13,Gasol Bad Pass Turnover (P3.T9),,,,,4,201188,Marc Gasol,1610612763.0,Memphis,Grizzlies,MEM,0,0,,,,,,0,0,,,,,,0
0020900630,276,1,79,3,9:33 PM,11:07,,,Westbrook 19' Pullup Jump Shot (6 PTS),53 - 51,-2,5,201566,Russell Westbrook,1610612760.0,Oklahoma City,Thunder,OKC,0,0,,,,,,0,0,,,,,,0
0020900630,277,1,1,3,9:33 PM,10:47,Gay 8' Jump Shot (17 PTS),,,53 - 53,TIE,4,200752,Rudy Gay,1610612763.0,Memphis,Grizzlies,MEM,0,0,,,,,,0,0,,,,,,0
0020900630,278,1,7,3,9:33 PM,10:21,,,Krstic  Dunk (8 PTS) (Green 1 AST),55 - 53,-2,5,2420,Nenad Krstic,1610612760.0,Oklahoma City,Thunder,OKC,5,201145,Jeff Green,1610612760.0,Oklahoma City,Thunder,OKC,0,0,,,,,,0
0020900630,279,2,63,3,9:34 PM,9:52,MISS Gay 21' Fadeaway Jumper,,,,,4,200752,Rudy Gay,1610612763.0,Memphis,Grizzlies,MEM,0,0,,,,,,0,0,,,,,,0
0020900630,280,4,0,3,9:34 PM,9:50,GRIZZLIES Rebound,,,,,2,1610612763,,,,,,0,0,,,,,,0,0,,,,,,0
0020900630,281,1,1,3,9:35 PM,9:35,Conley 25' 3PT Jump Shot (14 PTS) (Mayo 1 AST),,,55 - 56,1,4,201144,Mike Conley,1610612763.0,Memphis,Grizzlies,MEM,4,201564,O.J. Mayo,1610612763.0,Memphis,Grizzlies,MEM,0,0,,,,,,0
0020900630,282,6,2,3,9:35 PM,9:19,Gasol S.FOUL (P3.T1),,,,,4,201188,Marc Gasol,1610612763.0,Memphis,Grizzlies,MEM,5,201142,Kevin Durant,1610612760.0,Oklahoma City,Thunder,OKC,1,0,,,,,,0
0020900630,283,3,11,3,9:36 PM,9:19,,,Durant Free Throw 1 of 2 (20 PTS),56 - 56,TIE,5,201142,Kevin Durant,1610612760.0,Oklahoma City,Thunder,OKC,0,0,,,,,,0,0,,,,,,0
0020900630,285,3,12,3,9:36 PM,9:19,,,Durant Free Throw 2 of 2 (21 PTS),57 - 56,-1,5,201142,Kevin Durant,1610612760.0,Oklahoma City,Thunder,OKC,0,0,,,,,,0,0,,,,,,0
0020900630,287,2,1,3,9:36 PM,9:05,MISS Mayo 19' Jump Shot,,,,,4,201564,O.J. Mayo,1610612763.0,Memphis,Grizzlies,MEM,0,0,,,,,,0,0,,,,,,0
0020900630,288,4,0,3,9:36 PM,9:04,,,Green REBOUND (Off:3 Def:2),,,5,201145,Jeff Green,1610612760.0,Oklahoma City,Thunder,OKC,0,0,,,,,,0,0,,,,,,0
0020900630,289,6,2,3,9:37 PM,8:52,Randolph S.FOUL (P1.T2),,,,,4,2216,Zach Randolph,1610612763.0,Memphis,Grizzlies,MEM,5,201566,Russell Westbrook,1610612760.0,Oklahoma City,Thunder,OKC,1,0,,,,,,0
0020900630,290,3,11,3,9:37 PM,8:52,,,Westbrook Free Throw 1 of 2 (7 PTS),58 - 56,-2,5,201566,Russell Westbrook,1610612760.0,Oklahoma City,Thunder,OKC,0,0,,,,,,0,0,,,,,,0
0020900630,292,3,12,3,9:37 PM,8:52,,,Westbrook Free Throw 2 of 2 (8 PTS),59 - 56,-3,5,201566,Russell Westbrook,1610612760.0,Oklahoma City,Thunder,OKC,0,0,,,,,,0,0,,,,,,0
0020900630,294,2,41,3,9:38 PM,8:33,MISS Mayo  Running Layup,,,,,4,201564,O.J. Mayo,1610612763.0,Memphis,Grizzlies,MEM,0,0,,,,,,0,0,,,,,,0
0020900630,295,4,0,3,9:38 PM,8:31,,,Westbrook REBOUND (Off:0 Def:2),,,5,201566,Russell Westbrook,1610612760.0,Oklahoma City,Thunder,OKC,0,0,,,,,,0,0,,,,,,0
0020900630,296,5,1,3,9:38 PM,8:28,,,Westbrook Bad Pass Turnover (P4.T8),,,5,201566,Russell Westbrook,1610612760.0,Oklahoma City,Thunder,OKC,0,0,,,,,,0,0,,,,,,0
0020900630,297,2,1,3,9:38 PM,8:16,MISS Gasol 17' Jump Shot,,,,,4,201188,Marc Gasol,1610612763.0,Memphis,Grizzlies,MEM,0,0,,,,,,0,0,,,,,,0
0020900630,298,4,0,3,9:38 PM,8:14,Mayo REBOUND (Off:1 Def:1),,,,,4,201564,O.J. Mayo,1610612763.0,Memphis,Grizzlies,MEM,0,0,,,,,,0,0,,,,,,0
0020900630,299,6,2,3,9:38 PM,8:05,,,Krstic S.FOUL (P2.T2),,,5,2420,Nenad Krstic,1610612760.0,Oklahoma City,Thunder,OKC,4,201188,Marc Gasol,1610612763.0,Memphis,Grizzlies,MEM,1,0,,,,,,0
0020900630,300,3,11,3,9:39 PM,8:05,Gasol Free Throw 1 of 2 (9 PTS),,,59 - 57,-2,4,201188,Marc Gasol,1610612763.0,Memphis,Grizzlies,MEM,0,0,,,,,,0,0,,,,,,0
0020900630,302,3,12,3,9:39 PM,8:05,Gasol Free Throw 2 of 2 (10 PTS),,,59 - 58,-1,4,201188,Marc Gasol,1610612763.0,Memphis,Grizzlies,MEM,0,0,,,,,,0,0,,,,,,0
0020900630,304,2,1,3,9:40 PM,7:49,,,MISS Westbrook 18' Jump Shot,,,5,201566,Russell Westbrook,1610612760.0,Oklahoma City,Thunder,OKC,0,0,,,,,,0,0,,,,,,0
0020900630,305,4,0,3,9:40 PM,7:48,Gasol REBOUND (Off:4 Def:5),,,,,4,201188,Marc Gasol,1610612763.0,Memphis,Grizzlies,MEM,0,0,,,,,,0,0,,,,,,0
0020900630,306,1,5,3,9:40 PM,7:41,Randolph  Layup (12 PTS) (Conley 2 AST),,,59 - 60,1,4,2216,Zach Randolph,1610612763.0,Memphis,Grizzlies,MEM,4,201144,Mike Conley,1610612763.0,Memphis,Grizzlies,MEM,0,0,,,,,,0
0020900630,307,2,80,3,9:40 PM,7:21,,,MISS Durant 17' Step Back Jump Shot,,,5,201142,Kevin Durant,1610612760.0,Oklahoma City,Thunder,OKC,0,0,,,,,,0,0,,,,,,0
0020900630,308,4,0,3,9:40 PM,7:19,,,Westbrook REBOUND (Off:1 Def:2),,,5,201566,Russell Westbrook,1610612760.0,Oklahoma City,Thunder,OKC,0,0,,,,,,0,0,,,,,,0
0020900630,309,2,79,3,9:40 PM,7:04,,,MISS Westbrook 11' Pullup Jump Shot,,,5,201566,Russell Westbrook,1610612760.0,Oklahoma City,Thunder,OKC,0,0,,,,,,0,0,,,,,,0
0020900630,310,4,0,3,9:41 PM,7:04,,,Thunder Rebound,,,3,1610612760,,,,,,0,0,,,,,,0,0,,,,,,0
0020900630,311,6,3,3,9:41 PM,7:04,Gasol L.B.FOUL (P4.T3),,,,,4,201188,Marc Gasol,1610612763.0,Memphis,Grizzlies,MEM,5,2420,Nenad Krstic,1610612760.0,Oklahoma City,Thunder,OKC,1,0,,,,,,0
0020900630,312,8,0,3,9:41 PM,7:04,SUB: Thabeet FOR Gasol,,,,,4,201188,Marc Gasol,1610612763.0,Memphis,Grizzlies,MEM,4,201934,Hasheem Thabeet,1610612763.0,Memphis,Grizzlies,MEM,0,0,,,,,,0
0020900630,313,2,1,3,9:41 PM,6:47,,,MISS Westbrook 21' Jump Shot,,,5,201566,Russell Westbrook,1610612760.0,Oklahoma City,Thunder,OKC,0,0,,,,,,0,0,,,,,,0
0020900630,314,4,0,3,9:41 PM,6:45,,,Westbrook REBOUND (Off:2 Def:2),,,5,201566,Russell Westbrook,1610612760.0,Oklahoma City,Thunder,OKC,0,0,,,,,,0,0,,,,,,0
0020900630,315,6,4,3,9:41 PM,6:45,,,Westbrook OFF.Foul (P2),,,5,201566,Russell Westbrook,1610612760.0,Oklahoma City,Thunder,OKC,4,201934,Hasheem Thabeet,1610612763.0,Memphis,Grizzlies,MEM,1,0,,,,,,0
0020900630,316,5,5,3,9:41 PM,6:45,,,Westbrook Foul Turnover (P5.T9),,,5,201566,Russell Westbrook,1610612760.0,Oklahoma City,Thunder,OKC,0,0,,,,,,1,0,,,,,,0
0020900630,317,2,1,3,9:42 PM,6:30,MISS Conley 20' Jump Shot,,,,,4,201144,Mike Conley,1610612763.0,Memphis,Grizzlies,MEM,0,0,,,,,,0,0,,,,,,0
0020900630,318,4,0,3,9:42 PM,6:29,,,Sefolosha REBOUND (Off:0 Def:3),,,5,200757,Thabo Sefolosha,1610612760.0,Oklahoma City,Thunder,OKC,0,0,,,,,,0,0,,,,,,0
0020900630,319,2,1,3,9:42 PM,6:20,,,MISS Green 25' 3PT Jump Shot,,,5,201145,Jeff Green,1610612760.0,Oklahoma City,Thunder,OKC,0,0,,,,,,0,0,,,,,,0
0020900630,320,4,0,3,9:42 PM,6:19,Thabeet REBOUND (Off:2 Def:3),,,,,4,201934,Hasheem Thabeet,1610612763.0,Memphis,Grizzlies,MEM,0,0,,,,,,0,0,,,,,,0
0020900630,321,2,1,3,9:42 PM,6:11,MISS Mayo 13' Jump Shot,,,,,4,201564,O.J. Mayo,1610612763.0,Memphis,Grizzlies,MEM,0,0,,,,,,0,0,,,,,,0
0020900630,322,4,0,3,9:42 PM,6:10,,,Green REBOUND (Off:3 Def:3),,,5,201145,Jeff Green,1610612760.0,Oklahoma City,Thunder,OKC,0,0,,,,,,0,0,,,,,,0
0020900630,323,2,66,3,9:42 PM,6:00,,,MISS Green 11' Jump Bank Shot,,,5,201145,Jeff Green,1610612760.0,Oklahoma City,Thunder,OKC,0,0,,,,,,0,0,,,,,,0
0020900630,324,4,0,3,9:42 PM,5:59,Thabeet REBOUND (Off:2 Def:4),,,,,4,201934,Hasheem Thabeet,1610612763.0,Memphis,Grizzlies,MEM,0,0,,,,,,0,0,,,,,,0
0020900630,325,1,5,3,9:43 PM,5:55,Gay  Layup (19 PTS),,,59 - 62,3,4,200752,Rudy Gay,1610612763.0,Memphis,Grizzlies,MEM,0,0,,,,,,0,0,,,,,,0
0020900630,326,6,2,3,9:43 PM,5:55,,,Durant S.FOUL (P3.T3),,,5,201142,Kevin Durant,1610612760.0,Oklahoma City,Thunder,OKC,4,200752,Rudy Gay,1610612763.0,Memphis,Grizzlies,MEM,1,0,,,,,,0
0020900630,327,9,1,3,9:43 PM,5:55,GRIZZLIES Timeout: Regular (Full 3 Short 1),,,,,2,1610612763,,,,,,0,0,,,,,,0,0,,,,,,0
0020900630,330,3,10,3,9:45 PM,5:55,Gay Free Throw 1 of 1 (20 PTS),,,59 - 63,4,4,200752,Rudy Gay,1610612763.0,Memphis,Grizzlies,MEM,0,0,,,,,,0,0,,,,,,0
0020900630,332,2,5,3,9:46 PM,5:44,,,MISS Durant  Layup,,,5,201142,Kevin Durant,1610612760.0,Oklahoma City,Thunder,OKC,0,0,,,,,,0,0,,,,,,0
0020900630,333,4,0,3,9:46 PM,5:43,Mayo REBOUND (Off:1 Def:2),,,,,4,201564,O.J. Mayo,1610612763.0,Memphis,Grizzlies,MEM,0,0,,,,,,0,0,,,,,,0
0020900630,334,2,80,3,9:46 PM,5:36,MISS Gay 25' 3PT Step Back Jump Shot,,,,,4,200752,Rudy Gay,1610612763.0,Memphis,Grizzlies,MEM,0,0,,,,,,0,0,,,,,,0
0020900630,335,4,0,3,9:46 PM,5:34,,,Krstic REBOUND (Off:0 Def:2),,,5,2420,Nenad Krstic,1610612760.0,Oklahoma City,Thunder,OKC,0,0,,,,,,0,0,,,,,,0
0020900630,336,5,4,3,9:46 PM,5:16,,,Sefolosha Traveling Turnover (P1.T10),,,5,200757,Thabo Sefolosha,1610612760.0,Oklahoma City,Thunder,OKC,0,0,,,,,,1,0,,,,,,0
0020900630,337,8,0,3,9:47 PM,5:01,,,SUB: Collison FOR Krstic,,,5,2420,Nenad Krstic,1610612760.0,Oklahoma City,Thunder,OKC,5,2555,Nick Collison,1610612760.0,Oklahoma City,Thunder,OKC,0,0,,,,,,0
0020900630,338,2,1,3,9:47 PM,4:57,MISS Mayo 19' Jump Shot,,,,,4,201564,O.J. Mayo,1610612763.0,Memphis,Grizzlies,MEM,0,0,,,,,,0,0,,,,,,0
0020900630,339,4,0,3,9:47 PM,4:57,,,Westbrook REBOUND (Off:2 Def:3),,,5,201566,Russell Westbrook,1610612760.0,Oklahoma City,Thunder,OKC,0,0,,,,,,0,0,,,,,,0
0020900630,340,2,1,3,9:47 PM,4:36,,,MISS Sefolosha 17' Jump Shot,,,5,200757,Thabo Sefolosha,1610612760.0,Oklahoma City,Thunder,OKC,0,0,,,,,,0,0,,,,,,0
0020900630,341,4,0,3,9:48 PM,4:35,Conley REBOUND (Off:0 Def:2),,,,,4,201144,Mike Conley,1610612763.0,Memphis,Grizzlies,MEM,0,0,,,,,,0,0,,,,,,0
0020900630,342,2,1,3,9:48 PM,4:24,MISS Mayo 25' 3PT Jump Shot,,,,,4,201564,O.J. Mayo,1610612763.0,Memphis,Grizzlies,MEM,0,0,,,,,,0,0,,,,,,0
0020900630,343,4,0,3,9:48 PM,4:22,,,Collison REBOUND (Off:0 Def:2),,,5,2555,Nick Collison,1610612760.0,Oklahoma City,Thunder,OKC,0,0,,,,,,0,0,,,,,,0
0020900630,344,2,5,3,9:48 PM,4:16,Thabeet BLOCK (2 BLK),,MISS Sefolosha  Layup,,,5,200757,Thabo Sefolosha,1610612760.0,Oklahoma City,Thunder,OKC,0,0,,,,,,4,201934,Hasheem Thabeet,1610612763.0,Memphis,Grizzlies,MEM,0
0020900630,345,4,0,3,9:48 PM,4:13,Thabeet REBOUND (Off:2 Def:5),,,,,4,201934,Hasheem Thabeet,1610612763.0,Memphis,Grizzlies,MEM,0,0,,,,,,0,0,,,,,,0
0020900630,346,5,1,3,9:48 PM,4:09,Conley Bad Pass Turnover (P2.T10),,,,,4,201144,Mike Conley,1610612763.0,Memphis,Grizzlies,MEM,0,0,,,,,,0,0,,,,,,0
0020900630,347,8,0,3,9:48 PM,4:09,,,SUB: Harden FOR Sefolosha,,,5,200757,Thabo Sefolosha,1610612760.0,Oklahoma City,Thunder,OKC,5,201935,James Harden,1610612760.0,Oklahoma City,Thunder,OKC,0,0,,,,,,0
0020900630,348,6,1,3,9:49 PM,3:54,Gay P.FOUL (P3.T4),,,,,4,200752,Rudy Gay,1610612763.0,Memphis,Grizzlies,MEM,5,201142,Kevin Durant,1610612760.0,Oklahoma City,Thunder,OKC,1,0,,,,,,0
0020900630,349,8,0,3,9:49 PM,3:54,,,SUB: Maynor FOR Westbrook,,,5,201566,Russell Westbrook,1610612760.0,Oklahoma City,Thunder,OKC,5,201953,Eric Maynor,1610612760.0,Oklahoma City,Thunder,OKC,0,0,,,,,,0
0020900630,350,1,1,3,9:49 PM,3:49,,,Durant 5' Jump Shot (23 PTS) (Maynor 5 AST),61 - 63,2,5,201142,Kevin Durant,1610612760.0,Oklahoma City,Thunder,OKC,5,201953,Eric Maynor,1610612760.0,Oklahoma City,Thunder,OKC,0,0,,,,,,0
0020900630,351,1,5,3,9:50 PM,3:27,Randolph  Layup (14 PTS) (Mayo 2 AST),,,61 - 65,4,4,2216,Zach Randolph,1610612763.0,Memphis,Grizzlies,MEM,4,201564,O.J. Mayo,1610612763.0,Memphis,Grizzlies,MEM,0,0,,,,,,0
0020900630,352,1,7,3,9:50 PM,3:09,,,Green  Dunk (13 PTS) (Harden 3 AST),63 - 65,2,5,201145,Jeff Green,1610612760.0,Oklahoma City,Thunder,OKC,5,201935,James Harden,1610612760.0,Oklahoma City,Thunder,OKC,0,0,,,,,,0
0020900630,353,5,1,3,9:50 PM,2:46,Conley Bad Pass Turnover (P3.T11),,Harden STEAL (2 STL),,,4,201144,Mike Conley,1610612763.0,Memphis,Grizzlies,MEM,5,201935,James Harden,1610612760.0,Oklahoma City,Thunder,OKC,0,0,,,,,,0
0020900630,354,1,7,3,9:50 PM,2:43,,,Durant  Dunk (25 PTS) (Harden 4 AST),65 - 65,TIE,5,201142,Kevin Durant,1610612760.0,Oklahoma City,Thunder,OKC,5,201935,James Harden,1610612760.0,Oklahoma City,Thunder,OKC,0,0,,,,,,0
0020900630,355,9,2,3,9:50 PM,2:41,GRIZZLIES Timeout: Short (Full 3 Short 2),,,,,2,1610612763,,,,,,0,0,,,,,,0,0,,,,,,0
0020900630,357,9,1,3,9:51 PM,2:41,,,Thunder Timeout: Regular (Reg.3 Short 1),,,3,1610612760,,,,,,0,0,,,,,,0,0,,,,,,0
0020900630,360,2,1,3,9:54 PM,2:20,MISS Gay 6' Jump Shot,,Durant BLOCK (1 BLK),,,4,200752,Rudy Gay,1610612763.0,Memphis,Grizzlies,MEM,0,0,,,,,,5,201142,Kevin Durant,1610612760.0,Oklahoma City,Thunder,OKC,0
0020900630,361,4,0,3,9:54 PM,2:19,,,Durant REBOUND (Off:1 Def:3),,,5,201142,Kevin Durant,1610612760.0,Oklahoma City,Thunder,OKC,0,0,,,,,,0,0,,,,,,0
0020900630,362,1,7,3,9:54 PM,2:15,,,Durant  Dunk (27 PTS) (Harden 5 AST),67 - 65,-2,5,201142,Kevin Durant,1610612760.0,Oklahoma City,Thunder,OKC,5,201935,James Harden,1610612760.0,Oklahoma City,Thunder,OKC,0,0,,,,,,0
0020900630,363,6,2,3,9:54 PM,1:55,,,Collison S.FOUL (P3.T4),,,5,2555,Nick Collison,1610612760.0,Oklahoma City,Thunder,OKC,4,2216,Zach Randolph,1610612763.0,Memphis,Grizzlies,MEM,1,0,,,,,,0
0020900630,364,3,11,3,9:55 PM,1:55,Randolph Free Throw 1 of 2 (15 PTS),,,67 - 66,-1,4,2216,Zach Randolph,1610612763.0,Memphis,Grizzlies,MEM,0,0,,,,,,0,0,,,,,,0
0020900630,366,3,12,3,9:55 PM,1:55,MISS Randolph Free Throw 2 of 2,,,,,4,2216,Zach Randolph,1610612763.0,Memphis,Grizzlies,MEM,0,0,,,,,,0,0,,,,,,0
0020900630,368,4,0,3,9:55 PM,1:53,,,Collison REBOUND (Off:0 Def:3),,,5,2555,Nick Collison,1610612760.0,Oklahoma City,Thunder,OKC,0,0,,,,,,0,0,,,,,,0
0020900630,369,2,5,3,9:56 PM,1:33,Thabeet BLOCK (3 BLK),,MISS Collison  Layup,,,5,2555,Nick Collison,1610612760.0,Oklahoma City,Thunder,OKC,0,0,,,,,,4,201934,Hasheem Thabeet,1610612763.0,Memphis,Grizzlies,MEM,0
0020900630,370,4,0,3,9:56 PM,1:31,Thabeet REBOUND (Off:2 Def:6),,,,,4,201934,Hasheem Thabeet,1610612763.0,Memphis,Grizzlies,MEM,0,0,,,,,,0,0,,,,,,0
0020900630,371,1,5,3,9:56 PM,1:25,Randolph  Layup (17 PTS) (Conley 3 AST),,,67 - 68,1,4,2216,Zach Randolph,1610612763.0,Memphis,Grizzlies,MEM,4,201144,Mike Conley,1610612763.0,Memphis,Grizzlies,MEM,0,0,,,,,,0
0020900630,372,8,0,3,9:56 PM,1:07,SUB: Young FOR Mayo,,,,,4,201564,O.J. Mayo,1610612763.0,Memphis,Grizzlies,MEM,4,201970,Sam Young,1610612763.0,Memphis,Grizzlies,MEM,0,0,,,,,,0
0020900630,373,8,0,3,9:56 PM,1:07,SUB: Tinsley FOR Conley,,,,,4,201144,Mike Conley,1610612763.0,Memphis,Grizzlies,MEM,4,2224,Jamaal Tinsley,1610612763.0,Memphis,Grizzlies,MEM,0,0,,,,,,0
0020900630,374,2,1,3,9:57 PM,0:56,,,MISS Green 22' Jump Shot,,,5,201145,Jeff Green,1610612760.0,Oklahoma City,Thunder,OKC,0,0,,,,,,0,0,,,,,,0
0020900630,375,4,0,3,9:57 PM,0:55,Gay REBOUND (Off:0 Def:5),,,,,4,200752,Rudy Gay,1610612763.0,Memphis,Grizzlies,MEM,0,0,,,,,,0,0,,,,,,0
0020900630,376,1,5,3,9:57 PM,0:41,Randolph  Layup (19 PTS) (Tinsley 5 AST),,,67 - 70,3,4,2216,Zach Randolph,1610612763.0,Memphis,Grizzlies,MEM,4,2224,Jamaal Tinsley,1610612763.0,Memphis,Grizzlies,MEM,0,0,,,,,,0
0020900630,379,5,15,3,9:57 PM,0:24,,,Collison Offensive Goaltending Turnover (P2.T11),,,5,2555,Nick Collison,1610612760.0,Oklahoma City,Thunder,OKC,0,0,,,,,,1,0,,,,,,0
0020900630,380,6,2,3,9:58 PM,0:09,,,Collison S.FOUL (P4.PN),,,5,2555,Nick Collison,1610612760.0,Oklahoma City,Thunder,OKC,4,2216,Zach Randolph,1610612763.0,Memphis,Grizzlies,MEM,1,0,,,,,,0
0020900630,381,3,11,3,9:58 PM,0:09,Randolph Free Throw 1 of 2 (20 PTS),,,67 - 71,4,4,2216,Zach Randolph,1610612763.0,Memphis,Grizzlies,MEM,0,0,,,,,,0,0,,,,,,0
0020900630,383,8,0,3,9:58 PM,0:09,SUB: Carroll FOR Gay,,,,,4,200752,Rudy Gay,1610612763.0,Memphis,Grizzlies,MEM,4,201960,DeMarre Carroll,1610612763.0,Memphis,Grizzlies,MEM,0,0,,,,,,0
0020900630,384,3,12,3,9:58 PM,0:09,Randolph Free Throw 2 of 2 (21 PTS),,,67 - 72,5,4,2216,Zach Randolph,1610612763.0,Memphis,Grizzlies,MEM,0,0,,,,,,0,0,,,,,,0
0020900630,386,1,78,3,9:59 PM,0:02,,,Maynor 5' Floating Jump Shot (4 PTS),69 - 72,3,5,201953,Eric Maynor,1610612760.0,Oklahoma City,Thunder,OKC,0,0,,,,,,0,0,,,,,,0
0020900630,387,2,1,3,9:59 PM,0:01,MISS Randolph 52' 3PT Jump Shot,,,,,4,2216,Zach Randolph,1610612763.0,Memphis,Grizzlies,MEM,0,0,,,,,,0,0,,,,,,0
0020900630,389,4,0,3,9:59 PM,0:00,GRIZZLIES Rebound,,,,,2,1610612763,,,,,,0,0,,,,,,0,0,,,,,,0
0020900630,388,13,0,3,9:59 PM,0:00,,,,69 - 72,3,0,0,,,,,,0,0,,,,,,0,0,,,,,,0
0020900630,391,12,0,4,10:02 PM,12:00,,,,69 - 72,3,0,0,,,,,,0,0,,,,,,0,0,,,,,,0
0020900630,392,5,1,4,10:02 PM,11:45,Carroll STEAL (1 STL),,Maynor Bad Pass Turnover (P1.T12),,,5,201953,Eric Maynor,1610612760.0,Oklahoma City,Thunder,OKC,4,201960,DeMarre Carroll,1610612763.0,Memphis,Grizzlies,MEM,0,0,,,,,,0
0020900630,393,6,4,4,10:03 PM,11:35,Randolph OFF.Foul (P2),,,,,4,2216,Zach Randolph,1610612763.0,Memphis,Grizzlies,MEM,5,2555,Nick Collison,1610612760.0,Oklahoma City,Thunder,OKC,1,0,,,,,,0
0020900630,394,5,5,4,10:03 PM,11:35,Randolph Foul Turnover (P1.T12),,,,,4,2216,Zach Randolph,1610612763.0,Memphis,Grizzlies,MEM,0,0,,,,,,1,0,,,,,,0
0020900630,395,2,1,4,10:03 PM,11:15,,,MISS Durant 9' Jump Shot,,,5,201142,Kevin Durant,1610612760.0,Oklahoma City,Thunder,OKC,0,0,,,,,,0,0,,,,,,0
0020900630,396,4,0,4,10:03 PM,11:12,,,Maynor REBOUND (Off:1 Def:2),,,5,201953,Eric Maynor,1610612760.0,Oklahoma City,Thunder,OKC,0,0,,,,,,0,0,,,,,,0
0020900630,397,1,1,4,10:03 PM,11:09,,,Harden 26' 3PT Jump Shot (10 PTS) (Maynor 6 AST),72 - 72,TIE,5,201935,James Harden,1610612760.0,Oklahoma City,Thunder,OKC,5,201953,Eric Maynor,1610612760.0,Oklahoma City,Thunder,OKC,0,0,,,,,,0
0020900630,398,6,3,4,10:04 PM,11:08,,,Ibaka L.B.FOUL (P1.T1),,,5,201586,Serge Ibaka,1610612760.0,Oklahoma City,Thunder,OKC,4,201960,DeMarre Carroll,1610612763.0,Memphis,Grizzlies,MEM,1,0,,,,,,0
0020900630,399,5,1,4,10:04 PM,10:50,Young Bad Pass Turnover (P1.T13),,Durant STEAL (1 STL),,,4,201970,Sam Young,1610612763.0,Memphis,Grizzlies,MEM,5,201142,Kevin Durant,1610612760.0,Oklahoma City,Thunder,OKC,0,0,,,,,,0
0020900630,400,2,1,4,10:04 PM,10:45,,,MISS Harden 26' 3PT Jump Shot,,,5,201935,James Harden,1610612760.0,Oklahoma City,Thunder,OKC,0,0,,,,,,0,0,,,,,,0
0020900630,401,4,0,4,10:04 PM,10:44,,,Durant REBOUND (Off:2 Def:3),,,5,201142,Kevin Durant,1610612760.0,Oklahoma City,Thunder,OKC,0,0,,,,,,0,0,,,,,,0
0020900630,402,6,2,4,10:04 PM,10:44,Carroll S.FOUL (P1.T1),,,,,4,201960,DeMarre Carroll,1610612763.0,Memphis,Grizzlies,MEM,5,201142,Kevin Durant,1610612760.0,Oklahoma City,Thunder,OKC,1,0,,,,,,0
0020900630,403,3,11,4,10:04 PM,10:44,,,MISS Durant Free Throw 1 of 2,,,5,201142,Kevin Durant,1610612760.0,Oklahoma City,Thunder,OKC,0,0,,,,,,0,0,,,,,,0
0020900630,404,4,1,4,10:04 PM,10:44,,,Thunder Rebound,,,3,1610612760,,,,,,0,0,,,,,,0,0,,,,,,0
0020900630,405,3,12,4,10:04 PM,10:44,,,Durant Free Throw 2 of 2 (28 PTS),73 - 72,-1,5,201142,Kevin Durant,1610612760.0,Oklahoma City,Thunder,OKC,0,0,,,,,,0,0,,,,,,0
0020900630,407,2,1,4,10:05 PM,10:26,MISS Carroll 19' Jump Shot,,,,,4,201960,DeMarre Carroll,1610612763.0,Memphis,Grizzlies,MEM,0,0,,,,,,0,0,,,,,,0
0020900630,408,4,0,4,10:05 PM,10:24,,,Harden REBOUND (Off:0 Def:6),,,5,201935,James Harden,1610612760.0,Oklahoma City,Thunder,OKC,0,0,,,,,,0,0,,,,,,0
0020900630,409,8,0,4,10:06 PM,10:13,SUB: Mayo FOR Randolph,,,,,4,2216,Zach Randolph,1610612763.0,Memphis,Grizzlies,MEM,4,201564,O.J. Mayo,1610612763.0,Memphis,Grizzlies,MEM,0,0,,,,,,0
0020900630,410,8,0,4,10:06 PM,10:13,SUB: Gasol FOR Young,,,,,4,201970,Sam Young,1610612763.0,Memphis,Grizzlies,MEM,4,201188,Marc Gasol,1610612763.0,Memphis,Grizzlies,MEM,0,0,,,,,,0
0020900630,411,8,0,4,10:06 PM,10:13,SUB: Gay FOR Carroll,,,,,4,201960,DeMarre Carroll,1610612763.0,Memphis,Grizzlies,MEM,4,200752,Rudy Gay,1610612763.0,Memphis,Grizzlies,MEM,0,0,,,,,,0
0020900630,412,2,1,4,10:06 PM,10:04,,,MISS Durant 13' Jump Shot,,,5,201142,Kevin Durant,1610612760.0,Oklahoma City,Thunder,OKC,0,0,,,,,,0,0,,,,,,0
0020900630,413,4,0,4,10:06 PM,10:03,,,Collison REBOUND (Off:1 Def:3),,,5,2555,Nick Collison,1610612760.0,Oklahoma City,Thunder,OKC,0,0,,,,,,0,0,,,,,,0
0020900630,414,5,1,4,10:06 PM,9:45,Gay STEAL (1 STL),,Ibaka Bad Pass Turnover (P1.T13),,,5,201586,Serge Ibaka,1610612760.0,Oklahoma City,Thunder,OKC,4,200752,Rudy Gay,1610612763.0,Memphis,Grizzlies,MEM,0,0,,,,,,0
0020900630,415,6,2,4,10:06 PM,9:41,,,Durant S.FOUL (P4.T2),,,5,201142,Kevin Durant,1610612760.0,Oklahoma City,Thunder,OKC,4,200752,Rudy Gay,1610612763.0,Memphis,Grizzlies,MEM,1,0,,,,,,0
0020900630,416,3,11,4,10:07 PM,9:41,Gay Free Throw 1 of 2 (21 PTS),,,73 - 73,TIE,4,200752,Rudy Gay,1610612763.0,Memphis,Grizzlies,MEM,0,0,,,,,,0,0,,,,,,0
0020900630,418,8,0,4,10:07 PM,9:41,,,SUB: Green FOR Durant,,,5,201142,Kevin Durant,1610612760.0,Oklahoma City,Thunder,OKC,5,201145,Jeff Green,1610612760.0,Oklahoma City,Thunder,OKC,0,0,,,,,,0
0020900630,419,3,12,4,10:07 PM,9:41,MISS Gay Free Throw 2 of 2,,,,,4,200752,Rudy Gay,1610612763.0,Memphis,Grizzlies,MEM,0,0,,,,,,0,0,,,,,,0
0020900630,421,4,0,4,10:08 PM,9:41,,,Collison REBOUND (Off:1 Def:4),,,5,2555,Nick Collison,1610612760.0,Oklahoma City,Thunder,OKC,0,0,,,,,,0,0,,,,,,0
0020900630,422,2,79,4,10:08 PM,9:20,Thabeet BLOCK (4 BLK),,MISS Maynor 18' Pullup Jump Shot,,,5,201953,Eric Maynor,1610612760.0,Oklahoma City,Thunder,OKC,0,0,,,,,,4,201934,Hasheem Thabeet,1610612763.0,Memphis,Grizzlies,MEM,0
0020900630,423,4,0,4,10:08 PM,9:18,Thabeet REBOUND (Off:2 Def:7),,,,,4,201934,Hasheem Thabeet,1610612763.0,Memphis,Grizzlies,MEM,0,0,,,,,,0,0,,,,,,0
0020900630,424,6,1,4,10:08 PM,9:07,,,Maynor P.FOUL (P2.T3),,,5,201953,Eric Maynor,1610612760.0,Oklahoma City,Thunder,OKC,4,2224,Jamaal Tinsley,1610612763.0,Memphis,Grizzlies,MEM,1,0,,,,,,0
0020900630,425,6,2,4,10:09 PM,9:00,,,Green S.FOUL (P3.T4),,,5,201145,Jeff Green,1610612760.0,Oklahoma City,Thunder,OKC,4,200752,Rudy Gay,1610612763.0,Memphis,Grizzlies,MEM,1,0,,,,,,0
0020900630,426,3,11,4,10:09 PM,9:00,Gay Free Throw 1 of 2 (22 PTS),,,73 - 74,1,4,200752,Rudy Gay,1610612763.0,Memphis,Grizzlies,MEM,0,0,,,,,,0,0,,,,,,0
0020900630,428,3,12,4,10:09 PM,9:00,Gay Free Throw 2 of 2 (23 PTS),,,73 - 75,2,4,200752,Rudy Gay,1610612763.0,Memphis,Grizzlies,MEM,0,0,,,,,,0,0,,,,,,0
0020900630,430,1,1,4,10:10 PM,8:36,,,Maynor 5' Jump Shot (6 PTS),75 - 75,TIE,5,201953,Eric Maynor,1610612760.0,Oklahoma City,Thunder,OKC,0,0,,,,,,0,0,,,,,,0
0020900630,431,6,2,4,10:10 PM,8:21,,,Ibaka S.FOUL (P2.PN),,,5,201586,Serge Ibaka,1610612760.0,Oklahoma City,Thunder,OKC,4,201934,Hasheem Thabeet,1610612763.0,Memphis,Grizzlies,MEM,1,0,,,,,,0
0020900630,432,9,4,4,10:10 PM,8:21,,,,,,1,0,,,,,,0,0,,,,,,0,0,,,,,,0
0020900630,435,3,11,4,10:13 PM,8:21,MISS Thabeet Free Throw 1 of 2,,,,,4,201934,Hasheem Thabeet,1610612763.0,Memphis,Grizzlies,MEM,0,0,,,,,,0,0,,,,,,0
0020900630,436,4,1,4,10:13 PM,8:21,GRIZZLIES Rebound,,,,,2,1610612763,,,,,,0,0,,,,,,0,0,,,,,,0
0020900630,437,3,12,4,10:13 PM,8:21,MISS Thabeet Free Throw 2 of 2,,,,,4,201934,Hasheem Thabeet,1610612763.0,Memphis,Grizzlies,MEM,0,0,,,,,,0,0,,,,,,0
0020900630,439,4,0,4,10:14 PM,8:20,,,Green REBOUND (Off:3 Def:4),,,5,201145,Jeff Green,1610612760.0,Oklahoma City,Thunder,OKC,0,0,,,,,,0,0,,,,,,0
0020900630,440,7,5,4,10:14 PM,8:06,Thabeet Violation:Kicked Ball,,,,,4,201934,Hasheem Thabeet,1610612763.0,Memphis,Grizzlies,MEM,0,0,,,,,,0,0,,,,,,0
0020900630,441,2,1,4,10:14 PM,7:56,,,MISS Green 14' Jump Shot,,,5,201145,Jeff Green,1610612760.0,Oklahoma City,Thunder,OKC,0,0,,,,,,0,0,,,,,,0
0020900630,443,4,0,4,10:14 PM,7:53,,,Ibaka REBOUND (Off:2 Def:0),,,5,201586,Serge Ibaka,1610612760.0,Oklahoma City,Thunder,OKC,0,0,,,,,,0,0,,,,,,0
0020900630,442,2,5,4,10:14 PM,7:53,Gasol BLOCK (2 BLK),,MISS Ibaka  Layup,,,5,201586,Serge Ibaka,1610612760.0,Oklahoma City,Thunder,OKC,0,0,,,,,,4,201188,Marc Gasol,1610612763.0,Memphis,Grizzlies,MEM,0
0020900630,444,4,0,4,10:14 PM,7:50,Gay REBOUND (Off:0 Def:6),,,,,4,200752,Rudy Gay,1610612763.0,Memphis,Grizzlies,MEM,0,0,,,,,,0,0,,,,,,0
0020900630,445,2,5,4,10:14 PM,7:48,MISS Gay  Layup,,,,,4,200752,Rudy Gay,1610612763.0,Memphis,Grizzlies,MEM,0,0,,,,,,0,0,,,,,,0
0020900630,446,4,0,4,10:15 PM,7:45,,,Harden REBOUND (Off:0 Def:7),,,5,201935,James Harden,1610612760.0,Oklahoma City,Thunder,OKC,0,0,,,,,,0,0,,,,,,0
0020900630,447,2,1,4,10:15 PM,7:31,,,MISS Harden 16' Jump Shot,,,5,201935,James Harden,1610612760.0,Oklahoma City,Thunder,OKC,0,0,,,,,,0,0,,,,,,0
0020900630,448,4,0,4,10:15 PM,7:30,Gasol REBOUND (Off:4 Def:6),,,,,4,201188,Marc Gasol,1610612763.0,Memphis,Grizzlies,MEM,0,0,,,,,,0,0,,,,,,0
0020900630,449,1,1,4,10:15 PM,7:07,Gasol 8' Jump Shot (12 PTS),,,75 - 77,2,4,201188,Marc Gasol,1610612763.0,Memphis,Grizzlies,MEM,0,0,,,,,,0,0,,,,,,0
0020900630,450,2,1,4,10:16 PM,6:44,,,MISS Maynor 26' 3PT Jump Shot,,,5,201953,Eric Maynor,1610612760.0,Oklahoma City,Thunder,OKC,0,0,,,,,,0,0,,,,,,0
0020900630,451,4,0,4,10:16 PM,6:43,Gasol REBOUND (Off:4 Def:7),,,,,4,201188,Marc Gasol,1610612763.0,Memphis,Grizzlies,MEM,0,0,,,,,,0,0,,,,,,0
0020900630,452,6,2,4,10:16 PM,6:34,,,Collison S.FOUL (P5.PN),,,5,2555,Nick Collison,1610612760.0,Oklahoma City,Thunder,OKC,4,201188,Marc Gasol,1610612763.0,Memphis,Grizzlies,MEM,1,0,,,,,,0
0020900630,453,8,0,4,10:16 PM,6:34,,,SUB: Durant FOR Ibaka,,,5,201586,Serge Ibaka,1610612760.0,Oklahoma City,Thunder,OKC,5,201142,Kevin Durant,1610612760.0,Oklahoma City,Thunder,OKC,0,0,,,,,,0
0020900630,454,8,0,4,10:16 PM,6:34,SUB: Conley FOR Tinsley,,,,,4,2224,Jamaal Tinsley,1610612763.0,Memphis,Grizzlies,MEM,4,201144,Mike Conley,1610612763.0,Memphis,Grizzlies,MEM,0,0,,,,,,0
0020900630,455,3,11,4,10:16 PM,6:34,Gasol Free Throw 1 of 2 (13 PTS),,,75 - 78,3,4,201188,Marc Gasol,1610612763.0,Memphis,Grizzlies,MEM,0,0,,,,,,0,0,,,,,,0
0020900630,457,8,0,4,10:16 PM,6:34,,,SUB: Krstic FOR Collison,,,5,2555,Nick Collison,1610612760.0,Oklahoma City,Thunder,OKC,5,2420,Nenad Krstic,1610612760.0,Oklahoma City,Thunder,OKC,0,0,,,,,,0
0020900630,458,9,1,4,10:17 PM,6:34,,,Thunder Timeout: Regular (Reg.4 Short 1),,,3,1610612760,,,,,,0,0,,,,,,0,0,,,,,,0
0020900630,460,3,12,4,10:19 PM,6:34,MISS Gasol Free Throw 2 of 2,,,,,4,201188,Marc Gasol,1610612763.0,Memphis,Grizzlies,MEM,0,0,,,,,,0,0,,,,,,0
0020900630,463,4,0,4,10:19 PM,6:33,,,Durant REBOUND (Off:2 Def:4),,,5,201142,Kevin Durant,1610612760.0,Oklahoma City,Thunder,OKC,0,0,,,,,,0,0,,,,,,0
0020900630,464,1,1,4,10:20 PM,6:12,,,Maynor 10' Jump Shot (8 PTS),77 - 78,1,5,201953,Eric Maynor,1610612760.0,Oklahoma City,Thunder,OKC,0,0,,,,,,0,0,,,,,,0
0020900630,465,2,5,4,10:20 PM,5:56,MISS Conley  Layup,,,,,4,201144,Mike Conley,1610612763.0,Memphis,Grizzlies,MEM,0,0,,,,,,0,0,,,,,,0
0020900630,466,4,0,4,10:20 PM,5:55,GRIZZLIES Rebound,,,,,2,1610612763,,,,,,0,0,,,,,,0,0,,,,,,0
0020900630,467,6,3,4,10:20 PM,5:55,,,Green L.B.FOUL (P4.PN),,,5,201145,Jeff Green,1610612760.0,Oklahoma City,Thunder,OKC,4,201188,Marc Gasol,1610612763.0,Memphis,Grizzlies,MEM,1,0,,,,,,0
0020900630,468,8,0,4,10:20 PM,5:55,SUB: Randolph FOR Thabeet,,,,,4,201934,Hasheem Thabeet,1610612763.0,Memphis,Grizzlies,MEM,4,2216,Zach Randolph,1610612763.0,Memphis,Grizzlies,MEM,0,0,,,,,,0
0020900630,469,3,11,4,10:20 PM,5:55,Gasol Free Throw 1 of 2 (14 PTS),,,77 - 79,2,4,201188,Marc Gasol,1610612763.0,Memphis,Grizzlies,MEM,0,0,,,,,,0,0,,,,,,0
0020900630,470,3,12,4,10:21 PM,5:55,Gasol Free Throw 2 of 2 (15 PTS),,,77 - 80,3,4,201188,Marc Gasol,1610612763.0,Memphis,Grizzlies,MEM,0,0,,,,,,0,0,,,,,,0
0020900630,472,2,1,4,10:21 PM,5:40,,,MISS Green  3PT Jump Shot,,,5,201145,Jeff Green,1610612760.0,Oklahoma City,Thunder,OKC,0,0,,,,,,0,0,,,,,,0
0020900630,473,4,0,4,10:21 PM,5:39,Gasol REBOUND (Off:4 Def:8),,,,,4,201188,Marc Gasol,1610612763.0,Memphis,Grizzlies,MEM,0,0,,,,,,0,0,,,,,,0
0020900630,474,2,5,4,10:21 PM,5:21,MISS Randolph  Layup,,,,,4,2216,Zach Randolph,1610612763.0,Memphis,Grizzlies,MEM,0,0,,,,,,0,0,,,,,,0
0020900630,475,4,0,4,10:21 PM,5:20,Randolph REBOUND (Off:3 Def:2),,,,,4,2216,Zach Randolph,1610612763.0,Memphis,Grizzlies,MEM,0,0,,,,,,0,0,,,,,,0
0020900630,476,1,47,4,10:21 PM,5:17,Randolph 5' Turnaround Jump Shot (23 PTS),,,77 - 82,5,4,2216,Zach Randolph,1610612763.0,Memphis,Grizzlies,MEM,0,0,,,,,,0,0,,,,,,0
0020900630,478,2,1,4,10:22 PM,5:01,,,MISS Green 14' Jump Shot,,,5,201145,Jeff Green,1610612760.0,Oklahoma City,Thunder,OKC,0,0,,,,,,0,0,,,,,,0
0020900630,479,4,0,4,10:22 PM,4:57,,,Maynor REBOUND (Off:2 Def:2),,,5,201953,Eric Maynor,1610612760.0,Oklahoma City,Thunder,OKC,0,0,,,,,,0,0,,,,,,0
0020900630,480,5,2,4,10:22 PM,4:56,Randolph STEAL (1 STL),,Maynor Lost Ball Turnover (P2.T14),,,5,201953,Eric Maynor,1610612760.0,Oklahoma City,Thunder,OKC,4,2216,Zach Randolph,1610612763.0,Memphis,Grizzlies,MEM,0,0,,,,,,0
0020900630,481,6,3,4,10:22 PM,4:56,,,Maynor L.B.FOUL (P3.PN),,,5,201953,Eric Maynor,1610612760.0,Oklahoma City,Thunder,OKC,4,2216,Zach Randolph,1610612763.0,Memphis,Grizzlies,MEM,1,0,,,,,,0
0020900630,482,8,0,4,10:22 PM,4:56,,,SUB: Westbrook FOR Maynor,,,5,201953,Eric Maynor,1610612760.0,Oklahoma City,Thunder,OKC,5,201566,Russell Westbrook,1610612760.0,Oklahoma City,Thunder,OKC,0,0,,,,,,0
0020900630,483,3,11,4,10:23 PM,4:56,MISS Randolph Free Throw 1 of 2,,,,,4,2216,Zach Randolph,1610612763.0,Memphis,Grizzlies,MEM,0,0,,,,,,0,0,,,,,,0
0020900630,484,4,1,4,10:23 PM,4:56,GRIZZLIES Rebound,,,,,2,1610612763,,,,,,0,0,,,,,,0,0,,,,,,0
0020900630,485,3,12,4,10:23 PM,4:56,MISS Randolph Free Throw 2 of 2,,,,,4,2216,Zach Randolph,1610612763.0,Memphis,Grizzlies,MEM,0,0,,,,,,0,0,,,,,,0
0020900630,487,4,0,4,10:23 PM,4:54,,,Westbrook REBOUND (Off:2 Def:4),,,5,201566,Russell Westbrook,1610612760.0,Oklahoma City,Thunder,OKC,0,0,,,,,,0,0,,,,,,0
0020900630,488,2,1,4,10:23 PM,4:45,,,MISS Durant 25' 3PT Jump Shot,,,5,201142,Kevin Durant,1610612760.0,Oklahoma City,Thunder,OKC,0,0,,,,,,0,0,,,,,,0
0020900630,489,4,0,4,10:23 PM,4:44,,,Green REBOUND (Off:4 Def:4),,,5,201145,Jeff Green,1610612760.0,Oklahoma City,Thunder,OKC,0,0,,,,,,0,0,,,,,,0
0020900630,490,2,5,4,10:23 PM,4:32,Conley BLOCK (1 BLK),,MISS Krstic  Layup,,,5,2420,Nenad Krstic,1610612760.0,Oklahoma City,Thunder,OKC,0,0,,,,,,4,201144,Mike Conley,1610612763.0,Memphis,Grizzlies,MEM,0
0020900630,491,4,0,4,10:24 PM,4:30,Gasol REBOUND (Off:4 Def:9),,,,,4,201188,Marc Gasol,1610612763.0,Memphis,Grizzlies,MEM,0,0,,,,,,0,0,,,,,,0
0020900630,492,1,5,4,10:24 PM,4:14,Randolph  Layup (25 PTS) (Conley 4 AST),,,77 - 84,7,4,2216,Zach Randolph,1610612763.0,Memphis,Grizzlies,MEM,4,201144,Mike Conley,1610612763.0,Memphis,Grizzlies,MEM,0,0,,,,,,0
0020900630,493,9,1,4,10:24 PM,4:14,,,Thunder Timeout: Regular (Reg.5 Short 1),,,3,1610612760,,,,,,0,0,,,,,,0,0,,,,,,0
0020900630,495,6,1,4,10:26 PM,4:03,Gay P.FOUL (P4.T2),,,,,4,200752,Rudy Gay,1610612763.0,Memphis,Grizzlies,MEM,5,201142,Kevin Durant,1610612760.0,Oklahoma City,Thunder,OKC,1,0,,,,,,0
0020900630,496,1,1,4,10:27 PM,3:51,,,Harden 26' 3PT Jump Shot (13 PTS) (Green 2 AST),80 - 84,4,5,201935,James Harden,1610612760.0,Oklahoma City,Thunder,OKC,5,201145,Jeff Green,1610612760.0,Oklahoma City,Thunder,OKC,0,0,,,,,,0
0020900630,497,2,1,4,10:27 PM,3:25,MISS Randolph 20' Jump Shot,,,,,4,2216,Zach Randolph,1610612763.0,Memphis,Grizzlies,MEM,0,0,,,,,,0,0,,,,,,0
0020900630,498,4,0,4,10:27 PM,3:23,,,Westbrook REBOUND (Off:2 Def:5),,,5,201566,Russell Westbrook,1610612760.0,Oklahoma City,Thunder,OKC,0,0,,,,,,0,0,,,,,,0
0020900630,499,1,75,4,10:27 PM,3:03,,,Green  Driving Finger Roll Layup (15 PTS),82 - 84,2,5,201145,Jeff Green,1610612760.0,Oklahoma City,Thunder,OKC,0,0,,,,,,0,0,,,,,,0
0020900630,500,9,1,4,10:28 PM,2:54,GRIZZLIES Timeout: Regular (Full 4 Short 2),,,,,2,1610612763,,,,,,0,0,,,,,,0,0,,,,,,0
0020900630,502,5,1,4,10:30 PM,2:44,Conley Bad Pass Turnover (P4.T14),,Green STEAL (1 STL),,,4,201144,Mike Conley,1610612763.0,Memphis,Grizzlies,MEM,5,201145,Jeff Green,1610612760.0,Oklahoma City,Thunder,OKC,0,0,,,,,,0
0020900630,503,6,4,4,10:30 PM,2:34,,,Green OFF.Foul (P5),,,5,201145,Jeff Green,1610612760.0,Oklahoma City,Thunder,OKC,4,201188,Marc Gasol,1610612763.0,Memphis,Grizzlies,MEM,1,0,,,,,,0
0020900630,504,5,5,4,10:30 PM,2:34,,,Green Foul Turnover (P1.T15),,,5,201145,Jeff Green,1610612760.0,Oklahoma City,Thunder,OKC,0,0,,,,,,1,0,,,,,,0
0020900630,505,2,1,4,10:31 PM,2:17,MISS Mayo 26' 3PT Jump Shot,,,,,4,201564,O.J. Mayo,1610612763.0,Memphis,Grizzlies,MEM,0,0,,,,,,0,0,,,,,,0
0020900630,507,4,0,4,10:31 PM,2:15,Randolph REBOUND (Off:4 Def:2),,,,,4,2216,Zach Randolph,1610612763.0,Memphis,Grizzlies,MEM,0,0,,,,,,0,0,,,,,,0
0020900630,506,2,4,4,10:31 PM,2:15,MISS Randolph  Tip Shot,,,,,4,2216,Zach Randolph,1610612763.0,Memphis,Grizzlies,MEM,0,0,,,,,,0,0,,,,,,0
0020900630,508,4,0,4,10:31 PM,2:13,,,Durant REBOUND (Off:2 Def:5),,,5,201142,Kevin Durant,1610612760.0,Oklahoma City,Thunder,OKC,0,0,,,,,,0,0,,,,,,0
0020900630,509,1,88,4,10:31 PM,1:59,,,Durant  Driving Slam Dunk (30 PTS),84 - 84,TIE,5,201142,Kevin Durant,1610612760.0,Oklahoma City,Thunder,OKC,0,0,,,,,,0,0,,,,,,0
0020900630,510,2,5,4,10:32 PM,1:38,MISS Gay  Layup,,,,,4,200752,Rudy Gay,1610612763.0,Memphis,Grizzlies,MEM,0,0,,,,,,0,0,,,,,,0
0020900630,511,4,0,4,10:32 PM,1:38,,,Thunder Rebound,,,3,1610612760,,,,,,0,0,,,,,,0,0,,,,,,0
0020900630,512,2,1,4,10:32 PM,1:27,,,MISS Durant 21' Jump Shot,,,5,201142,Kevin Durant,1610612760.0,Oklahoma City,Thunder,OKC,0,0,,,,,,0,0,,,,,,0
0020900630,513,4,0,4,10:32 PM,1:25,Randolph REBOUND (Off:4 Def:3),,,,,4,2216,Zach Randolph,1610612763.0,Memphis,Grizzlies,MEM,0,0,,,,,,0,0,,,,,,0
0020900630,514,2,5,4,10:32 PM,1:06,MISS Gay  Layup,,,,,4,200752,Rudy Gay,1610612763.0,Memphis,Grizzlies,MEM,0,0,,,,,,0,0,,,,,,0
0020900630,515,4,0,4,10:32 PM,1:06,,,Thunder Rebound,,,3,1610612760,,,,,,0,0,,,,,,0,0,,,,,,0
0020900630,516,6,1,4,10:33 PM,0:54,Gay P.FOUL (P5.T3),,,,,4,200752,Rudy Gay,1610612763.0,Memphis,Grizzlies,MEM,5,201142,Kevin Durant,1610612760.0,Oklahoma City,Thunder,OKC,1,0,,,,,,0
0020900630,517,2,1,4,10:34 PM,0:40,,,MISS Green 12' Jump Shot,,,5,201145,Jeff Green,1610612760.0,Oklahoma City,Thunder,OKC,0,0,,,,,,0,0,,,,,,0
0020900630,518,4,0,4,10:34 PM,0:39,,,Thunder Rebound,,,3,1610612760,,,,,,0,0,,,,,,0,0,,,,,,0
0020900630,520,5,11,4,10:34 PM,0:39,,,Thunder Turnover: Shot Clock (T#16),,,3,1610612760,,,,,,0,0,,,,,,1,0,,,,,,0
0020900630,521,2,1,4,10:35 PM,0:23,MISS Mayo 7' Jump Shot,,Green BLOCK (3 BLK),,,4,201564,O.J. Mayo,1610612763.0,Memphis,Grizzlies,MEM,0,0,,,,,,5,201145,Jeff Green,1610612760.0,Oklahoma City,Thunder,OKC,0
0020900630,522,4,0,4,10:35 PM,0:21,,,Durant REBOUND (Off:2 Def:6),,,5,201142,Kevin Durant,1610612760.0,Oklahoma City,Thunder,OKC,0,0,,,,,,0,0,,,,,,0
0020900630,523,5,2,4,10:35 PM,0:19,Gasol STEAL (2 STL),,Durant Lost Ball Turnover (P3.T17),,,5,201142,Kevin Durant,1610612760.0,Oklahoma City,Thunder,OKC,4,201188,Marc Gasol,1610612763.0,Memphis,Grizzlies,MEM,0,0,,,,,,0
0020900630,524,9,1,4,10:35 PM,0:17,GRIZZLIES Timeout: Regular (Full 5 Short 2),,,,,2,1610612763,,,,,,0,0,,,,,,0,0,,,,,,0
0020900630,526,8,0,4,10:37 PM,0:17,,,SUB: Sefolosha FOR Harden,,,5,201935,James Harden,1610612760.0,Oklahoma City,Thunder,OKC,5,200757,Thabo Sefolosha,1610612760.0,Oklahoma City,Thunder,OKC,0,0,,,,,,0
0020900630,527,8,0,4,10:37 PM,0:17,,,SUB: Collison FOR Krstic,,,5,2420,Nenad Krstic,1610612760.0,Oklahoma City,Thunder,OKC,5,2555,Nick Collison,1610612760.0,Oklahoma City,Thunder,OKC,0,0,,,,,,0
0020900630,528,1,1,4,10:38 PM,0:01,Gay 20' Jump Shot (25 PTS),,,84 - 86,2,4,200752,Rudy Gay,1610612763.0,Memphis,Grizzlies,MEM,0,0,,,,,,0,0,,,,,,0
0020900630,529,9,2,4,10:38 PM,0:01,,,Thunder Timeout: Short (Reg.5 Short 2),,,3,1610612760,,,,,,0,0,,,,,,0,0,,,,,,0
0020900630,532,8,0,4,10:39 PM,0:01,SUB: Thabeet FOR Gasol,,,,,4,201188,Marc Gasol,1610612763.0,Memphis,Grizzlies,MEM,4,201934,Hasheem Thabeet,1610612763.0,Memphis,Grizzlies,MEM,0,0,,,,,,0
0020900630,533,2,1,4,10:39 PM,0:00,,,MISS Durant 27' 3PT Jump Shot,,,5,201142,Kevin Durant,1610612760.0,Oklahoma City,Thunder,OKC,0,0,,,,,,0,0,,,,,,0
0020900630,535,4,0,4,10:39 PM,0:00,,,Thunder Rebound,,,3,1610612760,,,,,,0,0,,,,,,0,0,,,,,,0
0020900630,534,13,0,4,10:39 PM,0:00,,,,84 - 86,2,0,0,,,,,,0,0,,,,,,0,0,,,,,,0
