GAME_ID,EVENTNUM,EVENTMSGTYPE,EVENTMSGACTIONTYPE,PERIOD,WCTIMESTRING,PCTIMESTRING,HOMEDESCRIPTION,NEUTRALDESCRIPTION,VISITORDESCRIPTION,SCORE,SCOREMARGIN,PERSON1TYPE,PLAYER1_ID,PLAYER1_NAME,PLAYER1_TEAM_ID,PLAYER1_TEAM_CITY,PLAYER1_TEAM_NICKNAME,PLAYER1_TEAM_ABBREVIATION,PERSON2TYPE,PLAYER2_ID,PLAYER2_NAME,PLAYER2_TEAM_ID,PLAYER2_TEAM_CITY,PLAYER2_TEAM_NICKNAME,PLAYER2_TEAM_ABBREVIATION,PERSON3TYPE,PLAYER3_ID,PLAYER3_NAME,PLAYER3_TEAM_ID,PLAYER3_TEAM_CITY,PLAYER3_TEAM_NICKNAME,PLAYER3_TEAM_ABBREVIATION,VIDEO_AVAILABLE_FLAG
0020300705,0,12,0,1,8:49 PM,12:00,,,,,,0,0,,,,,,0,0,,,,,,0,0,,,,,,0
0020300705,1,10,0,1,8:49 PM,12:00,Jump Ball Cato vs. Smith: Tip to Ford,,,,,4,1509,Kelvin Cato,1610612745.0,Houston,Rockets,HOU,5,693,Joe Smith,1610612749.0,Milwaukee,Bucks,MIL,5,2551,T.J. Ford,1610612749.0,Milwaukee,Bucks,MIL,0
0020300705,2,1,65,1,8:49 PM,11:46,,,Skinner 5' Jump Hook Shot (2 PTS) (Ford 1 AST),2 - 0,-2,5,1730,Brian Skinner,1610612749.0,Milwaukee,Bucks,MIL,5,2551,T.J. Ford,1610612749.0,Milwaukee,Bucks,MIL,0,0,,,,,,0
0020300705,3,2,1,1,8:49 PM,11:32,MISS Jackson 26' 3PT Jump Shot,,,,,4,754,Jim Jackson,1610612745.0,Houston,Rockets,HOU,0,0,,,,,,0,0,,,,,,0
0020300705,4,4,0,1,8:49 PM,11:29,ROCKETS Rebound,,,,,2,1610612745,,,,,,0,0,,,,,,0,0,,,,,,0
0020300705,5,1,1,1,8:50 PM,11:27,Mobley 19' Jump Shot (2 PTS) (Jackson 1 AST),,,2 - 2,TIE,4,1749,Cuttino Mobley,1610612745.0,Houston,Rockets,HOU,4,754,Jim Jackson,1610612745.0,Houston,Rockets,HOU,0,0,,,,,,0
0020300705,6,1,66,1,8:50 PM,11:05,,,Thomas 10' Jump Bank Shot (2 PTS),4 - 2,-2,5,1501,Tim Thomas,1610612749.0,Milwaukee,Bucks,MIL,0,0,,,,,,0,0,,,,,,0
0020300705,7,6,2,1,8:50 PM,10:47,,,Ford S.FOUL (P1.T1),,,5,2551,T.J. Ford,1610612749.0,Milwaukee,Bucks,MIL,0,0,,,,,,1,0,,,,,,0
0020300705,8,3,11,1,8:51 PM,10:47,Francis Free Throw 1 of 2 (1 PTS),,,4 - 3,-1,4,1883,Steve Francis,1610612745.0,Houston,Rockets,HOU,0,0,,,,,,0,0,,,,,,0
0020300705,9,3,12,1,8:51 PM,10:47,Francis Free Throw 2 of 2 (2 PTS),,,4 - 4,TIE,4,1883,Steve Francis,1610612745.0,Houston,Rockets,HOU,0,0,,,,,,0,0,,,,,,0
0020300705,10,2,1,1,8:51 PM,10:33,,,MISS Thomas 14' Jump Shot,,,5,1501,Tim Thomas,1610612749.0,Milwaukee,Bucks,MIL,0,0,,,,,,0,0,,,,,,0
0020300705,11,4,0,1,8:51 PM,10:32,Francis REBOUND (Off:0 Def:1),,,,,4,1883,Steve Francis,1610612745.0,Houston,Rockets,HOU,0,0,,,,,,0,0,,,,,,0
0020300705,12,1,47,1,8:51 PM,10:20,Yao 11' Turnaround Jump Shot (2 PTS) (Mobley 1 AST),,,4 - 6,2,4,2397,Yao Ming,1610612745.0,Houston,Rockets,HOU,4,1749,Cuttino Mobley,1610612745.0,Houston,Rockets,HOU,0,0,,,,,,0
0020300705,13,1,1,1,8:52 PM,9:57,,,Smith 20' Jump Shot (2 PTS) (Ford 2 AST),6 - 6,TIE,5,693,Joe Smith,1610612749.0,Milwaukee,Bucks,MIL,5,2551,T.J. Ford,1610612749.0,Milwaukee,Bucks,MIL,0,0,,,,,,0
0020300705,14,1,1,1,8:52 PM,9:43,Mobley 22' Jump Shot (4 PTS) (Yao 1 AST),,,6 - 8,2,4,1749,Cuttino Mobley,1610612745.0,Houston,Rockets,HOU,4,2397,Yao Ming,1610612745.0,Houston,Rockets,HOU,0,0,,,,,,0
0020300705,15,1,1,1,8:52 PM,9:17,,,Skinner 16' Jump Shot (4 PTS) (Ford 3 AST),8 - 8,TIE,5,1730,Brian Skinner,1610612749.0,Milwaukee,Bucks,MIL,5,2551,T.J. Ford,1610612749.0,Milwaukee,Bucks,MIL,0,0,,,,,,0
0020300705,16,2,63,1,8:53 PM,8:50,MISS Francis 25' 3PT Fadeaway Jumper,,,,,4,1883,Steve Francis,1610612745.0,Houston,Rockets,HOU,0,0,,,,,,0,0,,,,,,0
0020300705,17,4,0,1,8:53 PM,8:48,,,Smith REBOUND (Off:0 Def:1),,,5,693,Joe Smith,1610612749.0,Milwaukee,Bucks,MIL,0,0,,,,,,0,0,,,,,,0
0020300705,18,1,1,1,8:53 PM,8:42,,,Skinner 16' Jump Shot (6 PTS) (Ford 4 AST),10 - 8,-2,5,1730,Brian Skinner,1610612749.0,Milwaukee,Bucks,MIL,5,2551,T.J. Ford,1610612749.0,Milwaukee,Bucks,MIL,0,0,,,,,,0
0020300705,19,6,1,1,8:54 PM,8:29,,,Skinner P.FOUL (P1.T2),,,5,1730,Brian Skinner,1610612749.0,Milwaukee,Bucks,MIL,0,0,,,,,,1,0,,,,,,0
0020300705,20,2,1,1,8:54 PM,8:17,MISS Francis 20' Jump Shot,,,,,4,1883,Steve Francis,1610612745.0,Houston,Rockets,HOU,0,0,,,,,,0,0,,,,,,0
0020300705,21,4,0,1,8:54 PM,8:15,,,Ford REBOUND (Off:0 Def:1),,,5,2551,T.J. Ford,1610612749.0,Milwaukee,Bucks,MIL,0,0,,,,,,0,0,,,,,,0
0020300705,22,2,42,1,8:54 PM,8:10,Francis BLOCK (1 BLK),,MISS Ford  Driving Layup,,,5,2551,T.J. Ford,1610612749.0,Milwaukee,Bucks,MIL,0,0,,,,,,4,1883,Steve Francis,1610612745.0,Houston,Rockets,HOU,0
0020300705,23,4,0,1,8:54 PM,8:08,Jackson REBOUND (Off:0 Def:1),,,,,4,754,Jim Jackson,1610612745.0,Houston,Rockets,HOU,0,0,,,,,,0,0,,,,,,0
0020300705,24,1,1,1,8:54 PM,8:02,Jackson 19' Jump Shot (2 PTS),,,10 - 10,TIE,4,754,Jim Jackson,1610612745.0,Houston,Rockets,HOU,0,0,,,,,,0,0,,,,,,0
0020300705,25,6,1,1,8:55 PM,7:48,Mobley P.FOUL (P1.T1),,,,,4,1749,Cuttino Mobley,1610612745.0,Houston,Rockets,HOU,0,0,,,,,,1,0,,,,,,0
0020300705,26,3,11,1,8:55 PM,7:48,,,Redd Free Throw 1 of 2 (1 PTS),11 - 10,-1,5,2072,Michael Redd,1610612749.0,Milwaukee,Bucks,MIL,0,0,,,,,,0,0,,,,,,0
0020300705,27,3,12,1,8:55 PM,7:48,,,Redd Free Throw 2 of 2 (2 PTS),12 - 10,-2,5,2072,Michael Redd,1610612749.0,Milwaukee,Bucks,MIL,0,0,,,,,,0,0,,,,,,0
0020300705,28,6,4,1,8:55 PM,7:38,Yao OFF.Foul (P1),,,,,4,2397,Yao Ming,1610612745.0,Houston,Rockets,HOU,0,0,,,,,,1,0,,,,,,0
0020300705,29,5,5,1,8:55 PM,7:38,Yao Foul Turnover (P1.T1),,,,,4,2397,Yao Ming,1610612745.0,Houston,Rockets,HOU,0,0,,,,,,0,0,,,,,,0
0020300705,30,2,47,1,8:56 PM,7:20,,,MISS Redd 15' Turnaround Jump Shot,,,5,2072,Michael Redd,1610612749.0,Milwaukee,Bucks,MIL,0,0,,,,,,0,0,,,,,,0
0020300705,31,4,0,1,8:56 PM,7:18,Cato REBOUND (Off:0 Def:1),,,,,4,1509,Kelvin Cato,1610612745.0,Houston,Rockets,HOU,0,0,,,,,,0,0,,,,,,0
0020300705,32,5,1,1,8:56 PM,7:11,Jackson Bad Pass Turnover (P1.T2),,Smith STEAL (1 STL),,,4,754,Jim Jackson,1610612745.0,Houston,Rockets,HOU,5,693,Joe Smith,1610612749.0,Milwaukee,Bucks,MIL,0,0,,,,,,0
0020300705,33,1,1,1,8:56 PM,6:57,,,Smith 14' Jump Shot (4 PTS),14 - 10,-4,5,693,Joe Smith,1610612749.0,Milwaukee,Bucks,MIL,0,0,,,,,,0,0,,,,,,0
0020300705,34,9,1,1,8:56 PM,6:50,ROCKETS Timeout: Regular (Full 1 Short 0),,,,,2,1610612745,,,,,,0,0,,,,,,0,0,,,,,,0
0020300705,36,1,42,1,8:59 PM,6:34,Yao  Driving Layup (4 PTS),,,14 - 12,-2,4,2397,Yao Ming,1610612745.0,Houston,Rockets,HOU,0,0,,,,,,0,0,,,,,,0
0020300705,37,2,47,1,9:00 PM,6:14,Jackson BLOCK (1 BLK),,MISS Thomas 15' Turnaround Jump Shot,,,5,1501,Tim Thomas,1610612749.0,Milwaukee,Bucks,MIL,0,0,,,,,,4,754,Jim Jackson,1610612745.0,Houston,Rockets,HOU,0
0020300705,38,4,0,1,9:00 PM,6:12,,,Smith REBOUND (Off:1 Def:1),,,5,693,Joe Smith,1610612749.0,Milwaukee,Bucks,MIL,0,0,,,,,,0,0,,,,,,0
0020300705,39,2,1,1,9:00 PM,6:08,,,MISS Smith 16' Jump Shot,,,5,693,Joe Smith,1610612749.0,Milwaukee,Bucks,MIL,0,0,,,,,,0,0,,,,,,0
0020300705,40,4,0,1,9:00 PM,6:07,Francis REBOUND (Off:0 Def:2),,,,,4,1883,Steve Francis,1610612745.0,Houston,Rockets,HOU,0,0,,,,,,0,0,,,,,,0
0020300705,41,1,52,1,9:00 PM,5:53,Cato  Alley Oop Dunk (2 PTS) (Francis 1 AST),,,14 - 14,TIE,4,1509,Kelvin Cato,1610612745.0,Houston,Rockets,HOU,4,1883,Steve Francis,1610612745.0,Houston,Rockets,HOU,0,0,,,,,,0
0020300705,42,2,1,1,9:00 PM,5:27,,,MISS Smith 19' Jump Shot,,,5,693,Joe Smith,1610612749.0,Milwaukee,Bucks,MIL,0,0,,,,,,0,0,,,,,,0
0020300705,43,4,0,1,9:00 PM,5:25,Mobley REBOUND (Off:0 Def:1),,,,,4,1749,Cuttino Mobley,1610612745.0,Houston,Rockets,HOU,0,0,,,,,,0,0,,,,,,0
0020300705,44,2,3,1,9:01 PM,5:17,MISS Cato 5' Hook Shot,,,,,4,1509,Kelvin Cato,1610612745.0,Houston,Rockets,HOU,0,0,,,,,,0,0,,,,,,0
0020300705,45,4,0,1,9:01 PM,5:15,,,Smith REBOUND (Off:1 Def:2),,,5,693,Joe Smith,1610612749.0,Milwaukee,Bucks,MIL,0,0,,,,,,0,0,,,,,,0
0020300705,46,2,46,1,9:01 PM,5:01,,,MISS Redd 14' Running Jump Shot,,,5,2072,Michael Redd,1610612749.0,Milwaukee,Bucks,MIL,0,0,,,,,,0,0,,,,,,0
0020300705,47,4,0,1,9:01 PM,4:59,Francis REBOUND (Off:0 Def:3),,,,,4,1883,Steve Francis,1610612745.0,Houston,Rockets,HOU,0,0,,,,,,0,0,,,,,,0
0020300705,48,6,2,1,9:01 PM,4:53,,,Redd S.FOUL (P1.T3),,,5,2072,Michael Redd,1610612749.0,Milwaukee,Bucks,MIL,0,0,,,,,,1,0,,,,,,0
0020300705,49,3,11,1,9:01 PM,4:53,Yao Free Throw 1 of 2 (5 PTS),,,14 - 15,1,4,2397,Yao Ming,1610612745.0,Houston,Rockets,HOU,0,0,,,,,,0,0,,,,,,0
0020300705,50,3,12,1,9:01 PM,4:53,Yao Free Throw 2 of 2 (6 PTS),,,14 - 16,2,4,2397,Yao Ming,1610612745.0,Houston,Rockets,HOU,0,0,,,,,,0,0,,,,,,0
0020300705,51,2,46,1,9:02 PM,4:39,,,MISS Redd 11' Running Jump Shot,,,5,2072,Michael Redd,1610612749.0,Milwaukee,Bucks,MIL,0,0,,,,,,0,0,,,,,,0
0020300705,52,4,0,1,9:02 PM,4:37,Yao REBOUND (Off:0 Def:1),,,,,4,2397,Yao Ming,1610612745.0,Houston,Rockets,HOU,0,0,,,,,,0,0,,,,,,0
0020300705,53,1,1,1,9:02 PM,4:25,Jackson 26' 3PT Jump Shot (5 PTS) (Yao 2 AST),,,14 - 19,5,4,754,Jim Jackson,1610612745.0,Houston,Rockets,HOU,4,2397,Yao Ming,1610612745.0,Houston,Rockets,HOU,0,0,,,,,,0
0020300705,54,5,4,1,9:02 PM,4:08,,,Thomas Traveling Turnover (P1.T1),,,5,1501,Tim Thomas,1610612749.0,Milwaukee,Bucks,MIL,0,0,,,,,,1,0,,,,,,0
0020300705,55,8,0,1,9:03 PM,4:08,SUB: Taylor FOR Cato,,,,,4,1509,Kelvin Cato,1610612745.0,Houston,Rockets,HOU,4,1508,Maurice Taylor,1610612745.0,Houston,Rockets,HOU,0,0,,,,,,0
0020300705,56,2,47,1,9:03 PM,3:55,MISS Yao 10' Turnaround Jump Shot,,,,,4,2397,Yao Ming,1610612745.0,Houston,Rockets,HOU,0,0,,,,,,0,0,,,,,,0
0020300705,57,4,0,1,9:03 PM,3:53,,,Ford REBOUND (Off:0 Def:2),,,5,2551,T.J. Ford,1610612749.0,Milwaukee,Bucks,MIL,0,0,,,,,,0,0,,,,,,0
0020300705,58,6,2,1,9:03 PM,3:49,Taylor S.FOUL (P1.T2),,,,,4,1508,Maurice Taylor,1610612745.0,Houston,Rockets,HOU,0,0,,,,,,1,0,,,,,,0
0020300705,59,3,11,1,9:03 PM,3:49,,,Ford Free Throw 1 of 2 (1 PTS),15 - 19,4,5,2551,T.J. Ford,1610612749.0,Milwaukee,Bucks,MIL,0,0,,,,,,0,0,,,,,,0
0020300705,60,3,12,1,9:03 PM,3:49,,,Ford Free Throw 2 of 2 (2 PTS),16 - 19,3,5,2551,T.J. Ford,1610612749.0,Milwaukee,Bucks,MIL,0,0,,,,,,0,0,,,,,,0
0020300705,61,2,3,1,9:04 PM,3:29,MISS Yao 5' Hook Shot,,,,,4,2397,Yao Ming,1610612745.0,Houston,Rockets,HOU,0,0,,,,,,0,0,,,,,,0
0020300705,62,4,0,1,9:05 PM,3:27,,,Smith REBOUND (Off:1 Def:3),,,5,693,Joe Smith,1610612749.0,Milwaukee,Bucks,MIL,0,0,,,,,,0,0,,,,,,0
0020300705,63,1,1,1,9:05 PM,3:21,,,Skinner 6' Jump Shot (8 PTS) (Ford 5 AST),18 - 19,1,5,1730,Brian Skinner,1610612749.0,Milwaukee,Bucks,MIL,5,2551,T.J. Ford,1610612749.0,Milwaukee,Bucks,MIL,0,0,,,,,,0
0020300705,64,2,1,1,9:05 PM,2:53,MISS Jackson 24' 3PT Jump Shot,,,,,4,754,Jim Jackson,1610612745.0,Houston,Rockets,HOU,0,0,,,,,,0,0,,,,,,0
0020300705,65,4,0,1,9:05 PM,2:51,,,Smith REBOUND (Off:1 Def:4),,,5,693,Joe Smith,1610612749.0,Milwaukee,Bucks,MIL,0,0,,,,,,0,0,,,,,,0
0020300705,66,1,1,1,9:05 PM,2:41,,,Thomas 20' Jump Shot (4 PTS) (Skinner 1 AST),20 - 19,-1,5,1501,Tim Thomas,1610612749.0,Milwaukee,Bucks,MIL,5,1730,Brian Skinner,1610612749.0,Milwaukee,Bucks,MIL,0,0,,,,,,0
0020300705,67,6,2,1,9:06 PM,2:26,,,Smith S.FOUL (P1.T4),,,5,693,Joe Smith,1610612749.0,Milwaukee,Bucks,MIL,0,0,,,,,,1,0,,,,,,0
0020300705,68,9,1,1,9:06 PM,2:26,,,Bucks Timeout: Regular (Reg.1 Short 0),,,3,1610612749,,,,,,0,0,,,,,,0,0,,,,,,0
0020300705,70,8,0,1,9:08 PM,2:26,SUB: Griffin FOR Mobley,,,,,4,1749,Cuttino Mobley,1610612745.0,Houston,Rockets,HOU,4,1559,Adrian Griffin,1610612745.0,Houston,Rockets,HOU,0,0,,,,,,0
0020300705,71,3,11,1,9:08 PM,2:26,Yao Free Throw 1 of 2 (7 PTS),,,20 - 20,TIE,4,2397,Yao Ming,1610612745.0,Houston,Rockets,HOU,0,0,,,,,,0,0,,,,,,0
0020300705,72,3,12,1,9:08 PM,2:26,MISS Yao Free Throw 2 of 2,,,,,4,2397,Yao Ming,1610612745.0,Houston,Rockets,HOU,0,0,,,,,,0,0,,,,,,0
0020300705,73,4,0,1,9:08 PM,2:26,,,Thomas REBOUND (Off:0 Def:1),,,5,1501,Tim Thomas,1610612749.0,Milwaukee,Bucks,MIL,0,0,,,,,,0,0,,,,,,0
0020300705,74,6,2,1,9:09 PM,2:08,Taylor S.FOUL (P2.T3),,,,,4,1508,Maurice Taylor,1610612745.0,Houston,Rockets,HOU,0,0,,,,,,1,0,,,,,,0
0020300705,75,3,11,1,9:09 PM,2:08,,,Redd Free Throw 1 of 2 (3 PTS),21 - 20,-1,5,2072,Michael Redd,1610612749.0,Milwaukee,Bucks,MIL,0,0,,,,,,0,0,,,,,,0
0020300705,76,3,12,1,9:09 PM,2:08,,,Redd Free Throw 2 of 2 (4 PTS),22 - 20,-2,5,2072,Michael Redd,1610612749.0,Milwaukee,Bucks,MIL,0,0,,,,,,0,0,,,,,,0
0020300705,77,2,1,1,9:10 PM,1:49,MISS Taylor 21' Jump Shot,,,,,4,1508,Maurice Taylor,1610612745.0,Houston,Rockets,HOU,0,0,,,,,,0,0,,,,,,0
0020300705,78,4,0,1,9:10 PM,1:47,,,Redd REBOUND (Off:0 Def:1),,,5,2072,Michael Redd,1610612749.0,Milwaukee,Bucks,MIL,0,0,,,,,,0,0,,,,,,0
0020300705,79,2,1,1,9:10 PM,1:39,,,MISS Thomas 20' Jump Shot,,,5,1501,Tim Thomas,1610612749.0,Milwaukee,Bucks,MIL,0,0,,,,,,0,0,,,,,,0
0020300705,80,4,0,1,9:10 PM,1:37,,,Skinner REBOUND (Off:1 Def:0),,,5,1730,Brian Skinner,1610612749.0,Milwaukee,Bucks,MIL,0,0,,,,,,0,0,,,,,,0
0020300705,81,1,66,1,9:10 PM,1:36,,,Skinner 5' Jump Bank Shot (10 PTS),24 - 20,-4,5,1730,Brian Skinner,1610612749.0,Milwaukee,Bucks,MIL,0,0,,,,,,0,0,,,,,,0
0020300705,82,6,4,1,9:10 PM,1:20,Yao OFF.Foul (P2),,,,,4,2397,Yao Ming,1610612745.0,Houston,Rockets,HOU,0,0,,,,,,1,0,,,,,,0
0020300705,83,5,5,1,9:10 PM,1:20,Yao Foul Turnover (P2.T3),,,,,4,2397,Yao Ming,1610612745.0,Houston,Rockets,HOU,0,0,,,,,,0,0,,,,,,0
0020300705,84,8,0,1,9:10 PM,1:20,SUB: Weatherspoon FOR Yao,,,,,4,2397,Yao Ming,1610612745.0,Houston,Rockets,HOU,4,221,Clar. Weatherspoon,1610612745.0,Houston,Rockets,HOU,0,0,,,,,,0
0020300705,85,2,1,1,9:11 PM,1:04,,,MISS Skinner 8' Jump Shot,,,5,1730,Brian Skinner,1610612749.0,Milwaukee,Bucks,MIL,0,0,,,,,,0,0,,,,,,0
0020300705,86,4,0,1,9:11 PM,1:03,,,Smith REBOUND (Off:2 Def:4),,,5,693,Joe Smith,1610612749.0,Milwaukee,Bucks,MIL,0,0,,,,,,0,0,,,,,,0
0020300705,87,6,2,1,9:11 PM,1:02,Taylor S.FOUL (P3.T4),,,,,4,1508,Maurice Taylor,1610612745.0,Houston,Rockets,HOU,0,0,,,,,,1,0,,,,,,0
0020300705,90,3,11,1,9:11 PM,1:02,,,MISS Smith Free Throw 1 of 2,,,5,693,Joe Smith,1610612749.0,Milwaukee,Bucks,MIL,0,0,,,,,,0,0,,,,,,0
0020300705,91,4,1,1,9:11 PM,1:02,,,Bucks Rebound,,,3,1610612749,,,,,,0,0,,,,,,0,0,,,,,,0
0020300705,92,8,0,1,9:11 PM,1:02,SUB: Cato FOR Taylor,,,,,4,1508,Maurice Taylor,1610612745.0,Houston,Rockets,HOU,4,1509,Kelvin Cato,1610612745.0,Houston,Rockets,HOU,0,0,,,,,,0
0020300705,93,3,12,1,9:11 PM,1:02,,,Smith Free Throw 2 of 2 (5 PTS),25 - 20,-5,5,693,Joe Smith,1610612749.0,Milwaukee,Bucks,MIL,0,0,,,,,,0,0,,,,,,0
0020300705,94,5,1,1,9:12 PM,0:49,Jackson Bad Pass Turnover (P2.T4),,,,,4,754,Jim Jackson,1610612745.0,Houston,Rockets,HOU,0,0,,,,,,0,0,,,,,,0
0020300705,95,5,2,1,9:13 PM,0:36,Jackson STEAL (1 STL),,Redd Lost Ball Turnover (P1.T2),,,5,2072,Michael Redd,1610612749.0,Milwaukee,Bucks,MIL,4,754,Jim Jackson,1610612745.0,Houston,Rockets,HOU,0,0,,,,,,0
0020300705,96,1,46,1,9:13 PM,0:30,Jackson 11' Running Jump Shot (7 PTS),,,25 - 22,-3,4,754,Jim Jackson,1610612745.0,Houston,Rockets,HOU,0,0,,,,,,0,0,,,,,,0
0020300705,97,2,63,1,9:13 PM,0:06,,,MISS Thomas 11' Fadeaway Jumper,,,5,1501,Tim Thomas,1610612749.0,Milwaukee,Bucks,MIL,0,0,,,,,,0,0,,,,,,0
0020300705,98,4,0,1,9:13 PM,0:04,Jackson REBOUND (Off:0 Def:2),,,,,4,754,Jim Jackson,1610612745.0,Houston,Rockets,HOU,0,0,,,,,,0,0,,,,,,0
0020300705,99,2,1,1,9:13 PM,0:00,MISS Francis 32' 3PT Jump Shot,,,,,4,1883,Steve Francis,1610612745.0,Houston,Rockets,HOU,0,0,,,,,,0,0,,,,,,0
0020300705,100,4,0,1,9:13 PM,0:00,ROCKETS Rebound,,,,,2,1610612745,,,,,,0,0,,,,,,0,0,,,,,,0
0020300705,101,13,0,1,9:13 PM,0:00,,,,25 - 22,-3,0,0,,,,,,0,0,,,,,,0,0,,,,,,0
0020300705,103,12,0,2,9:16 PM,12:00,,,,25 - 22,-3,0,0,,,,,,0,0,,,,,,0,0,,,,,,0
0020300705,104,1,63,2,9:16 PM,11:47,Jackson 11' Fadeaway Jumper (9 PTS),,,25 - 24,-1,4,754,Jim Jackson,1610612745.0,Houston,Rockets,HOU,0,0,,,,,,0,0,,,,,,0
0020300705,105,6,2,2,9:17 PM,11:33,Jackson S.FOUL (P1.T1),,,,,4,754,Jim Jackson,1610612745.0,Houston,Rockets,HOU,0,0,,,,,,1,0,,,,,,0
0020300705,106,3,11,2,9:17 PM,11:33,,,Redd Free Throw 1 of 2 (5 PTS),26 - 24,-2,5,2072,Michael Redd,1610612749.0,Milwaukee,Bucks,MIL,0,0,,,,,,0,0,,,,,,0
0020300705,107,3,12,2,9:17 PM,11:33,,,Redd Free Throw 2 of 2 (6 PTS),27 - 24,-3,5,2072,Michael Redd,1610612749.0,Milwaukee,Bucks,MIL,0,0,,,,,,0,0,,,,,,0
0020300705,108,1,1,2,9:17 PM,11:15,Griffin 20' Jump Shot (2 PTS) (Cato 1 AST),,,27 - 26,-1,4,1559,Adrian Griffin,1610612745.0,Houston,Rockets,HOU,4,1509,Kelvin Cato,1610612745.0,Houston,Rockets,HOU,0,0,,,,,,0
0020300705,109,1,1,2,9:18 PM,10:56,,,Redd 15' Jump Shot (8 PTS),29 - 26,-3,5,2072,Michael Redd,1610612749.0,Milwaukee,Bucks,MIL,0,0,,,,,,0,0,,,,,,0
0020300705,110,6,2,2,9:18 PM,10:43,,,Gadzuric S.FOUL (P1.T1),,,5,2429,Dan Gadzuric,1610612749.0,Milwaukee,Bucks,MIL,0,0,,,,,,1,0,,,,,,0
0020300705,111,3,11,2,9:18 PM,10:43,Francis Free Throw 1 of 2 (3 PTS),,,29 - 27,-2,4,1883,Steve Francis,1610612745.0,Houston,Rockets,HOU,0,0,,,,,,0,0,,,,,,0
0020300705,112,3,12,2,9:18 PM,10:43,Francis Free Throw 2 of 2 (4 PTS),,,29 - 28,-1,4,1883,Steve Francis,1610612745.0,Houston,Rockets,HOU,0,0,,,,,,0,0,,,,,,0
0020300705,113,2,1,2,9:19 PM,10:27,,,MISS Jones 23' Jump Shot,,,5,1800,Damon Jones,1610612749.0,Milwaukee,Bucks,MIL,0,0,,,,,,0,0,,,,,,0
0020300705,114,4,0,2,9:19 PM,10:25,Weatherspoon REBOUND (Off:0 Def:1),,,,,4,221,Clar. Weatherspoon,1610612745.0,Houston,Rockets,HOU,0,0,,,,,,0,0,,,,,,0
0020300705,115,2,1,2,9:19 PM,10:17,MISS Jackson 25' 3PT Jump Shot,,,,,4,754,Jim Jackson,1610612745.0,Houston,Rockets,HOU,0,0,,,,,,0,0,,,,,,0
0020300705,116,4,0,2,9:19 PM,10:13,,,Jones REBOUND (Off:0 Def:1),,,5,1800,Damon Jones,1610612749.0,Milwaukee,Bucks,MIL,0,0,,,,,,0,0,,,,,,0
0020300705,117,2,1,2,9:19 PM,10:06,,,MISS Redd 21' Jump Shot,,,5,2072,Michael Redd,1610612749.0,Milwaukee,Bucks,MIL,0,0,,,,,,0,0,,,,,,0
0020300705,118,4,0,2,9:19 PM,10:05,ROCKETS Rebound,,,,,2,1610612745,,,,,,0,0,,,,,,0,0,,,,,,0
0020300705,119,6,3,2,9:19 PM,10:05,,,Gadzuric L.B.FOUL (P2.T2),,,5,2429,Dan Gadzuric,1610612749.0,Milwaukee,Bucks,MIL,0,0,,,,,,1,0,,,,,,0
0020300705,120,1,1,2,9:20 PM,9:51,Francis 24' 3PT Jump Shot (7 PTS) (Jackson 2 AST),,,29 - 31,2,4,1883,Steve Francis,1610612745.0,Houston,Rockets,HOU,4,754,Jim Jackson,1610612745.0,Houston,Rockets,HOU,0,0,,,,,,0
0020300705,121,2,1,2,9:20 PM,9:35,,,MISS Mason 12' Jump Shot,,,5,2046,Desmond Mason,1610612749.0,Milwaukee,Bucks,MIL,0,0,,,,,,0,0,,,,,,0
0020300705,123,4,0,2,9:20 PM,9:33,,,Mason REBOUND (Off:1 Def:0),,,5,2046,Desmond Mason,1610612749.0,Milwaukee,Bucks,MIL,0,0,,,,,,0,0,,,,,,0
0020300705,122,2,4,2,9:20 PM,9:33,,,MISS Mason  Tip Shot,,,5,2046,Desmond Mason,1610612749.0,Milwaukee,Bucks,MIL,0,0,,,,,,0,0,,,,,,0
0020300705,125,4,0,2,9:20 PM,9:32,,,Mason REBOUND (Off:2 Def:0),,,5,2046,Desmond Mason,1610612749.0,Milwaukee,Bucks,MIL,0,0,,,,,,0,0,,,,,,0
0020300705,124,2,5,2,9:20 PM,9:32,,,MISS Mason  Layup,,,5,2046,Desmond Mason,1610612749.0,Milwaukee,Bucks,MIL,0,0,,,,,,0,0,,,,,,0
0020300705,126,4,0,2,9:20 PM,9:31,,,Smith REBOUND (Off:3 Def:4),,,5,693,Joe Smith,1610612749.0,Milwaukee,Bucks,MIL,0,0,,,,,,0,0,,,,,,0
0020300705,127,8,0,2,9:20 PM,9:31,,,SUB: Thomas FOR Redd,,,5,2072,Michael Redd,1610612749.0,Milwaukee,Bucks,MIL,5,1501,Tim Thomas,1610612749.0,Milwaukee,Bucks,MIL,0,0,,,,,,0
0020300705,128,10,0,2,9:20 PM,9:31,Jump Ball Griffin vs. Smith: Tip to Cato,,,,,4,1559,Adrian Griffin,1610612745.0,Houston,Rockets,HOU,5,693,Joe Smith,1610612749.0,Milwaukee,Bucks,MIL,4,1509,Kelvin Cato,1610612745.0,Houston,Rockets,HOU,0
0020300705,129,5,2,2,9:20 PM,9:31,Griffin STEAL (1 STL),,Smith Lost Ball Turnover (P1.T3),,,5,693,Joe Smith,1610612749.0,Milwaukee,Bucks,MIL,4,1559,Adrian Griffin,1610612745.0,Houston,Rockets,HOU,0,0,,,,,,0
0020300705,130,1,1,2,9:21 PM,9:16,Francis 22' Jump Shot (9 PTS),,,29 - 33,4,4,1883,Steve Francis,1610612745.0,Houston,Rockets,HOU,0,0,,,,,,0,0,,,,,,0
0020300705,131,6,1,2,9:21 PM,9:01,Cato P.FOUL (P1.T2),,,,,4,1509,Kelvin Cato,1610612745.0,Houston,Rockets,HOU,0,0,,,,,,1,0,,,,,,0
0020300705,132,1,1,2,9:22 PM,8:46,,,Smith 17' Jump Shot (7 PTS) (Thomas 1 AST),31 - 33,2,5,693,Joe Smith,1610612749.0,Milwaukee,Bucks,MIL,5,1501,Tim Thomas,1610612749.0,Milwaukee,Bucks,MIL,0,0,,,,,,0
0020300705,133,2,1,2,9:22 PM,8:29,MISS Francis 25' 3PT Jump Shot,,,,,4,1883,Steve Francis,1610612745.0,Houston,Rockets,HOU,0,0,,,,,,0,0,,,,,,0
0020300705,134,4,0,2,9:22 PM,8:27,,,Mason REBOUND (Off:2 Def:1),,,5,2046,Desmond Mason,1610612749.0,Milwaukee,Bucks,MIL,0,0,,,,,,0,0,,,,,,0
0020300705,135,2,42,2,9:22 PM,8:13,,,MISS Gadzuric  Driving Layup,,,5,2429,Dan Gadzuric,1610612749.0,Milwaukee,Bucks,MIL,0,0,,,,,,0,0,,,,,,0
0020300705,136,4,0,2,9:22 PM,8:11,Jackson REBOUND (Off:0 Def:3),,,,,4,754,Jim Jackson,1610612745.0,Houston,Rockets,HOU,0,0,,,,,,0,0,,,,,,0
0020300705,137,2,1,2,9:23 PM,8:00,MISS Francis 20' Jump Shot,,,,,4,1883,Steve Francis,1610612745.0,Houston,Rockets,HOU,0,0,,,,,,0,0,,,,,,0
0020300705,138,4,0,2,9:23 PM,7:59,,,Smith REBOUND (Off:3 Def:5),,,5,693,Joe Smith,1610612749.0,Milwaukee,Bucks,MIL,0,0,,,,,,0,0,,,,,,0
0020300705,139,2,1,2,9:23 PM,7:53,,,MISS Jones 26' 3PT Jump Shot,,,5,1800,Damon Jones,1610612749.0,Milwaukee,Bucks,MIL,0,0,,,,,,0,0,,,,,,0
0020300705,140,4,0,2,9:23 PM,7:51,Jackson REBOUND (Off:0 Def:4),,,,,4,754,Jim Jackson,1610612745.0,Houston,Rockets,HOU,0,0,,,,,,0,0,,,,,,0
0020300705,141,9,1,2,9:23 PM,7:46,ROCKETS Timeout: Regular (Full 2 Short 0),,,,,2,1610612745,,,,,,0,0,,,,,,0,0,,,,,,0
0020300705,143,8,0,2,9:25 PM,7:46,SUB: Mobley FOR Jackson,,,,,4,754,Jim Jackson,1610612745.0,Houston,Rockets,HOU,4,1749,Cuttino Mobley,1610612745.0,Houston,Rockets,HOU,0,0,,,,,,0
0020300705,144,8,0,2,9:25 PM,7:46,SUB: Yao FOR Cato,,,,,4,1509,Kelvin Cato,1610612745.0,Houston,Rockets,HOU,4,2397,Yao Ming,1610612745.0,Houston,Rockets,HOU,0,0,,,,,,0
0020300705,145,8,0,2,9:25 PM,7:46,SUB: Jackson FOR Francis,,,,,4,1883,Steve Francis,1610612745.0,Houston,Rockets,HOU,4,349,Mark Jackson,1610612745.0,Houston,Rockets,HOU,0,0,,,,,,0
0020300705,146,8,0,2,9:25 PM,7:46,,,SUB: Kukoc FOR Smith,,,5,693,Joe Smith,1610612749.0,Milwaukee,Bucks,MIL,5,389,Toni Kukoc,1610612749.0,Milwaukee,Bucks,MIL,0,0,,,,,,0
0020300705,147,5,2,2,9:26 PM,7:33,Jackson Lost Ball Turnover (P1.T5),,Mason STEAL (1 STL),,,4,349,Mark Jackson,1610612745.0,Houston,Rockets,HOU,5,2046,Desmond Mason,1610612749.0,Milwaukee,Bucks,MIL,0,0,,,,,,0
0020300705,148,6,2,2,9:26 PM,7:15,Mobley S.FOUL (P2.T3),,,,,4,1749,Cuttino Mobley,1610612745.0,Houston,Rockets,HOU,0,0,,,,,,1,0,,,,,,0
0020300705,149,3,11,2,9:26 PM,7:15,,,MISS Thomas Free Throw 1 of 2,,,5,1501,Tim Thomas,1610612749.0,Milwaukee,Bucks,MIL,0,0,,,,,,0,0,,,,,,0
0020300705,150,4,1,2,9:26 PM,7:15,,,Bucks Rebound,,,3,1610612749,,,,,,0,0,,,,,,0,0,,,,,,0
0020300705,151,3,12,2,9:27 PM,7:15,,,Thomas Free Throw 2 of 2 (5 PTS),32 - 33,1,5,1501,Tim Thomas,1610612749.0,Milwaukee,Bucks,MIL,0,0,,,,,,0,0,,,,,,0
0020300705,152,1,1,2,9:27 PM,7:02,Mobley 26' 3PT Jump Shot (7 PTS),,,32 - 36,4,4,1749,Cuttino Mobley,1610612745.0,Houston,Rockets,HOU,0,0,,,,,,0,0,,,,,,0
0020300705,154,7,2,2,9:27 PM,6:43,Weatherspoon Violation:Defensive Goaltending,,,,,4,221,Clar. Weatherspoon,1610612745.0,Houston,Rockets,HOU,0,0,,,,,,1,0,,,,,,0
0020300705,153,1,1,2,9:27 PM,6:43,,,Gadzuric 5' Jump Shot (2 PTS) (Kukoc 1 AST),34 - 36,2,5,2429,Dan Gadzuric,1610612749.0,Milwaukee,Bucks,MIL,5,389,Toni Kukoc,1610612749.0,Milwaukee,Bucks,MIL,0,0,,,,,,0
0020300705,155,1,1,2,9:28 PM,6:31,Mobley 19' Jump Shot (9 PTS),,,34 - 38,4,4,1749,Cuttino Mobley,1610612745.0,Houston,Rockets,HOU,0,0,,,,,,0,0,,,,,,0
0020300705,156,2,5,2,9:28 PM,6:11,,,MISS Mason  Layup,,,5,2046,Desmond Mason,1610612749.0,Milwaukee,Bucks,MIL,0,0,,,,,,0,0,,,,,,0
0020300705,157,4,0,2,9:28 PM,6:10,Griffin REBOUND (Off:0 Def:1),,,,,4,1559,Adrian Griffin,1610612745.0,Houston,Rockets,HOU,0,0,,,,,,0,0,,,,,,0
0020300705,158,2,1,2,9:28 PM,6:03,MISS Griffin 21' Jump Shot,,,,,4,1559,Adrian Griffin,1610612745.0,Houston,Rockets,HOU,0,0,,,,,,0,0,,,,,,0
0020300705,159,4,0,2,9:28 PM,6:01,,,Mason REBOUND (Off:2 Def:2),,,5,2046,Desmond Mason,1610612749.0,Milwaukee,Bucks,MIL,0,0,,,,,,0,0,,,,,,0
0020300705,160,2,1,2,9:29 PM,5:48,,,MISS Kukoc 25' 3PT Jump Shot,,,5,389,Toni Kukoc,1610612749.0,Milwaukee,Bucks,MIL,0,0,,,,,,0,0,,,,,,0
0020300705,161,4,0,2,9:29 PM,5:46,,,Gadzuric REBOUND (Off:1 Def:0),,,5,2429,Dan Gadzuric,1610612749.0,Milwaukee,Bucks,MIL,0,0,,,,,,0,0,,,,,,0
0020300705,162,2,1,2,9:29 PM,5:40,Yao BLOCK (1 BLK),,MISS Mason 7' Jump Shot,,,5,2046,Desmond Mason,1610612749.0,Milwaukee,Bucks,MIL,0,0,,,,,,4,2397,Yao Ming,1610612745.0,Houston,Rockets,HOU,0
0020300705,164,4,0,2,9:29 PM,5:39,,,Mason REBOUND (Off:3 Def:2),,,5,2046,Desmond Mason,1610612749.0,Milwaukee,Bucks,MIL,0,0,,,,,,0,0,,,,,,0
0020300705,163,2,4,2,9:29 PM,5:39,,,MISS Mason  Tip Shot,,,5,2046,Desmond Mason,1610612749.0,Milwaukee,Bucks,MIL,0,0,,,,,,0,0,,,,,,0
0020300705,165,4,0,2,9:29 PM,5:37,Griffin REBOUND (Off:0 Def:2),,,,,4,1559,Adrian Griffin,1610612745.0,Houston,Rockets,HOU,0,0,,,,,,0,0,,,,,,0
0020300705,166,2,1,2,9:29 PM,5:19,MISS Weatherspoon 18' Jump Shot,,,,,4,221,Clar. Weatherspoon,1610612745.0,Houston,Rockets,HOU,0,0,,,,,,0,0,,,,,,0
0020300705,167,4,0,2,9:29 PM,5:18,,,Thomas REBOUND (Off:0 Def:2),,,5,1501,Tim Thomas,1610612749.0,Milwaukee,Bucks,MIL,0,0,,,,,,0,0,,,,,,0
0020300705,168,5,1,2,9:29 PM,5:14,Griffin STEAL (2 STL),,Kukoc Bad Pass Turnover (P1.T4),,,5,389,Toni Kukoc,1610612749.0,Milwaukee,Bucks,MIL,4,1559,Adrian Griffin,1610612745.0,Houston,Rockets,HOU,0,0,,,,,,0
0020300705,169,6,2,2,9:29 PM,5:08,,,Kukoc S.FOUL (P1.T3),,,5,389,Toni Kukoc,1610612749.0,Milwaukee,Bucks,MIL,0,0,,,,,,1,0,,,,,,0
0020300705,170,9,4,2,9:29 PM,5:08,,,,,,1,0,,,,,,0,0,,,,,,0,0,,,,,,0
0020300705,172,3,11,2,9:32 PM,5:08,Mobley Free Throw 1 of 2 (10 PTS),,,34 - 39,5,4,1749,Cuttino Mobley,1610612745.0,Houston,Rockets,HOU,0,0,,,,,,0,0,,,,,,0
0020300705,173,3,12,2,9:32 PM,5:08,Mobley Free Throw 2 of 2 (11 PTS),,,34 - 40,6,4,1749,Cuttino Mobley,1610612745.0,Houston,Rockets,HOU,0,0,,,,,,0,0,,,,,,0
0020300705,174,5,1,2,9:32 PM,4:56,Weatherspoon STEAL (1 STL),,Jones Bad Pass Turnover (P1.T5),,,5,1800,Damon Jones,1610612749.0,Milwaukee,Bucks,MIL,4,221,Clar. Weatherspoon,1610612745.0,Houston,Rockets,HOU,0,0,,,,,,0
0020300705,175,2,46,2,9:33 PM,4:36,MISS Mobley 7' Running Jump Shot,,,,,4,1749,Cuttino Mobley,1610612745.0,Houston,Rockets,HOU,0,0,,,,,,0,0,,,,,,0
0020300705,176,4,0,2,9:33 PM,4:34,,,Mason REBOUND (Off:3 Def:3),,,5,2046,Desmond Mason,1610612749.0,Milwaukee,Bucks,MIL,0,0,,,,,,0,0,,,,,,0
0020300705,177,5,1,2,9:33 PM,4:30,,,Mason Bad Pass Turnover (P1.T6),,,5,2046,Desmond Mason,1610612749.0,Milwaukee,Bucks,MIL,0,0,,,,,,0,0,,,,,,0
0020300705,178,5,40,2,9:33 PM,4:15,Jackson Out of Bounds Lost Ball Turnover (P2.T6),,,,,4,349,Mark Jackson,1610612745.0,Houston,Rockets,HOU,0,0,,,,,,0,0,,,,,,0
0020300705,179,1,1,2,9:34 PM,3:57,,,Jones 25' 3PT Jump Shot (3 PTS) (Kukoc 2 AST),37 - 40,3,5,1800,Damon Jones,1610612749.0,Milwaukee,Bucks,MIL,5,389,Toni Kukoc,1610612749.0,Milwaukee,Bucks,MIL,0,0,,,,,,0
0020300705,180,6,1,2,9:34 PM,3:41,,,Mason P.FOUL (P1.T4),,,5,2046,Desmond Mason,1610612749.0,Milwaukee,Bucks,MIL,0,0,,,,,,1,0,,,,,,0
0020300705,181,5,1,2,9:34 PM,3:33,Weatherspoon Bad Pass Turnover (P1.T7),,Thomas STEAL (1 STL),,,4,221,Clar. Weatherspoon,1610612745.0,Houston,Rockets,HOU,5,1501,Tim Thomas,1610612749.0,Milwaukee,Bucks,MIL,0,0,,,,,,0
0020300705,182,6,1,2,9:35 PM,3:30,Weatherspoon P.FOUL (P1.T4),,,,,4,221,Clar. Weatherspoon,1610612745.0,Houston,Rockets,HOU,0,0,,,,,,1,0,,,,,,0
0020300705,183,3,11,2,9:35 PM,3:30,,,Mason Free Throw 1 of 2 (1 PTS),38 - 40,2,5,2046,Desmond Mason,1610612749.0,Milwaukee,Bucks,MIL,0,0,,,,,,0,0,,,,,,0
0020300705,184,8,0,2,9:35 PM,3:30,SUB: Jackson FOR Griffin,,,,,4,1559,Adrian Griffin,1610612745.0,Houston,Rockets,HOU,4,754,Jim Jackson,1610612745.0,Houston,Rockets,HOU,0,0,,,,,,0
0020300705,185,3,12,2,9:35 PM,3:30,,,Mason Free Throw 2 of 2 (2 PTS),39 - 40,1,5,2046,Desmond Mason,1610612749.0,Milwaukee,Bucks,MIL,0,0,,,,,,0,0,,,,,,0
0020300705,186,1,1,2,9:36 PM,3:11,Weatherspoon 12' Jump Shot (2 PTS) (Jackson 1 AST),,,39 - 42,3,4,221,Clar. Weatherspoon,1610612745.0,Houston,Rockets,HOU,4,349,Mark Jackson,1610612745.0,Houston,Rockets,HOU,0,0,,,,,,0
0020300705,187,1,47,2,9:36 PM,2:54,,,Thomas 10' Turnaround Jump Shot (7 PTS),41 - 42,1,5,1501,Tim Thomas,1610612749.0,Milwaukee,Bucks,MIL,0,0,,,,,,0,0,,,,,,0
0020300705,188,2,1,2,9:36 PM,2:35,MISS Jackson 27' 3PT Jump Shot,,,,,4,754,Jim Jackson,1610612745.0,Houston,Rockets,HOU,0,0,,,,,,0,0,,,,,,0
0020300705,189,4,0,2,9:36 PM,2:33,,,Mason REBOUND (Off:3 Def:4),,,5,2046,Desmond Mason,1610612749.0,Milwaukee,Bucks,MIL,0,0,,,,,,0,0,,,,,,0
0020300705,190,1,1,2,9:36 PM,2:26,,,Kukoc 26' 3PT Jump Shot (3 PTS) (Mason 1 AST),44 - 42,-2,5,389,Toni Kukoc,1610612749.0,Milwaukee,Bucks,MIL,5,2046,Desmond Mason,1610612749.0,Milwaukee,Bucks,MIL,0,0,,,,,,0
0020300705,191,6,1,2,9:37 PM,2:09,,,Gadzuric P.FOUL (P3.PN),,,5,2429,Dan Gadzuric,1610612749.0,Milwaukee,Bucks,MIL,0,0,,,,,,1,0,,,,,,0
0020300705,192,9,1,2,9:37 PM,2:09,,,Bucks Timeout: Regular (Reg.2 Short 0),,,3,1610612749,,,,,,0,0,,,,,,0,0,,,,,,0
0020300705,194,8,0,2,9:39 PM,2:09,,,SUB: Skinner FOR Gadzuric,,,5,2429,Dan Gadzuric,1610612749.0,Milwaukee,Bucks,MIL,5,1730,Brian Skinner,1610612749.0,Milwaukee,Bucks,MIL,0,0,,,,,,0
0020300705,195,8,0,2,9:40 PM,2:09,SUB: Francis FOR Jackson,,,,,4,349,Mark Jackson,1610612745.0,Houston,Rockets,HOU,4,1883,Steve Francis,1610612745.0,Houston,Rockets,HOU,0,0,,,,,,0
0020300705,196,3,11,2,9:40 PM,2:09,Yao Free Throw 1 of 2 (8 PTS),,,44 - 43,-1,4,2397,Yao Ming,1610612745.0,Houston,Rockets,HOU,0,0,,,,,,0,0,,,,,,0
0020300705,197,3,12,2,9:40 PM,2:09,MISS Yao Free Throw 2 of 2,,,,,4,2397,Yao Ming,1610612745.0,Houston,Rockets,HOU,0,0,,,,,,0,0,,,,,,0
0020300705,198,4,0,2,9:40 PM,2:07,Jackson REBOUND (Off:1 Def:4),,,,,4,754,Jim Jackson,1610612745.0,Houston,Rockets,HOU,0,0,,,,,,0,0,,,,,,0
0020300705,199,2,47,2,9:40 PM,1:51,MISS Jackson 15' Turnaround Jump Shot,,,,,4,754,Jim Jackson,1610612745.0,Houston,Rockets,HOU,0,0,,,,,,0,0,,,,,,0
0020300705,201,4,0,2,9:40 PM,1:49,Weatherspoon REBOUND (Off:1 Def:1),,,,,4,221,Clar. Weatherspoon,1610612745.0,Houston,Rockets,HOU,0,0,,,,,,0,0,,,,,,0
0020300705,200,2,5,2,9:40 PM,1:48,MISS Weatherspoon  Layup,,Skinner BLOCK (1 BLK),,,4,221,Clar. Weatherspoon,1610612745.0,Houston,Rockets,HOU,0,0,,,,,,5,1730,Brian Skinner,1610612749.0,Milwaukee,Bucks,MIL,0
0020300705,202,4,0,2,9:40 PM,1:46,Yao REBOUND (Off:1 Def:1),,,,,4,2397,Yao Ming,1610612745.0,Houston,Rockets,HOU,0,0,,,,,,0,0,,,,,,0
0020300705,203,1,5,2,9:40 PM,1:45,Yao  Layup (10 PTS),,,44 - 45,1,4,2397,Yao Ming,1610612745.0,Houston,Rockets,HOU,0,0,,,,,,0,0,,,,,,0
0020300705,204,6,1,2,9:41 PM,1:28,Weatherspoon P.FOUL (P2.PN),,,,,4,221,Clar. Weatherspoon,1610612745.0,Houston,Rockets,HOU,0,0,,,,,,1,0,,,,,,0
0020300705,205,3,11,2,9:41 PM,1:28,,,MISS Thomas Free Throw 1 of 2,,,5,1501,Tim Thomas,1610612749.0,Milwaukee,Bucks,MIL,0,0,,,,,,0,0,,,,,,0
0020300705,206,4,1,2,9:41 PM,1:28,,,Bucks Rebound,,,3,1610612749,,,,,,0,0,,,,,,0,0,,,,,,0
0020300705,207,3,12,2,9:41 PM,1:28,,,Thomas Free Throw 2 of 2 (8 PTS),45 - 45,TIE,5,1501,Tim Thomas,1610612749.0,Milwaukee,Bucks,MIL,0,0,,,,,,0,0,,,,,,0
0020300705,208,5,8,2,9:42 PM,1:19,Yao 3 Second Violation Turnover (P3.T8),,,,,4,2397,Yao Ming,1610612745.0,Houston,Rockets,HOU,0,0,,,,,,1,0,,,,,,0
0020300705,209,7,1,2,9:42 PM,1:19,ROCKETS Violation: Delay of game Violation,,,,,2,1610612745,,,,,,0,0,,,,,,1,0,,,,,,0
0020300705,211,2,1,2,9:42 PM,1:06,,,MISS Mason 18' Jump Shot,,,5,2046,Desmond Mason,1610612749.0,Milwaukee,Bucks,MIL,0,0,,,,,,0,0,,,,,,0
0020300705,212,4,0,2,9:42 PM,1:04,Francis REBOUND (Off:0 Def:4),,,,,4,1883,Steve Francis,1610612745.0,Houston,Rockets,HOU,0,0,,,,,,0,0,,,,,,0
0020300705,213,1,42,2,9:43 PM,0:43,Francis  Driving Layup (11 PTS) (Mobley 2 AST),,,45 - 47,2,4,1883,Steve Francis,1610612745.0,Houston,Rockets,HOU,4,1749,Cuttino Mobley,1610612745.0,Houston,Rockets,HOU,0,0,,,,,,0
0020300705,214,6,1,2,9:43 PM,0:31,Francis P.FOUL (P1.PN),,,,,4,1883,Steve Francis,1610612745.0,Houston,Rockets,HOU,0,0,,,,,,1,0,,,,,,0
0020300705,215,3,11,2,9:43 PM,0:31,,,Mason Free Throw 1 of 2 (3 PTS),46 - 47,1,5,2046,Desmond Mason,1610612749.0,Milwaukee,Bucks,MIL,0,0,,,,,,0,0,,,,,,0
0020300705,216,8,0,2,9:44 PM,0:31,SUB: Cato FOR Yao,,,,,4,2397,Yao Ming,1610612745.0,Houston,Rockets,HOU,4,1509,Kelvin Cato,1610612745.0,Houston,Rockets,HOU,0,0,,,,,,0
0020300705,217,3,12,2,9:44 PM,0:31,,,Mason Free Throw 2 of 2 (4 PTS),47 - 47,TIE,5,2046,Desmond Mason,1610612749.0,Milwaukee,Bucks,MIL,0,0,,,,,,0,0,,,,,,0
0020300705,218,9,2,2,9:44 PM,0:27,ROCKETS Timeout: Short (Full 2 Short 1),,,,,2,1610612745,,,,,,0,0,,,,,,0,0,,,,,,0
0020300705,220,1,66,2,9:46 PM,0:09,Francis 27' 3PT Jump Bank Shot (14 PTS),,,47 - 50,3,4,1883,Steve Francis,1610612745.0,Houston,Rockets,HOU,0,0,,,,,,0,0,,,,,,0
0020300705,221,2,1,2,9:46 PM,0:00,,,MISS Jones 28' 3PT Jump Shot,,,5,1800,Damon Jones,1610612749.0,Milwaukee,Bucks,MIL,0,0,,,,,,0,0,,,,,,0
0020300705,222,4,0,2,9:46 PM,0:00,,,Bucks Rebound,,,3,1610612749,,,,,,0,0,,,,,,0,0,,,,,,0
0020300705,223,13,0,2,9:46 PM,0:00,,,,47 - 50,3,0,0,,,,,,0,0,,,,,,0,0,,,,,,0
0020300705,225,12,0,3,10:03 PM,12:00,,,,47 - 50,3,0,0,,,,,,0,0,,,,,,0,0,,,,,,0
0020300705,226,1,1,3,10:03 PM,11:46,Yao 11' Jump Shot (12 PTS) (Jackson 3 AST),,,47 - 52,5,4,2397,Yao Ming,1610612745.0,Houston,Rockets,HOU,4,754,Jim Jackson,1610612745.0,Houston,Rockets,HOU,0,0,,,,,,0
0020300705,227,5,4,3,10:03 PM,11:27,,,Ford Traveling Turnover (P1.T7),,,5,2551,T.J. Ford,1610612749.0,Milwaukee,Bucks,MIL,0,0,,,,,,1,0,,,,,,0
0020300705,228,2,1,3,10:04 PM,11:15,MISS Mobley 14' Jump Shot,,,,,4,1749,Cuttino Mobley,1610612745.0,Houston,Rockets,HOU,0,0,,,,,,0,0,,,,,,0
0020300705,229,4,0,3,10:04 PM,11:13,,,Smith REBOUND (Off:3 Def:6),,,5,693,Joe Smith,1610612749.0,Milwaukee,Bucks,MIL,0,0,,,,,,0,0,,,,,,0
0020300705,230,2,1,3,10:04 PM,10:53,,,MISS Thomas 19' Jump Shot,,,5,1501,Tim Thomas,1610612749.0,Milwaukee,Bucks,MIL,0,0,,,,,,0,0,,,,,,0
0020300705,231,4,0,3,10:04 PM,10:51,Yao REBOUND (Off:1 Def:2),,,,,4,2397,Yao Ming,1610612745.0,Houston,Rockets,HOU,0,0,,,,,,0,0,,,,,,0
0020300705,232,6,1,3,10:04 PM,10:47,,,Smith P.FOUL (P2.T1),,,5,693,Joe Smith,1610612749.0,Milwaukee,Bucks,MIL,0,0,,,,,,1,0,,,,,,0
0020300705,233,2,1,3,10:05 PM,10:29,MISS Jackson 23' Jump Shot,,,,,4,754,Jim Jackson,1610612745.0,Houston,Rockets,HOU,0,0,,,,,,0,0,,,,,,0
0020300705,234,4,0,3,10:05 PM,10:28,,,Thomas REBOUND (Off:0 Def:3),,,5,1501,Tim Thomas,1610612749.0,Milwaukee,Bucks,MIL,0,0,,,,,,0,0,,,,,,0
0020300705,235,2,1,3,10:05 PM,10:20,,,MISS Skinner 15' Jump Shot,,,5,1730,Brian Skinner,1610612749.0,Milwaukee,Bucks,MIL,0,0,,,,,,0,0,,,,,,0
0020300705,236,4,0,3,10:05 PM,10:18,Mobley REBOUND (Off:0 Def:2),,,,,4,1749,Cuttino Mobley,1610612745.0,Houston,Rockets,HOU,0,0,,,,,,0,0,,,,,,0
0020300705,237,1,52,3,10:05 PM,10:03,Cato  Alley Oop Dunk (4 PTS) (Francis 2 AST),,,47 - 54,7,4,1509,Kelvin Cato,1610612745.0,Houston,Rockets,HOU,4,1883,Steve Francis,1610612745.0,Houston,Rockets,HOU,0,0,,,,,,0
0020300705,238,1,1,3,10:05 PM,9:41,,,Thomas 21' Jump Shot (10 PTS),49 - 54,5,5,1501,Tim Thomas,1610612749.0,Milwaukee,Bucks,MIL,0,0,,,,,,0,0,,,,,,0
0020300705,239,1,1,3,10:06 PM,9:27,Cato 20' Jump Shot (6 PTS) (Francis 3 AST),,,49 - 56,7,4,1509,Kelvin Cato,1610612745.0,Houston,Rockets,HOU,4,1883,Steve Francis,1610612745.0,Houston,Rockets,HOU,0,0,,,,,,0
0020300705,240,2,1,3,10:06 PM,9:05,,,MISS Redd 14' Jump Shot,,,5,2072,Michael Redd,1610612749.0,Milwaukee,Bucks,MIL,0,0,,,,,,0,0,,,,,,0
0020300705,241,4,0,3,10:06 PM,9:04,,,Smith REBOUND (Off:4 Def:6),,,5,693,Joe Smith,1610612749.0,Milwaukee,Bucks,MIL,0,0,,,,,,0,0,,,,,,0
0020300705,242,6,2,3,10:06 PM,9:03,Yao S.FOUL (P3.T1),,,,,4,2397,Yao Ming,1610612745.0,Houston,Rockets,HOU,0,0,,,,,,1,0,,,,,,0
0020300705,243,3,11,3,10:07 PM,9:03,,,Smith Free Throw 1 of 2 (8 PTS),50 - 56,6,5,693,Joe Smith,1610612749.0,Milwaukee,Bucks,MIL,0,0,,,,,,0,0,,,,,,0
0020300705,244,3,12,3,10:07 PM,9:03,,,Smith Free Throw 2 of 2 (9 PTS),51 - 56,5,5,693,Joe Smith,1610612749.0,Milwaukee,Bucks,MIL,0,0,,,,,,0,0,,,,,,0
0020300705,245,2,3,3,10:07 PM,8:50,MISS Yao 5' Hook Shot,,,,,4,2397,Yao Ming,1610612745.0,Houston,Rockets,HOU,0,0,,,,,,0,0,,,,,,0
0020300705,246,4,0,3,10:07 PM,8:49,,,Smith REBOUND (Off:4 Def:7),,,5,693,Joe Smith,1610612749.0,Milwaukee,Bucks,MIL,0,0,,,,,,0,0,,,,,,0
0020300705,247,6,1,3,10:07 PM,8:48,Yao P.FOUL (P4.T2),,,,,4,2397,Yao Ming,1610612745.0,Houston,Rockets,HOU,0,0,,,,,,1,0,,,,,,0
0020300705,248,8,0,3,10:08 PM,8:48,SUB: Taylor FOR Yao,,,,,4,2397,Yao Ming,1610612745.0,Houston,Rockets,HOU,4,1508,Maurice Taylor,1610612745.0,Houston,Rockets,HOU,0,0,,,,,,0
0020300705,249,5,1,3,10:08 PM,8:27,Francis STEAL (1 STL),,Ford Bad Pass Turnover (P2.T8),,,5,2551,T.J. Ford,1610612749.0,Milwaukee,Bucks,MIL,4,1883,Steve Francis,1610612745.0,Houston,Rockets,HOU,0,0,,,,,,0
0020300705,250,2,1,3,10:08 PM,8:13,MISS Jackson 15' Jump Shot,,,,,4,754,Jim Jackson,1610612745.0,Houston,Rockets,HOU,0,0,,,,,,0,0,,,,,,0
0020300705,251,4,0,3,10:08 PM,8:12,Taylor REBOUND (Off:1 Def:0),,,,,4,1508,Maurice Taylor,1610612745.0,Houston,Rockets,HOU,0,0,,,,,,0,0,,,,,,0
0020300705,252,6,1,3,10:09 PM,8:11,,,Thomas P.FOUL (P1.T2),,,5,1501,Tim Thomas,1610612749.0,Milwaukee,Bucks,MIL,0,0,,,,,,1,0,,,,,,0
0020300705,253,9,1,3,10:09 PM,8:11,ROCKETS Timeout: Regular (Full 3 Short 1),,,,,2,1610612745,,,,,,0,0,,,,,,0,0,,,,,,0
0020300705,255,2,5,3,10:11 PM,8:04,MISS Taylor  Layup,,Smith BLOCK (1 BLK),,,4,1508,Maurice Taylor,1610612745.0,Houston,Rockets,HOU,0,0,,,,,,5,693,Joe Smith,1610612749.0,Milwaukee,Bucks,MIL,0
0020300705,256,4,0,3,10:11 PM,8:03,ROCKETS Rebound,,,,,2,1610612745,,,,,,0,0,,,,,,0,0,,,,,,0
0020300705,257,2,1,3,10:12 PM,7:54,MISS Francis 21' Jump Shot,,,,,4,1883,Steve Francis,1610612745.0,Houston,Rockets,HOU,0,0,,,,,,0,0,,,,,,0
0020300705,259,4,0,3,10:12 PM,7:53,Cato REBOUND (Off:1 Def:1),,,,,4,1509,Kelvin Cato,1610612745.0,Houston,Rockets,HOU,0,0,,,,,,0,0,,,,,,0
0020300705,258,2,4,3,10:12 PM,7:53,MISS Cato  Tip Shot,,,,,4,1509,Kelvin Cato,1610612745.0,Houston,Rockets,HOU,0,0,,,,,,0,0,,,,,,0
0020300705,260,4,0,3,10:12 PM,7:51,,,Smith REBOUND (Off:4 Def:8),,,5,693,Joe Smith,1610612749.0,Milwaukee,Bucks,MIL,0,0,,,,,,0,0,,,,,,0
0020300705,261,2,46,3,10:12 PM,7:38,,,MISS Skinner 7' Running Jump Shot,,,5,1730,Brian Skinner,1610612749.0,Milwaukee,Bucks,MIL,0,0,,,,,,0,0,,,,,,0
0020300705,262,4,0,3,10:12 PM,7:36,Jackson REBOUND (Off:1 Def:5),,,,,4,754,Jim Jackson,1610612745.0,Houston,Rockets,HOU,0,0,,,,,,0,0,,,,,,0
0020300705,263,1,47,3,10:12 PM,7:23,Taylor 8' Turnaround Jump Shot (2 PTS) (Jackson 4 AST),,,51 - 58,7,4,1508,Maurice Taylor,1610612745.0,Houston,Rockets,HOU,4,754,Jim Jackson,1610612745.0,Houston,Rockets,HOU,0,0,,,,,,0
0020300705,264,2,46,3,10:12 PM,7:05,,,MISS Redd 10' Running Jump Shot,,,5,2072,Michael Redd,1610612749.0,Milwaukee,Bucks,MIL,0,0,,,,,,0,0,,,,,,0
0020300705,265,4,0,3,10:13 PM,7:03,,,Smith REBOUND (Off:5 Def:8),,,5,693,Joe Smith,1610612749.0,Milwaukee,Bucks,MIL,0,0,,,,,,0,0,,,,,,0
0020300705,266,1,1,3,10:13 PM,6:55,,,Redd 24' 3PT Jump Shot (11 PTS) (Thomas 2 AST),54 - 58,4,5,2072,Michael Redd,1610612749.0,Milwaukee,Bucks,MIL,5,1501,Tim Thomas,1610612749.0,Milwaukee,Bucks,MIL,0,0,,,,,,0
0020300705,267,2,3,3,10:13 PM,6:41,MISS Taylor 5' Hook Shot,,Smith BLOCK (2 BLK),,,4,1508,Maurice Taylor,1610612745.0,Houston,Rockets,HOU,0,0,,,,,,5,693,Joe Smith,1610612749.0,Milwaukee,Bucks,MIL,0
0020300705,268,4,0,3,10:13 PM,6:39,,,Skinner REBOUND (Off:1 Def:1),,,5,1730,Brian Skinner,1610612749.0,Milwaukee,Bucks,MIL,0,0,,,,,,0,0,,,,,,0
0020300705,269,2,46,3,10:13 PM,6:32,,,MISS Redd 13' Running Jump Shot,,,5,2072,Michael Redd,1610612749.0,Milwaukee,Bucks,MIL,0,0,,,,,,0,0,,,,,,0
0020300705,270,4,0,3,10:13 PM,6:32,,,Bucks Rebound,,,3,1610612749,,,,,,0,0,,,,,,0,0,,,,,,0
0020300705,271,2,1,3,10:13 PM,6:26,,,MISS Thomas 17' Jump Shot,,,5,1501,Tim Thomas,1610612749.0,Milwaukee,Bucks,MIL,0,0,,,,,,0,0,,,,,,0
0020300705,272,4,0,3,10:13 PM,6:24,Cato REBOUND (Off:1 Def:2),,,,,4,1509,Kelvin Cato,1610612745.0,Houston,Rockets,HOU,0,0,,,,,,0,0,,,,,,0
0020300705,273,1,42,3,10:14 PM,6:12,Taylor  Driving Layup (4 PTS),,,54 - 60,6,4,1508,Maurice Taylor,1610612745.0,Houston,Rockets,HOU,0,0,,,,,,0,0,,,,,,0
0020300705,274,6,2,3,10:14 PM,6:12,,,Smith S.FOUL (P3.T3),,,5,693,Joe Smith,1610612749.0,Milwaukee,Bucks,MIL,0,0,,,,,,1,0,,,,,,0
0020300705,275,3,10,3,10:14 PM,6:12,Taylor Free Throw 1 of 1 (5 PTS),,,54 - 61,7,4,1508,Maurice Taylor,1610612745.0,Houston,Rockets,HOU,0,0,,,,,,0,0,,,,,,0
0020300705,276,1,3,3,10:15 PM,5:52,,,Skinner 4' Hook Shot (12 PTS) (Smith 1 AST),56 - 61,5,5,1730,Brian Skinner,1610612749.0,Milwaukee,Bucks,MIL,5,693,Joe Smith,1610612749.0,Milwaukee,Bucks,MIL,0,0,,,,,,0
0020300705,277,2,1,3,10:15 PM,5:32,MISS Jackson 26' 3PT Jump Shot,,,,,4,754,Jim Jackson,1610612745.0,Houston,Rockets,HOU,0,0,,,,,,0,0,,,,,,0
0020300705,278,4,0,3,10:15 PM,5:30,,,Skinner REBOUND (Off:1 Def:2),,,5,1730,Brian Skinner,1610612749.0,Milwaukee,Bucks,MIL,0,0,,,,,,0,0,,,,,,0
0020300705,279,2,42,3,10:15 PM,5:11,,,MISS Ford  Driving Layup,,,5,2551,T.J. Ford,1610612749.0,Milwaukee,Bucks,MIL,0,0,,,,,,0,0,,,,,,0
0020300705,280,4,0,3,10:15 PM,5:09,Mobley REBOUND (Off:0 Def:3),,,,,4,1749,Cuttino Mobley,1610612745.0,Houston,Rockets,HOU,0,0,,,,,,0,0,,,,,,0
0020300705,281,6,2,3,10:15 PM,5:06,,,Ford S.FOUL (P2.T4),,,5,2551,T.J. Ford,1610612749.0,Milwaukee,Bucks,MIL,0,0,,,,,,1,0,,,,,,0
0020300705,282,3,11,3,10:15 PM,5:06,Mobley Free Throw 1 of 2 (12 PTS),,,56 - 62,6,4,1749,Cuttino Mobley,1610612745.0,Houston,Rockets,HOU,0,0,,,,,,0,0,,,,,,0
0020300705,283,3,12,3,10:16 PM,5:06,Mobley Free Throw 2 of 2 (13 PTS),,,56 - 63,7,4,1749,Cuttino Mobley,1610612745.0,Houston,Rockets,HOU,0,0,,,,,,0,0,,,,,,0
0020300705,284,2,1,3,10:17 PM,4:52,,,MISS Skinner 12' Jump Shot,,,5,1730,Brian Skinner,1610612749.0,Milwaukee,Bucks,MIL,0,0,,,,,,0,0,,,,,,0
0020300705,285,4,0,3,10:17 PM,4:51,,,Smith REBOUND (Off:6 Def:8),,,5,693,Joe Smith,1610612749.0,Milwaukee,Bucks,MIL,0,0,,,,,,0,0,,,,,,0
0020300705,286,2,63,3,10:17 PM,4:42,,,MISS Ford 17' Fadeaway Jumper,,,5,2551,T.J. Ford,1610612749.0,Milwaukee,Bucks,MIL,0,0,,,,,,0,0,,,,,,0
0020300705,287,4,0,3,10:17 PM,4:39,,,Smith REBOUND (Off:7 Def:8),,,5,693,Joe Smith,1610612749.0,Milwaukee,Bucks,MIL,0,0,,,,,,0,0,,,,,,0
0020300705,288,2,3,3,10:17 PM,4:38,,,MISS Smith 6' Hook Shot,,,5,693,Joe Smith,1610612749.0,Milwaukee,Bucks,MIL,0,0,,,,,,0,0,,,,,,0
0020300705,289,4,0,3,10:17 PM,4:37,Jackson REBOUND (Off:1 Def:6),,,,,4,754,Jim Jackson,1610612745.0,Houston,Rockets,HOU,0,0,,,,,,0,0,,,,,,0
0020300705,290,2,1,3,10:17 PM,4:28,MISS Taylor 19' Jump Shot,,,,,4,1508,Maurice Taylor,1610612745.0,Houston,Rockets,HOU,0,0,,,,,,0,0,,,,,,0
0020300705,291,4,0,3,10:17 PM,4:26,,,Ford REBOUND (Off:0 Def:3),,,5,2551,T.J. Ford,1610612749.0,Milwaukee,Bucks,MIL,0,0,,,,,,0,0,,,,,,0
0020300705,292,1,52,3,10:17 PM,4:22,,,Thomas  Alley Oop Dunk (12 PTS) (Ford 6 AST),58 - 63,5,5,1501,Tim Thomas,1610612749.0,Milwaukee,Bucks,MIL,5,2551,T.J. Ford,1610612749.0,Milwaukee,Bucks,MIL,0,0,,,,,,0
0020300705,293,1,1,3,10:18 PM,4:05,Mobley 24' 3PT Jump Shot (16 PTS) (Francis 4 AST),,,58 - 66,8,4,1749,Cuttino Mobley,1610612745.0,Houston,Rockets,HOU,4,1883,Steve Francis,1610612745.0,Houston,Rockets,HOU,0,0,,,,,,0
0020300705,294,2,1,3,10:18 PM,3:45,,,MISS Smith 16' Jump Shot,,,5,693,Joe Smith,1610612749.0,Milwaukee,Bucks,MIL,0,0,,,,,,0,0,,,,,,0
0020300705,295,4,0,3,10:18 PM,3:43,,,Redd REBOUND (Off:1 Def:1),,,5,2072,Michael Redd,1610612749.0,Milwaukee,Bucks,MIL,0,0,,,,,,0,0,,,,,,0
0020300705,296,2,1,3,10:18 PM,3:41,,,MISS Redd 16' Jump Shot,,,5,2072,Michael Redd,1610612749.0,Milwaukee,Bucks,MIL,0,0,,,,,,0,0,,,,,,0
0020300705,297,4,0,3,10:18 PM,3:40,ROCKETS Rebound,,,,,2,1610612745,,,,,,0,0,,,,,,0,0,,,,,,0
0020300705,298,6,3,3,10:18 PM,3:40,,,Skinner L.B.FOUL (P2.PN),,,5,1730,Brian Skinner,1610612749.0,Milwaukee,Bucks,MIL,0,0,,,,,,1,0,,,,,,0
0020300705,299,8,0,3,10:19 PM,3:40,SUB: Weatherspoon FOR Cato,,,,,4,1509,Kelvin Cato,1610612745.0,Houston,Rockets,HOU,4,221,Clar. Weatherspoon,1610612745.0,Houston,Rockets,HOU,0,0,,,,,,0
0020300705,300,3,11,3,10:19 PM,3:40,Taylor Free Throw 1 of 2 (6 PTS),,,58 - 67,9,4,1508,Maurice Taylor,1610612745.0,Houston,Rockets,HOU,0,0,,,,,,0,0,,,,,,0
0020300705,301,8,0,3,10:19 PM,3:40,,,SUB: Kukoc FOR Smith,,,5,693,Joe Smith,1610612749.0,Milwaukee,Bucks,MIL,5,389,Toni Kukoc,1610612749.0,Milwaukee,Bucks,MIL,0,0,,,,,,0
0020300705,302,3,12,3,10:19 PM,3:40,Taylor Free Throw 2 of 2 (7 PTS),,,58 - 68,10,4,1508,Maurice Taylor,1610612745.0,Houston,Rockets,HOU,0,0,,,,,,0,0,,,,,,0
0020300705,303,1,3,3,10:20 PM,3:22,,,Skinner 9' Hook Shot (14 PTS),60 - 68,8,5,1730,Brian Skinner,1610612749.0,Milwaukee,Bucks,MIL,0,0,,,,,,0,0,,,,,,0
0020300705,304,2,66,3,10:20 PM,3:02,MISS Weatherspoon 11' Jump Bank Shot,,,,,4,221,Clar. Weatherspoon,1610612745.0,Houston,Rockets,HOU,0,0,,,,,,0,0,,,,,,0
0020300705,305,4,0,3,10:20 PM,3:00,,,Skinner REBOUND (Off:1 Def:3),,,5,1730,Brian Skinner,1610612749.0,Milwaukee,Bucks,MIL,0,0,,,,,,0,0,,,,,,0
0020300705,306,2,42,3,10:20 PM,2:53,Taylor BLOCK (1 BLK),,MISS Ford  Driving Layup,,,5,2551,T.J. Ford,1610612749.0,Milwaukee,Bucks,MIL,0,0,,,,,,4,1508,Maurice Taylor,1610612745.0,Houston,Rockets,HOU,0
0020300705,308,4,0,3,10:20 PM,2:51,,,Ford REBOUND (Off:1 Def:3),,,5,2551,T.J. Ford,1610612749.0,Milwaukee,Bucks,MIL,0,0,,,,,,0,0,,,,,,0
0020300705,307,2,5,3,10:20 PM,2:50,,,MISS Ford  Layup,,,5,2551,T.J. Ford,1610612749.0,Milwaukee,Bucks,MIL,0,0,,,,,,0,0,,,,,,0
0020300705,309,4,0,3,10:20 PM,2:49,Mobley REBOUND (Off:0 Def:4),,,,,4,1749,Cuttino Mobley,1610612745.0,Houston,Rockets,HOU,0,0,,,,,,0,0,,,,,,0
0020300705,310,1,1,3,10:20 PM,2:40,Jackson 8' Jump Shot (11 PTS),,,60 - 70,10,4,754,Jim Jackson,1610612745.0,Houston,Rockets,HOU,0,0,,,,,,0,0,,,,,,0
0020300705,311,2,1,3,10:21 PM,2:18,,,MISS Thomas 24' 3PT Jump Shot,,,5,1501,Tim Thomas,1610612749.0,Milwaukee,Bucks,MIL,0,0,,,,,,0,0,,,,,,0
0020300705,312,4,0,3,10:21 PM,2:16,Weatherspoon REBOUND (Off:1 Def:2),,,,,4,221,Clar. Weatherspoon,1610612745.0,Houston,Rockets,HOU,0,0,,,,,,0,0,,,,,,0
0020300705,313,2,5,3,10:21 PM,2:11,MISS Francis  Layup,,,,,4,1883,Steve Francis,1610612745.0,Houston,Rockets,HOU,0,0,,,,,,0,0,,,,,,0
0020300705,314,4,0,3,10:21 PM,2:10,,,Kukoc REBOUND (Off:0 Def:1),,,5,389,Toni Kukoc,1610612749.0,Milwaukee,Bucks,MIL,0,0,,,,,,0,0,,,,,,0
0020300705,315,9,1,3,10:21 PM,1:53,,,Bucks Timeout: Regular (Reg.3 Short 0),,,3,1610612749,,,,,,0,0,,,,,,0,0,,,,,,0
0020300705,317,1,42,3,10:24 PM,1:48,,,Ford  Driving Layup (4 PTS),62 - 70,8,5,2551,T.J. Ford,1610612749.0,Milwaukee,Bucks,MIL,0,0,,,,,,0,0,,,,,,0
0020300705,318,1,44,3,10:24 PM,1:28,Taylor  Reverse Layup (9 PTS) (Mobley 3 AST),,,62 - 72,10,4,1508,Maurice Taylor,1610612745.0,Houston,Rockets,HOU,4,1749,Cuttino Mobley,1610612745.0,Houston,Rockets,HOU,0,0,,,,,,0
0020300705,319,5,1,3,10:24 PM,1:09,Jackson STEAL (2 STL),,Kukoc Bad Pass Turnover (P2.T9),,,5,389,Toni Kukoc,1610612749.0,Milwaukee,Bucks,MIL,4,754,Jim Jackson,1610612745.0,Houston,Rockets,HOU,0,0,,,,,,0
0020300705,320,6,9,3,10:24 PM,1:08,,,Thomas C.P.FOUL (P2.PN),,,5,1501,Tim Thomas,1610612749.0,Milwaukee,Bucks,MIL,0,0,,,,,,1,0,,,,,,0
0020300705,321,3,17,3,10:25 PM,1:08,Jackson Free Throw Clear Path (12 PTS),,,62 - 73,11,4,754,Jim Jackson,1610612745.0,Houston,Rockets,HOU,0,0,,,,,,0,0,,,,,,0
0020300705,322,1,47,3,10:25 PM,0:53,Weatherspoon 8' Turnaround Jump Shot (4 PTS),,,62 - 75,13,4,221,Clar. Weatherspoon,1610612745.0,Houston,Rockets,HOU,0,0,,,,,,0,0,,,,,,0
0020300705,323,2,1,3,10:26 PM,0:42,,,MISS Kukoc 26' 3PT Jump Shot,,,5,389,Toni Kukoc,1610612749.0,Milwaukee,Bucks,MIL,0,0,,,,,,0,0,,,,,,0
0020300705,324,4,0,3,10:26 PM,0:40,,,Redd REBOUND (Off:2 Def:1),,,5,2072,Michael Redd,1610612749.0,Milwaukee,Bucks,MIL,0,0,,,,,,0,0,,,,,,0
0020300705,325,2,5,3,10:26 PM,0:38,Francis BLOCK (2 BLK),,MISS Skinner  Layup,,,5,1730,Brian Skinner,1610612749.0,Milwaukee,Bucks,MIL,0,0,,,,,,4,1883,Steve Francis,1610612745.0,Houston,Rockets,HOU,0
0020300705,326,4,0,3,10:26 PM,0:35,,,Bucks Rebound,,,3,1610612749,,,,,,0,0,,,,,,0,0,,,,,,0
0020300705,327,6,1,3,10:26 PM,0:31,Weatherspoon P.FOUL (P3.T3),,,,,4,221,Clar. Weatherspoon,1610612745.0,Houston,Rockets,HOU,0,0,,,,,,1,0,,,,,,0
0020300705,328,2,1,3,10:27 PM,0:25,,,MISS Kukoc 26' 3PT Jump Shot,,,5,389,Toni Kukoc,1610612749.0,Milwaukee,Bucks,MIL,0,0,,,,,,0,0,,,,,,0
0020300705,329,4,0,3,10:27 PM,0:24,Jackson REBOUND (Off:1 Def:7),,,,,4,754,Jim Jackson,1610612745.0,Houston,Rockets,HOU,0,0,,,,,,0,0,,,,,,0
0020300705,330,5,2,3,10:27 PM,0:00,Francis Lost Ball Turnover (P1.T9),,Kukoc STEAL (1 STL),,,4,1883,Steve Francis,1610612745.0,Houston,Rockets,HOU,5,389,Toni Kukoc,1610612749.0,Milwaukee,Bucks,MIL,0,0,,,,,,0
0020300705,331,13,0,3,10:27 PM,0:00,,,,62 - 75,13,0,0,,,,,,0,0,,,,,,0,0,,,,,,0
0020300705,333,12,0,4,10:30 PM,12:00,,,,62 - 75,13,0,0,,,,,,0,0,,,,,,0,0,,,,,,0
0020300705,334,1,1,4,10:30 PM,11:44,,,Kukoc 26' 3PT Jump Shot (6 PTS) (Ford 7 AST),65 - 75,10,5,389,Toni Kukoc,1610612749.0,Milwaukee,Bucks,MIL,5,2551,T.J. Ford,1610612749.0,Milwaukee,Bucks,MIL,0,0,,,,,,0
0020300705,335,2,1,4,10:30 PM,11:29,MISS Mobley  3PT Jump Shot,,,,,4,1749,Cuttino Mobley,1610612745.0,Houston,Rockets,HOU,0,0,,,,,,0,0,,,,,,0
0020300705,336,4,0,4,10:30 PM,11:27,,,Bucks Rebound,,,3,1610612749,,,,,,0,0,,,,,,0,0,,,,,,0
0020300705,337,2,3,4,10:31 PM,11:09,,,MISS Kukoc 5' Hook Shot,,,5,389,Toni Kukoc,1610612749.0,Milwaukee,Bucks,MIL,0,0,,,,,,0,0,,,,,,0
0020300705,338,4,0,4,10:31 PM,11:07,Weatherspoon REBOUND (Off:1 Def:3),,,,,4,221,Clar. Weatherspoon,1610612745.0,Houston,Rockets,HOU,0,0,,,,,,0,0,,,,,,0
0020300705,339,1,5,4,10:31 PM,11:05,Francis  Layup (16 PTS) (Weatherspoon 1 AST),,,65 - 77,12,4,1883,Steve Francis,1610612745.0,Houston,Rockets,HOU,4,221,Clar. Weatherspoon,1610612745.0,Houston,Rockets,HOU,0,0,,,,,,0
0020300705,340,6,2,4,10:31 PM,11:05,,,Thomas S.FOUL (P3.T1),,,5,1501,Tim Thomas,1610612749.0,Milwaukee,Bucks,MIL,0,0,,,,,,1,0,,,,,,0
0020300705,341,8,0,4,10:31 PM,11:05,SUB: Griffin FOR Mobley,,,,,4,1749,Cuttino Mobley,1610612745.0,Houston,Rockets,HOU,4,1559,Adrian Griffin,1610612745.0,Houston,Rockets,HOU,0,0,,,,,,0
0020300705,342,3,10,4,10:31 PM,11:05,Francis Free Throw 1 of 1 (17 PTS),,,65 - 78,13,4,1883,Steve Francis,1610612745.0,Houston,Rockets,HOU,0,0,,,,,,0,0,,,,,,0
0020300705,343,2,1,4,10:32 PM,10:52,,,MISS Kukoc 25' 3PT Jump Shot,,,5,389,Toni Kukoc,1610612749.0,Milwaukee,Bucks,MIL,0,0,,,,,,0,0,,,,,,0
0020300705,344,4,0,4,10:32 PM,10:50,Francis REBOUND (Off:0 Def:5),,,,,4,1883,Steve Francis,1610612745.0,Houston,Rockets,HOU,0,0,,,,,,0,0,,,,,,0
0020300705,345,2,1,4,10:32 PM,10:34,MISS Francis 20' Jump Shot,,,,,4,1883,Steve Francis,1610612745.0,Houston,Rockets,HOU,0,0,,,,,,0,0,,,,,,0
0020300705,346,4,0,4,10:32 PM,10:32,,,Thomas REBOUND (Off:0 Def:4),,,5,1501,Tim Thomas,1610612749.0,Milwaukee,Bucks,MIL,0,0,,,,,,0,0,,,,,,0
0020300705,347,2,47,4,10:32 PM,10:21,,,MISS Thomas 12' Turnaround Jump Shot,,,5,1501,Tim Thomas,1610612749.0,Milwaukee,Bucks,MIL,0,0,,,,,,0,0,,,,,,0
0020300705,348,4,0,4,10:32 PM,10:19,Jackson REBOUND (Off:1 Def:8),,,,,4,754,Jim Jackson,1610612745.0,Houston,Rockets,HOU,0,0,,,,,,0,0,,,,,,0
0020300705,349,1,5,4,10:33 PM,9:59,Taylor  Layup (11 PTS) (Francis 5 AST),,,65 - 80,15,4,1508,Maurice Taylor,1610612745.0,Houston,Rockets,HOU,4,1883,Steve Francis,1610612745.0,Houston,Rockets,HOU,0,0,,,,,,0
0020300705,350,9,1,4,10:33 PM,9:52,,,Bucks Timeout: Regular (Reg.4 Short 0),,,3,1610612749,,,,,,0,0,,,,,,0,0,,,,,,0
0020300705,352,8,0,4,10:35 PM,9:52,,,SUB: Jones FOR Ford,,,5,2551,T.J. Ford,1610612749.0,Milwaukee,Bucks,MIL,5,1800,Damon Jones,1610612749.0,Milwaukee,Bucks,MIL,0,0,,,,,,0
0020300705,353,8,0,4,10:35 PM,9:52,,,SUB: Smith FOR Kukoc,,,5,389,Toni Kukoc,1610612749.0,Milwaukee,Bucks,MIL,5,693,Joe Smith,1610612749.0,Milwaukee,Bucks,MIL,0,0,,,,,,0
0020300705,354,2,1,4,10:35 PM,9:40,,,MISS Mason 10' Jump Shot,,,5,2046,Desmond Mason,1610612749.0,Milwaukee,Bucks,MIL,0,0,,,,,,0,0,,,,,,0
0020300705,355,4,0,4,10:35 PM,9:40,,,Bucks Rebound,,,3,1610612749,,,,,,0,0,,,,,,0,0,,,,,,0
0020300705,356,6,3,4,10:35 PM,9:40,Jackson L.B.FOUL (P2.T1),,,,,4,754,Jim Jackson,1610612745.0,Houston,Rockets,HOU,0,0,,,,,,1,0,,,,,,0
0020300705,357,2,1,4,10:36 PM,9:30,,,MISS Thomas 7' Jump Shot,,,5,1501,Tim Thomas,1610612749.0,Milwaukee,Bucks,MIL,0,0,,,,,,0,0,,,,,,0
0020300705,358,4,0,4,10:36 PM,9:28,,,Bucks Rebound,,,3,1610612749,,,,,,0,0,,,,,,0,0,,,,,,0
0020300705,359,1,46,4,10:36 PM,9:17,,,Smith 5' Running Jump Shot (11 PTS) (Jones 1 AST),67 - 80,13,5,693,Joe Smith,1610612749.0,Milwaukee,Bucks,MIL,5,1800,Damon Jones,1610612749.0,Milwaukee,Bucks,MIL,0,0,,,,,,0
0020300705,360,1,5,4,10:36 PM,8:53,Taylor  Layup (13 PTS),,,67 - 82,15,4,1508,Maurice Taylor,1610612745.0,Houston,Rockets,HOU,0,0,,,,,,0,0,,,,,,0
0020300705,361,1,41,4,10:37 PM,8:27,,,Jones  Running Layup (5 PTS),69 - 82,13,5,1800,Damon Jones,1610612749.0,Milwaukee,Bucks,MIL,0,0,,,,,,0,0,,,,,,0
0020300705,362,2,42,4,10:37 PM,8:10,MISS Taylor  Driving Layup,,,,,4,1508,Maurice Taylor,1610612745.0,Houston,Rockets,HOU,0,0,,,,,,0,0,,,,,,0
0020300705,363,4,0,4,10:37 PM,8:08,,,Gadzuric REBOUND (Off:1 Def:1),,,5,2429,Dan Gadzuric,1610612749.0,Milwaukee,Bucks,MIL,0,0,,,,,,0,0,,,,,,0
0020300705,364,2,1,4,10:37 PM,7:59,,,MISS Gadzuric 11' Jump Shot,,,5,2429,Dan Gadzuric,1610612749.0,Milwaukee,Bucks,MIL,0,0,,,,,,0,0,,,,,,0
0020300705,365,4,0,4,10:38 PM,7:57,Griffin REBOUND (Off:0 Def:3),,,,,4,1559,Adrian Griffin,1610612745.0,Houston,Rockets,HOU,0,0,,,,,,0,0,,,,,,0
0020300705,366,2,1,4,10:38 PM,7:46,MISS Griffin  3PT Jump Shot,,,,,4,1559,Adrian Griffin,1610612745.0,Houston,Rockets,HOU,0,0,,,,,,0,0,,,,,,0
0020300705,367,4,0,4,10:38 PM,7:44,,,Thomas REBOUND (Off:0 Def:5),,,5,1501,Tim Thomas,1610612749.0,Milwaukee,Bucks,MIL,0,0,,,,,,0,0,,,,,,0
0020300705,368,1,52,4,10:38 PM,7:41,,,Mason  Alley Oop Dunk (6 PTS) (Jones 2 AST),71 - 82,11,5,2046,Desmond Mason,1610612749.0,Milwaukee,Bucks,MIL,5,1800,Damon Jones,1610612749.0,Milwaukee,Bucks,MIL,0,0,,,,,,0
0020300705,369,6,4,4,10:38 PM,7:21,Francis OFF.Foul (P2),,,,,4,1883,Steve Francis,1610612745.0,Houston,Rockets,HOU,0,0,,,,,,1,0,,,,,,0
0020300705,370,5,5,4,10:38 PM,7:21,Francis Foul Turnover (P2.T10),,,,,4,1883,Steve Francis,1610612745.0,Houston,Rockets,HOU,0,0,,,,,,0,0,,,,,,0
0020300705,371,8,0,4,10:38 PM,7:21,SUB: Yao FOR Taylor,,,,,4,1508,Maurice Taylor,1610612745.0,Houston,Rockets,HOU,4,2397,Yao Ming,1610612745.0,Houston,Rockets,HOU,0,0,,,,,,0
0020300705,372,8,0,4,10:38 PM,7:21,,,SUB: Redd FOR Thomas,,,5,1501,Tim Thomas,1610612749.0,Milwaukee,Bucks,MIL,5,2072,Michael Redd,1610612749.0,Milwaukee,Bucks,MIL,0,0,,,,,,0
0020300705,373,8,0,4,10:38 PM,7:21,SUB: Mobley FOR Jackson,,,,,4,754,Jim Jackson,1610612745.0,Houston,Rockets,HOU,4,1749,Cuttino Mobley,1610612745.0,Houston,Rockets,HOU,0,0,,,,,,0
0020300705,374,8,0,4,10:39 PM,7:21,SUB: Jackson FOR Francis,,,,,4,1883,Steve Francis,1610612745.0,Houston,Rockets,HOU,4,349,Mark Jackson,1610612745.0,Houston,Rockets,HOU,0,0,,,,,,0
0020300705,375,6,11,4,10:39 PM,7:21,Francis T.FOUL (P2.T1),,,,,4,1883,Steve Francis,1610612745.0,Houston,Rockets,HOU,0,0,,,,,,1,0,,,,,,0
0020300705,376,3,16,4,10:39 PM,7:21,,,Redd Free Throw Technical (12 PTS),72 - 82,10,5,2072,Michael Redd,1610612749.0,Milwaukee,Bucks,MIL,0,0,,,,,,0,0,,,,,,0
0020300705,377,2,1,4,10:39 PM,7:10,,,MISS Redd 27' 3PT Jump Shot,,,5,2072,Michael Redd,1610612749.0,Milwaukee,Bucks,MIL,0,0,,,,,,0,0,,,,,,0
0020300705,378,4,0,4,10:39 PM,7:10,,,Bucks Rebound,,,3,1610612749,,,,,,0,0,,,,,,0,0,,,,,,0
0020300705,379,5,2,4,10:40 PM,7:01,Griffin STEAL (3 STL),,Mason Lost Ball Turnover (P2.T10),,,5,2046,Desmond Mason,1610612749.0,Milwaukee,Bucks,MIL,4,1559,Adrian Griffin,1610612745.0,Houston,Rockets,HOU,0,0,,,,,,0
0020300705,380,2,1,4,10:40 PM,6:43,MISS Yao 6' Jump Shot,,Smith BLOCK (3 BLK),,,4,2397,Yao Ming,1610612745.0,Houston,Rockets,HOU,0,0,,,,,,5,693,Joe Smith,1610612749.0,Milwaukee,Bucks,MIL,0
0020300705,381,4,0,4,10:40 PM,6:41,,,Redd REBOUND (Off:2 Def:2),,,5,2072,Michael Redd,1610612749.0,Milwaukee,Bucks,MIL,0,0,,,,,,0,0,,,,,,0
0020300705,382,1,41,4,10:40 PM,6:30,,,Jones  Running Layup (7 PTS),74 - 82,8,5,1800,Damon Jones,1610612749.0,Milwaukee,Bucks,MIL,0,0,,,,,,0,0,,,,,,0
0020300705,383,9,1,4,10:40 PM,6:23,ROCKETS Timeout: Regular (Full 4 Short 1),,,,,2,1610612745,,,,,,0,0,,,,,,0,0,,,,,,0
0020300705,385,8,0,4,10:42 PM,6:23,SUB: Taylor FOR Weatherspoon,,,,,4,221,Clar. Weatherspoon,1610612745.0,Houston,Rockets,HOU,4,1508,Maurice Taylor,1610612745.0,Houston,Rockets,HOU,0,0,,,,,,0
0020300705,386,6,2,4,10:43 PM,6:12,,,Gadzuric S.FOUL (P4.T2),,,5,2429,Dan Gadzuric,1610612749.0,Milwaukee,Bucks,MIL,0,0,,,,,,1,0,,,,,,0
0020300705,387,3,11,4,10:43 PM,6:12,Yao Free Throw 1 of 2 (13 PTS),,,74 - 83,9,4,2397,Yao Ming,1610612745.0,Houston,Rockets,HOU,0,0,,,,,,0,0,,,,,,0
0020300705,388,3,12,4,10:43 PM,6:12,Yao Free Throw 2 of 2 (14 PTS),,,74 - 84,10,4,2397,Yao Ming,1610612745.0,Houston,Rockets,HOU,0,0,,,,,,0,0,,,,,,0
0020300705,389,2,1,4,10:44 PM,6:00,,,MISS Jones 6' Jump Shot,,,5,1800,Damon Jones,1610612749.0,Milwaukee,Bucks,MIL,0,0,,,,,,0,0,,,,,,0
0020300705,390,4,0,4,10:44 PM,5:58,Yao REBOUND (Off:1 Def:3),,,,,4,2397,Yao Ming,1610612745.0,Houston,Rockets,HOU,0,0,,,,,,0,0,,,,,,0
0020300705,391,1,63,4,10:44 PM,5:39,Taylor 9' Fadeaway Jumper (15 PTS),,,74 - 86,12,4,1508,Maurice Taylor,1610612745.0,Houston,Rockets,HOU,0,0,,,,,,0,0,,,,,,0
0020300705,392,1,49,4,10:44 PM,5:24,,,Smith  Driving Dunk (13 PTS) (Jones 3 AST),76 - 86,10,5,693,Joe Smith,1610612749.0,Milwaukee,Bucks,MIL,5,1800,Damon Jones,1610612749.0,Milwaukee,Bucks,MIL,0,0,,,,,,0
0020300705,393,2,66,4,10:45 PM,5:06,MISS Mobley 15' Jump Bank Shot,,,,,4,1749,Cuttino Mobley,1610612745.0,Houston,Rockets,HOU,0,0,,,,,,0,0,,,,,,0
0020300705,394,4,0,4,10:45 PM,5:04,Taylor REBOUND (Off:2 Def:0),,,,,4,1508,Maurice Taylor,1610612745.0,Houston,Rockets,HOU,0,0,,,,,,0,0,,,,,,0
0020300705,395,1,1,4,10:45 PM,4:57,Taylor 15' Jump Shot (17 PTS),,,76 - 88,12,4,1508,Maurice Taylor,1610612745.0,Houston,Rockets,HOU,0,0,,,,,,0,0,,,,,,0
0020300705,396,2,3,4,10:45 PM,4:34,,,MISS Smith 6' Hook Shot,,,5,693,Joe Smith,1610612749.0,Milwaukee,Bucks,MIL,0,0,,,,,,0,0,,,,,,0
0020300705,397,4,0,4,10:45 PM,4:33,ROCKETS Rebound,,,,,2,1610612745,,,,,,0,0,,,,,,0,0,,,,,,0
0020300705,398,8,0,4,10:45 PM,4:33,SUB: Jackson FOR Griffin,,,,,4,1559,Adrian Griffin,1610612745.0,Houston,Rockets,HOU,4,754,Jim Jackson,1610612745.0,Houston,Rockets,HOU,0,0,,,,,,0
0020300705,399,8,0,4,10:46 PM,4:33,,,SUB: Skinner FOR Gadzuric,,,5,2429,Dan Gadzuric,1610612749.0,Milwaukee,Bucks,MIL,5,1730,Brian Skinner,1610612749.0,Milwaukee,Bucks,MIL,0,0,,,,,,0
0020300705,400,2,1,4,10:46 PM,4:21,MISS Taylor 19' Jump Shot,,,,,4,1508,Maurice Taylor,1610612745.0,Houston,Rockets,HOU,0,0,,,,,,0,0,,,,,,0
0020300705,401,4,0,4,10:46 PM,4:19,,,Jones REBOUND (Off:0 Def:2),,,5,1800,Damon Jones,1610612749.0,Milwaukee,Bucks,MIL,0,0,,,,,,0,0,,,,,,0
0020300705,402,1,3,4,10:46 PM,4:07,,,Skinner 9' Hook Shot (16 PTS) (Jones 4 AST),78 - 88,10,5,1730,Brian Skinner,1610612749.0,Milwaukee,Bucks,MIL,5,1800,Damon Jones,1610612749.0,Milwaukee,Bucks,MIL,0,0,,,,,,0
0020300705,403,6,1,4,10:46 PM,3:54,,,Skinner P.FOUL (P3.T3),,,5,1730,Brian Skinner,1610612749.0,Milwaukee,Bucks,MIL,0,0,,,,,,1,0,,,,,,0
0020300705,404,8,0,4,10:47 PM,3:54,SUB: Francis FOR Jackson,,,,,4,349,Mark Jackson,1610612745.0,Houston,Rockets,HOU,4,1883,Steve Francis,1610612745.0,Houston,Rockets,HOU,0,0,,,,,,0
0020300705,405,2,1,4,10:47 PM,3:44,MISS Mobley 25' 3PT Jump Shot,,,,,4,1749,Cuttino Mobley,1610612745.0,Houston,Rockets,HOU,0,0,,,,,,0,0,,,,,,0
0020300705,406,4,0,4,10:47 PM,3:42,,,Mason REBOUND (Off:3 Def:5),,,5,2046,Desmond Mason,1610612749.0,Milwaukee,Bucks,MIL,0,0,,,,,,0,0,,,,,,0
0020300705,407,1,66,4,10:47 PM,3:33,,,Mason 8' Jump Bank Shot (8 PTS),80 - 88,8,5,2046,Desmond Mason,1610612749.0,Milwaukee,Bucks,MIL,0,0,,,,,,0,0,,,,,,0
0020300705,408,1,1,4,10:47 PM,3:17,Jackson 14' Jump Shot (14 PTS),,,80 - 90,10,4,754,Jim Jackson,1610612745.0,Houston,Rockets,HOU,0,0,,,,,,0,0,,,,,,0
0020300705,409,1,1,4,10:48 PM,2:52,,,Mason 23' Jump Shot (10 PTS) (Skinner 2 AST),82 - 90,8,5,2046,Desmond Mason,1610612749.0,Milwaukee,Bucks,MIL,5,1730,Brian Skinner,1610612749.0,Milwaukee,Bucks,MIL,0,0,,,,,,0
0020300705,410,1,1,4,10:48 PM,2:33,Francis 26' 3PT Jump Shot (20 PTS) (Taylor 1 AST),,,82 - 93,11,4,1883,Steve Francis,1610612745.0,Houston,Rockets,HOU,4,1508,Maurice Taylor,1610612745.0,Houston,Rockets,HOU,0,0,,,,,,0
0020300705,411,6,2,4,10:49 PM,2:16,Jackson S.FOUL (P3.T2),,,,,4,754,Jim Jackson,1610612745.0,Houston,Rockets,HOU,0,0,,,,,,1,0,,,,,,0
0020300705,412,9,4,4,10:49 PM,2:16,,,,,,1,0,,,,,,0,0,,,,,,0,0,,,,,,0
0020300705,414,3,11,4,10:51 PM,2:16,,,MISS Skinner Free Throw 1 of 2,,,5,1730,Brian Skinner,1610612749.0,Milwaukee,Bucks,MIL,0,0,,,,,,0,0,,,,,,0
0020300705,415,4,1,4,10:51 PM,2:16,,,Bucks Rebound,,,3,1610612749,,,,,,0,0,,,,,,0,0,,,,,,0
0020300705,416,3,12,4,10:51 PM,2:16,,,Skinner Free Throw 2 of 2 (17 PTS),83 - 93,10,5,1730,Brian Skinner,1610612749.0,Milwaukee,Bucks,MIL,0,0,,,,,,0,0,,,,,,0
0020300705,417,1,5,4,10:52 PM,2:02,Taylor  Layup (19 PTS) (Francis 6 AST),,,83 - 95,12,4,1508,Maurice Taylor,1610612745.0,Houston,Rockets,HOU,4,1883,Steve Francis,1610612745.0,Houston,Rockets,HOU,0,0,,,,,,0
0020300705,418,1,46,4,10:52 PM,1:50,,,Mason 5' Running Jump Shot (12 PTS),85 - 95,10,5,2046,Desmond Mason,1610612749.0,Milwaukee,Bucks,MIL,0,0,,,,,,0,0,,,,,,0
0020300705,419,6,2,4,10:52 PM,1:50,Taylor S.FOUL (P4.T3),,,,,4,1508,Maurice Taylor,1610612745.0,Houston,Rockets,HOU,0,0,,,,,,1,0,,,,,,0
0020300705,420,3,10,4,10:52 PM,1:50,,,MISS Mason Free Throw 1 of 1,,,5,2046,Desmond Mason,1610612749.0,Milwaukee,Bucks,MIL,0,0,,,,,,0,0,,,,,,0
0020300705,421,4,0,4,10:53 PM,1:50,Mobley REBOUND (Off:0 Def:5),,,,,4,1749,Cuttino Mobley,1610612745.0,Houston,Rockets,HOU,0,0,,,,,,0,0,,,,,,0
0020300705,422,2,1,4,10:53 PM,1:28,MISS Jackson 24' 3PT Jump Shot,,,,,4,754,Jim Jackson,1610612745.0,Houston,Rockets,HOU,0,0,,,,,,0,0,,,,,,0
0020300705,423,4,0,4,10:53 PM,1:26,Taylor REBOUND (Off:3 Def:0),,,,,4,1508,Maurice Taylor,1610612745.0,Houston,Rockets,HOU,0,0,,,,,,0,0,,,,,,0
0020300705,424,1,5,4,10:53 PM,1:25,Yao  Layup (16 PTS) (Taylor 2 AST),,,85 - 97,12,4,2397,Yao Ming,1610612745.0,Houston,Rockets,HOU,4,1508,Maurice Taylor,1610612745.0,Houston,Rockets,HOU,0,0,,,,,,0
0020300705,425,2,1,4,10:53 PM,1:14,,,MISS Skinner 20' Jump Shot,,,5,1730,Brian Skinner,1610612749.0,Milwaukee,Bucks,MIL,0,0,,,,,,0,0,,,,,,0
0020300705,426,4,0,4,10:53 PM,1:12,Yao REBOUND (Off:1 Def:4),,,,,4,2397,Yao Ming,1610612745.0,Houston,Rockets,HOU,0,0,,,,,,0,0,,,,,,0
0020300705,427,1,42,4,10:54 PM,0:56,Francis  Driving Layup (22 PTS),,,85 - 99,14,4,1883,Steve Francis,1610612745.0,Houston,Rockets,HOU,0,0,,,,,,0,0,,,,,,0
0020300705,428,6,2,4,10:54 PM,0:56,,,Smith S.FOUL (P4.T4),,,5,693,Joe Smith,1610612749.0,Milwaukee,Bucks,MIL,0,0,,,,,,1,0,,,,,,0
0020300705,429,8,0,4,10:54 PM,0:56,SUB: Griffin FOR Yao,,,,,4,2397,Yao Ming,1610612745.0,Houston,Rockets,HOU,4,1559,Adrian Griffin,1610612745.0,Houston,Rockets,HOU,0,0,,,,,,0
0020300705,430,8,0,4,10:54 PM,0:56,,,SUB: Gadzuric FOR Smith,,,5,693,Joe Smith,1610612749.0,Milwaukee,Bucks,MIL,5,2429,Dan Gadzuric,1610612749.0,Milwaukee,Bucks,MIL,0,0,,,,,,0
0020300705,431,3,10,4,10:54 PM,0:56,Francis Free Throw 1 of 1 (23 PTS),,,85 - 100,15,4,1883,Steve Francis,1610612745.0,Houston,Rockets,HOU,0,0,,,,,,0,0,,,,,,0
0020300705,432,6,2,4,10:55 PM,0:45,Francis S.FOUL (P3.PN),,,,,4,1883,Steve Francis,1610612745.0,Houston,Rockets,HOU,0,0,,,,,,1,0,,,,,,0
0020300705,433,3,13,4,10:55 PM,0:45,,,MISS Jones Free Throw 1 of 3,,,5,1800,Damon Jones,1610612749.0,Milwaukee,Bucks,MIL,0,0,,,,,,0,0,,,,,,0
0020300705,434,4,1,4,10:55 PM,0:45,,,Bucks Rebound,,,3,1610612749,,,,,,0,0,,,,,,0,0,,,,,,0
0020300705,435,8,0,4,10:55 PM,0:45,SUB: Yao FOR Griffin,,,,,4,1559,Adrian Griffin,1610612745.0,Houston,Rockets,HOU,4,2397,Yao Ming,1610612745.0,Houston,Rockets,HOU,0,0,,,,,,0
0020300705,436,3,14,4,10:55 PM,0:45,,,Jones Free Throw 2 of 3 (8 PTS),86 - 100,14,5,1800,Damon Jones,1610612749.0,Milwaukee,Bucks,MIL,0,0,,,,,,0,0,,,,,,0
0020300705,437,3,15,4,10:55 PM,0:45,,,Jones Free Throw 3 of 3 (9 PTS),87 - 100,13,5,1800,Damon Jones,1610612749.0,Milwaukee,Bucks,MIL,0,0,,,,,,0,0,,,,,,0
0020300705,438,1,1,4,10:56 PM,0:24,Mobley 26' 3PT Jump Shot (19 PTS) (Francis 7 AST),,,87 - 103,16,4,1749,Cuttino Mobley,1610612745.0,Houston,Rockets,HOU,4,1883,Steve Francis,1610612745.0,Houston,Rockets,HOU,0,0,,,,,,0
0020300705,439,2,1,4,10:56 PM,0:17,,,MISS Jones 27' 3PT Jump Shot,,,5,1800,Damon Jones,1610612749.0,Milwaukee,Bucks,MIL,0,0,,,,,,0,0,,,,,,0
0020300705,441,4,0,4,10:56 PM,0:15,,,Gadzuric REBOUND (Off:2 Def:1),,,5,2429,Dan Gadzuric,1610612749.0,Milwaukee,Bucks,MIL,0,0,,,,,,0,0,,,,,,0
0020300705,440,1,5,4,10:56 PM,0:15,,,Gadzuric  Layup (4 PTS),89 - 103,14,5,2429,Dan Gadzuric,1610612749.0,Milwaukee,Bucks,MIL,0,0,,,,,,0,0,,,,,,0
0020300705,442,13,0,4,10:57 PM,0:00,,,,89 - 103,14,0,0,,,,,,0,0,,,,,,0,0,,,,,,0
