GAME_ID,EVENTNUM,EVENTMSGTYPE,EVENTMSGACTIONTYPE,PERIOD,WCTIMESTRING,PCTIMESTRING,HOMEDESCRIPTION,NEUTRALDESCRIPTION,VISITORDESCRIPTION,SCORE,SCOREMARGIN,PERSON1TYPE,PLAYER1_ID,PLAYER1_NAME,PLAYER1_TEAM_ID,PLAYER1_TEAM_CITY,PLAYER1_TEAM_NICKNAME,PLAYER1_TEAM_ABBREVIATION,PERSON2TYPE,PLAYER2_ID,PLAYER2_NAME,PLAYER2_TEAM_ID,PLAYER2_TEAM_CITY,PLAYER2_TEAM_NICKNAME,PLAYER2_TEAM_ABBREVIATION,PERSON3TYPE,PLAYER3_ID,PLAYER3_NAME,PLAYER3_TEAM_ID,PLAYER3_TEAM_CITY,PLAYER3_TEAM_NICKNAME,PLAYER3_TEAM_ABBREVIATION,VIDEO_AVAILABLE_FLAG
0020300478,0,12,0,1,7:12 PM,12:00,,,,,,0,0,,,,,,0,0,,,,,,0,0,,,,,,0
0020300478,1,10,0,1,7:13 PM,12:00,Jump Ball Coleman vs. Skinner: Tip to Ford,,,,,4,934,Derrick Coleman,1610612755.0,Philadelphia,76ers,PHI,5,1730,Brian Skinner,1610612749.0,Milwaukee,Bucks,MIL,5,2551,T.J. Ford,1610612749.0,Milwaukee,Bucks,MIL,0
0020300478,2,2,1,1,7:14 PM,11:44,,,MISS Skinner 17' Jump Shot,,,5,1730,Brian Skinner,1610612749.0,Milwaukee,Bucks,MIL,0,0,,,,,,0,0,,,,,,0
0020300478,3,4,0,1,7:14 PM,11:42,76ERS Rebound,,,,,2,1610612755,,,,,,0,0,,,,,,0,0,,,,,,0
0020300478,4,6,1,1,7:14 PM,11:20,,,Ford P.FOUL (P1.T1),,,5,2551,T.J. Ford,1610612749.0,Milwaukee,Bucks,MIL,0,0,,,,,,1,0,,,,,,0
0020300478,5,5,1,1,7:15 PM,11:18,Coleman Bad Pass Turnover (P1.T1),,Thomas STEAL (1 STL),,,4,934,Derrick Coleman,1610612755.0,Philadelphia,76ers,PHI,5,1501,Tim Thomas,1610612749.0,Milwaukee,Bucks,MIL,0,0,,,,,,0
0020300478,6,2,5,1,7:15 PM,11:13,,,MISS Redd  Layup,,,5,2072,Michael Redd,1610612749.0,Milwaukee,Bucks,MIL,0,0,,,,,,0,0,,,,,,0
0020300478,8,4,0,1,7:15 PM,11:09,,,Thomas REBOUND (Off:1 Def:0),,,5,1501,Tim Thomas,1610612749.0,Milwaukee,Bucks,MIL,0,0,,,,,,0,0,,,,,,0
0020300478,7,1,5,1,7:15 PM,11:09,,,Thomas  Layup (2 PTS),2 - 0,-2,5,1501,Tim Thomas,1610612749.0,Milwaukee,Bucks,MIL,0,0,,,,,,0,0,,,,,,0
0020300478,9,2,1,1,7:15 PM,10:51,MISS Thomas 8' Jump Shot,,Smith BLOCK (1 BLK),,,4,1903,Kenny Thomas,1610612755.0,Philadelphia,76ers,PHI,0,0,,,,,,5,693,Joe Smith,1610612749.0,Milwaukee,Bucks,MIL,0
0020300478,10,4,0,1,7:15 PM,10:49,,,Ford REBOUND (Off:0 Def:1),,,5,2551,T.J. Ford,1610612749.0,Milwaukee,Bucks,MIL,0,0,,,,,,0,0,,,,,,0
0020300478,11,1,63,1,7:15 PM,10:37,,,Ford 8' Fadeaway Jumper (2 PTS),4 - 0,-4,5,2551,T.J. Ford,1610612749.0,Milwaukee,Bucks,MIL,0,0,,,,,,0,0,,,,,,0
0020300478,12,2,5,1,7:16 PM,10:17,MISS Thomas  Layup,,,,,4,1903,Kenny Thomas,1610612755.0,Philadelphia,76ers,PHI,0,0,,,,,,0,0,,,,,,0
0020300478,13,4,0,1,7:16 PM,10:16,,,Thomas REBOUND (Off:1 Def:1),,,5,1501,Tim Thomas,1610612749.0,Milwaukee,Bucks,MIL,0,0,,,,,,0,0,,,,,,0
0020300478,14,5,1,1,7:16 PM,10:02,,,Ford Bad Pass Turnover (P1.T1),,,5,2551,T.J. Ford,1610612749.0,Milwaukee,Bucks,MIL,0,0,,,,,,0,0,,,,,,0
0020300478,15,2,1,1,7:16 PM,9:44,MISS Iverson 19' Jump Shot,,,,,4,947,Allen Iverson,1610612755.0,Philadelphia,76ers,PHI,0,0,,,,,,0,0,,,,,,0
0020300478,16,4,0,1,7:16 PM,9:43,,,Thomas REBOUND (Off:1 Def:2),,,5,1501,Tim Thomas,1610612749.0,Milwaukee,Bucks,MIL,0,0,,,,,,0,0,,,,,,0
0020300478,17,2,5,1,7:16 PM,9:29,Thomas BLOCK (1 BLK),,MISS Thomas  Layup,,,5,1501,Tim Thomas,1610612749.0,Milwaukee,Bucks,MIL,0,0,,,,,,4,1903,Kenny Thomas,1610612755.0,Philadelphia,76ers,PHI,0
0020300478,18,4,0,1,7:16 PM,9:28,Coleman REBOUND (Off:0 Def:1),,,,,4,934,Derrick Coleman,1610612755.0,Philadelphia,76ers,PHI,0,0,,,,,,0,0,,,,,,0
0020300478,19,1,1,1,7:17 PM,9:21,Robinson 9' Jump Shot (2 PTS) (Snow 1 AST),,,4 - 2,-2,4,299,Glenn Robinson,1610612755.0,Philadelphia,76ers,PHI,4,727,Eric Snow,1610612755.0,Philadelphia,76ers,PHI,0,0,,,,,,0
0020300478,20,5,1,1,7:17 PM,9:01,,,Ford Bad Pass Turnover (P2.T2),,,5,2551,T.J. Ford,1610612749.0,Milwaukee,Bucks,MIL,0,0,,,,,,0,0,,,,,,0
0020300478,21,5,1,1,7:18 PM,8:47,Snow Bad Pass Turnover (P1.T2),,,,,4,727,Eric Snow,1610612755.0,Philadelphia,76ers,PHI,0,0,,,,,,0,0,,,,,,0
0020300478,22,2,1,1,7:18 PM,8:32,,,MISS Smith 15' Jump Shot,,,5,693,Joe Smith,1610612749.0,Milwaukee,Bucks,MIL,0,0,,,,,,0,0,,,,,,0
0020300478,23,4,0,1,7:18 PM,8:31,,,Skinner REBOUND (Off:1 Def:0),,,5,1730,Brian Skinner,1610612749.0,Milwaukee,Bucks,MIL,0,0,,,,,,0,0,,,,,,0
0020300478,24,2,5,1,7:18 PM,8:27,,,MISS Skinner  Layup,,,5,1730,Brian Skinner,1610612749.0,Milwaukee,Bucks,MIL,0,0,,,,,,0,0,,,,,,0
0020300478,25,4,0,1,7:18 PM,8:26,,,Smith REBOUND (Off:1 Def:0),,,5,693,Joe Smith,1610612749.0,Milwaukee,Bucks,MIL,0,0,,,,,,0,0,,,,,,0
0020300478,26,2,5,1,7:18 PM,8:25,,,MISS Smith  Layup,,,5,693,Joe Smith,1610612749.0,Milwaukee,Bucks,MIL,0,0,,,,,,0,0,,,,,,0
0020300478,27,4,0,1,7:18 PM,8:24,Thomas REBOUND (Off:0 Def:1),,,,,4,1903,Kenny Thomas,1610612755.0,Philadelphia,76ers,PHI,0,0,,,,,,0,0,,,,,,0
0020300478,28,2,1,1,7:18 PM,8:18,MISS Iverson 7' Jump Shot,,,,,4,947,Allen Iverson,1610612755.0,Philadelphia,76ers,PHI,0,0,,,,,,0,0,,,,,,0
0020300478,29,4,0,1,7:18 PM,8:16,,,Ford REBOUND (Off:0 Def:2),,,5,2551,T.J. Ford,1610612749.0,Milwaukee,Bucks,MIL,0,0,,,,,,0,0,,,,,,0
0020300478,30,2,5,1,7:18 PM,8:09,,,MISS Ford  Layup,,,5,2551,T.J. Ford,1610612749.0,Milwaukee,Bucks,MIL,0,0,,,,,,0,0,,,,,,0
0020300478,31,4,0,1,7:18 PM,8:07,Robinson REBOUND (Off:0 Def:1),,,,,4,299,Glenn Robinson,1610612755.0,Philadelphia,76ers,PHI,0,0,,,,,,0,0,,,,,,0
0020300478,32,5,2,1,7:18 PM,8:01,Coleman Lost Ball Turnover (P2.T3),,Redd STEAL (1 STL),,,4,934,Derrick Coleman,1610612755.0,Philadelphia,76ers,PHI,5,2072,Michael Redd,1610612749.0,Milwaukee,Bucks,MIL,0,0,,,,,,0
0020300478,33,1,1,1,7:19 PM,7:53,,,Redd 24' 3PT Jump Shot (3 PTS) (Ford 1 AST),7 - 2,-5,5,2072,Michael Redd,1610612749.0,Milwaukee,Bucks,MIL,5,2551,T.J. Ford,1610612749.0,Milwaukee,Bucks,MIL,0,0,,,,,,0
0020300478,34,2,5,1,7:19 PM,7:34,MISS Coleman  Layup,,,,,4,934,Derrick Coleman,1610612755.0,Philadelphia,76ers,PHI,0,0,,,,,,0,0,,,,,,0
0020300478,35,4,0,1,7:19 PM,7:32,Coleman REBOUND (Off:1 Def:1),,,,,4,934,Derrick Coleman,1610612755.0,Philadelphia,76ers,PHI,0,0,,,,,,0,0,,,,,,0
0020300478,36,2,5,1,7:19 PM,7:25,MISS Iverson  Layup,,,,,4,947,Allen Iverson,1610612755.0,Philadelphia,76ers,PHI,0,0,,,,,,0,0,,,,,,0
0020300478,37,4,0,1,7:19 PM,7:25,Thomas REBOUND (Off:1 Def:1),,,,,4,1903,Kenny Thomas,1610612755.0,Philadelphia,76ers,PHI,0,0,,,,,,0,0,,,,,,0
0020300478,38,5,15,1,7:19 PM,7:25,Thomas Offensive Goaltending Turnover (P1.T4),,,,,4,1903,Kenny Thomas,1610612755.0,Philadelphia,76ers,PHI,0,0,,,,,,1,0,,,,,,0
0020300478,39,2,1,1,7:19 PM,7:23,,,MISS Redd 7' Jump Shot,,,5,2072,Michael Redd,1610612749.0,Milwaukee,Bucks,MIL,0,0,,,,,,0,0,,,,,,0
0020300478,40,4,0,1,7:19 PM,7:20,Snow REBOUND (Off:0 Def:1),,,,,4,727,Eric Snow,1610612755.0,Philadelphia,76ers,PHI,0,0,,,,,,0,0,,,,,,0
0020300478,41,1,44,1,7:20 PM,7:06,Thomas  Reverse Layup (2 PTS),,,7 - 4,-3,4,1903,Kenny Thomas,1610612755.0,Philadelphia,76ers,PHI,0,0,,,,,,0,0,,,,,,0
0020300478,42,1,3,1,7:20 PM,6:46,,,Skinner 6' Hook Shot (2 PTS) (Smith 1 AST),9 - 4,-5,5,1730,Brian Skinner,1610612749.0,Milwaukee,Bucks,MIL,5,693,Joe Smith,1610612749.0,Milwaukee,Bucks,MIL,0,0,,,,,,0
0020300478,43,2,1,1,7:20 PM,6:27,MISS Robinson 25' 3PT Jump Shot,,,,,4,299,Glenn Robinson,1610612755.0,Philadelphia,76ers,PHI,0,0,,,,,,0,0,,,,,,0
0020300478,44,4,0,1,7:20 PM,6:25,,,Ford REBOUND (Off:0 Def:3),,,5,2551,T.J. Ford,1610612749.0,Milwaukee,Bucks,MIL,0,0,,,,,,0,0,,,,,,0
0020300478,45,1,8,1,7:20 PM,6:19,,,Skinner  Slam Dunk (4 PTS) (Ford 2 AST),11 - 4,-7,5,1730,Brian Skinner,1610612749.0,Milwaukee,Bucks,MIL,5,2551,T.J. Ford,1610612749.0,Milwaukee,Bucks,MIL,0,0,,,,,,0
0020300478,46,9,1,1,7:21 PM,6:06,76ERS Timeout: Regular (Full 1 Short 0),,,,,2,1610612755,,,,,,0,0,,,,,,0,0,,,,,,0
0020300478,47,2,1,1,7:23 PM,5:56,MISS Robinson 9' Jump Shot,,,,,4,299,Glenn Robinson,1610612755.0,Philadelphia,76ers,PHI,0,0,,,,,,0,0,,,,,,0
0020300478,48,4,0,1,7:23 PM,5:53,,,Redd REBOUND (Off:0 Def:1),,,5,2072,Michael Redd,1610612749.0,Milwaukee,Bucks,MIL,0,0,,,,,,0,0,,,,,,0
0020300478,49,1,1,1,7:23 PM,5:45,,,Skinner 14' Jump Shot (6 PTS) (Redd 1 AST),13 - 4,-9,5,1730,Brian Skinner,1610612749.0,Milwaukee,Bucks,MIL,5,2072,Michael Redd,1610612749.0,Milwaukee,Bucks,MIL,0,0,,,,,,0
0020300478,50,2,5,1,7:24 PM,5:29,MISS Snow  Layup,,Smith BLOCK (2 BLK),,,4,727,Eric Snow,1610612755.0,Philadelphia,76ers,PHI,0,0,,,,,,5,693,Joe Smith,1610612749.0,Milwaukee,Bucks,MIL,0
0020300478,51,4,0,1,7:24 PM,5:27,,,Skinner REBOUND (Off:1 Def:1),,,5,1730,Brian Skinner,1610612749.0,Milwaukee,Bucks,MIL,0,0,,,,,,0,0,,,,,,0
0020300478,52,1,1,1,7:24 PM,5:23,,,Thomas 13' Jump Shot (4 PTS),15 - 4,-11,5,1501,Tim Thomas,1610612749.0,Milwaukee,Bucks,MIL,0,0,,,,,,0,0,,,,,,0
0020300478,53,1,1,1,7:24 PM,5:04,Coleman 13' Jump Shot (2 PTS) (Iverson 1 AST),,,15 - 6,-9,4,934,Derrick Coleman,1610612755.0,Philadelphia,76ers,PHI,4,947,Allen Iverson,1610612755.0,Philadelphia,76ers,PHI,0,0,,,,,,0
0020300478,54,2,1,1,7:24 PM,4:51,,,MISS Skinner 14' Jump Shot,,,5,1730,Brian Skinner,1610612749.0,Milwaukee,Bucks,MIL,0,0,,,,,,0,0,,,,,,0
0020300478,55,4,0,1,7:24 PM,4:49,Thomas REBOUND (Off:1 Def:2),,,,,4,1903,Kenny Thomas,1610612755.0,Philadelphia,76ers,PHI,0,0,,,,,,0,0,,,,,,0
0020300478,56,6,1,1,7:25 PM,4:37,,,Thomas P.FOUL (P1.T2),,,5,1501,Tim Thomas,1610612749.0,Milwaukee,Bucks,MIL,0,0,,,,,,1,0,,,,,,0
0020300478,57,6,2,1,7:25 PM,4:32,,,Skinner S.FOUL (P1.T3),,,5,1730,Brian Skinner,1610612749.0,Milwaukee,Bucks,MIL,0,0,,,,,,1,0,,,,,,0
0020300478,58,3,11,1,7:25 PM,4:32,MISS Iverson Free Throw 1 of 2,,,,,4,947,Allen Iverson,1610612755.0,Philadelphia,76ers,PHI,0,0,,,,,,0,0,,,,,,0
0020300478,59,4,1,1,7:25 PM,4:32,76ERS Rebound,,,,,2,1610612755,,,,,,0,0,,,,,,0,0,,,,,,0
0020300478,60,3,12,1,7:26 PM,4:32,Iverson Free Throw 2 of 2 (1 PTS),,,15 - 7,-8,4,947,Allen Iverson,1610612755.0,Philadelphia,76ers,PHI,0,0,,,,,,0,0,,,,,,0
0020300478,61,5,1,1,7:26 PM,4:15,Thomas STEAL (1 STL),,Redd Bad Pass Turnover (P1.T3),,,5,2072,Michael Redd,1610612749.0,Milwaukee,Bucks,MIL,4,1903,Kenny Thomas,1610612755.0,Philadelphia,76ers,PHI,0,0,,,,,,0
0020300478,62,2,1,1,7:26 PM,4:09,MISS Iverson 11' Jump Shot,,,,,4,947,Allen Iverson,1610612755.0,Philadelphia,76ers,PHI,0,0,,,,,,0,0,,,,,,0
0020300478,63,4,0,1,7:26 PM,4:07,,,Thomas REBOUND (Off:1 Def:3),,,5,1501,Tim Thomas,1610612749.0,Milwaukee,Bucks,MIL,0,0,,,,,,0,0,,,,,,0
0020300478,64,2,5,1,7:26 PM,4:02,,,MISS Skinner  Layup,,,5,1730,Brian Skinner,1610612749.0,Milwaukee,Bucks,MIL,0,0,,,,,,0,0,,,,,,0
0020300478,66,4,0,1,7:26 PM,4:01,,,Skinner REBOUND (Off:2 Def:1),,,5,1730,Brian Skinner,1610612749.0,Milwaukee,Bucks,MIL,0,0,,,,,,0,0,,,,,,0
0020300478,65,1,5,1,7:26 PM,4:01,,,Skinner  Layup (8 PTS),17 - 7,-10,5,1730,Brian Skinner,1610612749.0,Milwaukee,Bucks,MIL,0,0,,,,,,0,0,,,,,,0
0020300478,67,6,1,1,7:27 PM,3:43,,,Ford P.FOUL (P2.T4),,,5,2551,T.J. Ford,1610612749.0,Milwaukee,Bucks,MIL,0,0,,,,,,1,0,,,,,,0
0020300478,68,9,1,1,7:27 PM,3:43,,,Bucks Timeout: Regular (Reg.1 Short 0),,,3,1610612749,,,,,,0,0,,,,,,0,0,,,,,,0
0020300478,69,8,0,1,7:29 PM,3:43,,,SUB: Gadzuric FOR Ford,,,5,2551,T.J. Ford,1610612749.0,Milwaukee,Bucks,MIL,5,2429,Dan Gadzuric,1610612749.0,Milwaukee,Bucks,MIL,0,0,,,,,,0
0020300478,70,8,0,1,7:29 PM,3:43,,,SUB: Jones FOR Skinner,,,5,1730,Brian Skinner,1610612749.0,Milwaukee,Bucks,MIL,5,1800,Damon Jones,1610612749.0,Milwaukee,Bucks,MIL,0,0,,,,,,0
0020300478,71,1,1,1,7:30 PM,3:32,Robinson 13' Jump Shot (4 PTS),,,17 - 9,-8,4,299,Glenn Robinson,1610612755.0,Philadelphia,76ers,PHI,0,0,,,,,,0,0,,,,,,0
0020300478,72,1,63,1,7:30 PM,3:15,,,Gadzuric 10' Fadeaway Jumper (2 PTS) (Redd 2 AST),19 - 9,-10,5,2429,Dan Gadzuric,1610612749.0,Milwaukee,Bucks,MIL,5,2072,Michael Redd,1610612749.0,Milwaukee,Bucks,MIL,0,0,,,,,,0
0020300478,73,2,1,1,7:30 PM,2:57,MISS Snow 13' Jump Shot,,,,,4,727,Eric Snow,1610612755.0,Philadelphia,76ers,PHI,0,0,,,,,,0,0,,,,,,0
0020300478,74,4,0,1,7:30 PM,2:56,Thomas REBOUND (Off:2 Def:2),,,,,4,1903,Kenny Thomas,1610612755.0,Philadelphia,76ers,PHI,0,0,,,,,,0,0,,,,,,0
0020300478,75,6,2,1,7:30 PM,2:56,,,Gadzuric S.FOUL (P1.PN),,,5,2429,Dan Gadzuric,1610612749.0,Milwaukee,Bucks,MIL,0,0,,,,,,1,0,,,,,,0
0020300478,76,3,11,1,7:30 PM,2:56,MISS Thomas Free Throw 1 of 2,,,,,4,1903,Kenny Thomas,1610612755.0,Philadelphia,76ers,PHI,0,0,,,,,,0,0,,,,,,0
0020300478,77,4,1,1,7:30 PM,2:56,76ERS Rebound,,,,,2,1610612755,,,,,,0,0,,,,,,0,0,,,,,,0
0020300478,78,3,12,1,7:31 PM,2:56,MISS Thomas Free Throw 2 of 2,,,,,4,1903,Kenny Thomas,1610612755.0,Philadelphia,76ers,PHI,0,0,,,,,,0,0,,,,,,0
0020300478,79,4,0,1,7:31 PM,2:55,,,Gadzuric REBOUND (Off:0 Def:1),,,5,2429,Dan Gadzuric,1610612749.0,Milwaukee,Bucks,MIL,0,0,,,,,,0,0,,,,,,0
0020300478,80,6,2,1,7:31 PM,2:43,Coleman S.FOUL (P1.T1),,,,,4,934,Derrick Coleman,1610612755.0,Philadelphia,76ers,PHI,0,0,,,,,,1,0,,,,,,0
0020300478,81,3,11,1,7:32 PM,2:43,,,Thomas Free Throw 1 of 2 (5 PTS),20 - 9,-11,5,1501,Tim Thomas,1610612749.0,Milwaukee,Bucks,MIL,0,0,,,,,,0,0,,,,,,0
0020300478,82,3,12,1,7:32 PM,2:43,,,Thomas Free Throw 2 of 2 (6 PTS),21 - 9,-12,5,1501,Tim Thomas,1610612749.0,Milwaukee,Bucks,MIL,0,0,,,,,,0,0,,,,,,0
0020300478,83,2,5,1,7:32 PM,2:31,MISS Coleman  Layup,,Gadzuric BLOCK (1 BLK),,,4,934,Derrick Coleman,1610612755.0,Philadelphia,76ers,PHI,0,0,,,,,,5,2429,Dan Gadzuric,1610612749.0,Milwaukee,Bucks,MIL,0
0020300478,85,4,0,1,7:32 PM,2:30,Coleman REBOUND (Off:2 Def:1),,,,,4,934,Derrick Coleman,1610612755.0,Philadelphia,76ers,PHI,0,0,,,,,,0,0,,,,,,0
0020300478,84,1,5,1,7:32 PM,2:30,Coleman  Layup (4 PTS),,,21 - 11,-10,4,934,Derrick Coleman,1610612755.0,Philadelphia,76ers,PHI,0,0,,,,,,0,0,,,,,,0
0020300478,86,6,2,1,7:32 PM,2:30,,,Gadzuric S.FOUL (P2.PN),,,5,2429,Dan Gadzuric,1610612749.0,Milwaukee,Bucks,MIL,0,0,,,,,,1,0,,,,,,0
0020300478,87,3,10,1,7:32 PM,2:30,Coleman Free Throw 1 of 1 (5 PTS),,,21 - 12,-9,4,934,Derrick Coleman,1610612755.0,Philadelphia,76ers,PHI,0,0,,,,,,0,0,,,,,,0
0020300478,88,2,1,1,7:33 PM,2:19,,,MISS Thomas 25' 3PT Jump Shot,,,5,1501,Tim Thomas,1610612749.0,Milwaukee,Bucks,MIL,0,0,,,,,,0,0,,,,,,0
0020300478,89,4,0,1,7:33 PM,2:17,,,Smith REBOUND (Off:2 Def:0),,,5,693,Joe Smith,1610612749.0,Milwaukee,Bucks,MIL,0,0,,,,,,0,0,,,,,,0
0020300478,90,2,1,1,7:33 PM,2:13,,,MISS Jones 25' 3PT Jump Shot,,,5,1800,Damon Jones,1610612749.0,Milwaukee,Bucks,MIL,0,0,,,,,,0,0,,,,,,0
0020300478,91,4,0,1,7:33 PM,2:13,76ERS Rebound,,,,,2,1610612755,,,,,,0,0,,,,,,0,0,,,,,,0
0020300478,92,2,1,1,7:33 PM,1:55,MISS Iverson 19' Jump Shot,,,,,4,947,Allen Iverson,1610612755.0,Philadelphia,76ers,PHI,0,0,,,,,,0,0,,,,,,0
0020300478,93,4,0,1,7:33 PM,1:53,,,Smith REBOUND (Off:2 Def:1),,,5,693,Joe Smith,1610612749.0,Milwaukee,Bucks,MIL,0,0,,,,,,0,0,,,,,,0
0020300478,94,1,1,1,7:34 PM,1:42,,,Smith 13' Jump Shot (2 PTS) (Thomas 1 AST),23 - 12,-11,5,693,Joe Smith,1610612749.0,Milwaukee,Bucks,MIL,5,1501,Tim Thomas,1610612749.0,Milwaukee,Bucks,MIL,0,0,,,,,,0
0020300478,95,1,5,1,7:34 PM,1:24,Thomas  Layup (4 PTS) (Snow 2 AST),,,23 - 14,-9,4,1903,Kenny Thomas,1610612755.0,Philadelphia,76ers,PHI,4,727,Eric Snow,1610612755.0,Philadelphia,76ers,PHI,0,0,,,,,,0
0020300478,96,2,1,1,7:34 PM,1:09,,,MISS Redd 25' 3PT Jump Shot,,,5,2072,Michael Redd,1610612749.0,Milwaukee,Bucks,MIL,0,0,,,,,,0,0,,,,,,0
0020300478,97,4,0,1,7:34 PM,1:07,Robinson REBOUND (Off:0 Def:2),,,,,4,299,Glenn Robinson,1610612755.0,Philadelphia,76ers,PHI,0,0,,,,,,0,0,,,,,,0
0020300478,98,5,1,1,7:34 PM,1:03,Snow Bad Pass Turnover (P2.T5),,,,,4,727,Eric Snow,1610612755.0,Philadelphia,76ers,PHI,0,0,,,,,,0,0,,,,,,0
0020300478,99,8,0,1,7:34 PM,1:03,,,SUB: Mason FOR Redd,,,5,2072,Michael Redd,1610612749.0,Milwaukee,Bucks,MIL,5,2046,Desmond Mason,1610612749.0,Milwaukee,Bucks,MIL,0,0,,,,,,0
0020300478,100,8,0,1,7:34 PM,1:03,SUB: Dalembert FOR Coleman,,,,,4,934,Derrick Coleman,1610612755.0,Philadelphia,76ers,PHI,4,2223,Samuel Dalembert,1610612755.0,Philadelphia,76ers,PHI,0,0,,,,,,0
0020300478,101,8,0,1,7:35 PM,1:03,SUB: Buckner FOR Iverson,,,,,4,947,Allen Iverson,1610612755.0,Philadelphia,76ers,PHI,4,1761,Greg Buckner,1610612755.0,Philadelphia,76ers,PHI,0,0,,,,,,0
0020300478,102,2,1,1,7:35 PM,0:51,,,MISS Thomas 13' Jump Shot,,,5,1501,Tim Thomas,1610612749.0,Milwaukee,Bucks,MIL,0,0,,,,,,0,0,,,,,,0
0020300478,103,4,0,1,7:35 PM,0:49,,,Smith REBOUND (Off:3 Def:1),,,5,693,Joe Smith,1610612749.0,Milwaukee,Bucks,MIL,0,0,,,,,,0,0,,,,,,0
0020300478,104,2,5,1,7:35 PM,0:36,,,MISS Gadzuric  Layup,,,5,2429,Dan Gadzuric,1610612749.0,Milwaukee,Bucks,MIL,0,0,,,,,,0,0,,,,,,0
0020300478,105,4,0,1,7:35 PM,0:35,Dalembert REBOUND (Off:0 Def:1),,,,,4,2223,Samuel Dalembert,1610612755.0,Philadelphia,76ers,PHI,0,0,,,,,,0,0,,,,,,0
0020300478,107,7,2,1,7:35 PM,0:32,,,Gadzuric Violation:Defensive Goaltending,,,5,2429,Dan Gadzuric,1610612749.0,Milwaukee,Bucks,MIL,0,0,,,,,,1,0,,,,,,0
0020300478,106,1,42,1,7:35 PM,0:32,Snow  Driving Layup (2 PTS),,,23 - 16,-7,4,727,Eric Snow,1610612755.0,Philadelphia,76ers,PHI,0,0,,,,,,0,0,,,,,,0
0020300478,108,1,1,1,7:36 PM,0:18,,,Smith 16' Jump Shot (4 PTS) (Jones 1 AST),25 - 16,-9,5,693,Joe Smith,1610612749.0,Milwaukee,Bucks,MIL,5,1800,Damon Jones,1610612749.0,Milwaukee,Bucks,MIL,0,0,,,,,,0
0020300478,109,1,42,1,7:36 PM,0:00,Robinson 4' Driving Layup (6 PTS),,,25 - 18,-7,4,299,Glenn Robinson,1610612755.0,Philadelphia,76ers,PHI,0,0,,,,,,0,0,,,,,,0
0020300478,110,18,0,1,7:36 PM,0:00,,,,25 - 18,-7,0,0,,,,,,0,0,,,,,,1,0,,,,,,0
0020300478,111,13,0,1,7:37 PM,0:00,,,,25 - 18,-7,0,0,,,,,,0,0,,,,,,0,0,,,,,,0
0020300478,113,12,0,2,7:39 PM,12:00,,,,25 - 18,-7,0,0,,,,,,0,0,,,,,,0,0,,,,,,0
0020300478,114,1,1,2,7:40 PM,11:42,Buckner 13' Jump Shot (2 PTS),,,25 - 20,-5,4,1761,Greg Buckner,1610612755.0,Philadelphia,76ers,PHI,0,0,,,,,,0,0,,,,,,0
0020300478,115,2,1,2,7:40 PM,11:17,,,MISS Jones 26' 3PT Jump Shot,,,5,1800,Damon Jones,1610612749.0,Milwaukee,Bucks,MIL,0,0,,,,,,0,0,,,,,,0
0020300478,116,4,0,2,7:40 PM,11:15,,,Thomas REBOUND (Off:2 Def:3),,,5,1501,Tim Thomas,1610612749.0,Milwaukee,Bucks,MIL,0,0,,,,,,0,0,,,,,,0
0020300478,117,2,1,2,7:40 PM,11:08,,,MISS Kukoc 27' 3PT Jump Shot,,,5,389,Toni Kukoc,1610612749.0,Milwaukee,Bucks,MIL,0,0,,,,,,0,0,,,,,,0
0020300478,118,4,0,2,7:40 PM,11:06,Snow REBOUND (Off:0 Def:2),,,,,4,727,Eric Snow,1610612755.0,Philadelphia,76ers,PHI,0,0,,,,,,0,0,,,,,,0
0020300478,119,2,1,2,7:41 PM,10:41,MISS Snow 17' Jump Shot,,,,,4,727,Eric Snow,1610612755.0,Philadelphia,76ers,PHI,0,0,,,,,,0,0,,,,,,0
0020300478,120,4,0,2,7:41 PM,10:40,,,Mason REBOUND (Off:0 Def:1),,,5,2046,Desmond Mason,1610612749.0,Milwaukee,Bucks,MIL,0,0,,,,,,0,0,,,,,,0
0020300478,121,1,1,2,7:41 PM,10:28,,,Jones 26' 3PT Jump Shot (3 PTS) (Kukoc 1 AST),28 - 20,-8,5,1800,Damon Jones,1610612749.0,Milwaukee,Bucks,MIL,5,389,Toni Kukoc,1610612749.0,Milwaukee,Bucks,MIL,0,0,,,,,,0
0020300478,122,5,1,2,7:41 PM,10:13,Buckner Bad Pass Turnover (P1.T6),,Thomas STEAL (2 STL),,,4,1761,Greg Buckner,1610612755.0,Philadelphia,76ers,PHI,5,1501,Tim Thomas,1610612749.0,Milwaukee,Bucks,MIL,0,0,,,,,,0
0020300478,123,2,1,2,7:41 PM,10:07,,,MISS Mason 13' Jump Shot,,,5,2046,Desmond Mason,1610612749.0,Milwaukee,Bucks,MIL,0,0,,,,,,0,0,,,,,,0
0020300478,124,4,0,2,7:41 PM,10:07,,,Bucks Rebound,,,3,1610612749,,,,,,0,0,,,,,,0,0,,,,,,0
0020300478,125,6,3,2,7:41 PM,10:07,Thomas L.B.FOUL (P1.T1),,,,,4,1903,Kenny Thomas,1610612755.0,Philadelphia,76ers,PHI,0,0,,,,,,1,0,,,,,,0
0020300478,126,8,0,2,7:42 PM,10:07,SUB: Iverson FOR Snow,,,,,4,727,Eric Snow,1610612755.0,Philadelphia,76ers,PHI,4,947,Allen Iverson,1610612755.0,Philadelphia,76ers,PHI,0,0,,,,,,0
0020300478,127,8,0,2,7:42 PM,10:07,SUB: Salmons FOR Robinson,,,,,4,299,Glenn Robinson,1610612755.0,Philadelphia,76ers,PHI,4,2422,John Salmons,1610612755.0,Philadelphia,76ers,PHI,0,0,,,,,,0
0020300478,128,1,1,2,7:42 PM,9:57,,,Mason 13' Jump Shot (2 PTS) (Jones 2 AST),30 - 20,-10,5,2046,Desmond Mason,1610612749.0,Milwaukee,Bucks,MIL,5,1800,Damon Jones,1610612749.0,Milwaukee,Bucks,MIL,0,0,,,,,,0
0020300478,129,2,5,2,7:42 PM,9:42,MISS Iverson  Layup,,,,,4,947,Allen Iverson,1610612755.0,Philadelphia,76ers,PHI,0,0,,,,,,0,0,,,,,,0
0020300478,130,4,0,2,7:42 PM,9:40,,,Gadzuric REBOUND (Off:0 Def:2),,,5,2429,Dan Gadzuric,1610612749.0,Milwaukee,Bucks,MIL,0,0,,,,,,0,0,,,,,,0
0020300478,131,6,1,2,7:42 PM,9:35,Thomas P.FOUL (P2.T2),,,,,4,1903,Kenny Thomas,1610612755.0,Philadelphia,76ers,PHI,0,0,,,,,,1,0,,,,,,0
0020300478,132,8,0,2,7:42 PM,9:35,,,SUB: Redd FOR Thomas,,,5,1501,Tim Thomas,1610612749.0,Milwaukee,Bucks,MIL,5,2072,Michael Redd,1610612749.0,Milwaukee,Bucks,MIL,0,0,,,,,,0
0020300478,133,8,0,2,7:43 PM,9:35,SUB: Hamilton FOR Thomas,,,,,4,1903,Kenny Thomas,1610612755.0,Philadelphia,76ers,PHI,4,1985,Zendon Hamilton,1610612755.0,Philadelphia,76ers,PHI,0,0,,,,,,0
0020300478,134,6,2,2,7:43 PM,9:31,Hamilton S.FOUL (P1.T3),,,,,4,1985,Zendon Hamilton,1610612755.0,Philadelphia,76ers,PHI,0,0,,,,,,1,0,,,,,,0
0020300478,135,3,11,2,7:43 PM,9:31,,,Kukoc Free Throw 1 of 2 (1 PTS),31 - 20,-11,5,389,Toni Kukoc,1610612749.0,Milwaukee,Bucks,MIL,0,0,,,,,,0,0,,,,,,0
0020300478,136,3,12,2,7:43 PM,9:31,,,Kukoc Free Throw 2 of 2 (2 PTS),32 - 20,-12,5,389,Toni Kukoc,1610612749.0,Milwaukee,Bucks,MIL,0,0,,,,,,0,0,,,,,,0
0020300478,137,5,1,2,7:44 PM,9:19,Iverson Bad Pass Turnover (P1.T7),,Gadzuric STEAL (1 STL),,,4,947,Allen Iverson,1610612755.0,Philadelphia,76ers,PHI,5,2429,Dan Gadzuric,1610612749.0,Milwaukee,Bucks,MIL,0,0,,,,,,0
0020300478,138,1,43,2,7:44 PM,9:14,,,Mason  Alley Oop Layup (4 PTS) (Jones 3 AST),34 - 20,-14,5,2046,Desmond Mason,1610612749.0,Milwaukee,Bucks,MIL,5,1800,Damon Jones,1610612749.0,Milwaukee,Bucks,MIL,0,0,,,,,,0
0020300478,139,9,1,2,7:44 PM,9:07,76ERS Timeout: Regular (Full 2 Short 0),,,,,2,1610612755,,,,,,0,0,,,,,,0,0,,,,,,0
0020300478,141,5,1,2,7:46 PM,9:01,Iverson Bad Pass Turnover (P2.T8),,Gadzuric STEAL (2 STL),,,4,947,Allen Iverson,1610612755.0,Philadelphia,76ers,PHI,5,2429,Dan Gadzuric,1610612749.0,Milwaukee,Bucks,MIL,0,0,,,,,,0
0020300478,142,2,1,2,7:47 PM,8:54,,,MISS Kukoc 24' 3PT Jump Shot,,,5,389,Toni Kukoc,1610612749.0,Milwaukee,Bucks,MIL,0,0,,,,,,0,0,,,,,,0
0020300478,143,4,0,2,7:47 PM,8:51,,,Mason REBOUND (Off:1 Def:1),,,5,2046,Desmond Mason,1610612749.0,Milwaukee,Bucks,MIL,0,0,,,,,,0,0,,,,,,0
0020300478,144,5,1,2,7:47 PM,8:50,Dalembert STEAL (1 STL),,Gadzuric Bad Pass Turnover (P1.T4),,,5,2429,Dan Gadzuric,1610612749.0,Milwaukee,Bucks,MIL,4,2223,Samuel Dalembert,1610612755.0,Philadelphia,76ers,PHI,0,0,,,,,,0
0020300478,145,6,2,2,7:47 PM,8:46,,,Jones S.FOUL (P1.T1),,,5,1800,Damon Jones,1610612749.0,Milwaukee,Bucks,MIL,0,0,,,,,,1,0,,,,,,0
0020300478,146,3,11,2,7:47 PM,8:46,Iverson Free Throw 1 of 2 (2 PTS),,,34 - 21,-13,4,947,Allen Iverson,1610612755.0,Philadelphia,76ers,PHI,0,0,,,,,,0,0,,,,,,0
0020300478,147,8,0,2,7:47 PM,8:46,SUB: Korver FOR Dalembert,,,,,4,2223,Samuel Dalembert,1610612755.0,Philadelphia,76ers,PHI,4,2594,Kyle Korver,1610612755.0,Philadelphia,76ers,PHI,0,0,,,,,,0
0020300478,148,3,12,2,7:47 PM,8:46,Iverson Free Throw 2 of 2 (3 PTS),,,34 - 22,-12,4,947,Allen Iverson,1610612755.0,Philadelphia,76ers,PHI,0,0,,,,,,0,0,,,,,,0
0020300478,149,1,42,2,7:48 PM,8:37,,,Mason  Driving Layup (6 PTS),36 - 22,-14,5,2046,Desmond Mason,1610612749.0,Milwaukee,Bucks,MIL,0,0,,,,,,0,0,,,,,,0
0020300478,150,6,2,2,7:48 PM,8:37,Korver S.FOUL (P1.T4),,,,,4,2594,Kyle Korver,1610612755.0,Philadelphia,76ers,PHI,0,0,,,,,,1,0,,,,,,0
0020300478,151,3,10,2,7:48 PM,8:37,,,Mason Free Throw 1 of 1 (7 PTS),37 - 22,-15,5,2046,Desmond Mason,1610612749.0,Milwaukee,Bucks,MIL,0,0,,,,,,0,0,,,,,,0
0020300478,152,1,5,2,7:49 PM,8:19,Hamilton  Layup (2 PTS) (Iverson 2 AST),,,37 - 24,-13,4,1985,Zendon Hamilton,1610612755.0,Philadelphia,76ers,PHI,4,947,Allen Iverson,1610612755.0,Philadelphia,76ers,PHI,0,0,,,,,,0
0020300478,153,6,2,2,7:49 PM,8:19,,,Gadzuric S.FOUL (P3.T2),,,5,2429,Dan Gadzuric,1610612749.0,Milwaukee,Bucks,MIL,0,0,,,,,,1,0,,,,,,0
0020300478,154,3,10,2,7:49 PM,8:19,Hamilton Free Throw 1 of 1 (3 PTS),,,37 - 25,-12,4,1985,Zendon Hamilton,1610612755.0,Philadelphia,76ers,PHI,0,0,,,,,,0,0,,,,,,0
0020300478,155,8,0,2,7:49 PM,8:19,,,SUB: Skinner FOR Gadzuric,,,5,2429,Dan Gadzuric,1610612749.0,Milwaukee,Bucks,MIL,5,1730,Brian Skinner,1610612749.0,Milwaukee,Bucks,MIL,0,0,,,,,,0
0020300478,157,1,49,2,7:50 PM,8:11,,,Mason  Driving Dunk (9 PTS) (Jones 4 AST),39 - 25,-14,5,2046,Desmond Mason,1610612749.0,Milwaukee,Bucks,MIL,5,1800,Damon Jones,1610612749.0,Milwaukee,Bucks,MIL,0,0,,,,,,0
0020300478,158,5,1,2,7:50 PM,7:58,Iverson Bad Pass Turnover (P3.T9),,Redd STEAL (2 STL),,,4,947,Allen Iverson,1610612755.0,Philadelphia,76ers,PHI,5,2072,Michael Redd,1610612749.0,Milwaukee,Bucks,MIL,0,0,,,,,,0
0020300478,159,1,5,2,7:50 PM,7:35,,,Redd  Layup (5 PTS) (Mason 1 AST),41 - 25,-16,5,2072,Michael Redd,1610612749.0,Milwaukee,Bucks,MIL,5,2046,Desmond Mason,1610612749.0,Milwaukee,Bucks,MIL,0,0,,,,,,0
0020300478,160,1,1,2,7:50 PM,7:15,Buckner 15' Jump Shot (4 PTS),,,41 - 27,-14,4,1761,Greg Buckner,1610612755.0,Philadelphia,76ers,PHI,0,0,,,,,,0,0,,,,,,0
0020300478,161,2,1,2,7:51 PM,6:53,,,MISS Mason 11' Jump Shot,,,5,2046,Desmond Mason,1610612749.0,Milwaukee,Bucks,MIL,0,0,,,,,,0,0,,,,,,0
0020300478,162,4,0,2,7:51 PM,6:51,Hamilton REBOUND (Off:0 Def:1),,,,,4,1985,Zendon Hamilton,1610612755.0,Philadelphia,76ers,PHI,0,0,,,,,,0,0,,,,,,0
0020300478,163,1,42,2,7:51 PM,6:42,Iverson  Driving Layup (5 PTS),,,41 - 29,-12,4,947,Allen Iverson,1610612755.0,Philadelphia,76ers,PHI,0,0,,,,,,0,0,,,,,,0
0020300478,164,6,2,2,7:51 PM,6:28,Korver S.FOUL (P2.PN),,,,,4,2594,Kyle Korver,1610612755.0,Philadelphia,76ers,PHI,0,0,,,,,,1,0,,,,,,0
0020300478,165,3,11,2,7:51 PM,6:28,,,Mason Free Throw 1 of 2 (10 PTS),42 - 29,-13,5,2046,Desmond Mason,1610612749.0,Milwaukee,Bucks,MIL,0,0,,,,,,0,0,,,,,,0
0020300478,166,8,0,2,7:51 PM,6:28,SUB: Snow FOR Salmons,,,,,4,2422,John Salmons,1610612755.0,Philadelphia,76ers,PHI,4,727,Eric Snow,1610612755.0,Philadelphia,76ers,PHI,0,0,,,,,,0
0020300478,167,8,0,2,7:52 PM,6:28,SUB: Robinson FOR Buckner,,,,,4,1761,Greg Buckner,1610612755.0,Philadelphia,76ers,PHI,4,299,Glenn Robinson,1610612755.0,Philadelphia,76ers,PHI,0,0,,,,,,0
0020300478,168,3,12,2,7:52 PM,6:28,,,Mason Free Throw 2 of 2 (11 PTS),43 - 29,-14,5,2046,Desmond Mason,1610612749.0,Milwaukee,Bucks,MIL,0,0,,,,,,0,0,,,,,,0
0020300478,169,1,1,2,7:52 PM,6:13,Korver  3PT Jump Shot (3 PTS) (Iverson 3 AST),,,43 - 32,-11,4,2594,Kyle Korver,1610612755.0,Philadelphia,76ers,PHI,4,947,Allen Iverson,1610612755.0,Philadelphia,76ers,PHI,0,0,,,,,,0
0020300478,170,6,2,2,7:53 PM,5:58,Robinson S.FOUL (P1.PN),,,,,4,299,Glenn Robinson,1610612755.0,Philadelphia,76ers,PHI,0,0,,,,,,1,0,,,,,,0
0020300478,171,9,4,2,7:53 PM,5:58,,,,,,1,0,,,,,,0,0,,,,,,0,0,,,,,,0
0020300478,173,3,11,2,7:55 PM,5:58,,,MISS Skinner Free Throw 1 of 2,,,5,1730,Brian Skinner,1610612749.0,Milwaukee,Bucks,MIL,0,0,,,,,,0,0,,,,,,0
0020300478,174,4,1,2,7:55 PM,5:58,,,Bucks Rebound,,,3,1610612749,,,,,,0,0,,,,,,0,0,,,,,,0
0020300478,175,3,12,2,7:55 PM,5:58,,,Skinner Free Throw 2 of 2 (9 PTS),44 - 32,-12,5,1730,Brian Skinner,1610612749.0,Milwaukee,Bucks,MIL,0,0,,,,,,0,0,,,,,,0
0020300478,176,5,2,2,7:56 PM,5:45,Robinson Lost Ball Turnover (P1.T10),,Kukoc STEAL (1 STL),,,4,299,Glenn Robinson,1610612755.0,Philadelphia,76ers,PHI,5,389,Toni Kukoc,1610612749.0,Milwaukee,Bucks,MIL,0,0,,,,,,0
0020300478,177,1,49,2,7:56 PM,5:41,,,Mason  Driving Dunk (13 PTS),46 - 32,-14,5,2046,Desmond Mason,1610612749.0,Milwaukee,Bucks,MIL,0,0,,,,,,0,0,,,,,,0
0020300478,178,1,1,2,7:56 PM,5:23,Korver 24' 3PT Jump Shot (6 PTS) (Snow 3 AST),,,46 - 35,-11,4,2594,Kyle Korver,1610612755.0,Philadelphia,76ers,PHI,4,727,Eric Snow,1610612755.0,Philadelphia,76ers,PHI,0,0,,,,,,0
0020300478,179,2,1,2,7:57 PM,4:59,,,MISS Redd  3PT Jump Shot,,,5,2072,Michael Redd,1610612749.0,Milwaukee,Bucks,MIL,0,0,,,,,,0,0,,,,,,0
0020300478,180,4,0,2,7:57 PM,4:55,Hamilton REBOUND (Off:0 Def:2),,,,,4,1985,Zendon Hamilton,1610612755.0,Philadelphia,76ers,PHI,0,0,,,,,,0,0,,,,,,0
0020300478,181,2,1,2,7:57 PM,4:47,MISS Robinson 15' Jump Shot,,,,,4,299,Glenn Robinson,1610612755.0,Philadelphia,76ers,PHI,0,0,,,,,,0,0,,,,,,0
0020300478,182,4,0,2,7:57 PM,4:45,,,Kukoc REBOUND (Off:0 Def:1),,,5,389,Toni Kukoc,1610612749.0,Milwaukee,Bucks,MIL,0,0,,,,,,0,0,,,,,,0
0020300478,183,5,1,2,7:57 PM,4:40,,,Jones Bad Pass Turnover (P1.T5),,,5,1800,Damon Jones,1610612749.0,Milwaukee,Bucks,MIL,0,0,,,,,,0,0,,,,,,0
0020300478,184,2,1,2,7:57 PM,4:24,MISS Iverson 17' Jump Shot,,,,,4,947,Allen Iverson,1610612755.0,Philadelphia,76ers,PHI,0,0,,,,,,0,0,,,,,,0
0020300478,185,4,0,2,7:57 PM,4:23,,,Redd REBOUND (Off:0 Def:2),,,5,2072,Michael Redd,1610612749.0,Milwaukee,Bucks,MIL,0,0,,,,,,0,0,,,,,,0
0020300478,186,2,1,2,7:57 PM,4:12,,,MISS Skinner 13' Jump Shot,,,5,1730,Brian Skinner,1610612749.0,Milwaukee,Bucks,MIL,0,0,,,,,,0,0,,,,,,0
0020300478,187,4,0,2,7:57 PM,4:11,Korver REBOUND (Off:0 Def:1),,,,,4,2594,Kyle Korver,1610612755.0,Philadelphia,76ers,PHI,0,0,,,,,,0,0,,,,,,0
0020300478,188,2,5,2,7:58 PM,4:00,MISS Hamilton  Layup,,,,,4,1985,Zendon Hamilton,1610612755.0,Philadelphia,76ers,PHI,0,0,,,,,,0,0,,,,,,0
0020300478,189,4,0,2,7:58 PM,3:59,Iverson REBOUND (Off:1 Def:0),,,,,4,947,Allen Iverson,1610612755.0,Philadelphia,76ers,PHI,0,0,,,,,,0,0,,,,,,0
0020300478,190,2,1,2,7:58 PM,3:55,MISS Korver 25' 3PT Jump Shot,,,,,4,2594,Kyle Korver,1610612755.0,Philadelphia,76ers,PHI,0,0,,,,,,0,0,,,,,,0
0020300478,191,4,0,2,7:58 PM,3:53,,,Mason REBOUND (Off:1 Def:2),,,5,2046,Desmond Mason,1610612749.0,Milwaukee,Bucks,MIL,0,0,,,,,,0,0,,,,,,0
0020300478,192,6,2,2,7:58 PM,3:47,Snow S.FOUL (P1.PN),,,,,4,727,Eric Snow,1610612755.0,Philadelphia,76ers,PHI,0,0,,,,,,1,0,,,,,,0
0020300478,193,3,11,2,7:58 PM,3:47,,,MISS Redd Free Throw 1 of 2,,,5,2072,Michael Redd,1610612749.0,Milwaukee,Bucks,MIL,0,0,,,,,,0,0,,,,,,0
0020300478,194,4,1,2,7:58 PM,3:47,,,Bucks Rebound,,,3,1610612749,,,,,,0,0,,,,,,0,0,,,,,,0
0020300478,195,8,0,2,7:58 PM,3:47,SUB: Coleman FOR Hamilton,,,,,4,1985,Zendon Hamilton,1610612755.0,Philadelphia,76ers,PHI,4,934,Derrick Coleman,1610612755.0,Philadelphia,76ers,PHI,0,0,,,,,,0
0020300478,196,3,12,2,7:58 PM,3:47,,,Redd Free Throw 2 of 2 (6 PTS),47 - 35,-12,5,2072,Michael Redd,1610612749.0,Milwaukee,Bucks,MIL,0,0,,,,,,0,0,,,,,,0
0020300478,197,1,42,2,7:59 PM,3:31,Iverson  Driving Layup (7 PTS),,,47 - 37,-10,4,947,Allen Iverson,1610612755.0,Philadelphia,76ers,PHI,0,0,,,,,,0,0,,,,,,0
0020300478,198,1,44,2,7:59 PM,3:07,,,Kukoc  Reverse Layup (4 PTS) (Mason 2 AST),49 - 37,-12,5,389,Toni Kukoc,1610612749.0,Milwaukee,Bucks,MIL,5,2046,Desmond Mason,1610612749.0,Milwaukee,Bucks,MIL,0,0,,,,,,0
0020300478,199,5,1,2,7:59 PM,3:02,Coleman Bad Pass Turnover (P3.T11),,Skinner STEAL (1 STL),,,4,934,Derrick Coleman,1610612755.0,Philadelphia,76ers,PHI,5,1730,Brian Skinner,1610612749.0,Milwaukee,Bucks,MIL,0,0,,,,,,0
0020300478,200,2,1,2,7:59 PM,3:00,,,MISS Redd 8' Jump Shot,,,5,2072,Michael Redd,1610612749.0,Milwaukee,Bucks,MIL,0,0,,,,,,0,0,,,,,,0
0020300478,201,4,0,2,7:59 PM,2:58,Coleman REBOUND (Off:2 Def:2),,,,,4,934,Derrick Coleman,1610612755.0,Philadelphia,76ers,PHI,0,0,,,,,,0,0,,,,,,0
0020300478,202,6,2,2,8:00 PM,2:54,,,Skinner S.FOUL (P2.T3),,,5,1730,Brian Skinner,1610612749.0,Milwaukee,Bucks,MIL,0,0,,,,,,1,0,,,,,,0
0020300478,203,9,1,2,8:00 PM,2:54,,,Bucks Timeout: Regular (Reg.2 Short 0),,,3,1610612749,,,,,,0,0,,,,,,0,0,,,,,,0
0020300478,204,3,11,2,8:00 PM,2:54,MISS Snow Free Throw 1 of 2,,,,,4,727,Eric Snow,1610612755.0,Philadelphia,76ers,PHI,0,0,,,,,,0,0,,,,,,0
0020300478,205,4,1,2,8:00 PM,2:54,76ERS Rebound,,,,,2,1610612755,,,,,,0,0,,,,,,0,0,,,,,,0
0020300478,206,3,12,2,8:02 PM,2:54,Snow Free Throw 2 of 2 (3 PTS),,,49 - 38,-11,4,727,Eric Snow,1610612755.0,Philadelphia,76ers,PHI,0,0,,,,,,0,0,,,,,,0
0020300478,207,5,4,2,8:03 PM,2:45,,,Redd Traveling Turnover (P2.T6),,,5,2072,Michael Redd,1610612749.0,Milwaukee,Bucks,MIL,0,0,,,,,,1,0,,,,,,0
0020300478,208,2,5,2,8:03 PM,2:30,MISS Coleman  Layup,,,,,4,934,Derrick Coleman,1610612755.0,Philadelphia,76ers,PHI,0,0,,,,,,0,0,,,,,,0
0020300478,209,4,0,2,8:03 PM,2:29,,,Bucks Rebound,,,3,1610612749,,,,,,0,0,,,,,,0,0,,,,,,0
0020300478,210,6,2,2,8:04 PM,2:17,Robinson S.FOUL (P2.PN),,,,,4,299,Glenn Robinson,1610612755.0,Philadelphia,76ers,PHI,0,0,,,,,,1,0,,,,,,0
0020300478,211,3,11,2,8:04 PM,2:17,,,Kukoc Free Throw 1 of 2 (5 PTS),50 - 38,-12,5,389,Toni Kukoc,1610612749.0,Milwaukee,Bucks,MIL,0,0,,,,,,0,0,,,,,,0
0020300478,212,3,12,2,8:04 PM,2:17,,,MISS Kukoc Free Throw 2 of 2,,,5,389,Toni Kukoc,1610612749.0,Milwaukee,Bucks,MIL,0,0,,,,,,0,0,,,,,,0
0020300478,213,4,0,2,8:04 PM,2:15,Snow REBOUND (Off:0 Def:3),,,,,4,727,Eric Snow,1610612755.0,Philadelphia,76ers,PHI,0,0,,,,,,0,0,,,,,,0
0020300478,214,6,3,2,8:04 PM,2:14,,,Skinner L.B.FOUL (P3.T4),,,5,1730,Brian Skinner,1610612749.0,Milwaukee,Bucks,MIL,0,0,,,,,,1,0,,,,,,0
0020300478,215,8,0,2,8:05 PM,2:14,,,SUB: Smith FOR Skinner,,,5,1730,Brian Skinner,1610612749.0,Milwaukee,Bucks,MIL,5,693,Joe Smith,1610612749.0,Milwaukee,Bucks,MIL,0,0,,,,,,0
0020300478,216,2,1,2,8:05 PM,2:01,MISS Korver 25' 3PT Jump Shot,,,,,4,2594,Kyle Korver,1610612755.0,Philadelphia,76ers,PHI,0,0,,,,,,0,0,,,,,,0
0020300478,217,4,0,2,8:05 PM,1:58,,,Kukoc REBOUND (Off:0 Def:2),,,5,389,Toni Kukoc,1610612749.0,Milwaukee,Bucks,MIL,0,0,,,,,,0,0,,,,,,0
0020300478,218,6,2,2,8:05 PM,1:41,Korver S.FOUL (P3.PN),,,,,4,2594,Kyle Korver,1610612755.0,Philadelphia,76ers,PHI,0,0,,,,,,1,0,,,,,,0
0020300478,219,3,11,2,8:05 PM,1:41,,,Mason Free Throw 1 of 2 (14 PTS),51 - 38,-13,5,2046,Desmond Mason,1610612749.0,Milwaukee,Bucks,MIL,0,0,,,,,,0,0,,,,,,0
0020300478,220,8,0,2,8:05 PM,1:41,SUB: Salmons FOR Korver,,,,,4,2594,Kyle Korver,1610612755.0,Philadelphia,76ers,PHI,4,2422,John Salmons,1610612755.0,Philadelphia,76ers,PHI,0,0,,,,,,0
0020300478,221,3,12,2,8:06 PM,1:41,,,Mason Free Throw 2 of 2 (15 PTS),52 - 38,-14,5,2046,Desmond Mason,1610612749.0,Milwaukee,Bucks,MIL,0,0,,,,,,0,0,,,,,,0
0020300478,222,2,5,2,8:06 PM,1:20,MISS Snow  Layup,,,,,4,727,Eric Snow,1610612755.0,Philadelphia,76ers,PHI,0,0,,,,,,0,0,,,,,,0
0020300478,224,4,0,2,8:06 PM,1:18,Snow REBOUND (Off:1 Def:3),,,,,4,727,Eric Snow,1610612755.0,Philadelphia,76ers,PHI,0,0,,,,,,0,0,,,,,,0
0020300478,223,2,5,2,8:06 PM,1:18,MISS Snow  Layup,,,,,4,727,Eric Snow,1610612755.0,Philadelphia,76ers,PHI,0,0,,,,,,0,0,,,,,,0
0020300478,226,4,0,2,8:06 PM,1:17,Coleman REBOUND (Off:3 Def:2),,,,,4,934,Derrick Coleman,1610612755.0,Philadelphia,76ers,PHI,0,0,,,,,,0,0,,,,,,0
0020300478,225,1,4,2,8:06 PM,1:17,Coleman  Tip Shot (7 PTS),,,52 - 40,-12,4,934,Derrick Coleman,1610612755.0,Philadelphia,76ers,PHI,0,0,,,,,,0,0,,,,,,0
0020300478,227,6,2,2,8:07 PM,0:59,Robinson S.FOUL (P3.PN),,,,,4,299,Glenn Robinson,1610612755.0,Philadelphia,76ers,PHI,0,0,,,,,,1,0,,,,,,0
0020300478,228,3,11,2,8:07 PM,0:59,,,MISS Kukoc Free Throw 1 of 2,,,5,389,Toni Kukoc,1610612749.0,Milwaukee,Bucks,MIL,0,0,,,,,,0,0,,,,,,0
0020300478,229,4,1,2,8:07 PM,0:59,,,Bucks Rebound,,,3,1610612749,,,,,,0,0,,,,,,0,0,,,,,,0
0020300478,230,8,0,2,8:07 PM,0:59,SUB: Thomas FOR Robinson,,,,,4,299,Glenn Robinson,1610612755.0,Philadelphia,76ers,PHI,4,1903,Kenny Thomas,1610612755.0,Philadelphia,76ers,PHI,0,0,,,,,,0
0020300478,231,3,12,2,8:07 PM,0:59,,,Kukoc Free Throw 2 of 2 (6 PTS),53 - 40,-13,5,389,Toni Kukoc,1610612749.0,Milwaukee,Bucks,MIL,0,0,,,,,,0,0,,,,,,0
0020300478,232,2,1,2,8:08 PM,0:41,MISS Salmons 19' Jump Shot,,,,,4,2422,John Salmons,1610612755.0,Philadelphia,76ers,PHI,0,0,,,,,,0,0,,,,,,0
0020300478,233,4,0,2,8:08 PM,0:39,,,Smith REBOUND (Off:3 Def:2),,,5,693,Joe Smith,1610612749.0,Milwaukee,Bucks,MIL,0,0,,,,,,0,0,,,,,,0
0020300478,234,6,2,2,8:08 PM,0:36,Salmons S.FOUL (P1.PN),,,,,4,2422,John Salmons,1610612755.0,Philadelphia,76ers,PHI,0,0,,,,,,1,0,,,,,,0
0020300478,235,3,11,2,8:08 PM,0:36,,,Mason Free Throw 1 of 2 (16 PTS),54 - 40,-14,5,2046,Desmond Mason,1610612749.0,Milwaukee,Bucks,MIL,0,0,,,,,,0,0,,,,,,0
0020300478,236,3,12,2,8:09 PM,0:36,,,Mason Free Throw 2 of 2 (17 PTS),55 - 40,-15,5,2046,Desmond Mason,1610612749.0,Milwaukee,Bucks,MIL,0,0,,,,,,0,0,,,,,,0
0020300478,237,2,1,2,8:09 PM,0:28,MISS Snow 19' Jump Shot,,,,,4,727,Eric Snow,1610612755.0,Philadelphia,76ers,PHI,0,0,,,,,,0,0,,,,,,0
0020300478,238,4,0,2,8:09 PM,0:26,,,Jones REBOUND (Off:0 Def:1),,,5,1800,Damon Jones,1610612749.0,Milwaukee,Bucks,MIL,0,0,,,,,,0,0,,,,,,0
0020300478,239,1,47,2,8:09 PM,0:02,,,Redd 14' Turnaround Jump Shot (8 PTS) (Jones 5 AST),57 - 40,-17,5,2072,Michael Redd,1610612749.0,Milwaukee,Bucks,MIL,5,1800,Damon Jones,1610612749.0,Milwaukee,Bucks,MIL,0,0,,,,,,0
0020300478,240,2,1,2,8:10 PM,0:00,MISS Snow 32' 3PT Jump Shot,,,,,4,727,Eric Snow,1610612755.0,Philadelphia,76ers,PHI,0,0,,,,,,0,0,,,,,,0
0020300478,241,4,0,2,8:10 PM,0:00,,,Bucks Rebound,,,3,1610612749,,,,,,0,0,,,,,,0,0,,,,,,0
0020300478,242,13,0,2,8:10 PM,0:00,,,,57 - 40,-17,0,0,,,,,,0,0,,,,,,0,0,,,,,,0
0020300478,244,12,0,3,8:26 PM,12:00,,,,57 - 40,-17,0,0,,,,,,0,0,,,,,,0,0,,,,,,0
0020300478,245,5,1,3,8:26 PM,11:49,Snow Bad Pass Turnover (P3.T12),,,,,4,727,Eric Snow,1610612755.0,Philadelphia,76ers,PHI,0,0,,,,,,0,0,,,,,,0
0020300478,246,2,1,3,8:27 PM,11:30,,,MISS Thomas 11' Jump Shot,,,5,1501,Tim Thomas,1610612749.0,Milwaukee,Bucks,MIL,0,0,,,,,,0,0,,,,,,0
0020300478,247,4,0,3,8:27 PM,11:28,Iverson REBOUND (Off:1 Def:1),,,,,4,947,Allen Iverson,1610612755.0,Philadelphia,76ers,PHI,0,0,,,,,,0,0,,,,,,0
0020300478,248,5,1,3,8:27 PM,11:13,Iverson Bad Pass Turnover (P4.T13),,Redd STEAL (3 STL),,,4,947,Allen Iverson,1610612755.0,Philadelphia,76ers,PHI,5,2072,Michael Redd,1610612749.0,Milwaukee,Bucks,MIL,0,0,,,,,,0
0020300478,249,2,1,3,8:27 PM,11:02,,,MISS Redd 29' 3PT Jump Shot,,,5,2072,Michael Redd,1610612749.0,Milwaukee,Bucks,MIL,0,0,,,,,,0,0,,,,,,0
0020300478,250,4,0,3,8:27 PM,11:00,Thomas REBOUND (Off:2 Def:3),,,,,4,1903,Kenny Thomas,1610612755.0,Philadelphia,76ers,PHI,0,0,,,,,,0,0,,,,,,0
0020300478,251,2,5,3,8:27 PM,10:52,MISS Thomas  Layup,,,,,4,1903,Kenny Thomas,1610612755.0,Philadelphia,76ers,PHI,0,0,,,,,,0,0,,,,,,0
0020300478,252,4,0,3,8:27 PM,10:51,,,Smith REBOUND (Off:3 Def:3),,,5,693,Joe Smith,1610612749.0,Milwaukee,Bucks,MIL,0,0,,,,,,0,0,,,,,,0
0020300478,253,5,1,3,8:27 PM,10:35,Iverson STEAL (1 STL),,Jones Bad Pass Turnover (P2.T7),,,5,1800,Damon Jones,1610612749.0,Milwaukee,Bucks,MIL,4,947,Allen Iverson,1610612755.0,Philadelphia,76ers,PHI,0,0,,,,,,0
0020300478,254,1,5,3,8:28 PM,10:31,Iverson  Layup (9 PTS),,,57 - 42,-15,4,947,Allen Iverson,1610612755.0,Philadelphia,76ers,PHI,0,0,,,,,,0,0,,,,,,0
0020300478,255,5,2,3,8:28 PM,10:11,Robinson STEAL (1 STL),,Thomas Lost Ball Turnover (P1.T8),,,5,1501,Tim Thomas,1610612749.0,Milwaukee,Bucks,MIL,4,299,Glenn Robinson,1610612755.0,Philadelphia,76ers,PHI,0,0,,,,,,0
0020300478,256,2,5,3,8:28 PM,10:06,MISS Robinson  Layup,,,,,4,299,Glenn Robinson,1610612755.0,Philadelphia,76ers,PHI,0,0,,,,,,0,0,,,,,,0
0020300478,257,4,0,3,8:28 PM,10:04,,,Thomas REBOUND (Off:2 Def:4),,,5,1501,Tim Thomas,1610612749.0,Milwaukee,Bucks,MIL,0,0,,,,,,0,0,,,,,,0
0020300478,258,2,1,3,8:28 PM,9:45,,,MISS Smith 19' Jump Shot,,,5,693,Joe Smith,1610612749.0,Milwaukee,Bucks,MIL,0,0,,,,,,0,0,,,,,,0
0020300478,259,4,0,3,8:28 PM,9:43,Thomas REBOUND (Off:2 Def:4),,,,,4,1903,Kenny Thomas,1610612755.0,Philadelphia,76ers,PHI,0,0,,,,,,0,0,,,,,,0
0020300478,260,1,5,3,8:29 PM,9:37,Coleman  Layup (9 PTS) (Snow 4 AST),,,57 - 44,-13,4,934,Derrick Coleman,1610612755.0,Philadelphia,76ers,PHI,4,727,Eric Snow,1610612755.0,Philadelphia,76ers,PHI,0,0,,,,,,0
0020300478,261,2,1,3,8:29 PM,9:14,,,MISS Skinner 7' Jump Shot,,,5,1730,Brian Skinner,1610612749.0,Milwaukee,Bucks,MIL,0,0,,,,,,0,0,,,,,,0
0020300478,262,4,0,3,8:29 PM,9:14,76ERS Rebound,,,,,2,1610612755,,,,,,0,0,,,,,,0,0,,,,,,0
0020300478,263,6,3,3,8:29 PM,9:14,,,Smith L.B.FOUL (P1.T1),,,5,693,Joe Smith,1610612749.0,Milwaukee,Bucks,MIL,0,0,,,,,,1,0,,,,,,0
0020300478,264,2,1,3,8:30 PM,9:00,MISS Robinson 18' Jump Shot,,,,,4,299,Glenn Robinson,1610612755.0,Philadelphia,76ers,PHI,0,0,,,,,,0,0,,,,,,0
0020300478,265,4,0,3,8:30 PM,8:58,Iverson REBOUND (Off:2 Def:1),,,,,4,947,Allen Iverson,1610612755.0,Philadelphia,76ers,PHI,0,0,,,,,,0,0,,,,,,0
0020300478,266,2,1,3,8:30 PM,8:49,MISS Robinson 17' Jump Shot,,,,,4,299,Glenn Robinson,1610612755.0,Philadelphia,76ers,PHI,0,0,,,,,,0,0,,,,,,0
0020300478,267,4,0,3,8:30 PM,8:47,,,Redd REBOUND (Off:0 Def:3),,,5,2072,Michael Redd,1610612749.0,Milwaukee,Bucks,MIL,0,0,,,,,,0,0,,,,,,0
0020300478,268,2,1,3,8:30 PM,8:36,,,MISS Redd 16' Jump Shot,,,5,2072,Michael Redd,1610612749.0,Milwaukee,Bucks,MIL,0,0,,,,,,0,0,,,,,,0
0020300478,269,4,0,3,8:30 PM,8:35,,,Smith REBOUND (Off:4 Def:3),,,5,693,Joe Smith,1610612749.0,Milwaukee,Bucks,MIL,0,0,,,,,,0,0,,,,,,0
0020300478,270,6,1,3,8:31 PM,8:33,Iverson P.FOUL (P1.T1),,,,,4,947,Allen Iverson,1610612755.0,Philadelphia,76ers,PHI,0,0,,,,,,1,0,,,,,,0
0020300478,271,2,1,3,8:31 PM,8:27,,,MISS Jones 19' Jump Shot,,,5,1800,Damon Jones,1610612749.0,Milwaukee,Bucks,MIL,0,0,,,,,,0,0,,,,,,0
0020300478,272,4,0,3,8:31 PM,8:26,Thomas REBOUND (Off:2 Def:5),,,,,4,1903,Kenny Thomas,1610612755.0,Philadelphia,76ers,PHI,0,0,,,,,,0,0,,,,,,0
0020300478,273,1,1,3,8:31 PM,8:21,Iverson 18' Jump Shot (11 PTS),,,57 - 46,-11,4,947,Allen Iverson,1610612755.0,Philadelphia,76ers,PHI,0,0,,,,,,0,0,,,,,,0
0020300478,274,1,1,3,8:31 PM,8:04,,,Redd  3PT Jump Shot (11 PTS) (Jones 6 AST),60 - 46,-14,5,2072,Michael Redd,1610612749.0,Milwaukee,Bucks,MIL,5,1800,Damon Jones,1610612749.0,Milwaukee,Bucks,MIL,0,0,,,,,,0
0020300478,275,2,1,3,8:31 PM,7:48,MISS Iverson 24' 3PT Jump Shot,,,,,4,947,Allen Iverson,1610612755.0,Philadelphia,76ers,PHI,0,0,,,,,,0,0,,,,,,0
0020300478,276,4,0,3,8:32 PM,7:46,,,Skinner REBOUND (Off:2 Def:2),,,5,1730,Brian Skinner,1610612749.0,Milwaukee,Bucks,MIL,0,0,,,,,,0,0,,,,,,0
0020300478,277,5,1,3,8:32 PM,7:29,,,Jones Bad Pass Turnover (P3.T9),,,5,1800,Damon Jones,1610612749.0,Milwaukee,Bucks,MIL,0,0,,,,,,0,0,,,,,,0
0020300478,278,6,1,3,8:32 PM,7:13,,,Smith P.FOUL (P2.T2),,,5,693,Joe Smith,1610612749.0,Milwaukee,Bucks,MIL,0,0,,,,,,1,0,,,,,,0
0020300478,279,2,5,3,8:33 PM,7:00,MISS Thomas  Layup,,,,,4,1903,Kenny Thomas,1610612755.0,Philadelphia,76ers,PHI,0,0,,,,,,0,0,,,,,,0
0020300478,280,4,0,3,8:33 PM,6:59,76ERS Rebound,,,,,2,1610612755,,,,,,0,0,,,,,,0,0,,,,,,0
0020300478,281,9,1,3,8:33 PM,6:59,76ERS Timeout: Regular (Full 3 Short 0),,,,,2,1610612755,,,,,,0,0,,,,,,0,0,,,,,,0
0020300478,282,2,1,3,8:36 PM,6:54,MISS Robinson 12' Jump Shot,,,,,4,299,Glenn Robinson,1610612755.0,Philadelphia,76ers,PHI,0,0,,,,,,0,0,,,,,,0
0020300478,283,4,0,3,8:36 PM,6:52,,,Redd REBOUND (Off:0 Def:4),,,5,2072,Michael Redd,1610612749.0,Milwaukee,Bucks,MIL,0,0,,,,,,0,0,,,,,,0
0020300478,284,1,56,3,8:36 PM,6:30,,,Skinner 8' Running Hook Shot (11 PTS),62 - 46,-16,5,1730,Brian Skinner,1610612749.0,Milwaukee,Bucks,MIL,0,0,,,,,,0,0,,,,,,0
0020300478,285,2,1,3,8:37 PM,6:04,MISS Snow 24' 3PT Jump Shot,,,,,4,727,Eric Snow,1610612755.0,Philadelphia,76ers,PHI,0,0,,,,,,0,0,,,,,,0
0020300478,286,4,0,3,8:37 PM,6:02,,,Thomas REBOUND (Off:2 Def:5),,,5,1501,Tim Thomas,1610612749.0,Milwaukee,Bucks,MIL,0,0,,,,,,0,0,,,,,,0
0020300478,287,2,1,3,8:37 PM,5:49,,,MISS Thomas 27' 3PT Jump Shot,,,5,1501,Tim Thomas,1610612749.0,Milwaukee,Bucks,MIL,0,0,,,,,,0,0,,,,,,0
0020300478,288,4,0,3,8:37 PM,5:47,,,Redd REBOUND (Off:1 Def:4),,,5,2072,Michael Redd,1610612749.0,Milwaukee,Bucks,MIL,0,0,,,,,,0,0,,,,,,0
0020300478,289,2,1,3,8:37 PM,5:45,,,MISS Redd 21' Jump Shot,,,5,2072,Michael Redd,1610612749.0,Milwaukee,Bucks,MIL,0,0,,,,,,0,0,,,,,,0
0020300478,290,4,0,3,8:37 PM,5:43,Iverson REBOUND (Off:2 Def:2),,,,,4,947,Allen Iverson,1610612755.0,Philadelphia,76ers,PHI,0,0,,,,,,0,0,,,,,,0
0020300478,291,2,5,3,8:37 PM,5:37,MISS Snow  Layup,,,,,4,727,Eric Snow,1610612755.0,Philadelphia,76ers,PHI,0,0,,,,,,0,0,,,,,,0
0020300478,293,4,0,3,8:37 PM,5:36,Thomas REBOUND (Off:3 Def:5),,,,,4,1903,Kenny Thomas,1610612755.0,Philadelphia,76ers,PHI,0,0,,,,,,0,0,,,,,,0
0020300478,292,1,4,3,8:37 PM,5:36,Thomas  Tip Shot (6 PTS),,,62 - 48,-14,4,1903,Kenny Thomas,1610612755.0,Philadelphia,76ers,PHI,0,0,,,,,,0,0,,,,,,0
0020300478,294,2,1,3,8:38 PM,5:20,,,MISS Redd 27' 3PT Jump Shot,,,5,2072,Michael Redd,1610612749.0,Milwaukee,Bucks,MIL,0,0,,,,,,0,0,,,,,,0
0020300478,295,4,0,3,8:38 PM,5:19,76ERS Rebound,,,,,2,1610612755,,,,,,0,0,,,,,,0,0,,,,,,0
0020300478,296,2,1,3,8:38 PM,5:05,MISS Robinson 27' 3PT Jump Shot,,,,,4,299,Glenn Robinson,1610612755.0,Philadelphia,76ers,PHI,0,0,,,,,,0,0,,,,,,0
0020300478,297,4,0,3,8:38 PM,5:03,,,Skinner REBOUND (Off:2 Def:3),,,5,1730,Brian Skinner,1610612749.0,Milwaukee,Bucks,MIL,0,0,,,,,,0,0,,,,,,0
0020300478,299,6,1,3,8:38 PM,4:50,Thomas P.FOUL (P3.T2),,,,,4,1903,Kenny Thomas,1610612755.0,Philadelphia,76ers,PHI,0,0,,,,,,1,0,,,,,,0
0020300478,300,2,1,3,8:39 PM,4:43,,,MISS Smith 14' Jump Shot,,,5,693,Joe Smith,1610612749.0,Milwaukee,Bucks,MIL,0,0,,,,,,0,0,,,,,,0
0020300478,301,4,0,3,8:39 PM,4:43,Thomas REBOUND (Off:3 Def:6),,,,,4,1903,Kenny Thomas,1610612755.0,Philadelphia,76ers,PHI,0,0,,,,,,0,0,,,,,,0
0020300478,302,6,3,3,8:39 PM,4:43,,,Skinner L.B.FOUL (P4.T3),,,5,1730,Brian Skinner,1610612749.0,Milwaukee,Bucks,MIL,0,0,,,,,,1,0,,,,,,0
0020300478,303,8,0,3,8:39 PM,4:43,,,SUB: Gadzuric FOR Skinner,,,5,1730,Brian Skinner,1610612749.0,Milwaukee,Bucks,MIL,5,2429,Dan Gadzuric,1610612749.0,Milwaukee,Bucks,MIL,0,0,,,,,,0
0020300478,304,5,8,3,8:39 PM,4:33,Coleman 3 Second Violation Turnover (P4.T14),,,,,4,934,Derrick Coleman,1610612755.0,Philadelphia,76ers,PHI,0,0,,,,,,1,0,,,,,,0
0020300478,305,1,47,3,8:40 PM,4:20,,,Thomas 9' Turnaround Jump Shot (8 PTS) (Jones 7 AST),64 - 48,-16,5,1501,Tim Thomas,1610612749.0,Milwaukee,Bucks,MIL,5,1800,Damon Jones,1610612749.0,Milwaukee,Bucks,MIL,0,0,,,,,,0
0020300478,306,2,1,3,8:40 PM,4:05,MISS Coleman 7' Jump Shot,,,,,4,934,Derrick Coleman,1610612755.0,Philadelphia,76ers,PHI,0,0,,,,,,0,0,,,,,,0
0020300478,307,4,0,3,8:40 PM,4:03,,,Smith REBOUND (Off:4 Def:4),,,5,693,Joe Smith,1610612749.0,Milwaukee,Bucks,MIL,0,0,,,,,,0,0,,,,,,0
0020300478,308,6,2,3,8:40 PM,3:59,Robinson S.FOUL (P4.T3),,,,,4,299,Glenn Robinson,1610612755.0,Philadelphia,76ers,PHI,0,0,,,,,,1,0,,,,,,0
0020300478,309,3,11,3,8:40 PM,3:59,,,Gadzuric Free Throw 1 of 2 (3 PTS),65 - 48,-17,5,2429,Dan Gadzuric,1610612749.0,Milwaukee,Bucks,MIL,0,0,,,,,,0,0,,,,,,0
0020300478,312,8,0,3,8:40 PM,3:59,SUB: Buckner FOR Robinson,,,,,4,299,Glenn Robinson,1610612755.0,Philadelphia,76ers,PHI,4,1761,Greg Buckner,1610612755.0,Philadelphia,76ers,PHI,0,0,,,,,,0
0020300478,310,3,12,3,8:41 PM,3:59,,,MISS Gadzuric Free Throw 2 of 2,,,5,2429,Dan Gadzuric,1610612749.0,Milwaukee,Bucks,MIL,0,0,,,,,,0,0,,,,,,0
0020300478,311,4,0,3,8:41 PM,3:57,Coleman REBOUND (Off:3 Def:3),,,,,4,934,Derrick Coleman,1610612755.0,Philadelphia,76ers,PHI,0,0,,,,,,0,0,,,,,,0
0020300478,313,2,1,3,8:41 PM,3:41,MISS Buckner  3PT Jump Shot,,,,,4,1761,Greg Buckner,1610612755.0,Philadelphia,76ers,PHI,0,0,,,,,,0,0,,,,,,0
0020300478,314,4,0,3,8:41 PM,3:35,,,Redd REBOUND (Off:1 Def:5),,,5,2072,Michael Redd,1610612749.0,Milwaukee,Bucks,MIL,0,0,,,,,,0,0,,,,,,0
0020300478,315,2,1,3,8:41 PM,3:20,,,MISS Smith 17' Jump Shot,,,5,693,Joe Smith,1610612749.0,Milwaukee,Bucks,MIL,0,0,,,,,,0,0,,,,,,0
0020300478,316,4,0,3,8:41 PM,3:17,Coleman REBOUND (Off:3 Def:4),,,,,4,934,Derrick Coleman,1610612755.0,Philadelphia,76ers,PHI,0,0,,,,,,0,0,,,,,,0
0020300478,319,1,5,3,8:42 PM,3:14,Iverson  Layup (13 PTS) (Coleman 1 AST),,,65 - 50,-15,4,947,Allen Iverson,1610612755.0,Philadelphia,76ers,PHI,4,934,Derrick Coleman,1610612755.0,Philadelphia,76ers,PHI,0,0,,,,,,0
0020300478,320,6,2,3,8:42 PM,3:14,,,Jones S.FOUL (P2.T4),,,5,1800,Damon Jones,1610612749.0,Milwaukee,Bucks,MIL,0,0,,,,,,1,0,,,,,,0
0020300478,322,3,10,3,8:42 PM,3:14,Iverson Free Throw 1 of 1 (14 PTS),,,65 - 51,-14,4,947,Allen Iverson,1610612755.0,Philadelphia,76ers,PHI,0,0,,,,,,0,0,,,,,,0
0020300478,323,2,5,3,8:42 PM,3:00,,,MISS Thomas  Layup,,,5,1501,Tim Thomas,1610612749.0,Milwaukee,Bucks,MIL,0,0,,,,,,0,0,,,,,,0
0020300478,325,4,0,3,8:42 PM,2:58,,,Gadzuric REBOUND (Off:1 Def:2),,,5,2429,Dan Gadzuric,1610612749.0,Milwaukee,Bucks,MIL,0,0,,,,,,0,0,,,,,,0
0020300478,324,2,5,3,8:42 PM,2:58,,,MISS Gadzuric  Layup,,,5,2429,Dan Gadzuric,1610612749.0,Milwaukee,Bucks,MIL,0,0,,,,,,0,0,,,,,,0
0020300478,326,4,0,3,8:42 PM,2:57,76ERS Rebound,,,,,2,1610612755,,,,,,0,0,,,,,,0,0,,,,,,0
0020300478,327,9,1,3,8:42 PM,2:57,,,Bucks Timeout: Regular (Reg.3 Short 0),,,3,1610612749,,,,,,0,0,,,,,,0,0,,,,,,0
0020300478,328,8,0,3,8:45 PM,2:57,,,SUB: Mason FOR Redd,,,5,2072,Michael Redd,1610612749.0,Milwaukee,Bucks,MIL,5,2046,Desmond Mason,1610612749.0,Milwaukee,Bucks,MIL,0,0,,,,,,0
0020300478,329,6,4,3,8:45 PM,2:50,Thomas OFF.Foul (P4),,,,,4,1903,Kenny Thomas,1610612755.0,Philadelphia,76ers,PHI,0,0,,,,,,1,0,,,,,,0
0020300478,330,5,5,3,8:45 PM,2:50,Thomas Foul Turnover (P2.T15),,,,,4,1903,Kenny Thomas,1610612755.0,Philadelphia,76ers,PHI,0,0,,,,,,0,0,,,,,,0
0020300478,331,6,1,3,8:45 PM,2:40,Buckner P.FOUL (P1.T4),,,,,4,1761,Greg Buckner,1610612755.0,Philadelphia,76ers,PHI,0,0,,,,,,1,0,,,,,,0
0020300478,332,8,0,3,8:46 PM,2:40,SUB: Dalembert FOR Thomas,,,,,4,1903,Kenny Thomas,1610612755.0,Philadelphia,76ers,PHI,4,2223,Samuel Dalembert,1610612755.0,Philadelphia,76ers,PHI,0,0,,,,,,0
0020300478,333,5,1,3,8:46 PM,2:39,Iverson STEAL (2 STL),,Mason Bad Pass Turnover (P1.T10),,,5,2046,Desmond Mason,1610612749.0,Milwaukee,Bucks,MIL,4,947,Allen Iverson,1610612755.0,Philadelphia,76ers,PHI,0,0,,,,,,0
0020300478,334,1,5,3,8:46 PM,2:35,Iverson  Layup (16 PTS),,,65 - 53,-12,4,947,Allen Iverson,1610612755.0,Philadelphia,76ers,PHI,0,0,,,,,,0,0,,,,,,0
0020300478,335,1,44,3,8:46 PM,2:16,,,Thomas  Reverse Layup (10 PTS) (Mason 3 AST),67 - 53,-14,5,1501,Tim Thomas,1610612749.0,Milwaukee,Bucks,MIL,5,2046,Desmond Mason,1610612749.0,Milwaukee,Bucks,MIL,0,0,,,,,,0
0020300478,336,2,1,3,8:47 PM,1:51,MISS Coleman  3PT Jump Shot,,,,,4,934,Derrick Coleman,1610612755.0,Philadelphia,76ers,PHI,0,0,,,,,,0,0,,,,,,0
0020300478,337,4,0,3,8:47 PM,1:49,Dalembert REBOUND (Off:1 Def:1),,,,,4,2223,Samuel Dalembert,1610612755.0,Philadelphia,76ers,PHI,0,0,,,,,,0,0,,,,,,0
0020300478,338,2,1,3,8:47 PM,1:46,MISS Iverson 27' 3PT Jump Shot,,,,,4,947,Allen Iverson,1610612755.0,Philadelphia,76ers,PHI,0,0,,,,,,0,0,,,,,,0
0020300478,339,4,0,3,8:47 PM,1:44,,,Smith REBOUND (Off:4 Def:5),,,5,693,Joe Smith,1610612749.0,Milwaukee,Bucks,MIL,0,0,,,,,,0,0,,,,,,0
0020300478,340,1,42,3,8:47 PM,1:23,,,Smith  Driving Layup (6 PTS),69 - 53,-16,5,693,Joe Smith,1610612749.0,Milwaukee,Bucks,MIL,0,0,,,,,,0,0,,,,,,0
0020300478,341,2,1,3,8:47 PM,1:07,MISS Snow 17' Jump Shot,,,,,4,727,Eric Snow,1610612755.0,Philadelphia,76ers,PHI,0,0,,,,,,0,0,,,,,,0
0020300478,342,4,0,3,8:47 PM,1:07,,,Gadzuric REBOUND (Off:1 Def:3),,,5,2429,Dan Gadzuric,1610612749.0,Milwaukee,Bucks,MIL,0,0,,,,,,0,0,,,,,,0
0020300478,343,6,3,3,8:47 PM,1:07,Coleman L.B.FOUL (P2.PN),,,,,4,934,Derrick Coleman,1610612755.0,Philadelphia,76ers,PHI,0,0,,,,,,1,0,,,,,,0
0020300478,344,8,0,3,8:48 PM,1:07,,,SUB: Strickland FOR Jones,,,5,1800,Damon Jones,1610612749.0,Milwaukee,Bucks,MIL,5,1065,Erick Strickland,1610612749.0,Milwaukee,Bucks,MIL,0,0,,,,,,0
0020300478,345,3,11,3,8:48 PM,1:07,,,MISS Gadzuric Free Throw 1 of 2,,,5,2429,Dan Gadzuric,1610612749.0,Milwaukee,Bucks,MIL,0,0,,,,,,0,0,,,,,,0
0020300478,346,4,1,3,8:48 PM,1:07,,,Bucks Rebound,,,3,1610612749,,,,,,0,0,,,,,,0,0,,,,,,0
0020300478,347,3,12,3,8:48 PM,1:07,,,MISS Gadzuric Free Throw 2 of 2,,,5,2429,Dan Gadzuric,1610612749.0,Milwaukee,Bucks,MIL,0,0,,,,,,0,0,,,,,,0
0020300478,348,4,0,3,8:48 PM,1:05,Buckner REBOUND (Off:0 Def:1),,,,,4,1761,Greg Buckner,1610612755.0,Philadelphia,76ers,PHI,0,0,,,,,,0,0,,,,,,0
0020300478,349,6,1,3,8:49 PM,0:55,,,Strickland P.FOUL (P1.PN),,,5,1065,Erick Strickland,1610612749.0,Milwaukee,Bucks,MIL,0,0,,,,,,1,0,,,,,,0
0020300478,350,3,11,3,8:49 PM,0:55,Iverson Free Throw 1 of 2 (17 PTS),,,69 - 54,-15,4,947,Allen Iverson,1610612755.0,Philadelphia,76ers,PHI,0,0,,,,,,0,0,,,,,,0
0020300478,351,8,0,3,8:49 PM,0:55,SUB: Hamilton FOR Coleman,,,,,4,934,Derrick Coleman,1610612755.0,Philadelphia,76ers,PHI,4,1985,Zendon Hamilton,1610612755.0,Philadelphia,76ers,PHI,0,0,,,,,,0
0020300478,352,3,12,3,8:49 PM,0:55,Iverson Free Throw 2 of 2 (18 PTS),,,69 - 55,-14,4,947,Allen Iverson,1610612755.0,Philadelphia,76ers,PHI,0,0,,,,,,0,0,,,,,,0
0020300478,353,2,5,3,8:49 PM,0:38,,,MISS Strickland  Layup,,,5,1065,Erick Strickland,1610612749.0,Milwaukee,Bucks,MIL,0,0,,,,,,0,0,,,,,,0
0020300478,354,4,0,3,8:50 PM,0:37,Hamilton REBOUND (Off:0 Def:3),,,,,4,1985,Zendon Hamilton,1610612755.0,Philadelphia,76ers,PHI,0,0,,,,,,0,0,,,,,,0
0020300478,355,2,1,3,8:50 PM,0:26,MISS Iverson 4' Jump Shot,,,,,4,947,Allen Iverson,1610612755.0,Philadelphia,76ers,PHI,0,0,,,,,,0,0,,,,,,0
0020300478,357,4,0,3,8:50 PM,0:24,Dalembert REBOUND (Off:2 Def:1),,,,,4,2223,Samuel Dalembert,1610612755.0,Philadelphia,76ers,PHI,0,0,,,,,,0,0,,,,,,0
0020300478,356,2,5,3,8:50 PM,0:24,MISS Dalembert  Layup,,,,,4,2223,Samuel Dalembert,1610612755.0,Philadelphia,76ers,PHI,0,0,,,,,,0,0,,,,,,0
0020300478,358,4,0,3,8:50 PM,0:22,Buckner REBOUND (Off:1 Def:1),,,,,4,1761,Greg Buckner,1610612755.0,Philadelphia,76ers,PHI,0,0,,,,,,0,0,,,,,,0
0020300478,359,5,40,3,8:50 PM,0:19,Iverson Out of Bounds Lost Ball Turnover (P5.T16),,,,,4,947,Allen Iverson,1610612755.0,Philadelphia,76ers,PHI,0,0,,,,,,0,0,,,,,,0
0020300478,360,5,2,3,8:50 PM,0:01,Snow STEAL (1 STL),,Smith Lost Ball Turnover (P1.T11),,,5,693,Joe Smith,1610612749.0,Milwaukee,Bucks,MIL,4,727,Eric Snow,1610612755.0,Philadelphia,76ers,PHI,0,0,,,,,,0
0020300478,361,13,0,3,8:50 PM,0:00,,,,69 - 55,-14,0,0,,,,,,0,0,,,,,,0,0,,,,,,0
0020300478,362,12,0,4,8:53 PM,12:00,,,,69 - 55,-14,0,0,,,,,,0,0,,,,,,0,0,,,,,,0
0020300478,363,1,1,4,8:54 PM,11:38,,,Kukoc 26' 3PT Jump Shot (9 PTS) (Mason 4 AST),72 - 55,-17,5,389,Toni Kukoc,1610612749.0,Milwaukee,Bucks,MIL,5,2046,Desmond Mason,1610612749.0,Milwaukee,Bucks,MIL,0,0,,,,,,0
0020300478,364,6,1,4,8:54 PM,11:18,,,Strickland P.FOUL (P2.T1),,,5,1065,Erick Strickland,1610612749.0,Milwaukee,Bucks,MIL,0,0,,,,,,1,0,,,,,,0
0020300478,365,8,0,4,8:54 PM,11:18,SUB: Korver FOR Hamilton,,,,,4,1985,Zendon Hamilton,1610612755.0,Philadelphia,76ers,PHI,4,2594,Kyle Korver,1610612755.0,Philadelphia,76ers,PHI,0,0,,,,,,0
0020300478,366,1,42,4,8:55 PM,11:04,Snow  Driving Layup (5 PTS),,,72 - 57,-15,4,727,Eric Snow,1610612755.0,Philadelphia,76ers,PHI,0,0,,,,,,0,0,,,,,,0
0020300478,367,2,1,4,8:55 PM,10:46,,,MISS Thomas 14' Jump Shot,,,5,1501,Tim Thomas,1610612749.0,Milwaukee,Bucks,MIL,0,0,,,,,,0,0,,,,,,0
0020300478,368,4,0,4,8:55 PM,10:45,Iverson REBOUND (Off:2 Def:3),,,,,4,947,Allen Iverson,1610612755.0,Philadelphia,76ers,PHI,0,0,,,,,,0,0,,,,,,0
0020300478,369,6,4,4,8:55 PM,10:40,Iverson OFF.Foul (P2),,,,,4,947,Allen Iverson,1610612755.0,Philadelphia,76ers,PHI,0,0,,,,,,1,0,,,,,,0
0020300478,370,5,5,4,8:55 PM,10:40,Iverson Foul Turnover (P6.T17),,,,,4,947,Allen Iverson,1610612755.0,Philadelphia,76ers,PHI,0,0,,,,,,0,0,,,,,,0
0020300478,371,2,1,4,8:56 PM,10:33,,,MISS Thomas 15' Jump Shot,,,5,1501,Tim Thomas,1610612749.0,Milwaukee,Bucks,MIL,0,0,,,,,,0,0,,,,,,0
0020300478,372,4,0,4,8:56 PM,10:32,Dalembert REBOUND (Off:2 Def:2),,,,,4,2223,Samuel Dalembert,1610612755.0,Philadelphia,76ers,PHI,0,0,,,,,,0,0,,,,,,0
0020300478,373,6,4,4,8:56 PM,10:26,Snow OFF.Foul (P2),,,,,4,727,Eric Snow,1610612755.0,Philadelphia,76ers,PHI,0,0,,,,,,1,0,,,,,,0
0020300478,374,5,5,4,8:56 PM,10:26,Snow Foul Turnover (P4.T18),,,,,4,727,Eric Snow,1610612755.0,Philadelphia,76ers,PHI,0,0,,,,,,0,0,,,,,,0
0020300478,375,8,0,4,8:56 PM,10:26,SUB: Salmons FOR Snow,,,,,4,727,Eric Snow,1610612755.0,Philadelphia,76ers,PHI,4,2422,John Salmons,1610612755.0,Philadelphia,76ers,PHI,0,0,,,,,,0
0020300478,376,5,4,4,8:56 PM,10:08,,,Mason Traveling Turnover (P2.T12),,,5,2046,Desmond Mason,1610612749.0,Milwaukee,Bucks,MIL,0,0,,,,,,1,0,,,,,,0
0020300478,377,7,1,4,8:57 PM,10:08,76ERS Violation: Delay of game Violation,,,,,2,1610612755,,,,,,0,0,,,,,,1,0,,,,,,0
0020300478,378,2,5,4,8:57 PM,9:58,MISS Iverson  Layup,,,,,4,947,Allen Iverson,1610612755.0,Philadelphia,76ers,PHI,0,0,,,,,,0,0,,,,,,0
0020300478,379,4,0,4,8:57 PM,9:56,,,Gadzuric REBOUND (Off:1 Def:4),,,5,2429,Dan Gadzuric,1610612749.0,Milwaukee,Bucks,MIL,0,0,,,,,,0,0,,,,,,0
0020300478,380,1,1,4,8:57 PM,9:39,,,Mason 24' 3PT Jump Shot (20 PTS) (Thomas 2 AST),75 - 57,-18,5,2046,Desmond Mason,1610612749.0,Milwaukee,Bucks,MIL,5,1501,Tim Thomas,1610612749.0,Milwaukee,Bucks,MIL,0,0,,,,,,0
0020300478,381,9,1,4,8:57 PM,9:29,76ERS Timeout: Regular (Full 4 Short 0),,,,,2,1610612755,,,,,,0,0,,,,,,0,0,,,,,,0
0020300478,389,8,0,4,8:57 PM,9:29,,,SUB: Redd FOR Thomas,,,5,1501,Tim Thomas,1610612749.0,Milwaukee,Bucks,MIL,5,2072,Michael Redd,1610612749.0,Milwaukee,Bucks,MIL,0,0,,,,,,0
0020300478,382,2,1,4,9:00 PM,9:20,MISS Korver 20' Jump Shot,,,,,4,2594,Kyle Korver,1610612755.0,Philadelphia,76ers,PHI,0,0,,,,,,0,0,,,,,,0
0020300478,383,4,0,4,9:00 PM,9:15,,,Gadzuric REBOUND (Off:1 Def:5),,,5,2429,Dan Gadzuric,1610612749.0,Milwaukee,Bucks,MIL,0,0,,,,,,0,0,,,,,,0
0020300478,384,5,10,4,9:00 PM,9:10,,,Bucks Turnover: 8 Second Violation (T#13),,,3,1610612749,,,,,,0,0,,,,,,1,0,,,,,,0
0020300478,385,5,41,4,9:01 PM,8:52,Iverson Poss Lost Ball Turnover (P7.T19),,,,,4,947,Allen Iverson,1610612755.0,Philadelphia,76ers,PHI,0,0,,,,,,0,0,,,,,,0
0020300478,386,1,5,4,9:01 PM,8:38,,,Kukoc  Layup (11 PTS) (Redd 3 AST),77 - 57,-20,5,389,Toni Kukoc,1610612749.0,Milwaukee,Bucks,MIL,5,2072,Michael Redd,1610612749.0,Milwaukee,Bucks,MIL,0,0,,,,,,0
0020300478,387,2,1,4,9:01 PM,8:22,MISS Iverson 26' 3PT Jump Shot,,,,,4,947,Allen Iverson,1610612755.0,Philadelphia,76ers,PHI,0,0,,,,,,0,0,,,,,,0
0020300478,388,4,0,4,9:01 PM,8:20,,,Bucks Rebound,,,3,1610612749,,,,,,0,0,,,,,,0,0,,,,,,0
0020300478,395,5,8,4,9:02 PM,8:09,,,Strickland 3 Second Violation Turnover (P1.T14),,,5,1065,Erick Strickland,1610612749.0,Milwaukee,Bucks,MIL,0,0,,,,,,1,0,,,,,,0
0020300478,397,8,0,4,9:03 PM,8:09,SUB: Snow FOR Iverson,,,,,4,947,Allen Iverson,1610612755.0,Philadelphia,76ers,PHI,4,727,Eric Snow,1610612755.0,Philadelphia,76ers,PHI,0,0,,,,,,0
0020300478,398,8,0,4,9:03 PM,8:09,SUB: Thomas FOR Dalembert,,,,,4,2223,Samuel Dalembert,1610612755.0,Philadelphia,76ers,PHI,4,1903,Kenny Thomas,1610612755.0,Philadelphia,76ers,PHI,0,0,,,,,,0
0020300478,399,8,0,4,9:03 PM,8:09,SUB: Robinson FOR Salmons,,,,,4,2422,John Salmons,1610612755.0,Philadelphia,76ers,PHI,4,299,Glenn Robinson,1610612755.0,Philadelphia,76ers,PHI,0,0,,,,,,0
0020300478,400,1,1,4,9:03 PM,7:53,Buckner 17' Jump Shot (6 PTS) (Snow 5 AST),,,77 - 59,-18,4,1761,Greg Buckner,1610612755.0,Philadelphia,76ers,PHI,4,727,Eric Snow,1610612755.0,Philadelphia,76ers,PHI,0,0,,,,,,0
0020300478,402,1,1,4,9:03 PM,7:43,,,Gadzuric 4' Jump Shot (5 PTS) (Redd 4 AST),79 - 59,-20,5,2429,Dan Gadzuric,1610612749.0,Milwaukee,Bucks,MIL,5,2072,Michael Redd,1610612749.0,Milwaukee,Bucks,MIL,0,0,,,,,,0
0020300478,404,6,2,4,9:03 PM,7:43,Robinson S.FOUL (P5.T1),,,,,4,299,Glenn Robinson,1610612755.0,Philadelphia,76ers,PHI,0,0,,,,,,1,0,,,,,,0
0020300478,405,3,10,4,9:03 PM,7:43,,,MISS Gadzuric Free Throw 1 of 1,,,5,2429,Dan Gadzuric,1610612749.0,Milwaukee,Bucks,MIL,0,0,,,,,,0,0,,,,,,0
0020300478,407,4,0,4,9:03 PM,7:42,Thomas REBOUND (Off:3 Def:7),,,,,4,1903,Kenny Thomas,1610612755.0,Philadelphia,76ers,PHI,0,0,,,,,,0,0,,,,,,0
0020300478,408,6,4,4,9:04 PM,7:34,Robinson OFF.Foul (P6),,,,,4,299,Glenn Robinson,1610612755.0,Philadelphia,76ers,PHI,0,0,,,,,,1,0,,,,,,0
0020300478,409,5,5,4,9:04 PM,7:34,Robinson Foul Turnover (P2.T20),,,,,4,299,Glenn Robinson,1610612755.0,Philadelphia,76ers,PHI,0,0,,,,,,0,0,,,,,,0
0020300478,410,8,0,4,9:04 PM,7:34,SUB: Dalembert FOR Robinson,,,,,4,299,Glenn Robinson,1610612755.0,Philadelphia,76ers,PHI,4,2223,Samuel Dalembert,1610612755.0,Philadelphia,76ers,PHI,0,0,,,,,,0
0020300478,411,2,5,4,9:04 PM,7:27,,,MISS Gadzuric  Layup,,,5,2429,Dan Gadzuric,1610612749.0,Milwaukee,Bucks,MIL,0,0,,,,,,0,0,,,,,,0
0020300478,413,4,0,4,9:04 PM,7:26,,,Mason REBOUND (Off:2 Def:2),,,5,2046,Desmond Mason,1610612749.0,Milwaukee,Bucks,MIL,0,0,,,,,,0,0,,,,,,0
0020300478,412,2,5,4,9:04 PM,7:26,,,MISS Mason  Layup,,,5,2046,Desmond Mason,1610612749.0,Milwaukee,Bucks,MIL,0,0,,,,,,0,0,,,,,,0
0020300478,414,4,0,4,9:04 PM,7:25,Korver REBOUND (Off:0 Def:2),,,,,4,2594,Kyle Korver,1610612755.0,Philadelphia,76ers,PHI,0,0,,,,,,0,0,,,,,,0
0020300478,415,1,5,4,9:04 PM,7:20,Snow  Layup (7 PTS) (Buckner 1 AST),,,79 - 61,-18,4,727,Eric Snow,1610612755.0,Philadelphia,76ers,PHI,4,1761,Greg Buckner,1610612755.0,Philadelphia,76ers,PHI,0,0,,,,,,0
0020300478,416,1,5,4,9:05 PM,6:53,,,Gadzuric  Layup (7 PTS) (Redd 5 AST),81 - 61,-20,5,2429,Dan Gadzuric,1610612749.0,Milwaukee,Bucks,MIL,5,2072,Michael Redd,1610612749.0,Milwaukee,Bucks,MIL,0,0,,,,,,0
0020300478,417,6,1,4,9:05 PM,6:40,,,Strickland P.FOUL (P3.T2),,,5,1065,Erick Strickland,1610612749.0,Milwaukee,Bucks,MIL,0,0,,,,,,1,0,,,,,,0
0020300478,418,2,1,4,9:05 PM,6:29,MISS Buckner 26' 3PT Jump Shot,,,,,4,1761,Greg Buckner,1610612755.0,Philadelphia,76ers,PHI,0,0,,,,,,0,0,,,,,,0
0020300478,419,4,0,4,9:05 PM,6:27,,,Bucks Rebound,,,3,1610612749,,,,,,0,0,,,,,,0,0,,,,,,0
0020300478,420,2,1,4,9:06 PM,6:16,,,MISS Redd 26' 3PT Jump Shot,,,5,2072,Michael Redd,1610612749.0,Milwaukee,Bucks,MIL,0,0,,,,,,0,0,,,,,,0
0020300478,421,4,0,4,9:06 PM,6:14,Dalembert REBOUND (Off:2 Def:3),,,,,4,2223,Samuel Dalembert,1610612755.0,Philadelphia,76ers,PHI,0,0,,,,,,0,0,,,,,,0
0020300478,422,1,1,4,9:06 PM,6:10,Korver 27' 3PT Jump Shot (9 PTS) (Snow 6 AST),,,81 - 64,-17,4,2594,Kyle Korver,1610612755.0,Philadelphia,76ers,PHI,4,727,Eric Snow,1610612755.0,Philadelphia,76ers,PHI,0,0,,,,,,0
0020300478,423,5,1,4,9:06 PM,5:58,Thomas STEAL (2 STL),,Strickland Bad Pass Turnover (P2.T15),,,5,1065,Erick Strickland,1610612749.0,Milwaukee,Bucks,MIL,4,1903,Kenny Thomas,1610612755.0,Philadelphia,76ers,PHI,0,0,,,,,,0
0020300478,424,2,1,4,9:06 PM,5:54,MISS Korver 17' Jump Shot,,,,,4,2594,Kyle Korver,1610612755.0,Philadelphia,76ers,PHI,0,0,,,,,,0,0,,,,,,0
0020300478,425,4,0,4,9:06 PM,5:52,Thomas REBOUND (Off:4 Def:7),,,,,4,1903,Kenny Thomas,1610612755.0,Philadelphia,76ers,PHI,0,0,,,,,,0,0,,,,,,0
0020300478,426,5,40,4,9:06 PM,5:50,Korver Out of Bounds Lost Ball Turnover (P1.T21),,,,,4,2594,Kyle Korver,1610612755.0,Philadelphia,76ers,PHI,0,0,,,,,,0,0,,,,,,0
0020300478,427,9,4,4,9:06 PM,5:50,,,,,,1,0,,,,,,0,0,,,,,,0,0,,,,,,0
0020300478,428,1,1,4,9:09 PM,5:37,,,Kukoc 26' 3PT Jump Shot (14 PTS) (Mason 5 AST),84 - 64,-20,5,389,Toni Kukoc,1610612749.0,Milwaukee,Bucks,MIL,5,2046,Desmond Mason,1610612749.0,Milwaukee,Bucks,MIL,0,0,,,,,,0
0020300478,429,1,1,4,9:09 PM,5:24,Korver 26' 3PT Jump Shot (12 PTS) (Snow 7 AST),,,84 - 67,-17,4,2594,Kyle Korver,1610612755.0,Philadelphia,76ers,PHI,4,727,Eric Snow,1610612755.0,Philadelphia,76ers,PHI,0,0,,,,,,0
0020300478,430,2,1,4,9:09 PM,4:59,,,MISS Strickland 28' 3PT Jump Shot,,,5,1065,Erick Strickland,1610612749.0,Milwaukee,Bucks,MIL,0,0,,,,,,0,0,,,,,,0
0020300478,431,4,0,4,9:09 PM,4:57,,,Bucks Rebound,,,3,1610612749,,,,,,0,0,,,,,,0,0,,,,,,0
0020300478,432,5,1,4,9:10 PM,4:43,Snow STEAL (2 STL),,Kukoc Bad Pass Turnover (P1.T16),,,5,389,Toni Kukoc,1610612749.0,Milwaukee,Bucks,MIL,4,727,Eric Snow,1610612755.0,Philadelphia,76ers,PHI,0,0,,,,,,0
0020300478,433,6,2,4,9:10 PM,4:39,,,Kukoc S.FOUL (P1.T3),,,5,389,Toni Kukoc,1610612749.0,Milwaukee,Bucks,MIL,0,0,,,,,,1,0,,,,,,0
0020300478,434,3,11,4,9:10 PM,4:39,MISS Dalembert Free Throw 1 of 2,,,,,4,2223,Samuel Dalembert,1610612755.0,Philadelphia,76ers,PHI,0,0,,,,,,0,0,,,,,,0
0020300478,435,4,1,4,9:10 PM,4:39,76ERS Rebound,,,,,2,1610612755,,,,,,0,0,,,,,,0,0,,,,,,0
0020300478,436,8,0,4,9:10 PM,4:39,SUB: Salmons FOR Snow,,,,,4,727,Eric Snow,1610612755.0,Philadelphia,76ers,PHI,4,2422,John Salmons,1610612755.0,Philadelphia,76ers,PHI,0,0,,,,,,0
0020300478,437,3,12,4,9:10 PM,4:39,Dalembert Free Throw 2 of 2 (1 PTS),,,84 - 68,-16,4,2223,Samuel Dalembert,1610612755.0,Philadelphia,76ers,PHI,0,0,,,,,,0,0,,,,,,0
0020300478,438,6,2,4,9:11 PM,4:29,Dalembert S.FOUL (P1.T2),,,,,4,2223,Samuel Dalembert,1610612755.0,Philadelphia,76ers,PHI,0,0,,,,,,1,0,,,,,,0
0020300478,439,3,11,4,9:11 PM,4:29,,,Mason Free Throw 1 of 2 (21 PTS),85 - 68,-17,5,2046,Desmond Mason,1610612749.0,Milwaukee,Bucks,MIL,0,0,,,,,,0,0,,,,,,0
0020300478,440,3,12,4,9:11 PM,4:29,,,Mason Free Throw 2 of 2 (22 PTS),86 - 68,-18,5,2046,Desmond Mason,1610612749.0,Milwaukee,Bucks,MIL,0,0,,,,,,0,0,,,,,,0
0020300478,441,2,1,4,9:12 PM,4:19,MISS Korver 11' Jump Shot,,,,,4,2594,Kyle Korver,1610612755.0,Philadelphia,76ers,PHI,0,0,,,,,,0,0,,,,,,0
0020300478,442,4,0,4,9:12 PM,4:15,,,Gadzuric REBOUND (Off:1 Def:6),,,5,2429,Dan Gadzuric,1610612749.0,Milwaukee,Bucks,MIL,0,0,,,,,,0,0,,,,,,0
0020300478,443,2,5,4,9:12 PM,4:09,,,MISS Redd  Layup,,,5,2072,Michael Redd,1610612749.0,Milwaukee,Bucks,MIL,0,0,,,,,,0,0,,,,,,0
0020300478,444,4,0,4,9:12 PM,4:08,Korver REBOUND (Off:0 Def:3),,,,,4,2594,Kyle Korver,1610612755.0,Philadelphia,76ers,PHI,0,0,,,,,,0,0,,,,,,0
0020300478,445,2,1,4,9:12 PM,3:56,MISS Buckner 12' Jump Shot,,,,,4,1761,Greg Buckner,1610612755.0,Philadelphia,76ers,PHI,0,0,,,,,,0,0,,,,,,0
0020300478,446,4,0,4,9:12 PM,3:55,76ERS Rebound,,,,,2,1610612755,,,,,,0,0,,,,,,0,0,,,,,,0
0020300478,447,1,8,4,9:13 PM,3:43,Thomas  Slam Dunk (8 PTS) (Korver 1 AST),,,86 - 70,-16,4,1903,Kenny Thomas,1610612755.0,Philadelphia,76ers,PHI,4,2594,Kyle Korver,1610612755.0,Philadelphia,76ers,PHI,0,0,,,,,,0
0020300478,448,2,1,4,9:13 PM,3:19,,,MISS Mason 24' 3PT Jump Shot,,,5,2046,Desmond Mason,1610612749.0,Milwaukee,Bucks,MIL,0,0,,,,,,0,0,,,,,,0
0020300478,449,4,0,4,9:13 PM,3:17,Thomas REBOUND (Off:4 Def:8),,,,,4,1903,Kenny Thomas,1610612755.0,Philadelphia,76ers,PHI,0,0,,,,,,0,0,,,,,,0
0020300478,450,7,5,4,9:13 PM,3:13,,,Gadzuric Violation:Kicked Ball,,,5,2429,Dan Gadzuric,1610612749.0,Milwaukee,Bucks,MIL,0,0,,,,,,1,0,,,,,,0
0020300478,451,8,0,4,9:13 PM,3:13,,,SUB: Jones FOR Redd,,,5,2072,Michael Redd,1610612749.0,Milwaukee,Bucks,MIL,5,1800,Damon Jones,1610612749.0,Milwaukee,Bucks,MIL,0,0,,,,,,0
0020300478,452,2,5,4,9:14 PM,3:03,MISS Thomas  Layup,,,,,4,1903,Kenny Thomas,1610612755.0,Philadelphia,76ers,PHI,0,0,,,,,,0,0,,,,,,0
0020300478,453,4,0,4,9:14 PM,3:02,Thomas REBOUND (Off:5 Def:8),,,,,4,1903,Kenny Thomas,1610612755.0,Philadelphia,76ers,PHI,0,0,,,,,,0,0,,,,,,0
0020300478,454,1,1,4,9:14 PM,2:53,Dalembert 15' Jump Shot (3 PTS) (Korver 2 AST),,,86 - 72,-14,4,2223,Samuel Dalembert,1610612755.0,Philadelphia,76ers,PHI,4,2594,Kyle Korver,1610612755.0,Philadelphia,76ers,PHI,0,0,,,,,,0
0020300478,455,2,1,4,9:14 PM,2:24,,,MISS Jones 26' 3PT Jump Shot,,,5,1800,Damon Jones,1610612749.0,Milwaukee,Bucks,MIL,0,0,,,,,,0,0,,,,,,0
0020300478,456,4,0,4,9:14 PM,2:22,76ERS Rebound,,,,,2,1610612755,,,,,,0,0,,,,,,0,0,,,,,,0
0020300478,457,9,1,4,9:14 PM,2:21,,,Bucks Timeout: Regular (Reg.4 Short 0),,,3,1610612749,,,,,,0,0,,,,,,0,0,,,,,,0
0020300478,458,8,0,4,9:16 PM,2:21,SUB: Hamilton FOR Thomas,,,,,4,1903,Kenny Thomas,1610612755.0,Philadelphia,76ers,PHI,4,1985,Zendon Hamilton,1610612755.0,Philadelphia,76ers,PHI,0,0,,,,,,0
0020300478,459,2,1,4,9:17 PM,2:09,MISS Korver 24' 3PT Jump Shot,,,,,4,2594,Kyle Korver,1610612755.0,Philadelphia,76ers,PHI,0,0,,,,,,0,0,,,,,,0
0020300478,460,4,0,4,9:17 PM,2:07,,,Kukoc REBOUND (Off:0 Def:3),,,5,389,Toni Kukoc,1610612749.0,Milwaukee,Bucks,MIL,0,0,,,,,,0,0,,,,,,0
0020300478,461,2,1,4,9:17 PM,1:57,,,MISS Kukoc 26' 3PT Jump Shot,,,5,389,Toni Kukoc,1610612749.0,Milwaukee,Bucks,MIL,0,0,,,,,,0,0,,,,,,0
0020300478,462,4,0,4,9:17 PM,1:55,Dalembert REBOUND (Off:2 Def:4),,,,,4,2223,Samuel Dalembert,1610612755.0,Philadelphia,76ers,PHI,0,0,,,,,,0,0,,,,,,0
0020300478,463,6,2,4,9:17 PM,1:41,,,Gadzuric S.FOUL (P4.T4),,,5,2429,Dan Gadzuric,1610612749.0,Milwaukee,Bucks,MIL,0,0,,,,,,1,0,,,,,,0
0020300478,464,3,11,4,9:17 PM,1:41,MISS Hamilton Free Throw 1 of 2,,,,,4,1985,Zendon Hamilton,1610612755.0,Philadelphia,76ers,PHI,0,0,,,,,,0,0,,,,,,0
0020300478,465,4,1,4,9:17 PM,1:41,76ERS Rebound,,,,,2,1610612755,,,,,,0,0,,,,,,0,0,,,,,,0
0020300478,466,3,12,4,9:18 PM,1:41,Hamilton Free Throw 2 of 2 (4 PTS),,,86 - 73,-13,4,1985,Zendon Hamilton,1610612755.0,Philadelphia,76ers,PHI,0,0,,,,,,0,0,,,,,,0
0020300478,468,1,1,4,9:18 PM,1:19,,,Mason 14' Jump Shot (24 PTS) (Kukoc 2 AST),88 - 73,-15,5,2046,Desmond Mason,1610612749.0,Milwaukee,Bucks,MIL,5,389,Toni Kukoc,1610612749.0,Milwaukee,Bucks,MIL,0,0,,,,,,0
0020300478,469,2,5,4,9:19 PM,1:07,MISS Dalembert  Layup,,,,,4,2223,Samuel Dalembert,1610612755.0,Philadelphia,76ers,PHI,0,0,,,,,,0,0,,,,,,0
0020300478,470,4,0,4,9:19 PM,1:06,Hamilton REBOUND (Off:1 Def:3),,,,,4,1985,Zendon Hamilton,1610612755.0,Philadelphia,76ers,PHI,0,0,,,,,,0,0,,,,,,0
0020300478,471,6,2,4,9:19 PM,1:06,,,Kukoc S.FOUL (P2.PN),,,5,389,Toni Kukoc,1610612749.0,Milwaukee,Bucks,MIL,0,0,,,,,,1,0,,,,,,0
0020300478,472,3,11,4,9:19 PM,1:06,Hamilton Free Throw 1 of 2 (5 PTS),,,88 - 74,-14,4,1985,Zendon Hamilton,1610612755.0,Philadelphia,76ers,PHI,0,0,,,,,,0,0,,,,,,0
0020300478,473,3,12,4,9:19 PM,1:06,MISS Hamilton Free Throw 2 of 2,,,,,4,1985,Zendon Hamilton,1610612755.0,Philadelphia,76ers,PHI,0,0,,,,,,0,0,,,,,,0
0020300478,474,4,0,4,9:19 PM,1:04,,,Bucks Rebound,,,3,1610612749,,,,,,0,0,,,,,,0,0,,,,,,0
0020300478,475,6,3,4,9:19 PM,1:04,Dalembert L.B.FOUL (P2.T3),,,,,4,2223,Samuel Dalembert,1610612755.0,Philadelphia,76ers,PHI,0,0,,,,,,1,0,,,,,,0
0020300478,476,2,5,4,9:20 PM,0:43,Dalembert BLOCK (1 BLK),,MISS Gadzuric  Layup,,,5,2429,Dan Gadzuric,1610612749.0,Milwaukee,Bucks,MIL,0,0,,,,,,4,2223,Samuel Dalembert,1610612755.0,Philadelphia,76ers,PHI,0
0020300478,477,4,0,4,9:20 PM,0:41,,,Gadzuric REBOUND (Off:2 Def:6),,,5,2429,Dan Gadzuric,1610612749.0,Milwaukee,Bucks,MIL,0,0,,,,,,0,0,,,,,,0
0020300478,478,2,1,4,9:20 PM,0:38,,,MISS Strickland 28' 3PT Jump Shot,,,5,1065,Erick Strickland,1610612749.0,Milwaukee,Bucks,MIL,0,0,,,,,,0,0,,,,,,0
0020300478,479,4,0,4,9:20 PM,0:36,Dalembert REBOUND (Off:2 Def:5),,,,,4,2223,Samuel Dalembert,1610612755.0,Philadelphia,76ers,PHI,0,0,,,,,,0,0,,,,,,0
0020300478,480,1,52,4,9:20 PM,0:33,Hamilton  Alley Oop Dunk (7 PTS) (Korver 3 AST),,,88 - 76,-12,4,1985,Zendon Hamilton,1610612755.0,Philadelphia,76ers,PHI,4,2594,Kyle Korver,1610612755.0,Philadelphia,76ers,PHI,0,0,,,,,,0
0020300478,481,2,5,4,9:20 PM,0:22,,,MISS Gadzuric  Layup,,,5,2429,Dan Gadzuric,1610612749.0,Milwaukee,Bucks,MIL,0,0,,,,,,0,0,,,,,,0
0020300478,482,4,0,4,9:20 PM,0:21,Hamilton REBOUND (Off:1 Def:4),,,,,4,1985,Zendon Hamilton,1610612755.0,Philadelphia,76ers,PHI,0,0,,,,,,0,0,,,,,,0
0020300478,483,5,1,4,9:20 PM,0:10,Korver Bad Pass Turnover (P2.T22),,Strickland STEAL (1 STL),,,4,2594,Kyle Korver,1610612755.0,Philadelphia,76ers,PHI,5,1065,Erick Strickland,1610612749.0,Milwaukee,Bucks,MIL,0,0,,,,,,0
0020300478,484,13,0,4,9:21 PM,0:00,,,,88 - 76,-12,0,0,,,,,,0,0,,,,,,0,0,,,,,,0
