GAME_ID,EVENTNUM,EVENTMSGTYPE,EVENTMSGACTIONTYPE,PERIOD,WCTIMESTRING,PCTIMESTRING,HOMEDESCRIPTION,NEUTRALDESCRIPTION,VISITORDESCRIPTION,SCORE,SCOREMARGIN
0021700508,2,12,0,1,7:40 PM,12:00,,,,,
0021700508,4,10,0,1,7:40 PM,12:00,Jump Ball Plumlee vs. Gortat: Tip to Beal,,,,
0021700508,7,1,79,1,7:41 PM,11:46,,,Porter Jr. 18' Pullup Jump Shot (2 PTS),2 - 0,-2
0021700508,8,2,1,1,7:41 PM,11:30,MISS Schroder 24' 3PT Jump Shot,,,,
0021700508,9,4,0,1,7:41 PM,11:29,HAWKS Rebound,,,,
0021700508,10,6,3,1,7:41 PM,11:29,,,Gortat L.B.FOUL (P1.T1) (J.DeRosa),,
0021700508,12,2,98,1,7:41 PM,11:27,MISS Prince 2' Cutting Layup Shot,,,,
0021700508,13,4,0,1,7:41 PM,11:22,Prince REBOUND (Off:1 Def:0),,,,
0021700508,14,2,1,1,7:41 PM,11:21,MISS Bazemore 12' Jump Shot,,,,
0021700508,15,4,0,1,7:41 PM,11:15,,,Beal REBOUND (Off:0 Def:1),,
0021700508,16,2,1,1,7:41 PM,11:11,,,MISS Porter Jr. 24' 3PT Jump Shot,,
0021700508,17,4,0,1,7:41 PM,11:08,Schroder REBOUND (Off:0 Def:1),,,,
0021700508,18,5,1,1,7:42 PM,10:55,Bazemore Bad Pass Turnover (P1.T1),,Porter Jr. STEAL (1 STL),,
0021700508,20,1,41,1,7:42 PM,10:51,,,Porter Jr. 1' Running Layup (4 PTS) (Wall 1 AST),4 - 0,-4
0021700508,22,1,1,1,7:42 PM,10:37,Prince 26' 3PT Jump Shot (3 PTS) (Schroder 1 AST),,,4 - 3,-1
0021700508,24,1,1,1,7:42 PM,10:17,,,Mark Morris 13' Jump Shot (2 PTS),6 - 3,-3
0021700508,26,2,1,1,7:43 PM,9:50,MISS Ilyasova 21' Jump Shot,,,,
0021700508,27,4,0,1,7:43 PM,9:46,,,Porter Jr. REBOUND (Off:0 Def:1),,
0021700508,28,2,2,1,7:43 PM,9:41,,,MISS Wall 25' 3PT Running Jump Shot,,
0021700508,29,4,0,1,7:43 PM,9:39,Ilyasova REBOUND (Off:0 Def:1),,,,
0021700508,30,1,79,1,7:43 PM,9:26,Schroder 18' Pullup Jump Shot (2 PTS),,,6 - 5,-1
0021700508,31,6,2,1,7:44 PM,9:00,Ilyasova S.FOUL (P1.T1) (T.Ford),,,,
0021700508,33,3,11,1,7:44 PM,9:00,,,MISS Mark Morris Free Throw 1 of 2,,
0021700508,34,4,1,1,7:44 PM,9:00,,,Wizards Rebound,,
0021700508,35,3,12,1,7:44 PM,9:00,,,Mark Morris Free Throw 2 of 2 (3 PTS),7 - 5,-2
0021700508,36,2,6,1,7:45 PM,8:51,MISS Schroder 2' Driving Layup,,,,
0021700508,37,4,0,1,7:45 PM,8:48,,,Wizards Rebound,,
0021700508,38,2,98,1,7:45 PM,8:37,,,MISS Gortat 3' Cutting Layup Shot,,
0021700508,39,4,0,1,7:45 PM,8:33,Schroder REBOUND (Off:0 Def:2),,,,
0021700508,40,2,2,1,7:45 PM,8:31,MISS Schroder 25' 3PT Running Jump Shot,,,,
0021700508,41,4,0,1,7:45 PM,8:27,,,Beal REBOUND (Off:0 Def:2),,
0021700508,42,1,79,1,7:45 PM,8:20,,,Beal 19' Pullup Jump Shot (2 PTS),9 - 5,-4
0021700508,43,6,1,1,7:46 PM,8:04,,,Wall P.FOUL (P1.T2) (T.Ford),,
0021700508,45,1,44,1,7:46 PM,7:57,Plumlee 2' Reverse Layup (2 PTS) (Bazemore 1 AST),,,9 - 7,-2
0021700508,47,2,1,1,7:46 PM,7:34,,,MISS Porter Jr. 21' Jump Shot,,
0021700508,48,4,0,1,7:46 PM,7:29,,,Mark Morris REBOUND (Off:1 Def:0),,
0021700508,49,1,97,1,7:46 PM,7:29,,,Mark Morris 1' Tip Layup Shot (5 PTS),11 - 7,-4
0021700508,50,5,1,1,7:47 PM,7:20,Schroder Bad Pass Turnover (P1.T2),,Beal STEAL (1 STL),,
0021700508,52,6,28,1,7:47 PM,7:19,Schroder Personal Take Foul (P1.T2) (J.DeRosa),,,,
0021700508,54,1,5,1,7:47 PM,7:07,,,Gortat 2' Layup (2 PTS) (Wall 2 AST),13 - 7,-6
0021700508,56,2,6,1,7:47 PM,6:52,MISS Prince 4' Driving Layup,,,,
0021700508,57,4,0,1,7:47 PM,6:49,,,Gortat REBOUND (Off:0 Def:1),,
0021700508,58,1,41,1,7:47 PM,6:47,,,Porter Jr. 2' Running Layup (6 PTS) (Wall 3 AST),15 - 7,-8
0021700508,60,9,1,1,7:47 PM,6:47,HAWKS Timeout: Regular (Full 1 Short 0),,,,
0021700508,61,2,1,1,7:50 PM,6:35,MISS Prince 26' 3PT Jump Shot,,,,
0021700508,62,4,0,1,7:50 PM,6:32,Ilyasova REBOUND (Off:1 Def:1),,,,
0021700508,63,2,72,1,7:50 PM,6:32,MISS Ilyasova 2' Putback Layup,,,,
0021700508,64,4,0,1,7:50 PM,6:32,,,Mark Morris REBOUND (Off:1 Def:1),,
0021700508,65,1,52,1,7:51 PM,6:20,,,Mark Morris 2' Alley Oop Dunk (7 PTS) (Wall 4 AST),17 - 7,-10
0021700508,67,1,79,1,7:51 PM,6:03,Bazemore 25' 3PT Pullup Jump Shot (3 PTS) (Plumlee 1 AST),,,17 - 10,-7
0021700508,69,2,1,1,7:51 PM,5:45,,,MISS Gortat 18' Jump Shot,,
0021700508,70,4,0,1,7:51 PM,5:42,Ilyasova REBOUND (Off:1 Def:2),,,,
0021700508,71,1,44,1,7:51 PM,5:35,Plumlee 1' Reverse Layup (4 PTS) (Bazemore 2 AST),,,17 - 12,-5
0021700508,73,1,1,1,7:52 PM,5:17,,,Mark Morris 25' 3PT Jump Shot (10 PTS) (Wall 5 AST),20 - 12,-8
0021700508,75,5,1,1,7:52 PM,4:59,Schroder Bad Pass Turnover (P2.T3),,Porter Jr. STEAL (2 STL),,
0021700508,77,6,2,1,7:52 PM,4:57,Prince S.FOUL (P1.T3) (T.Ford),,,,
0021700508,79,3,11,1,7:53 PM,4:57,,,Porter Jr. Free Throw 1 of 2 (7 PTS),21 - 12,-9
0021700508,80,8,0,1,7:53 PM,4:57,SUB: Belinelli FOR Plumlee,,,,
0021700508,81,8,0,1,7:53 PM,4:57,SUB: Collins FOR Bazemore,,,,
0021700508,84,3,12,1,7:53 PM,4:57,,,Porter Jr. Free Throw 2 of 2 (8 PTS),22 - 12,-10
0021700508,85,1,44,1,7:53 PM,4:38,Belinelli 1' Reverse Layup (2 PTS) (Collins 1 AST),,,22 - 14,-8
0021700508,87,2,3,1,7:53 PM,4:20,,,MISS Gortat 10' Hook Shot,,
0021700508,88,4,0,1,7:54 PM,4:16,Collins REBOUND (Off:0 Def:1),,,,
0021700508,89,1,6,1,7:54 PM,4:01,Ilyasova 2' Driving Layup (2 PTS),,,22 - 16,-6
0021700508,90,2,79,1,7:54 PM,3:48,,,MISS Porter Jr. 18' Pullup Jump Shot,,
0021700508,91,4,0,1,7:54 PM,3:45,,,Porter Jr. REBOUND (Off:1 Def:1),,
0021700508,92,2,72,1,7:54 PM,3:43,Prince BLOCK (1 BLK),,MISS Porter Jr. 2' Putback Layup,,
0021700508,94,4,0,1,7:54 PM,3:43,Collins REBOUND (Off:0 Def:2),,,,
0021700508,95,2,80,1,7:54 PM,3:35,MISS Ilyasova  3PT Step Back Jump Shot,,,,
0021700508,96,4,0,1,7:54 PM,3:32,,,Mark Morris REBOUND (Off:1 Def:2),,
0021700508,97,1,6,1,7:54 PM,3:22,,,Wall 1' Driving Layup (2 PTS),24 - 16,-8
0021700508,98,6,2,1,7:55 PM,3:09,,,Porter Jr. S.FOUL (P1.T3) (S.Wright),,
0021700508,100,3,11,1,7:55 PM,3:09,Prince Free Throw 1 of 2 (4 PTS),,,24 - 17,-7
0021700508,101,8,0,1,7:55 PM,3:09,SUB: Cavanaugh FOR Ilyasova,,,,
0021700508,102,8,0,1,7:55 PM,3:09,,,SUB: Oubre Jr. FOR Mark Morris,,
0021700508,103,8,0,1,7:55 PM,3:09,,,SUB: Mahinmi FOR Gortat,,
0021700508,104,8,0,1,7:55 PM,3:09,,,SUB: Scott FOR Porter Jr.,,
0021700508,109,3,12,1,7:55 PM,3:09,Prince Free Throw 2 of 2 (5 PTS),,,24 - 18,-6
0021700508,110,8,0,1,7:56 PM,3:09,SUB: Taylor FOR Schroder,,,,
0021700508,112,2,79,1,7:56 PM,2:55,,,MISS Beal 21' Pullup Jump Shot,,
0021700508,113,4,0,1,7:56 PM,2:51,,,Beal REBOUND (Off:1 Def:2),,
0021700508,114,6,2,1,7:56 PM,2:45,Cavanaugh S.FOUL (P1.T4) (S.Wright),,,,
0021700508,116,9,1,1,7:56 PM,2:45,,,Wizards Timeout: Regular (Reg.1 Short 0),,
0021700508,117,8,0,1,7:58 PM,2:45,SUB: Delaney FOR Prince,,,,
0021700508,118,8,0,1,7:58 PM,2:45,,,SUB: Meeks FOR Beal,,
0021700508,121,3,11,1,7:59 PM,2:45,,,Wall Free Throw 1 of 2 (3 PTS),25 - 18,-7
0021700508,122,3,12,1,7:59 PM,2:45,,,MISS Wall Free Throw 2 of 2,,
0021700508,123,4,0,1,7:59 PM,2:42,Collins REBOUND (Off:0 Def:3),,,,
0021700508,124,1,1,1,8:00 PM,2:25,Belinelli 25' 3PT Jump Shot (5 PTS) (Taylor 1 AST),,,25 - 21,-4
0021700508,126,2,1,1,8:00 PM,2:08,,,MISS Scott 25' 3PT Jump Shot,,
0021700508,127,4,0,1,8:00 PM,2:05,Collins REBOUND (Off:0 Def:4),,,,
0021700508,128,1,44,1,8:00 PM,1:57,Belinelli 1' Reverse Layup (7 PTS) (Delaney 1 AST),,,25 - 23,-2
0021700508,130,2,1,1,8:00 PM,1:43,,,MISS Wall 19' Jump Shot,,
0021700508,131,4,0,1,8:00 PM,1:39,Cavanaugh REBOUND (Off:0 Def:1),,,,
0021700508,132,6,1,1,8:00 PM,1:34,,,Oubre Jr. P.FOUL (P1.T4) (S.Wright),,
0021700508,134,8,0,1,8:01 PM,1:34,,,SUB: Satoransky FOR Wall,,
0021700508,136,1,1,1,8:01 PM,1:26,Belinelli 21' Jump Shot (9 PTS) (Cavanaugh 1 AST),,,25 - 25,TIE
0021700508,138,2,79,1,8:01 PM,1:09,,,MISS Meeks 21' Pullup Jump Shot,,
0021700508,139,4,0,1,8:01 PM,1:06,,,Mahinmi REBOUND (Off:1 Def:0),,
0021700508,140,1,5,1,8:01 PM,1:04,,,Scott 1' Layup (2 PTS) (Mahinmi 1 AST),27 - 25,-2
0021700508,142,1,1,1,8:01 PM,0:51,Taylor 22' Jump Shot (2 PTS) (Collins 2 AST),,,27 - 27,TIE
0021700508,144,1,79,1,8:02 PM,0:39,,,Meeks 16' Pullup Jump Shot (2 PTS) (Scott 1 AST),29 - 27,-2
0021700508,146,1,101,1,8:02 PM,0:18,Taylor 8' Driving Floating Jump Shot (4 PTS),,,29 - 29,TIE
0021700508,147,5,2,1,8:02 PM,0:02,Delaney STEAL (1 STL),,Satoransky Lost Ball Turnover (P1.T1),,
0021700508,149,2,1,1,8:03 PM,0:00,MISS Delaney 55' 3PT Jump Shot,,,,
0021700508,150,4,0,1,8:03 PM,0:00,HAWKS Rebound,,,,
0021700508,151,13,0,1,8:03 PM,0:00,,,,29 - 29,TIE
0021700508,152,12,0,2,8:05 PM,12:00,,,,29 - 29,TIE
0021700508,153,2,79,2,8:05 PM,11:44,MISS Belinelli 23' Pullup Jump Shot,,,,
0021700508,154,4,0,2,8:06 PM,11:37,,,Satoransky REBOUND (Off:0 Def:1),,
0021700508,249,2,79,2,8:06 PM,11:26,Belinelli BLOCK (1 BLK),,MISS Oubre Jr. 13' Pullup Jump Shot,,
0021700508,251,4,0,2,8:06 PM,11:25,,,Satoransky REBOUND (Off:1 Def:1),,
0021700508,155,2,1,2,8:06 PM,11:22,,,MISS Oubre Jr.  3PT Jump Shot,,
0021700508,156,4,0,2,8:06 PM,11:16,Cavanaugh REBOUND (Off:0 Def:2),,,,
0021700508,157,2,1,2,8:06 PM,11:02,MISS Taylor 25' 3PT Jump Shot,,,,
0021700508,158,4,0,2,8:06 PM,10:59,,,Oubre Jr. REBOUND (Off:0 Def:1),,
0021700508,159,2,79,2,8:06 PM,10:54,,,MISS Satoransky 22' Pullup Jump Shot,,
0021700508,160,4,0,2,8:06 PM,10:50,Belinelli REBOUND (Off:0 Def:1),,,,
0021700508,161,2,52,2,8:07 PM,10:35,MISS Collins 2' Alley Oop Dunk,,,,
0021700508,162,4,0,2,8:07 PM,10:32,,,Scott REBOUND (Off:0 Def:1),,
0021700508,163,2,1,2,8:07 PM,10:26,,,MISS Scott 25' 3PT Jump Shot,,
0021700508,164,4,0,2,8:07 PM,10:24,,,Mahinmi REBOUND (Off:2 Def:0),,
0021700508,165,6,1,2,8:07 PM,10:23,Collins P.FOUL (P1.T1) (J.DeRosa),,,,
0021700508,167,1,1,2,8:07 PM,10:18,,,Satoransky 19' Jump Shot (2 PTS) (Mahinmi 2 AST),31 - 29,-2
0021700508,169,1,5,2,8:07 PM,10:02,Belinelli 1' Layup (11 PTS) (Taylor 2 AST),,,31 - 31,TIE
0021700508,171,2,101,2,8:08 PM,9:48,,,MISS Meeks 13' Driving Floating Jump Shot,,
0021700508,172,4,0,2,8:08 PM,9:44,Delaney REBOUND (Off:0 Def:1),,,,
0021700508,173,2,2,2,8:08 PM,9:40,MISS Cavanaugh  3PT Running Jump Shot,,,,
0021700508,174,4,0,2,8:08 PM,9:34,,,Meeks REBOUND (Off:0 Def:1),,
0021700508,175,1,1,2,8:08 PM,9:30,,,Oubre Jr. 24' 3PT Jump Shot (3 PTS) (Satoransky 1 AST),34 - 31,-3
0021700508,177,6,2,2,8:08 PM,9:14,,,Meeks S.FOUL (P1.T1) (J.DeRosa),,
0021700508,179,3,11,2,8:09 PM,9:14,Delaney Free Throw 1 of 2 (1 PTS),,,34 - 32,-2
0021700508,180,8,0,2,8:09 PM,9:14,SUB: Bazemore FOR Belinelli,,,,
0021700508,182,3,12,2,8:09 PM,9:14,Delaney Free Throw 2 of 2 (2 PTS),,,34 - 33,-1
0021700508,183,6,4,2,8:09 PM,9:00,,,Mahinmi OFF.Foul (P1) (T.Ford),,
0021700508,185,5,37,2,8:09 PM,9:00,,,Mahinmi Offensive Foul Turnover (P1.T2),,
0021700508,186,2,1,2,8:10 PM,8:43,MISS Delaney  3PT Jump Shot,,,,
0021700508,187,4,0,2,8:10 PM,8:39,,,Mahinmi REBOUND (Off:2 Def:1),,
0021700508,188,6,1,2,8:10 PM,8:27,Bazemore P.FOUL (P1.T2) (S.Wright),,,,
0021700508,190,8,0,2,8:10 PM,8:27,SUB: Plumlee FOR Delaney,,,,
0021700508,191,8,0,2,8:10 PM,8:27,SUB: Prince FOR Collins,,,,
0021700508,194,1,1,2,8:10 PM,8:23,,,Meeks 19' Jump Shot (4 PTS) (Satoransky 2 AST),36 - 33,-3
0021700508,196,2,102,2,8:11 PM,8:01,MISS Taylor 5' Driving Floating Bank Jump Shot,,,,
0021700508,197,4,0,2,8:11 PM,7:59,,,Mahinmi REBOUND (Off:2 Def:2),,
0021700508,198,6,2,2,8:11 PM,7:54,Taylor S.FOUL (P1.T3) (S.Wright),,,,
0021700508,200,3,13,2,8:11 PM,7:54,,,Meeks Free Throw 1 of 3 (5 PTS),37 - 33,-4
0021700508,201,3,14,2,8:12 PM,7:54,,,Meeks Free Throw 2 of 3 (6 PTS),38 - 33,-5
0021700508,202,8,0,2,8:12 PM,7:54,SUB: Schroder FOR Taylor,,,,
0021700508,203,8,0,2,8:12 PM,7:54,SUB: Ilyasova FOR Cavanaugh,,,,
0021700508,206,3,15,2,8:12 PM,7:54,,,Meeks Free Throw 3 of 3 (7 PTS),39 - 33,-6
0021700508,207,1,7,2,8:12 PM,7:41,Plumlee 1' Dunk (6 PTS) (Bazemore 3 AST),,,39 - 35,-4
0021700508,209,1,101,2,8:13 PM,7:23,,,Oubre Jr. 13' Driving Floating Jump Shot (5 PTS) (Satoransky 3 AST),41 - 35,-6
0021700508,211,2,6,2,8:13 PM,7:10,MISS Prince 11' Driving Layup,,Oubre Jr. BLOCK (1 BLK),,
0021700508,213,4,0,2,8:13 PM,7:10,HAWKS Rebound,,,,
0021700508,214,8,0,2,8:13 PM,7:10,,,SUB: Beal FOR Satoransky,,
0021700508,216,1,1,2,8:13 PM,7:08,Schroder 13' Jump Shot (4 PTS) (Bazemore 4 AST),,,41 - 37,-4
0021700508,218,6,2,2,8:13 PM,6:54,Prince S.FOUL (P2.T4) (T.Ford),,,,
0021700508,220,9,1,2,8:14 PM,6:54,HAWKS Timeout: Regular (Full 2 Short 0),,,,
0021700508,221,3,11,2,8:16 PM,6:54,,,Meeks Free Throw 1 of 2 (8 PTS),42 - 37,-5
0021700508,222,3,12,2,8:17 PM,6:54,,,Meeks Free Throw 2 of 2 (9 PTS),43 - 37,-6
0021700508,223,1,1,2,8:17 PM,6:42,Ilyasova 24' 3PT Jump Shot (5 PTS) (Schroder 2 AST),,,43 - 40,-3
0021700508,225,2,101,2,8:17 PM,6:24,,,MISS Beal 13' Driving Floating Jump Shot,,
0021700508,226,4,0,2,8:17 PM,6:20,Plumlee REBOUND (Off:0 Def:1),,,,
0021700508,227,1,108,2,8:17 PM,6:05,Ilyasova 1' Cutting Dunk Shot (7 PTS) (Schroder 3 AST),,,43 - 42,-1
0021700508,229,1,1,2,8:18 PM,5:46,,,Scott 17' Jump Shot (4 PTS) (Beal 1 AST),45 - 42,-3
0021700508,231,2,1,2,8:18 PM,5:29,MISS Prince 25' 3PT Jump Shot,,,,
0021700508,232,4,0,2,8:18 PM,5:26,,,Mahinmi REBOUND (Off:2 Def:3),,
0021700508,233,1,2,2,8:18 PM,5:23,,,Oubre Jr. 24' 3PT Running Jump Shot (8 PTS) (Meeks 1 AST),48 - 42,-6
0021700508,235,6,1,2,8:19 PM,5:08,,,Mahinmi P.FOUL (P2.T2) (S.Wright),,
0021700508,237,8,0,2,8:19 PM,5:08,,,SUB: Wall FOR Oubre Jr.,,
0021700508,238,8,0,2,8:19 PM,5:08,,,SUB: Mark Morris FOR Meeks,,
0021700508,239,8,0,2,8:19 PM,5:08,,,SUB: Porter Jr. FOR Scott,,
0021700508,243,2,1,2,8:19 PM,5:02,MISS Ilyasova 21' Jump Shot,,Beal BLOCK (1 BLK),,
0021700508,245,4,0,2,8:19 PM,4:56,,,Wall REBOUND (Off:0 Def:1),,
0021700508,246,1,1,2,8:19 PM,4:47,,,Porter Jr. 25' 3PT Jump Shot (11 PTS) (Beal 2 AST),51 - 42,-9
0021700508,248,9,1,2,8:20 PM,4:46,HAWKS Timeout: Regular (Full 3 Short 0),,,,
0021700508,252,8,0,2,8:22 PM,4:46,,,SUB: Gortat FOR Mahinmi,,
0021700508,254,7,5,2,8:23 PM,4:34,,,Gortat Violation:Kicked Ball (T.Ford),,
0021700508,255,1,6,2,8:23 PM,4:27,Bazemore 1' Driving Layup (5 PTS) (Schroder 4 AST),,,51 - 44,-7
0021700508,258,2,1,2,8:23 PM,4:11,,,MISS Mark Morris 14' Jump Shot,,
0021700508,259,4,0,2,8:23 PM,4:07,Bazemore REBOUND (Off:0 Def:1),,,,
0021700508,260,2,79,2,8:24 PM,4:00,MISS Bazemore 16' Pullup Jump Shot,,,,
0021700508,261,4,0,2,8:24 PM,3:58,,,Gortat REBOUND (Off:0 Def:2),,
0021700508,262,1,1,2,8:24 PM,3:49,,,Beal 18' Jump Shot (4 PTS) (Wall 6 AST),53 - 44,-9
0021700508,264,1,98,2,8:24 PM,3:29,Ilyasova 3' Cutting Layup Shot (9 PTS) (Bazemore 5 AST),,,53 - 46,-7
0021700508,266,6,2,2,8:24 PM,3:29,,,Beal S.FOUL (P1.T3) (J.DeRosa),,
0021700508,268,8,0,2,8:24 PM,3:29,SUB: Collins FOR Prince,,,,
0021700508,269,8,0,2,8:24 PM,3:29,SUB: Belinelli FOR Plumlee,,,,
0021700508,272,3,10,2,8:25 PM,3:29,MISS Ilyasova Free Throw 1 of 1,,,,
0021700508,273,4,0,2,8:25 PM,3:27,,,Gortat REBOUND (Off:0 Def:3),,
0021700508,274,5,2,2,8:25 PM,3:12,Ilyasova STEAL (1 STL),,Mark Morris Lost Ball Turnover (P1.T3),,
0021700508,276,1,50,2,8:25 PM,3:08,Collins 1' Running Dunk (2 PTS) (Bazemore 6 AST),,,53 - 48,-5
0021700508,278,6,1,2,8:25 PM,2:57,Schroder P.FOUL (P2.PN) (S.Wright),,,,
0021700508,280,3,11,2,8:26 PM,2:57,,,MISS Wall Free Throw 1 of 2,,
0021700508,281,4,1,2,8:26 PM,2:57,,,Wizards Rebound,,
0021700508,282,3,12,2,8:26 PM,2:57,,,Wall Free Throw 2 of 2 (4 PTS),54 - 48,-6
0021700508,283,1,1,2,8:26 PM,2:39,Bazemore  3PT Jump Shot (8 PTS) (Belinelli 1 AST),,,54 - 51,-3
0021700508,285,2,6,2,8:26 PM,2:30,Collins BLOCK (1 BLK),,MISS Beal 2' Driving Layup,,
0021700508,287,4,0,2,8:26 PM,2:25,,,Beal REBOUND (Off:2 Def:2),,
0021700508,288,2,1,2,8:26 PM,2:23,,,MISS Wall 26' 3PT Jump Shot,,
0021700508,289,4,0,2,8:26 PM,2:21,Schroder REBOUND (Off:0 Def:3),,,,
0021700508,290,2,80,2,8:27 PM,2:17,MISS Bazemore 25' 3PT Step Back Jump Shot,,,,
0021700508,291,4,0,2,8:27 PM,2:14,,,Gortat REBOUND (Off:0 Def:4),,
0021700508,292,1,1,2,8:27 PM,2:01,,,Beal 25' 3PT Jump Shot (7 PTS) (Porter Jr. 1 AST),57 - 51,-6
0021700508,294,2,1,2,8:27 PM,1:38,MISS Ilyasova  3PT Jump Shot,,,,
0021700508,295,4,0,2,8:27 PM,1:38,HAWKS Rebound,,,,
0021700508,296,6,3,2,8:27 PM,1:38,,,Gortat L.B.FOUL (P2.T4) (S.Wright),,
0021700508,298,8,0,2,8:27 PM,1:38,SUB: Prince FOR Ilyasova,,,,
0021700508,299,8,0,2,8:27 PM,1:38,SUB: Cavanaugh FOR Bazemore,,,,
0021700508,302,2,1,2,8:28 PM,1:32,MISS Cavanaugh 25' 3PT Jump Shot,,,,
0021700508,303,4,0,2,8:28 PM,1:28,,,Beal REBOUND (Off:2 Def:3),,
0021700508,304,2,6,2,8:28 PM,1:24,Collins BLOCK (2 BLK),,MISS Wall 1' Driving Layup,,
0021700508,306,4,0,2,8:28 PM,1:24,Prince REBOUND (Off:1 Def:1),,,,
0021700508,307,2,41,2,8:28 PM,1:18,MISS Schroder 2' Running Layup,,,,
0021700508,308,4,0,2,8:28 PM,1:18,Prince REBOUND (Off:2 Def:1),,,,
0021700508,309,1,72,2,8:28 PM,1:18,Prince 1' Putback Layup (7 PTS),,,57 - 53,-4
0021700508,310,2,79,2,8:28 PM,1:03,,,MISS Beal 26' 3PT Pullup Jump Shot,,
0021700508,311,4,0,2,8:28 PM,1:03,Collins REBOUND (Off:0 Def:5),,,,
0021700508,312,6,2,2,8:28 PM,0:53,,,Mark Morris S.FOUL (P1.PN) (J.DeRosa),,
0021700508,314,3,11,2,8:29 PM,0:53,MISS Collins Free Throw 1 of 2,,,,
0021700508,315,4,1,2,8:29 PM,0:53,HAWKS Rebound,,,,
0021700508,316,3,12,2,8:29 PM,0:53,MISS Collins Free Throw 2 of 2,,,,
0021700508,317,4,0,2,8:29 PM,0:50,HAWKS Rebound,,,,
0021700508,318,1,52,2,8:30 PM,0:39,Collins 1' Alley Oop Dunk (4 PTS) (Schroder 5 AST),,,57 - 55,-2
0021700508,320,2,79,2,8:30 PM,0:30,,,MISS Porter Jr. 14' Pullup Jump Shot,,
0021700508,321,4,0,2,8:30 PM,0:27,Schroder REBOUND (Off:0 Def:4),,,,
0021700508,322,2,1,2,8:30 PM,0:05,MISS Prince 25' 3PT Jump Shot,,,,
0021700508,323,4,0,2,8:31 PM,0:02,Cavanaugh REBOUND (Off:1 Def:2),,,,
0021700508,324,2,72,2,8:31 PM,0:01,MISS Cavanaugh 2' Putback Layup,,,,
0021700508,325,4,0,2,8:31 PM,0:01,Cavanaugh REBOUND (Off:2 Def:2),,,,
0021700508,326,13,0,2,8:35 PM,0:00,,,,57 - 55,-2
0021700508,333,12,0,3,8:46 PM,12:00,,,,57 - 55,-2
0021700508,334,2,1,3,8:46 PM,11:44,MISS Ilyasova 24' 3PT Jump Shot,,,,
0021700508,335,4,0,3,8:46 PM,11:41,,,Porter Jr. REBOUND (Off:1 Def:2),,
0021700508,336,2,79,3,8:47 PM,11:26,,,MISS Wall 19' Pullup Jump Shot,,
0021700508,337,4,0,3,8:47 PM,11:20,Plumlee REBOUND (Off:0 Def:2),,,,
0021700508,338,2,79,3,8:47 PM,11:14,MISS Schroder 16' Pullup Jump Shot,,,,
0021700508,339,4,0,3,8:47 PM,11:13,,,Wizards Rebound,,
0021700508,340,6,3,3,8:47 PM,11:13,Plumlee L.B.FOUL (P1.T1) (S.Wright),,,,
0021700508,342,2,1,3,8:47 PM,11:01,,,MISS Porter Jr. 25' 3PT Jump Shot,,
0021700508,343,4,0,3,8:47 PM,10:58,Ilyasova REBOUND (Off:1 Def:3),,,,
0021700508,344,2,6,3,8:47 PM,10:51,MISS Bazemore 1' Driving Layup,,,,
0021700508,345,4,0,3,8:47 PM,10:47,,,Mark Morris REBOUND (Off:1 Def:3),,
0021700508,346,1,103,3,8:47 PM,10:44,,,Beal 13' Running Pull-Up Jump Shot (9 PTS) (Wall 7 AST),59 - 55,-4
0021700508,348,7,5,3,8:48 PM,10:31,,,Mark Morris Violation:Kicked Ball (J.DeRosa),,
0021700508,349,6,2,3,8:48 PM,10:24,,,Wall S.FOUL (P2.T1) (S.Wright),,
0021700508,351,3,11,3,8:48 PM,10:24,MISS Plumlee Free Throw 1 of 2,,,,
0021700508,352,4,1,3,8:48 PM,10:24,HAWKS Rebound,,,,
0021700508,353,3,12,3,8:49 PM,10:24,MISS Plumlee Free Throw 2 of 2,,,,
0021700508,354,4,0,3,8:49 PM,10:21,,,Mark Morris REBOUND (Off:1 Def:4),,
0021700508,355,5,39,3,8:49 PM,10:11,,,Mark Morris Step Out of Bounds Turnover (P2.T4),,
0021700508,356,2,1,3,8:49 PM,9:58,MISS Ilyasova 25' 3PT Jump Shot,,,,
0021700508,357,4,0,3,8:49 PM,9:56,,,Wizards Rebound,,
0021700508,358,6,4,3,8:50 PM,9:48,,,Mark Morris OFF.Foul (P2) (T.Ford),,
0021700508,360,5,37,3,8:50 PM,9:48,,,Mark Morris Offensive Foul Turnover (P3.T5),,
0021700508,361,2,1,3,8:50 PM,9:35,MISS Prince 25' 3PT Jump Shot,,,,
0021700508,362,4,0,3,8:50 PM,9:27,Ilyasova REBOUND (Off:2 Def:3),,,,
0021700508,363,2,1,3,8:50 PM,9:22,MISS Bazemore 25' 3PT Jump Shot,,,,
0021700508,364,4,0,3,8:50 PM,9:19,Prince REBOUND (Off:3 Def:1),,,,
0021700508,365,5,40,3,8:50 PM,9:17,Ilyasova Out of Bounds Lost Ball Turnover (P1.T4),,,,
0021700508,366,2,58,3,8:51 PM,9:09,,,MISS Gortat 10' Turnaround Hook Shot,,
0021700508,367,4,0,3,8:51 PM,9:06,Plumlee REBOUND (Off:0 Def:3),,,,
0021700508,368,1,101,3,8:51 PM,8:57,Schroder 12' Driving Floating Jump Shot (6 PTS),,,59 - 57,-2
0021700508,369,2,3,3,8:51 PM,8:40,,,MISS Gortat 12' Hook Shot,,
0021700508,370,4,0,3,8:51 PM,8:37,Bazemore REBOUND (Off:0 Def:2),,,,
0021700508,371,5,39,3,8:51 PM,8:33,Bazemore Step Out of Bounds Turnover (P2.T5),,,,
0021700508,372,5,39,3,8:52 PM,8:21,,,Gortat Step Out of Bounds Turnover (P1.T6),,
0021700508,373,5,1,3,8:52 PM,8:04,Prince Bad Pass Turnover (P1.T6),,Beal STEAL (2 STL),,
0021700508,375,2,102,3,8:52 PM,8:00,Bazemore BLOCK (1 BLK),,MISS Beal 3' Driving Floating Bank Jump Shot,,
0021700508,377,4,0,3,8:52 PM,7:56,,,Porter Jr. REBOUND (Off:2 Def:2),,
0021700508,378,1,41,3,8:52 PM,7:55,,,Porter Jr. 2' Running Layup (13 PTS),61 - 57,-4
0021700508,379,2,1,3,8:53 PM,7:37,MISS Prince 14' Jump Shot,,Porter Jr. BLOCK (1 BLK),,
0021700508,381,4,0,3,8:53 PM,7:31,,,Porter Jr. REBOUND (Off:2 Def:3),,
0021700508,382,1,79,3,8:53 PM,7:28,,,Porter Jr. 21' Pullup Jump Shot (15 PTS),63 - 57,-6
0021700508,383,9,1,3,8:53 PM,7:26,HAWKS Timeout: Regular (Full 4 Short 0),,,,
0021700508,384,6,1,3,8:56 PM,7:15,,,Beal P.FOUL (P2.T2) (S.Wright),,
0021700508,386,1,98,3,8:56 PM,7:13,Prince 1' Cutting Layup Shot (9 PTS) (Bazemore 7 AST),,,63 - 59,-4
0021700508,388,2,102,3,8:56 PM,6:49,,,MISS Beal 13' Driving Floating Bank Jump Shot,,
0021700508,389,4,0,3,8:56 PM,6:45,Plumlee REBOUND (Off:0 Def:4),,,,
0021700508,390,5,1,3,8:57 PM,6:34,Ilyasova Bad Pass Turnover (P2.T7),,Beal STEAL (3 STL),,
0021700508,392,1,41,3,8:57 PM,6:31,,,Wall 1' Running Layup (6 PTS) (Beal 3 AST),65 - 59,-6
0021700508,394,6,2,3,8:57 PM,6:31,Bazemore S.FOUL (P2.T2) (J.DeRosa),,,,
0021700508,396,3,10,3,8:57 PM,6:31,,,Wall Free Throw 1 of 1 (7 PTS),66 - 59,-7
0021700508,397,1,79,3,8:58 PM,6:14,Schroder 25' 3PT Pullup Jump Shot (9 PTS),,,66 - 62,-4
0021700508,398,2,47,3,8:58 PM,5:50,,,MISS Mark Morris 13' Turnaround Jump Shot,,
0021700508,399,4,0,3,8:58 PM,5:47,Ilyasova REBOUND (Off:2 Def:4),,,,
0021700508,400,6,2,3,8:58 PM,5:40,,,Mark Morris S.FOUL (P3.T3) (J.DeRosa),,
0021700508,402,3,11,3,8:59 PM,5:40,Schroder Free Throw 1 of 2 (10 PTS),,,66 - 63,-3
0021700508,691,8,0,3,8:59 PM,5:40,SUB: Belinelli FOR Bazemore,,,,
0021700508,692,8,0,3,8:59 PM,5:40,SUB: Collins FOR Plumlee,,,,
0021700508,701,6,11,3,8:59 PM,5:40,,,Mark Morris T.FOUL (P3.T3) (T.Ford),,
0021700508,702,3,16,3,8:59 PM,5:40,MISS Schroder Free Throw Technical,,,,
0021700508,703,4,1,3,8:59 PM,5:40,HAWKS Rebound,,,,
0021700508,407,3,12,3,9:00 PM,5:40,Schroder Free Throw 2 of 2 (11 PTS),,,66 - 64,-2
0021700508,408,5,1,3,9:00 PM,5:22,Belinelli STEAL (1 STL),,Wall Bad Pass Turnover (P1.T7),,
0021700508,410,2,52,3,9:00 PM,5:17,MISS Collins 1' Alley Oop Dunk,,,,
0021700508,411,4,0,3,9:00 PM,5:15,Prince REBOUND (Off:4 Def:1),,,,
0021700508,412,2,1,3,9:00 PM,5:14,MISS Prince  3PT Jump Shot,,,,
0021700508,413,4,0,3,9:00 PM,5:14,Prince REBOUND (Off:5 Def:1),,,,
0021700508,414,6,1,3,9:00 PM,5:09,,,Porter Jr. P.FOUL (P2.T4) (S.Wright),,
0021700508,416,7,5,3,9:01 PM,5:03,,,Mark Morris Violation:Kicked Ball (T.Ford),,
0021700508,421,8,0,3,9:02 PM,4:55,,,SUB: Mahinmi FOR Gortat,,
0021700508,417,6,2,3,9:01 PM,4:54,,,Beal S.FOUL (P3.PN) (T.Ford),,
0021700508,419,3,13,3,9:01 PM,4:54,Belinelli Free Throw 1 of 3 (12 PTS),,,66 - 65,-1
0021700508,420,3,14,3,9:02 PM,4:54,Belinelli Free Throw 2 of 3 (13 PTS),,,66 - 66,TIE
0021700508,423,3,15,3,9:02 PM,4:54,Belinelli Free Throw 3 of 3 (14 PTS),,,66 - 67,1
0021700508,424,1,1,3,9:02 PM,4:44,,,Beal 25' 3PT Jump Shot (12 PTS) (Wall 8 AST),69 - 67,-2
0021700508,426,1,101,3,9:02 PM,4:31,Schroder 10' Driving Floating Jump Shot (13 PTS),,,69 - 69,TIE
0021700508,427,2,1,3,9:03 PM,4:18,,,MISS Beal 25' 3PT Jump Shot,,
0021700508,428,4,0,3,9:03 PM,4:15,Prince REBOUND (Off:5 Def:2),,,,
0021700508,429,2,2,3,9:03 PM,4:07,MISS Prince 25' 3PT Running Jump Shot,,,,
0021700508,430,4,0,3,9:03 PM,4:03,,,Mahinmi REBOUND (Off:2 Def:4),,
0021700508,431,1,75,3,9:03 PM,3:52,,,Wall 1' Driving Finger Roll Layup (9 PTS),71 - 69,-2
0021700508,432,2,79,3,9:03 PM,3:38,MISS Schroder 25' 3PT Pullup Jump Shot,,,,
0021700508,433,4,0,3,9:03 PM,3:36,,,Porter Jr. REBOUND (Off:2 Def:4),,
0021700508,434,5,45,3,9:03 PM,3:31,,,Wall Out of Bounds - Bad Pass Turnover Turnover (P2.T8),,
0021700508,435,8,0,3,9:04 PM,3:31,SUB: Delaney FOR Prince,,,,
0021700508,437,5,2,3,9:04 PM,3:18,Collins Lost Ball Turnover (P1.T8),,Mahinmi STEAL (1 STL),,
0021700508,439,5,1,3,9:05 PM,3:17,Delaney STEAL (2 STL),,Mahinmi Bad Pass Turnover (P2.T9),,
0021700508,441,6,1,3,9:05 PM,3:13,,,Mahinmi P.FOUL (P3.PN) (T.Ford),,
0021700508,443,3,11,3,9:05 PM,3:13,Schroder Free Throw 1 of 2 (14 PTS),,,71 - 70,-1
0021700508,444,8,0,3,9:05 PM,3:13,SUB: Cavanaugh FOR Ilyasova,,,,
0021700508,446,3,12,3,9:06 PM,3:13,Schroder Free Throw 2 of 2 (15 PTS),,,71 - 71,TIE
0021700508,447,1,6,3,9:06 PM,2:56,,,Beal 1' Driving Layup (14 PTS),73 - 71,-2
0021700508,448,5,40,3,9:06 PM,2:38,Delaney Out of Bounds Lost Ball Turnover (P1.T9),,,,
0021700508,449,9,1,3,9:07 PM,2:38,,,Wizards Timeout: Regular (Reg.2 Short 0),,
0021700508,695,8,0,3,9:08 PM,2:38,SUB: Taylor FOR Schroder,,,,
0021700508,696,8,0,3,9:08 PM,2:38,,,SUB: Oubre Jr. FOR Mark Morris,,
0021700508,697,8,0,3,9:08 PM,2:38,,,SUB: Scott FOR Porter Jr.,,
0021700508,459,2,66,3,9:09 PM,2:26,,,MISS Scott 15' Jump Bank Shot,,
0021700508,460,4,0,3,9:09 PM,2:23,Taylor REBOUND (Off:0 Def:1),,,,
0021700508,461,1,79,3,9:10 PM,2:12,Delaney 25' 3PT Pullup Jump Shot (5 PTS),,,73 - 74,1
0021700508,462,6,2,3,9:10 PM,1:57,Collins S.FOUL (P2.T3) (T.Ford),,,,
0021700508,464,3,11,3,9:10 PM,1:57,,,Mahinmi Free Throw 1 of 2 (1 PTS),74 - 74,TIE
0021700508,465,8,0,3,9:10 PM,1:57,,,SUB: Satoransky FOR Wall,,
0021700508,467,3,12,3,9:11 PM,1:57,,,MISS Mahinmi Free Throw 2 of 2,,
0021700508,468,4,0,3,9:11 PM,1:54,Collins REBOUND (Off:0 Def:6),,,,
0021700508,469,6,4,3,9:11 PM,1:47,Collins OFF.Foul (P3) (J.DeRosa),,,,
0021700508,471,5,37,3,9:11 PM,1:47,Collins Offensive Foul Turnover (P2.T10),,,,
0021700508,472,6,1,3,9:11 PM,1:33,Delaney P.FOUL (P1.PN) (T.Ford),,,,
0021700508,474,3,11,3,9:12 PM,1:33,,,Beal Free Throw 1 of 2 (15 PTS),75 - 74,-1
0021700508,475,3,12,3,9:12 PM,1:33,,,Beal Free Throw 2 of 2 (16 PTS),76 - 74,-2
0021700508,476,1,1,3,9:12 PM,1:15,Belinelli 10' Jump Shot (16 PTS) (Taylor 3 AST),,,76 - 76,TIE
0021700508,478,2,1,3,9:12 PM,0:56,,,MISS Oubre Jr. 26' 3PT Jump Shot,,
0021700508,479,4,0,3,9:12 PM,0:54,HAWKS Rebound,,,,
0021700508,480,2,80,3,9:13 PM,0:40,MISS Belinelli 25' 3PT Step Back Jump Shot,,,,
0021700508,481,4,0,3,9:13 PM,0:38,HAWKS Rebound,,,,
0021700508,483,2,5,3,9:13 PM,0:31,MISS Delaney 1' Layup,,Beal BLOCK (2 BLK),,
0021700508,485,4,0,3,9:13 PM,0:27,,,Satoransky REBOUND (Off:1 Def:2),,
0021700508,486,2,6,3,9:14 PM,0:08,Collins BLOCK (3 BLK),,MISS Beal 2' Driving Layup,,
0021700508,488,4,0,3,9:14 PM,0:03,Cavanaugh REBOUND (Off:2 Def:3),,,,
0021700508,489,2,41,3,9:14 PM,0:01,MISS Taylor 2' Running Layup,,,,
0021700508,490,4,0,3,9:14 PM,0:01,Belinelli REBOUND (Off:1 Def:1),,,,
0021700508,491,2,72,3,9:14 PM,0:00,MISS Belinelli 1' Putback Layup,,,,
0021700508,492,4,0,3,9:14 PM,0:00,Collins REBOUND (Off:1 Def:6),,,,
0021700508,493,1,97,3,9:14 PM,0:00,Collins 1' Tip Layup Shot (6 PTS),,,76 - 78,2
0021700508,494,13,0,3,9:15 PM,0:00,,,,76 - 78,2
0021700508,497,12,0,4,9:17 PM,12:00,,,,76 - 78,2
0021700508,498,1,78,4,9:17 PM,11:45,,,Meeks 11' Floating Jump Shot (11 PTS) (Satoransky 4 AST),78 - 78,TIE
0021700508,500,2,1,4,9:17 PM,11:26,MISS Delaney 25' 3PT Jump Shot,,,,
0021700508,501,4,0,4,9:17 PM,11:26,,,Wizards Rebound,,
0021700508,502,6,3,4,9:17 PM,11:26,Cavanaugh L.B.FOUL (P2.T1) (J.DeRosa),,,,
0021700508,504,5,2,4,9:18 PM,11:11,Delaney STEAL (3 STL),,Meeks Lost Ball Turnover (P1.T10),,
0021700508,506,6,2,4,9:18 PM,11:08,,,Satoransky S.FOUL (P1.T1) (J.DeRosa),,
0021700508,508,3,11,4,9:18 PM,11:08,MISS Taylor Free Throw 1 of 2,,,,
0021700508,509,4,1,4,9:18 PM,11:08,HAWKS Rebound,,,,
0021700508,510,3,12,4,9:18 PM,11:08,Taylor Free Throw 2 of 2 (5 PTS),,,78 - 79,1
0021700508,511,5,4,4,9:18 PM,10:57,,,Mahinmi Traveling Turnover (P3.T11),,
0021700508,512,6,1,4,9:19 PM,10:52,,,Oubre Jr. P.FOUL (P2.T2) (S.Wright),,
0021700508,514,1,79,4,9:19 PM,10:38,Belinelli 25' 3PT Pullup Jump Shot (19 PTS),,,78 - 82,4
0021700508,515,2,5,4,9:20 PM,10:14,,,MISS Mahinmi 2' Layup,,
0021700508,516,4,0,4,9:20 PM,10:12,,,Wizards Rebound,,
0021700508,517,5,11,4,9:20 PM,10:10,,,Wizards Turnover: Shot Clock (T#12),,
0021700508,518,1,7,4,9:20 PM,9:51,Collins  Dunk (8 PTS) (Cavanaugh 2 AST),,,78 - 84,6
0021700508,520,9,1,4,9:21 PM,9:51,,,Wizards Timeout: Regular (Reg.3 Short 0),,
0021700508,521,8,0,4,9:22 PM,9:51,,,SUB: Wall FOR Mahinmi,,
0021700508,522,8,0,4,9:22 PM,9:51,,,SUB: Mark Morris FOR Satoransky,,
0021700508,525,1,98,4,9:24 PM,9:36,,,Scott 4' Cutting Layup Shot (6 PTS) (Wall 9 AST),80 - 84,4
0021700508,527,1,6,4,9:24 PM,9:19,Delaney 1' Driving Layup (7 PTS),,,80 - 86,6
0021700508,528,6,1,4,9:24 PM,9:13,Delaney P.FOUL (P2.T2) (T.Ford),,,,
0021700508,530,8,0,4,9:24 PM,9:13,,,SUB: Porter Jr. FOR Oubre Jr.,,
0021700508,532,2,1,4,9:24 PM,9:07,,,MISS Scott 24' 3PT Jump Shot,,
0021700508,533,4,0,4,9:24 PM,9:03,Cavanaugh REBOUND (Off:2 Def:4),,,,
0021700508,534,2,1,4,9:25 PM,8:57,MISS Belinelli 20' Jump Shot,,,,
0021700508,535,4,0,4,9:25 PM,8:54,Cavanaugh REBOUND (Off:3 Def:4),,,,
0021700508,536,2,101,4,9:25 PM,8:40,MISS Delaney 8' Driving Floating Jump Shot,,,,
0021700508,537,4,0,4,9:25 PM,8:36,,,Mark Morris REBOUND (Off:1 Def:5),,
0021700508,538,2,2,4,9:25 PM,8:32,,,MISS Mark Morris 25' 3PT Running Jump Shot,,
0021700508,539,4,0,4,9:25 PM,8:28,Belinelli REBOUND (Off:1 Def:2),,,,
0021700508,540,2,1,4,9:25 PM,8:12,MISS Taylor 22' Jump Shot,,,,
0021700508,541,4,0,4,9:25 PM,8:10,,,Wizards Rebound,,
0021700508,542,8,0,4,9:25 PM,8:10,SUB: Bazemore FOR Belinelli,,,,
0021700508,543,8,0,4,9:25 PM,8:10,,,SUB: Beal FOR Scott,,
0021700508,546,6,27,4,9:26 PM,7:57,Taylor Personal Block Foul (P2.T3) (S.Wright),,,,
0021700508,548,8,0,4,9:26 PM,7:57,SUB: Plumlee FOR Collins,,,,
0021700508,549,8,0,4,9:26 PM,7:57,SUB: Schroder FOR Taylor,,,,
0021700508,552,2,1,4,9:26 PM,7:50,,,MISS Mark Morris 18' Jump Shot,,
0021700508,553,4,0,4,9:26 PM,7:47,Bazemore REBOUND (Off:0 Def:3),,,,
0021700508,554,1,1,4,9:27 PM,7:37,Bazemore 24' 3PT Jump Shot (11 PTS) (Schroder 6 AST),,,80 - 89,9
0021700508,556,6,2,4,9:27 PM,7:20,Bazemore S.FOUL (P3.T4) (J.DeRosa),,,,
0021700508,558,3,11,4,9:27 PM,7:20,,,Wall Free Throw 1 of 2 (10 PTS),81 - 89,8
0021700508,559,8,0,4,9:27 PM,7:20,SUB: Ilyasova FOR Delaney,,,,
0021700508,560,8,0,4,9:27 PM,7:20,SUB: Prince FOR Cavanaugh,,,,
0021700508,565,3,12,4,9:28 PM,7:20,,,MISS Wall Free Throw 2 of 2,,
0021700508,567,8,0,4,9:28 PM,7:20,,,SUB: Oubre Jr. FOR Meeks,,
0021700508,566,4,0,4,9:28 PM,7:15,Bazemore REBOUND (Off:0 Def:4),,,,
0021700508,568,2,1,4,9:28 PM,6:59,MISS Schroder 26' 3PT Jump Shot,,,,
0021700508,569,4,0,4,9:28 PM,6:56,,,Mark Morris REBOUND (Off:1 Def:6),,
0021700508,570,2,47,4,9:28 PM,6:48,Prince BLOCK (2 BLK),,MISS Beal 15' Turnaround Jump Shot,,
0021700508,572,4,0,4,9:28 PM,6:46,,,Beal REBOUND (Off:3 Def:3),,
0021700508,573,1,1,4,9:28 PM,6:44,,,Beal 10' Jump Shot (18 PTS),83 - 89,6
0021700508,574,2,98,4,9:29 PM,6:22,MISS Plumlee 1' Cutting Layup Shot,,,,
0021700508,575,4,0,4,9:29 PM,6:20,,,Porter Jr. REBOUND (Off:2 Def:5),,
0021700508,576,1,50,4,9:29 PM,6:17,,,Mark Morris 1' Running Dunk (12 PTS) (Wall 10 AST),85 - 89,4
0021700508,578,9,1,4,9:30 PM,6:17,HAWKS Timeout: Regular (Full 5 Short 0),,,,
0021700508,579,1,6,4,9:32 PM,6:08,Schroder 1' Driving Layup (17 PTS) (Plumlee 2 AST),,,85 - 91,6
0021700508,580,5,1,4,9:32 PM,6:01,Schroder STEAL (1 STL),,Mark Morris Bad Pass Turnover (P4.T13),,
0021700508,582,2,1,4,9:32 PM,6:00,MISS Bazemore 26' 3PT Jump Shot,,,,
0021700508,583,4,0,4,9:32 PM,6:00,Ilyasova REBOUND (Off:3 Def:4),,,,
0021700508,584,6,2,4,9:32 PM,6:00,,,Wall S.FOUL (P3.T3) (J.DeRosa),,
0021700508,586,3,11,4,9:32 PM,6:00,Ilyasova Free Throw 1 of 2 (10 PTS),,,85 - 92,7
0021700508,587,3,12,4,9:33 PM,6:00,Ilyasova Free Throw 2 of 2 (11 PTS),,,85 - 93,8
0021700508,588,6,2,4,9:33 PM,5:50,Plumlee S.FOUL (P2.PN) (J.DeRosa),,,,
0021700508,590,3,11,4,9:34 PM,5:50,,,Beal Free Throw 1 of 2 (19 PTS),86 - 93,7
0021700508,591,3,12,4,9:34 PM,5:50,,,Beal Free Throw 2 of 2 (20 PTS),87 - 93,6
0021700508,592,5,45,4,9:34 PM,5:41,Plumlee Out of Bounds - Bad Pass Turnover Turnover (P1.T11),,,,
0021700508,593,2,1,4,9:34 PM,5:29,,,MISS Porter Jr. 26' 3PT Jump Shot,,
0021700508,594,4,0,4,9:34 PM,5:26,Bazemore REBOUND (Off:0 Def:5),,,,
0021700508,595,1,80,4,9:35 PM,5:11,Ilyasova 25' 3PT Step Back Jump Shot (14 PTS) (Plumlee 3 AST),,,87 - 96,9
0021700508,597,7,1,4,9:35 PM,5:09,,,,,
0021700508,598,1,1,4,9:35 PM,4:57,,,Mark Morris 25' 3PT Jump Shot (15 PTS) (Wall 11 AST),90 - 96,6
0021700508,600,6,2,4,9:35 PM,4:42,,,Mark Morris S.FOUL (P4.T4) (J.DeRosa),,
0021700508,602,3,11,4,9:36 PM,4:42,Ilyasova Free Throw 1 of 2 (15 PTS),,,90 - 97,7
0021700508,603,3,12,4,9:36 PM,4:42,MISS Ilyasova Free Throw 2 of 2,,,,
0021700508,604,4,0,4,9:36 PM,4:39,,,Mark Morris REBOUND (Off:1 Def:7),,
0021700508,605,2,79,4,9:36 PM,4:33,,,MISS Beal 25' 3PT Pullup Jump Shot,,
0021700508,606,4,0,4,9:36 PM,4:31,Prince REBOUND (Off:5 Def:3),,,,
0021700508,607,6,2,4,9:36 PM,4:17,,,Beal S.FOUL (P4.PN) (S.Wright),,
0021700508,609,3,11,4,9:37 PM,4:17,Schroder Free Throw 1 of 2 (18 PTS),,,90 - 98,8
0021700508,610,8,0,4,9:37 PM,4:17,SUB: Delaney FOR Bazemore,,,,
0021700508,612,3,12,4,9:37 PM,4:17,Schroder Free Throw 2 of 2 (19 PTS),,,90 - 99,9
0021700508,613,2,6,4,9:37 PM,4:06,,,MISS Wall 2' Driving Layup,,
0021700508,614,4,0,4,9:37 PM,4:06,HAWKS Rebound,,,,
0021700508,616,2,6,4,9:38 PM,3:51,MISS Schroder 1' Driving Layup,,,,
0021700508,641,4,0,4,9:38 PM,3:51,Plumlee REBOUND (Off:1 Def:4),,,,
0021700508,645,1,97,4,9:38 PM,3:51,Plumlee 1' Tip Layup Shot (8 PTS),,,90 - 101,11
0021700508,617,9,1,4,9:39 PM,3:51,,,Wizards Timeout: Regular (Reg.4 Short 0),,
0021700508,619,6,1,4,9:40 PM,3:43,Delaney P.FOUL (P3.PN) (J.DeRosa),,,,
0021700508,621,3,11,4,9:40 PM,3:43,,,Mark Morris Free Throw 1 of 2 (16 PTS),91 - 101,10
0021700508,622,3,12,4,9:40 PM,3:43,,,Mark Morris Free Throw 2 of 2 (17 PTS),92 - 101,9
0021700508,623,1,6,4,9:41 PM,3:32,Schroder 2' Driving Layup (21 PTS) (Delaney 2 AST),,,92 - 103,11
0021700508,625,2,1,4,9:41 PM,3:14,,,MISS Beal 12' Jump Shot,,
0021700508,626,4,0,4,9:41 PM,3:10,Ilyasova REBOUND (Off:3 Def:5),,,,
0021700508,627,6,28,4,9:41 PM,3:10,,,Porter Jr. Personal Take Foul (P3.PN) (T.Ford),,
0021700508,629,3,11,4,9:41 PM,3:10,Plumlee Free Throw 1 of 2 (9 PTS),,,92 - 104,12
0021700508,630,3,12,4,9:42 PM,3:10,MISS Plumlee Free Throw 2 of 2,,,,
0021700508,631,4,0,4,9:42 PM,3:06,Prince REBOUND (Off:6 Def:3),,,,
0021700508,632,6,28,4,9:42 PM,3:05,,,Porter Jr. Personal Take Foul (P4.PN) (T.Ford),,
0021700508,634,3,11,4,9:42 PM,3:05,Plumlee Free Throw 1 of 2 (10 PTS),,,92 - 105,13
0021700508,635,3,12,4,9:42 PM,3:05,Plumlee Free Throw 2 of 2 (11 PTS),,,92 - 106,14
0021700508,637,6,1,4,9:43 PM,2:59,Plumlee P.FOUL (P3.PN) (S.Wright),,,,
0021700508,639,3,11,4,9:43 PM,2:59,,,MISS Mark Morris Free Throw 1 of 2,,
0021700508,640,4,1,4,9:43 PM,2:59,,,Wizards Rebound,,
0021700508,642,8,0,4,9:43 PM,2:59,SUB: Bazemore FOR Plumlee,,,,
0021700508,644,3,12,4,9:43 PM,2:59,,,Mark Morris Free Throw 2 of 2 (18 PTS),93 - 106,13
0021700508,647,1,1,4,9:44 PM,2:36,Ilyasova  3PT Jump Shot (18 PTS) (Schroder 7 AST),,,93 - 109,16
0021700508,649,2,1,4,9:44 PM,2:18,,,MISS Beal 26' 3PT Jump Shot,,
0021700508,650,4,0,4,9:44 PM,2:15,Bazemore REBOUND (Off:0 Def:6),,,,
0021700508,651,2,1,4,9:45 PM,1:57,MISS Delaney 25' 3PT Jump Shot,,,,
0021700508,652,4,0,4,9:45 PM,1:56,Ilyasova REBOUND (Off:4 Def:5),,,,
0021700508,653,1,97,4,9:45 PM,1:56,Ilyasova 1' Tip Layup Shot (20 PTS),,,93 - 111,18
0021700508,654,9,1,4,9:45 PM,1:56,,,Wizards Timeout: Regular (Reg.5 Short 0),,
0021700508,655,8,0,4,9:46 PM,1:56,SUB: Collins FOR Ilyasova,,,,
0021700508,656,8,0,4,9:46 PM,1:56,SUB: Taylor FOR Schroder,,,,
0021700508,657,8,0,4,9:46 PM,1:56,SUB: Cavanaugh FOR Bazemore,,,,
0021700508,658,8,0,4,9:46 PM,1:56,,,SUB: Meeks FOR Wall,,
0021700508,659,8,0,4,9:46 PM,1:56,,,SUB: Scott FOR Beal,,
0021700508,660,8,0,4,9:46 PM,1:56,,,SUB: Satoransky FOR Mark Morris,,
0021700508,661,8,0,4,9:46 PM,1:56,,,SUB: McCullough FOR Porter Jr.,,
0021700508,669,2,1,4,9:47 PM,1:41,,,MISS McCullough 20' Jump Shot,,
0021700508,670,4,0,4,9:47 PM,1:39,Collins REBOUND (Off:1 Def:7),,,,
0021700508,671,2,1,4,9:47 PM,1:27,MISS Cavanaugh 25' 3PT Jump Shot,,,,
0021700508,672,4,0,4,9:47 PM,1:22,,,Oubre Jr. REBOUND (Off:0 Def:2),,
0021700508,673,1,103,4,9:47 PM,1:19,,,Oubre Jr. 24' 3PT Running Pull-Up Jump Shot (11 PTS),96 - 111,15
0021700508,674,1,6,4,9:47 PM,1:03,Prince 1' Driving Layup (11 PTS) (Taylor 4 AST),,,96 - 113,17
0021700508,676,1,1,4,9:48 PM,0:49,,,Meeks 26' 3PT Jump Shot (14 PTS) (Oubre Jr. 1 AST),99 - 113,14
0021700508,678,2,1,4,9:48 PM,0:28,MISS Collins 14' Jump Shot,,McCullough BLOCK (1 BLK),,
0021700508,680,4,0,4,9:48 PM,0:23,,,Meeks REBOUND (Off:0 Def:2),,
0021700508,681,5,1,4,9:48 PM,0:23,Prince STEAL (1 STL),,Meeks Bad Pass Turnover (P2.T14),,
0021700508,683,5,11,4,9:48 PM,0:00,HAWKS Turnover: Shot Clock (T#12),,,,
0021700508,684,13,0,4,9:49 PM,0:00,,,,99 - 113,14
