GAME_ID,EVENTNUM,EVENTMSGTYPE,EVENTMSGACTIONTYPE,PERIOD,WCTIMESTRING,PCTIMESTRING,HOMEDESCRIPTION,NEUTRALDESCRIPTION,VISITORDESCRIPTION,SCORE,SCOREMARGIN,PERSON1TYPE,PLAYER1_ID,PLAYER1_NAME,PLAYER1_TEAM_ID,PLAYER1_TEAM_CITY,PLAYER1_TEAM_NICKNAME,PLAYER1_TEAM_ABBREVIATION,PERSON2TYPE,PLAYER2_ID,PLAYER2_NAME,PLAYER2_TEAM_ID,PLAYER2_TEAM_CITY,PLAYER2_TEAM_NICKNAME,PLAYER2_TEAM_ABBREVIATION,PERSON3TYPE,PLAYER3_ID,PLAYER3_NAME,PLAYER3_TEAM_ID,PLAYER3_TEAM_CITY,PLAYER3_TEAM_NICKNAME,PLAYER3_TEAM_ABBREVIATION,VIDEO_AVAILABLE_FLAG
0021100694,0,12,0,1,8:13 PM,12:00,,,,,,0.0,0,,,,,,0,0,,,,,,0,0,,,,,,0
0021100694,1,10,0,1,8:14 PM,12:00,Jump Ball Gooden vs. Garnett: Tip to Jennings,,,,,4.0,2400,Drew Gooden,1610612749.0,Milwaukee,Bucks,MIL,5,708,Kevin Garnett,1610612738.0,Boston,Celtics,BOS,4,201943,Brandon Jennings,1610612749.0,Milwaukee,Bucks,MIL,0
0021100694,2,2,1,1,8:14 PM,11:41,MISS Gooden 19' Jump Shot,,,,,4.0,2400,Drew Gooden,1610612749.0,Milwaukee,Bucks,MIL,0,0,,,,,,0,0,,,,,,0
0021100694,3,4,0,1,8:14 PM,11:40,,,Bass REBOUND (Off:0 Def:1),,,5.0,101138,Brandon Bass,1610612738.0,Boston,Celtics,BOS,0,0,,,,,,0,0,,,,,,0
0021100694,4,1,1,1,8:14 PM,11:23,,,Rondo 7' Jump Shot (2 PTS),2 - 0,-2,5.0,200765,Rajon Rondo,1610612738.0,Boston,Celtics,BOS,0,0,,,,,,0,0,,,,,,0
0021100694,5,2,1,1,8:15 PM,11:00,MISS Gooden 22' Jump Shot,,,,,4.0,2400,Drew Gooden,1610612749.0,Milwaukee,Bucks,MIL,0,0,,,,,,0,0,,,,,,0
0021100694,6,4,0,1,8:15 PM,10:59,BUCKS Rebound,,,,,2.0,1610612749,,,,,,0,0,,,,,,0,0,,,,,,0
0021100694,7,1,1,1,8:16 PM,10:50,Ellis 18' Jump Shot (2 PTS) (Jennings 1 AST),,,2 - 2,TIE,4.0,101145,Monta Ellis,1610612749.0,Milwaukee,Bucks,MIL,4,201943,Brandon Jennings,1610612749.0,Milwaukee,Bucks,MIL,0,0,,,,,,0
0021100694,8,1,5,1,8:16 PM,10:25,,,Rondo  Layup (4 PTS),4 - 2,-2,5.0,200765,Rajon Rondo,1610612738.0,Boston,Celtics,BOS,0,0,,,,,,0,0,,,,,,0
0021100694,9,1,1,1,8:16 PM,10:18,Delfino 24' 3PT Jump Shot (3 PTS) (Ellis 1 AST),,,4 - 5,1,4.0,2568,Carlos Delfino,1610612749.0,Milwaukee,Bucks,MIL,4,101145,Monta Ellis,1610612749.0,Milwaukee,Bucks,MIL,0,0,,,,,,0
0021100694,10,1,1,1,8:16 PM,10:00,,,Allen 25' 3PT Jump Shot (3 PTS) (Rondo 1 AST),7 - 5,-2,5.0,951,Ray Allen,1610612738.0,Boston,Celtics,BOS,5,200765,Rajon Rondo,1610612738.0,Boston,Celtics,BOS,0,0,,,,,,0
0021100694,11,2,5,1,8:17 PM,9:47,MISS Gooden 2' Layup,,Garnett BLOCK (1 BLK),,,4.0,2400,Drew Gooden,1610612749.0,Milwaukee,Bucks,MIL,0,0,,,,,,5,708,Kevin Garnett,1610612738.0,Boston,Celtics,BOS,0
0021100694,12,4,0,1,8:17 PM,9:45,,,Allen REBOUND (Off:0 Def:1),,,5.0,951,Ray Allen,1610612738.0,Boston,Celtics,BOS,0,0,,,,,,0,0,,,,,,0
0021100694,13,1,1,1,8:17 PM,9:40,,,Bass 14' Jump Shot (2 PTS) (Allen 1 AST),9 - 5,-4,5.0,101138,Brandon Bass,1610612738.0,Boston,Celtics,BOS,5,951,Ray Allen,1610612738.0,Boston,Celtics,BOS,0,0,,,,,,0
0021100694,14,2,1,1,8:17 PM,9:25,MISS Jennings 3' Jump Shot,,Garnett BLOCK (2 BLK),,,4.0,201943,Brandon Jennings,1610612749.0,Milwaukee,Bucks,MIL,0,0,,,,,,5,708,Kevin Garnett,1610612738.0,Boston,Celtics,BOS,0
0021100694,15,4,0,1,8:17 PM,9:25,BUCKS Rebound,,,,,2.0,1610612749,,,,,,0,0,,,,,,0,0,,,,,,0
0021100694,16,6,11,1,8:17 PM,9:25,,,,,,6.0,1654,,,,,,0,0,,,,,,1,0,,,,,,0
0021100694,17,3,16,1,8:18 PM,9:25,,,Allen Free Throw Technical (4 PTS),10 - 5,-5,5.0,951,Ray Allen,1610612738.0,Boston,Celtics,BOS,0,0,,,,,,0,0,,,,,,0
0021100694,19,1,5,1,8:18 PM,9:16,Ilyasova 1' Layup (2 PTS) (Gooden 1 AST),,,10 - 7,-3,4.0,101141,Ersan Ilyasova,1610612749.0,Milwaukee,Bucks,MIL,4,2400,Drew Gooden,1610612749.0,Milwaukee,Bucks,MIL,0,0,,,,,,0
0021100694,20,1,5,1,8:18 PM,9:04,,,Pierce 1' Layup (2 PTS) (Garnett 1 AST),12 - 7,-5,5.0,1718,Paul Pierce,1610612738.0,Boston,Celtics,BOS,5,708,Kevin Garnett,1610612738.0,Boston,Celtics,BOS,0,0,,,,,,0
0021100694,21,1,5,1,8:19 PM,8:54,Ilyasova  Layup (4 PTS) (Ellis 2 AST),,,12 - 9,-3,4.0,101141,Ersan Ilyasova,1610612749.0,Milwaukee,Bucks,MIL,4,101145,Monta Ellis,1610612749.0,Milwaukee,Bucks,MIL,0,0,,,,,,0
0021100694,22,2,1,1,8:19 PM,8:39,,,MISS Bass 17' Jump Shot,,,5.0,101138,Brandon Bass,1610612738.0,Boston,Celtics,BOS,0,0,,,,,,0,0,,,,,,0
0021100694,23,4,0,1,8:19 PM,8:39,Ilyasova REBOUND (Off:0 Def:1),,,,,4.0,101141,Ersan Ilyasova,1610612749.0,Milwaukee,Bucks,MIL,0,0,,,,,,0,0,,,,,,0
0021100694,24,6,1,1,8:19 PM,8:39,,,Rondo P.FOUL (P1.T1),,,5.0,200765,Rajon Rondo,1610612738.0,Boston,Celtics,BOS,4,101141,Ersan Ilyasova,1610612749.0,Milwaukee,Bucks,MIL,1,0,,,,,,0
0021100694,25,5,1,1,8:19 PM,8:26,Ellis Bad Pass Turnover (P1.T1),,Rondo STEAL (1 STL),,,4.0,101145,Monta Ellis,1610612749.0,Milwaukee,Bucks,MIL,5,200765,Rajon Rondo,1610612738.0,Boston,Celtics,BOS,0,0,,,,,,0
0021100694,26,1,5,1,8:19 PM,8:23,,,Rondo 1' Layup (6 PTS) (Pierce 1 AST),14 - 9,-5,5.0,200765,Rajon Rondo,1610612738.0,Boston,Celtics,BOS,5,1718,Paul Pierce,1610612738.0,Boston,Celtics,BOS,0,0,,,,,,0
0021100694,27,6,2,1,8:19 PM,8:23,Jennings S.FOUL (P1.T1),,,,,4.0,201943,Brandon Jennings,1610612749.0,Milwaukee,Bucks,MIL,5,200765,Rajon Rondo,1610612738.0,Boston,Celtics,BOS,1,0,,,,,,0
0021100694,28,3,10,1,8:20 PM,8:23,,,MISS Rondo Free Throw 1 of 1,,,5.0,200765,Rajon Rondo,1610612738.0,Boston,Celtics,BOS,0,0,,,,,,0,0,,,,,,0
0021100694,30,4,0,1,8:20 PM,8:22,Gooden REBOUND (Off:0 Def:1),,,,,4.0,2400,Drew Gooden,1610612749.0,Milwaukee,Bucks,MIL,0,0,,,,,,0,0,,,,,,0
0021100694,31,1,1,1,8:20 PM,8:15,Jennings 11' Jump Shot (2 PTS),,,14 - 11,-3,4.0,201943,Brandon Jennings,1610612749.0,Milwaukee,Bucks,MIL,0,0,,,,,,0,0,,,,,,0
0021100694,32,2,1,1,8:20 PM,7:59,,,MISS Garnett 18' Jump Shot,,,5.0,708,Kevin Garnett,1610612738.0,Boston,Celtics,BOS,0,0,,,,,,0,0,,,,,,0
0021100694,33,4,0,1,8:20 PM,7:58,Delfino REBOUND (Off:0 Def:1),,,,,4.0,2568,Carlos Delfino,1610612749.0,Milwaukee,Bucks,MIL,0,0,,,,,,0,0,,,,,,0
0021100694,34,6,2,1,8:20 PM,7:49,,,Garnett S.FOUL (P1.T2),,,5.0,708,Kevin Garnett,1610612738.0,Boston,Celtics,BOS,4,2568,Carlos Delfino,1610612749.0,Milwaukee,Bucks,MIL,1,0,,,,,,0
0021100694,35,3,11,1,8:21 PM,7:49,Delfino Free Throw 1 of 2 (4 PTS),,,14 - 12,-2,4.0,2568,Carlos Delfino,1610612749.0,Milwaukee,Bucks,MIL,0,0,,,,,,0,0,,,,,,0
0021100694,37,3,12,1,8:21 PM,7:49,Delfino Free Throw 2 of 2 (5 PTS),,,14 - 13,-1,4.0,2568,Carlos Delfino,1610612749.0,Milwaukee,Bucks,MIL,0,0,,,,,,0,0,,,,,,0
0021100694,39,6,1,1,8:22 PM,7:28,Delfino P.FOUL (P1.T2),,,,,4.0,2568,Carlos Delfino,1610612749.0,Milwaukee,Bucks,MIL,5,1718,Paul Pierce,1610612738.0,Boston,Celtics,BOS,1,0,,,,,,0
0021100694,40,1,1,1,8:22 PM,7:19,,,Pierce 25' 3PT Jump Shot (5 PTS) (Rondo 2 AST),17 - 13,-4,5.0,1718,Paul Pierce,1610612738.0,Boston,Celtics,BOS,5,200765,Rajon Rondo,1610612738.0,Boston,Celtics,BOS,0,0,,,,,,0
0021100694,41,2,1,1,8:22 PM,7:05,MISS Ellis 8' Jump Shot,,,,,4.0,101145,Monta Ellis,1610612749.0,Milwaukee,Bucks,MIL,0,0,,,,,,0,0,,,,,,0
0021100694,43,4,0,1,8:23 PM,7:04,Ilyasova REBOUND (Off:1 Def:1),,,,,4.0,101141,Ersan Ilyasova,1610612749.0,Milwaukee,Bucks,MIL,0,0,,,,,,0,0,,,,,,0
0021100694,42,1,4,1,8:23 PM,7:04,Ilyasova 1' Tip Shot (6 PTS),,,17 - 15,-2,4.0,101141,Ersan Ilyasova,1610612749.0,Milwaukee,Bucks,MIL,0,0,,,,,,0,0,,,,,,0
0021100694,44,1,1,1,8:23 PM,6:47,,,Pierce 17' Jump Shot (7 PTS) (Rondo 3 AST),19 - 15,-4,5.0,1718,Paul Pierce,1610612738.0,Boston,Celtics,BOS,5,200765,Rajon Rondo,1610612738.0,Boston,Celtics,BOS,0,0,,,,,,0
0021100694,45,2,1,1,8:23 PM,6:35,MISS Delfino 24' 3PT Jump Shot,,,,,4.0,2568,Carlos Delfino,1610612749.0,Milwaukee,Bucks,MIL,0,0,,,,,,0,0,,,,,,0
0021100694,46,4,0,1,8:23 PM,6:34,,,Garnett REBOUND (Off:0 Def:1),,,5.0,708,Kevin Garnett,1610612738.0,Boston,Celtics,BOS,0,0,,,,,,0,0,,,,,,0
0021100694,47,2,1,1,8:23 PM,6:13,,,MISS Rondo 15' Jump Shot,,,5.0,200765,Rajon Rondo,1610612738.0,Boston,Celtics,BOS,0,0,,,,,,0,0,,,,,,0
0021100694,48,4,0,1,8:23 PM,6:10,Gooden REBOUND (Off:0 Def:2),,,,,4.0,2400,Drew Gooden,1610612749.0,Milwaukee,Bucks,MIL,0,0,,,,,,0,0,,,,,,0
0021100694,49,2,5,1,8:24 PM,6:05,MISS Ilyasova 1' Layup,,Pierce BLOCK (1 BLK),,,4.0,101141,Ersan Ilyasova,1610612749.0,Milwaukee,Bucks,MIL,0,0,,,,,,5,1718,Paul Pierce,1610612738.0,Boston,Celtics,BOS,0
0021100694,50,4,0,1,8:24 PM,6:02,,,Pierce REBOUND (Off:0 Def:1),,,5.0,1718,Paul Pierce,1610612738.0,Boston,Celtics,BOS,0,0,,,,,,0,0,,,,,,0
0021100694,51,2,5,1,8:24 PM,5:57,,,MISS Pierce 2' Layup,,,5.0,1718,Paul Pierce,1610612738.0,Boston,Celtics,BOS,0,0,,,,,,0,0,,,,,,0
0021100694,52,4,0,1,8:24 PM,5:55,,,Garnett REBOUND (Off:1 Def:1),,,5.0,708,Kevin Garnett,1610612738.0,Boston,Celtics,BOS,0,0,,,,,,0,0,,,,,,0
0021100694,53,2,1,1,8:24 PM,5:50,,,MISS Bass 7' Jump Shot,,,5.0,101138,Brandon Bass,1610612738.0,Boston,Celtics,BOS,0,0,,,,,,0,0,,,,,,0
0021100694,54,4,0,1,8:24 PM,5:49,Delfino REBOUND (Off:0 Def:2),,,,,4.0,2568,Carlos Delfino,1610612749.0,Milwaukee,Bucks,MIL,0,0,,,,,,0,0,,,,,,0
0021100694,55,9,1,1,8:24 PM,5:46,BUCKS Timeout: Regular (Full 1 Short 0),,,,,2.0,1610612749,,,,,,0,0,,,,,,0,0,,,,,,0
0021100694,57,18,1,1,8:24 PM,5:46,,,,,,,10,,,,,,0,0,,,,,,1,0,,,,,,0
0021100694,58,8,0,1,8:26 PM,5:46,,,SUB: Stiemsma FOR Garnett,,,5.0,708,Kevin Garnett,1610612738.0,Boston,Celtics,BOS,5,201880,Greg Stiemsma,1610612738.0,Boston,Celtics,BOS,0,0,,,,,,0
0021100694,59,1,5,1,8:26 PM,5:40,Ellis 1' Layup (4 PTS) (Gooden 2 AST),,,19 - 17,-2,4.0,101145,Monta Ellis,1610612749.0,Milwaukee,Bucks,MIL,4,2400,Drew Gooden,1610612749.0,Milwaukee,Bucks,MIL,0,0,,,,,,0
0021100694,60,1,5,1,8:27 PM,5:18,,,Pierce  Layup (9 PTS),21 - 17,-4,5.0,1718,Paul Pierce,1610612738.0,Boston,Celtics,BOS,0,0,,,,,,0,0,,,,,,0
0021100694,61,6,2,1,8:27 PM,5:12,,,Stiemsma S.FOUL (P1.T3),,,5.0,201880,Greg Stiemsma,1610612738.0,Boston,Celtics,BOS,4,2568,Carlos Delfino,1610612749.0,Milwaukee,Bucks,MIL,1,0,,,,,,0
0021100694,62,3,11,1,8:27 PM,5:12,Delfino Free Throw 1 of 2 (6 PTS),,,21 - 18,-3,4.0,2568,Carlos Delfino,1610612749.0,Milwaukee,Bucks,MIL,0,0,,,,,,0,0,,,,,,0
0021100694,64,3,12,1,8:28 PM,5:12,Delfino Free Throw 2 of 2 (7 PTS),,,21 - 19,-2,4.0,2568,Carlos Delfino,1610612749.0,Milwaukee,Bucks,MIL,0,0,,,,,,0,0,,,,,,0
0021100694,66,1,5,1,8:28 PM,5:04,,,Pierce  Layup (11 PTS),23 - 19,-4,5.0,1718,Paul Pierce,1610612738.0,Boston,Celtics,BOS,0,0,,,,,,0,0,,,,,,0
0021100694,67,2,5,1,8:28 PM,4:49,MISS Gooden 2' Layup,,,,,4.0,2400,Drew Gooden,1610612749.0,Milwaukee,Bucks,MIL,0,0,,,,,,0,0,,,,,,0
0021100694,68,4,0,1,8:28 PM,4:48,Ilyasova REBOUND (Off:2 Def:1),,,,,4.0,101141,Ersan Ilyasova,1610612749.0,Milwaukee,Bucks,MIL,0,0,,,,,,0,0,,,,,,0
0021100694,69,1,3,1,8:28 PM,4:46,Ilyasova 4' Hook Shot (8 PTS),,,23 - 21,-2,4.0,101141,Ersan Ilyasova,1610612749.0,Milwaukee,Bucks,MIL,0,0,,,,,,0,0,,,,,,0
0021100694,70,2,1,1,8:29 PM,4:29,,,MISS Bass 14' Jump Shot,,,5.0,101138,Brandon Bass,1610612738.0,Boston,Celtics,BOS,0,0,,,,,,0,0,,,,,,0
0021100694,71,4,0,1,8:29 PM,4:27,,,Stiemsma REBOUND (Off:1 Def:0),,,5.0,201880,Greg Stiemsma,1610612738.0,Boston,Celtics,BOS,0,0,,,,,,0,0,,,,,,0
0021100694,72,1,5,1,8:29 PM,4:26,,,Stiemsma  Layup (2 PTS),25 - 21,-4,5.0,201880,Greg Stiemsma,1610612738.0,Boston,Celtics,BOS,0,0,,,,,,0,0,,,,,,0
0021100694,73,1,1,1,8:29 PM,4:20,Jennings 4' Jump Shot (4 PTS),,,25 - 23,-2,4.0,201943,Brandon Jennings,1610612749.0,Milwaukee,Bucks,MIL,0,0,,,,,,0,0,,,,,,0
0021100694,74,6,2,1,8:29 PM,4:20,,,Stiemsma S.FOUL (P2.T4),,,5.0,201880,Greg Stiemsma,1610612738.0,Boston,Celtics,BOS,4,201943,Brandon Jennings,1610612749.0,Milwaukee,Bucks,MIL,1,0,,,,,,0
0021100694,75,8,0,1,8:29 PM,4:20,SUB: Udoh FOR Gooden,,,,,4.0,2400,Drew Gooden,1610612749.0,Milwaukee,Bucks,MIL,4,202327,Ekpe Udoh,1610612749.0,Milwaukee,Bucks,MIL,0,0,,,,,,0
0021100694,76,8,0,1,8:29 PM,4:20,SUB: Dunleavy FOR Delfino,,,,,4.0,2568,Carlos Delfino,1610612749.0,Milwaukee,Bucks,MIL,4,2399,Mike Dunleavy,1610612749.0,Milwaukee,Bucks,MIL,0,0,,,,,,0
0021100694,77,8,0,1,8:29 PM,4:20,,,SUB: Pietrus FOR Allen,,,5.0,951,Ray Allen,1610612738.0,Boston,Celtics,BOS,5,2554,Mickael Pietrus,1610612738.0,Boston,Celtics,BOS,0,0,,,,,,0
0021100694,78,3,10,1,8:29 PM,4:20,MISS Jennings Free Throw 1 of 1,,,,,4.0,201943,Brandon Jennings,1610612749.0,Milwaukee,Bucks,MIL,0,0,,,,,,0,0,,,,,,0
0021100694,80,4,0,1,8:29 PM,4:19,,,Stiemsma REBOUND (Off:1 Def:1),,,5.0,201880,Greg Stiemsma,1610612738.0,Boston,Celtics,BOS,0,0,,,,,,0,0,,,,,,0
0021100694,81,2,1,1,8:30 PM,3:59,,,MISS Pierce 17' Jump Shot,,,5.0,1718,Paul Pierce,1610612738.0,Boston,Celtics,BOS,0,0,,,,,,0,0,,,,,,0
0021100694,82,4,0,1,8:30 PM,3:58,Ilyasova REBOUND (Off:2 Def:2),,,,,4.0,101141,Ersan Ilyasova,1610612749.0,Milwaukee,Bucks,MIL,0,0,,,,,,0,0,,,,,,0
0021100694,83,2,5,1,8:30 PM,3:49,MISS Ellis 3' Layup,,,,,4.0,101145,Monta Ellis,1610612749.0,Milwaukee,Bucks,MIL,0,0,,,,,,0,0,,,,,,0
0021100694,84,4,0,1,8:30 PM,3:48,,,Pierce REBOUND (Off:0 Def:2),,,5.0,1718,Paul Pierce,1610612738.0,Boston,Celtics,BOS,0,0,,,,,,0,0,,,,,,0
0021100694,85,1,1,1,8:30 PM,3:41,,,Pietrus 24' 3PT Jump Shot (3 PTS) (Rondo 4 AST),28 - 23,-5,5.0,2554,Mickael Pietrus,1610612738.0,Boston,Celtics,BOS,5,200765,Rajon Rondo,1610612738.0,Boston,Celtics,BOS,0,0,,,,,,0
0021100694,86,5,1,1,8:30 PM,3:28,Jennings Bad Pass Turnover (P1.T2),,,,,4.0,201943,Brandon Jennings,1610612749.0,Milwaukee,Bucks,MIL,0,0,,,,,,0,0,,,,,,0
0021100694,87,8,0,1,8:30 PM,3:28,SUB: Udrih FOR Jennings,,,,,4.0,201943,Brandon Jennings,1610612749.0,Milwaukee,Bucks,MIL,4,2757,Beno Udrih,1610612749.0,Milwaukee,Bucks,MIL,0,0,,,,,,0
0021100694,88,2,1,1,8:31 PM,3:15,,,MISS Pietrus 26' 3PT Jump Shot,,,5.0,2554,Mickael Pietrus,1610612738.0,Boston,Celtics,BOS,0,0,,,,,,0,0,,,,,,0
0021100694,89,4,0,1,8:31 PM,3:13,Ilyasova REBOUND (Off:2 Def:3),,,,,4.0,101141,Ersan Ilyasova,1610612749.0,Milwaukee,Bucks,MIL,0,0,,,,,,0,0,,,,,,0
0021100694,90,2,1,1,8:31 PM,3:02,MISS Udoh 3' Jump Shot,,Stiemsma BLOCK (1 BLK),,,4.0,202327,Ekpe Udoh,1610612749.0,Milwaukee,Bucks,MIL,0,0,,,,,,5,201880,Greg Stiemsma,1610612738.0,Boston,Celtics,BOS,0
0021100694,91,4,0,1,8:31 PM,3:00,,,Rondo REBOUND (Off:0 Def:1),,,5.0,200765,Rajon Rondo,1610612738.0,Boston,Celtics,BOS,0,0,,,,,,0,0,,,,,,0
0021100694,92,1,1,1,8:31 PM,2:50,,,Bass 10' Jump Shot (4 PTS) (Rondo 5 AST),30 - 23,-7,5.0,101138,Brandon Bass,1610612738.0,Boston,Celtics,BOS,5,200765,Rajon Rondo,1610612738.0,Boston,Celtics,BOS,0,0,,,,,,0
0021100694,93,2,1,1,8:31 PM,2:35,MISS Ilyasova 10' Jump Shot,,,,,4.0,101141,Ersan Ilyasova,1610612749.0,Milwaukee,Bucks,MIL,0,0,,,,,,0,0,,,,,,0
0021100694,94,4,0,1,8:31 PM,2:34,,,Pietrus REBOUND (Off:0 Def:1),,,5.0,2554,Mickael Pietrus,1610612738.0,Boston,Celtics,BOS,0,0,,,,,,0,0,,,,,,0
0021100694,95,2,1,1,8:31 PM,2:27,,,MISS Stiemsma 16' Jump Shot,,,5.0,201880,Greg Stiemsma,1610612738.0,Boston,Celtics,BOS,0,0,,,,,,0,0,,,,,,0
0021100694,96,4,0,1,8:31 PM,2:26,Ilyasova REBOUND (Off:2 Def:4),,,,,4.0,101141,Ersan Ilyasova,1610612749.0,Milwaukee,Bucks,MIL,0,0,,,,,,0,0,,,,,,0
0021100694,97,2,5,1,8:32 PM,2:15,MISS Ellis 2' Layup,,,,,4.0,101145,Monta Ellis,1610612749.0,Milwaukee,Bucks,MIL,0,0,,,,,,0,0,,,,,,0
0021100694,98,4,0,1,8:32 PM,2:15,BUCKS Rebound,,,,,2.0,1610612749,,,,,,0,0,,,,,,0,0,,,,,,0
0021100694,99,9,1,1,8:32 PM,2:15,,,Celtics Timeout: Regular (Reg.1 Short 0),,,3.0,1610612738,,,,,,0,0,,,,,,0,0,,,,,,0
0021100694,101,8,0,1,8:34 PM,2:15,SUB: Mbah a Moute FOR Ilyasova,,,,,4.0,101141,Ersan Ilyasova,1610612749.0,Milwaukee,Bucks,MIL,4,201601,Luc Mbah a Moute,1610612749.0,Milwaukee,Bucks,MIL,0,0,,,,,,0
0021100694,102,2,1,1,8:35 PM,2:12,MISS Ellis 17' Jump Shot,,,,,4.0,101145,Monta Ellis,1610612749.0,Milwaukee,Bucks,MIL,0,0,,,,,,0,0,,,,,,0
0021100694,103,4,0,1,8:35 PM,2:11,,,Pierce REBOUND (Off:0 Def:3),,,5.0,1718,Paul Pierce,1610612738.0,Boston,Celtics,BOS,0,0,,,,,,0,0,,,,,,0
0021100694,104,2,1,1,8:35 PM,1:52,,,MISS Pierce 21' Jump Shot,,,5.0,1718,Paul Pierce,1610612738.0,Boston,Celtics,BOS,0,0,,,,,,0,0,,,,,,0
0021100694,105,4,0,1,8:35 PM,1:51,Udoh REBOUND (Off:0 Def:1),,,,,4.0,202327,Ekpe Udoh,1610612749.0,Milwaukee,Bucks,MIL,0,0,,,,,,0,0,,,,,,0
0021100694,106,1,1,1,8:35 PM,1:45,Dunleavy 12' Jump Shot (2 PTS) (Udrih 1 AST),,,30 - 25,-5,4.0,2399,Mike Dunleavy,1610612749.0,Milwaukee,Bucks,MIL,4,2757,Beno Udrih,1610612749.0,Milwaukee,Bucks,MIL,0,0,,,,,,0
0021100694,107,5,4,1,8:35 PM,1:24,,,Pietrus Traveling Turnover (P1.T1),,,5.0,2554,Mickael Pietrus,1610612738.0,Boston,Celtics,BOS,0,0,,,,,,1,0,,,,,,0
0021100694,108,8,0,1,8:35 PM,1:24,,,SUB: Bradley FOR Pierce,,,5.0,1718,Paul Pierce,1610612738.0,Boston,Celtics,BOS,5,202340,Avery Bradley,1610612738.0,Boston,Celtics,BOS,0,0,,,,,,0
0021100694,109,8,0,1,8:36 PM,1:24,,,SUB: Garnett FOR Bass,,,5.0,101138,Brandon Bass,1610612738.0,Boston,Celtics,BOS,5,708,Kevin Garnett,1610612738.0,Boston,Celtics,BOS,0,0,,,,,,0
0021100694,110,5,1,1,8:36 PM,1:12,Mbah a Moute Bad Pass Turnover (P1.T3),,Stiemsma STEAL (1 STL),,,4.0,201601,Luc Mbah a Moute,1610612749.0,Milwaukee,Bucks,MIL,5,201880,Greg Stiemsma,1610612738.0,Boston,Celtics,BOS,0,0,,,,,,0
0021100694,111,2,1,1,8:36 PM,1:00,,,MISS Garnett 19' Jump Shot,,,5.0,708,Kevin Garnett,1610612738.0,Boston,Celtics,BOS,0,0,,,,,,0,0,,,,,,0
0021100694,112,4,0,1,8:36 PM,0:59,Dunleavy REBOUND (Off:0 Def:1),,,,,4.0,2399,Mike Dunleavy,1610612749.0,Milwaukee,Bucks,MIL,0,0,,,,,,0,0,,,,,,0
0021100694,113,1,1,1,8:36 PM,0:54,Udrih 18' Jump Shot (2 PTS) (Udoh 1 AST),,,30 - 27,-3,4.0,2757,Beno Udrih,1610612749.0,Milwaukee,Bucks,MIL,4,202327,Ekpe Udoh,1610612749.0,Milwaukee,Bucks,MIL,0,0,,,,,,0
0021100694,114,1,1,1,8:36 PM,0:39,,,Pietrus 24' 3PT Jump Shot (6 PTS) (Garnett 2 AST),33 - 27,-6,5.0,2554,Mickael Pietrus,1610612738.0,Boston,Celtics,BOS,5,708,Kevin Garnett,1610612738.0,Boston,Celtics,BOS,0,0,,,,,,0
0021100694,115,1,5,1,8:37 PM,0:28,Ellis 1' Layup (6 PTS),,,33 - 29,-4,4.0,101145,Monta Ellis,1610612749.0,Milwaukee,Bucks,MIL,0,0,,,,,,0,0,,,,,,0
0021100694,116,8,0,1,8:37 PM,0:24,,,SUB: Dooling FOR Stiemsma,,,5.0,201880,Greg Stiemsma,1610612738.0,Boston,Celtics,BOS,5,2039,Keyon Dooling,1610612738.0,Boston,Celtics,BOS,0,0,,,,,,0
0021100694,117,1,1,1,8:37 PM,0:16,,,Bradley 17' Jump Shot (2 PTS),35 - 29,-6,5.0,202340,Avery Bradley,1610612738.0,Boston,Celtics,BOS,0,0,,,,,,0,0,,,,,,0
0021100694,118,2,5,1,8:38 PM,0:01,MISS Udrih 2' Layup,,Garnett BLOCK (3 BLK),,,4.0,2757,Beno Udrih,1610612749.0,Milwaukee,Bucks,MIL,0,0,,,,,,5,708,Kevin Garnett,1610612738.0,Boston,Celtics,BOS,0
0021100694,119,4,0,1,8:38 PM,0:00,,,Rondo REBOUND (Off:0 Def:2),,,5.0,200765,Rajon Rondo,1610612738.0,Boston,Celtics,BOS,0,0,,,,,,0,0,,,,,,0
0021100694,121,18,0,1,8:38 PM,0:00,,,,35 - 29,-6,0.0,0,,,,,,0,0,,,,,,1,0,,,,,,0
0021100694,120,13,0,1,8:38 PM,0:00,,,,35 - 29,-6,0.0,0,,,,,,0,0,,,,,,0,0,,,,,,0
0021100694,122,12,0,2,8:41 PM,12:00,,,,35 - 29,-6,0.0,0,,,,,,0,0,,,,,,0,0,,,,,,0
0021100694,123,2,5,2,8:41 PM,11:44,,,MISS Garnett  Layup,,,5.0,708,Kevin Garnett,1610612738.0,Boston,Celtics,BOS,0,0,,,,,,0,0,,,,,,0
0021100694,124,4,0,2,8:41 PM,11:42,Udoh REBOUND (Off:0 Def:2),,,,,4.0,202327,Ekpe Udoh,1610612749.0,Milwaukee,Bucks,MIL,0,0,,,,,,0,0,,,,,,0
0021100694,125,2,1,2,8:41 PM,11:21,MISS Jennings 19' Jump Shot,,,,,4.0,201943,Brandon Jennings,1610612749.0,Milwaukee,Bucks,MIL,0,0,,,,,,0,0,,,,,,0
0021100694,126,4,0,2,8:41 PM,11:20,,,Garnett REBOUND (Off:1 Def:2),,,5.0,708,Kevin Garnett,1610612738.0,Boston,Celtics,BOS,0,0,,,,,,0,0,,,,,,0
0021100694,127,2,1,2,8:41 PM,11:09,,,MISS Pietrus 19' Jump Shot,,,5.0,2554,Mickael Pietrus,1610612738.0,Boston,Celtics,BOS,0,0,,,,,,0,0,,,,,,0
0021100694,128,4,0,2,8:41 PM,11:07,Udoh REBOUND (Off:0 Def:3),,,,,4.0,202327,Ekpe Udoh,1610612749.0,Milwaukee,Bucks,MIL,0,0,,,,,,0,0,,,,,,0
0021100694,129,1,1,2,8:42 PM,10:58,Jennings 9' Jump Shot (6 PTS),,,35 - 31,-4,4.0,201943,Brandon Jennings,1610612749.0,Milwaukee,Bucks,MIL,0,0,,,,,,0,0,,,,,,0
0021100694,130,1,56,2,8:42 PM,10:34,,,Dooling 6' Running Hook Shot (2 PTS),37 - 31,-6,5.0,2039,Keyon Dooling,1610612738.0,Boston,Celtics,BOS,0,0,,,,,,0,0,,,,,,0
0021100694,131,1,1,2,8:42 PM,10:20,Dunleavy 26' 3PT Jump Shot (5 PTS) (Mbah a Moute 1 AST),,,37 - 34,-3,4.0,2399,Mike Dunleavy,1610612749.0,Milwaukee,Bucks,MIL,4,201601,Luc Mbah a Moute,1610612749.0,Milwaukee,Bucks,MIL,0,0,,,,,,0
0021100694,132,1,47,2,8:43 PM,10:00,,,Garnett 8' Turnaround Jump Shot (2 PTS) (Stiemsma 1 AST),39 - 34,-5,5.0,708,Kevin Garnett,1610612738.0,Boston,Celtics,BOS,5,201880,Greg Stiemsma,1610612738.0,Boston,Celtics,BOS,0,0,,,,,,0
0021100694,133,2,1,2,8:43 PM,9:49,MISS Jennings 15' Jump Shot,,,,,4.0,201943,Brandon Jennings,1610612749.0,Milwaukee,Bucks,MIL,0,0,,,,,,0,0,,,,,,0
0021100694,134,4,0,2,8:43 PM,9:47,,,Garnett REBOUND (Off:1 Def:3),,,5.0,708,Kevin Garnett,1610612738.0,Boston,Celtics,BOS,0,0,,,,,,0,0,,,,,,0
0021100694,135,5,4,2,8:43 PM,9:38,,,Pietrus Traveling Turnover (P2.T2),,,5.0,2554,Mickael Pietrus,1610612738.0,Boston,Celtics,BOS,0,0,,,,,,1,0,,,,,,0
0021100694,136,8,0,2,8:43 PM,9:38,,,SUB: Bass FOR Stiemsma,,,5.0,201880,Greg Stiemsma,1610612738.0,Boston,Celtics,BOS,5,101138,Brandon Bass,1610612738.0,Boston,Celtics,BOS,0,0,,,,,,0
0021100694,137,2,1,2,8:43 PM,9:24,MISS Mbah a Moute 17' Jump Shot,,,,,4.0,201601,Luc Mbah a Moute,1610612749.0,Milwaukee,Bucks,MIL,0,0,,,,,,0,0,,,,,,0
0021100694,138,4,0,2,8:43 PM,9:23,,,Bradley REBOUND (Off:0 Def:1),,,5.0,202340,Avery Bradley,1610612738.0,Boston,Celtics,BOS,0,0,,,,,,0,0,,,,,,0
0021100694,139,1,1,2,8:44 PM,9:09,,,Dooling 17' Jump Shot (4 PTS),41 - 34,-7,5.0,2039,Keyon Dooling,1610612738.0,Boston,Celtics,BOS,0,0,,,,,,0,0,,,,,,0
0021100694,140,6,17,2,8:44 PM,9:00,,,Celtics T.Foul (Def. 3 Sec Garnett ),,,5.0,708,Kevin Garnett,1610612738.0,Boston,Celtics,BOS,0,0,,,,,,1,0,,,,,,0
0021100694,141,3,16,2,8:44 PM,9:00,Jennings Free Throw Technical (7 PTS),,,41 - 35,-6,4.0,201943,Brandon Jennings,1610612749.0,Milwaukee,Bucks,MIL,0,0,,,,,,0,0,,,,,,0
0021100694,143,8,0,2,8:44 PM,9:00,SUB: Delfino FOR Udrih,,,,,4.0,2757,Beno Udrih,1610612749.0,Milwaukee,Bucks,MIL,4,2568,Carlos Delfino,1610612749.0,Milwaukee,Bucks,MIL,0,0,,,,,,0
0021100694,144,1,5,2,8:45 PM,8:50,Dunleavy 1' Layup (7 PTS) (Jennings 2 AST),,,41 - 37,-4,4.0,2399,Mike Dunleavy,1610612749.0,Milwaukee,Bucks,MIL,4,201943,Brandon Jennings,1610612749.0,Milwaukee,Bucks,MIL,0,0,,,,,,0
0021100694,145,2,47,2,8:45 PM,8:30,,,MISS Garnett 9' Turnaround Jump Shot,,,5.0,708,Kevin Garnett,1610612738.0,Boston,Celtics,BOS,0,0,,,,,,0,0,,,,,,0
0021100694,146,4,0,2,8:45 PM,8:29,Mbah a Moute REBOUND (Off:0 Def:1),,,,,4.0,201601,Luc Mbah a Moute,1610612749.0,Milwaukee,Bucks,MIL,0,0,,,,,,0,0,,,,,,0
0021100694,147,2,5,2,8:45 PM,8:18,MISS Mbah a Moute 2' Layup,,,,,4.0,201601,Luc Mbah a Moute,1610612749.0,Milwaukee,Bucks,MIL,0,0,,,,,,0,0,,,,,,0
0021100694,149,4,0,2,8:45 PM,8:17,Udoh REBOUND (Off:1 Def:3),,,,,4.0,202327,Ekpe Udoh,1610612749.0,Milwaukee,Bucks,MIL,0,0,,,,,,0,0,,,,,,0
0021100694,148,2,5,2,8:45 PM,8:17,MISS Udoh 1' Layup,,,,,4.0,202327,Ekpe Udoh,1610612749.0,Milwaukee,Bucks,MIL,0,0,,,,,,0,0,,,,,,0
0021100694,150,4,0,2,8:45 PM,8:16,Mbah a Moute REBOUND (Off:1 Def:1),,,,,4.0,201601,Luc Mbah a Moute,1610612749.0,Milwaukee,Bucks,MIL,0,0,,,,,,0,0,,,,,,0
0021100694,151,2,5,2,8:45 PM,8:14,MISS Mbah a Moute 1' Layup,,,,,4.0,201601,Luc Mbah a Moute,1610612749.0,Milwaukee,Bucks,MIL,0,0,,,,,,0,0,,,,,,0
0021100694,152,4,0,2,8:45 PM,8:13,,,Bass REBOUND (Off:0 Def:2),,,5.0,101138,Brandon Bass,1610612738.0,Boston,Celtics,BOS,0,0,,,,,,0,0,,,,,,0
0021100694,153,1,1,2,8:46 PM,7:59,,,Pietrus  3PT Jump Shot (9 PTS) (Garnett 3 AST),44 - 37,-7,5.0,2554,Mickael Pietrus,1610612738.0,Boston,Celtics,BOS,5,708,Kevin Garnett,1610612738.0,Boston,Celtics,BOS,0,0,,,,,,0
0021100694,154,1,5,2,8:46 PM,7:49,Udoh 1' Layup (2 PTS) (Mbah a Moute 2 AST),,,44 - 39,-5,4.0,202327,Ekpe Udoh,1610612749.0,Milwaukee,Bucks,MIL,4,201601,Luc Mbah a Moute,1610612749.0,Milwaukee,Bucks,MIL,0,0,,,,,,0
0021100694,155,5,2,2,8:46 PM,7:28,Udoh STEAL (1 STL),,Bradley Lost Ball Turnover (P1.T3),,,5.0,202340,Avery Bradley,1610612738.0,Boston,Celtics,BOS,4,202327,Ekpe Udoh,1610612749.0,Milwaukee,Bucks,MIL,0,0,,,,,,0
0021100694,156,1,5,2,8:46 PM,7:24,Jennings  Layup (9 PTS) (Udoh 2 AST),,,44 - 41,-3,4.0,201943,Brandon Jennings,1610612749.0,Milwaukee,Bucks,MIL,4,202327,Ekpe Udoh,1610612749.0,Milwaukee,Bucks,MIL,0,0,,,,,,0
0021100694,157,6,17,2,8:46 PM,7:07,BUCKS T.Foul (Def. 3 Sec Mbah a Moute ),,,,,4.0,201601,Luc Mbah a Moute,1610612749.0,Milwaukee,Bucks,MIL,0,0,,,,,,1,0,,,,,,0
0021100694,158,9,4,2,8:47 PM,7:07,,,,,,1.0,0,,,,,,0,0,,,,,,0,0,,,,,,0
0021100694,160,8,0,2,8:49 PM,7:07,,,SUB: Allen FOR Bradley,,,5.0,202340,Avery Bradley,1610612738.0,Boston,Celtics,BOS,5,951,Ray Allen,1610612738.0,Boston,Celtics,BOS,0,0,,,,,,0
0021100694,161,8,0,2,8:49 PM,7:07,,,SUB: Rondo FOR Dooling,,,5.0,2039,Keyon Dooling,1610612738.0,Boston,Celtics,BOS,5,200765,Rajon Rondo,1610612738.0,Boston,Celtics,BOS,0,0,,,,,,0
0021100694,162,3,16,2,8:49 PM,7:07,,,MISS Garnett Free Throw Technical,,,5.0,708,Kevin Garnett,1610612738.0,Boston,Celtics,BOS,0,0,,,,,,0,0,,,,,,0
0021100694,163,4,1,2,8:49 PM,7:07,,,Celtics Rebound,,,3.0,1610612738,,,,,,0,0,,,,,,0,0,,,,,,0
0021100694,164,2,1,2,8:50 PM,6:53,Jennings BLOCK (1 BLK),,MISS Rondo 26' 3PT Jump Shot,,,5.0,200765,Rajon Rondo,1610612738.0,Boston,Celtics,BOS,0,0,,,,,,4,201943,Brandon Jennings,1610612749.0,Milwaukee,Bucks,MIL,0
0021100694,165,4,0,2,8:50 PM,6:51,Mbah a Moute REBOUND (Off:1 Def:2),,,,,4.0,201601,Luc Mbah a Moute,1610612749.0,Milwaukee,Bucks,MIL,0,0,,,,,,0,0,,,,,,0
0021100694,166,2,1,2,8:50 PM,6:38,MISS Dunleavy 18' Jump Shot,,,,,4.0,2399,Mike Dunleavy,1610612749.0,Milwaukee,Bucks,MIL,0,0,,,,,,0,0,,,,,,0
0021100694,167,4,0,2,8:50 PM,6:37,,,Allen REBOUND (Off:0 Def:2),,,5.0,951,Ray Allen,1610612738.0,Boston,Celtics,BOS,0,0,,,,,,0,0,,,,,,0
0021100694,168,2,1,2,8:50 PM,6:28,,,MISS Pietrus 25' 3PT Jump Shot,,,5.0,2554,Mickael Pietrus,1610612738.0,Boston,Celtics,BOS,0,0,,,,,,0,0,,,,,,0
0021100694,169,4,0,2,8:50 PM,6:26,Udoh REBOUND (Off:1 Def:4),,,,,4.0,202327,Ekpe Udoh,1610612749.0,Milwaukee,Bucks,MIL,0,0,,,,,,0,0,,,,,,0
0021100694,170,5,40,2,8:50 PM,6:19,Jennings Out of Bounds Lost Ball Turnover (P2.T4),,,,,4.0,201943,Brandon Jennings,1610612749.0,Milwaukee,Bucks,MIL,0,0,,,,,,0,0,,,,,,0
0021100694,171,8,0,2,8:50 PM,6:19,SUB: Ilyasova FOR Mbah a Moute,,,,,4.0,201601,Luc Mbah a Moute,1610612749.0,Milwaukee,Bucks,MIL,4,101141,Ersan Ilyasova,1610612749.0,Milwaukee,Bucks,MIL,0,0,,,,,,0
0021100694,172,8,0,2,8:50 PM,6:19,,,SUB: Pierce FOR Garnett,,,5.0,708,Kevin Garnett,1610612738.0,Boston,Celtics,BOS,5,1718,Paul Pierce,1610612738.0,Boston,Celtics,BOS,0,0,,,,,,0
0021100694,173,2,1,2,8:51 PM,6:06,,,MISS Allen 24' 3PT Jump Shot,,,5.0,951,Ray Allen,1610612738.0,Boston,Celtics,BOS,0,0,,,,,,0,0,,,,,,0
0021100694,174,4,0,2,8:51 PM,6:05,Ilyasova REBOUND (Off:2 Def:5),,,,,4.0,101141,Ersan Ilyasova,1610612749.0,Milwaukee,Bucks,MIL,0,0,,,,,,0,0,,,,,,0
0021100694,175,6,2,2,8:51 PM,5:53,,,Rondo S.FOUL (P2.T1),,,5.0,200765,Rajon Rondo,1610612738.0,Boston,Celtics,BOS,4,201943,Brandon Jennings,1610612749.0,Milwaukee,Bucks,MIL,1,0,,,,,,0
0021100694,176,9,1,2,8:51 PM,5:53,BUCKS Timeout: Regular (Full 2 Short 0),,,,,2.0,1610612749,,,,,,0,0,,,,,,0,0,,,,,,0
0021100694,178,3,11,2,8:54 PM,5:53,Jennings Free Throw 1 of 2 (10 PTS),,,44 - 42,-2,4.0,201943,Brandon Jennings,1610612749.0,Milwaukee,Bucks,MIL,0,0,,,,,,0,0,,,,,,0
0021100694,180,3,12,2,8:54 PM,5:53,Jennings Free Throw 2 of 2 (11 PTS),,,44 - 43,-1,4.0,201943,Brandon Jennings,1610612749.0,Milwaukee,Bucks,MIL,0,0,,,,,,0,0,,,,,,0
0021100694,185,2,55,2,8:54 PM,5:40,Udoh BLOCK (1 BLK),,MISS Bass 3' Hook Shot,,,5.0,101138,Brandon Bass,1610612738.0,Boston,Celtics,BOS,0,0,,,,,,4,202327,Ekpe Udoh,1610612749.0,Milwaukee,Bucks,MIL,0
0021100694,182,4,0,2,8:54 PM,5:38,Ilyasova REBOUND (Off:2 Def:6),,,,,4.0,101141,Ersan Ilyasova,1610612749.0,Milwaukee,Bucks,MIL,0,0,,,,,,0,0,,,,,,0
0021100694,183,2,5,2,8:55 PM,5:29,MISS Jennings 1' Layup,,,,,4.0,201943,Brandon Jennings,1610612749.0,Milwaukee,Bucks,MIL,0,0,,,,,,0,0,,,,,,0
0021100694,184,4,0,2,8:55 PM,5:26,,,Pietrus REBOUND (Off:0 Def:2),,,5.0,2554,Mickael Pietrus,1610612738.0,Boston,Celtics,BOS,0,0,,,,,,0,0,,,,,,0
0021100694,186,1,7,2,8:55 PM,5:11,,,Bass 1' Dunk (6 PTS) (Rondo 6 AST),46 - 43,-3,5.0,101138,Brandon Bass,1610612738.0,Boston,Celtics,BOS,5,200765,Rajon Rondo,1610612738.0,Boston,Celtics,BOS,0,0,,,,,,0
0021100694,187,5,2,2,8:56 PM,4:52,Dunleavy Lost Ball Turnover (P1.T5),,Pietrus STEAL (1 STL),,,4.0,2399,Mike Dunleavy,1610612749.0,Milwaukee,Bucks,MIL,5,2554,Mickael Pietrus,1610612738.0,Boston,Celtics,BOS,0,0,,,,,,0
0021100694,188,1,5,2,8:56 PM,4:39,,,Rondo 1' Layup (8 PTS),48 - 43,-5,5.0,200765,Rajon Rondo,1610612738.0,Boston,Celtics,BOS,0,0,,,,,,0,0,,,,,,0
0021100694,189,2,1,2,8:56 PM,4:26,MISS Delfino 25' 3PT Jump Shot,,,,,4.0,2568,Carlos Delfino,1610612749.0,Milwaukee,Bucks,MIL,0,0,,,,,,0,0,,,,,,0
0021100694,190,4,0,2,8:56 PM,4:26,,,Celtics Rebound,,,3.0,1610612738,,,,,,0,0,,,,,,0,0,,,,,,0
0021100694,191,8,0,2,8:56 PM,4:26,,,SUB: Stiemsma FOR Pietrus,,,5.0,2554,Mickael Pietrus,1610612738.0,Boston,Celtics,BOS,5,201880,Greg Stiemsma,1610612738.0,Boston,Celtics,BOS,0,0,,,,,,0
0021100694,192,8,0,2,8:56 PM,4:26,SUB: Ellis FOR Jennings,,,,,4.0,201943,Brandon Jennings,1610612749.0,Milwaukee,Bucks,MIL,4,101145,Monta Ellis,1610612749.0,Milwaukee,Bucks,MIL,0,0,,,,,,0
0021100694,194,2,1,2,8:57 PM,4:10,,,MISS Allen  3PT Jump Shot,,,5.0,951,Ray Allen,1610612738.0,Boston,Celtics,BOS,0,0,,,,,,0,0,,,,,,0
0021100694,195,4,0,2,8:57 PM,4:09,,,Stiemsma REBOUND (Off:2 Def:1),,,5.0,201880,Greg Stiemsma,1610612738.0,Boston,Celtics,BOS,0,0,,,,,,0,0,,,,,,0
0021100694,196,5,1,2,8:57 PM,3:58,,,Rondo Bad Pass Turnover (P1.T4),,,5.0,200765,Rajon Rondo,1610612738.0,Boston,Celtics,BOS,0,0,,,,,,0,0,,,,,,0
0021100694,197,8,0,2,8:57 PM,3:58,SUB: Gooden FOR Udoh,,,,,4.0,202327,Ekpe Udoh,1610612749.0,Milwaukee,Bucks,MIL,4,2400,Drew Gooden,1610612749.0,Milwaukee,Bucks,MIL,0,0,,,,,,0
0021100694,198,1,1,2,8:57 PM,3:47,Delfino 17' Jump Shot (9 PTS) (Gooden 3 AST),,,48 - 45,-3,4.0,2568,Carlos Delfino,1610612749.0,Milwaukee,Bucks,MIL,4,2400,Drew Gooden,1610612749.0,Milwaukee,Bucks,MIL,0,0,,,,,,0
0021100694,199,1,1,2,8:58 PM,3:31,,,Bass 16' Jump Shot (8 PTS) (Rondo 7 AST),50 - 45,-5,5.0,101138,Brandon Bass,1610612738.0,Boston,Celtics,BOS,5,200765,Rajon Rondo,1610612738.0,Boston,Celtics,BOS,0,0,,,,,,0
0021100694,200,2,5,2,8:58 PM,3:19,MISS Gooden 2' Layup,,Stiemsma BLOCK (2 BLK),,,4.0,2400,Drew Gooden,1610612749.0,Milwaukee,Bucks,MIL,0,0,,,,,,5,201880,Greg Stiemsma,1610612738.0,Boston,Celtics,BOS,0
0021100694,201,4,0,2,8:58 PM,3:17,,,Rondo REBOUND (Off:0 Def:3),,,5.0,200765,Rajon Rondo,1610612738.0,Boston,Celtics,BOS,0,0,,,,,,0,0,,,,,,0
0021100694,202,6,2,2,8:58 PM,3:15,Ilyasova S.FOUL (P1.T1),,,,,4.0,101141,Ersan Ilyasova,1610612749.0,Milwaukee,Bucks,MIL,5,951,Ray Allen,1610612738.0,Boston,Celtics,BOS,1,0,,,,,,0
0021100694,203,9,1,2,8:58 PM,3:15,,,Celtics Timeout: Regular (Reg.2 Short 0),,,3.0,1610612738,,,,,,0,0,,,,,,0,0,,,,,,0
0021100694,205,8,0,2,9:01 PM,3:15,,,SUB: Garnett FOR Bass,,,5.0,101138,Brandon Bass,1610612738.0,Boston,Celtics,BOS,5,708,Kevin Garnett,1610612738.0,Boston,Celtics,BOS,0,0,,,,,,0
0021100694,206,3,11,2,9:01 PM,3:15,,,Allen Free Throw 1 of 2 (5 PTS),51 - 45,-6,5.0,951,Ray Allen,1610612738.0,Boston,Celtics,BOS,0,0,,,,,,0,0,,,,,,0
0021100694,208,3,12,2,9:01 PM,3:15,,,Allen Free Throw 2 of 2 (6 PTS),52 - 45,-7,5.0,951,Ray Allen,1610612738.0,Boston,Celtics,BOS,0,0,,,,,,0,0,,,,,,0
0021100694,210,1,5,2,9:01 PM,3:03,Ilyasova  Layup (10 PTS) (Ellis 3 AST),,,52 - 47,-5,4.0,101141,Ersan Ilyasova,1610612749.0,Milwaukee,Bucks,MIL,4,101145,Monta Ellis,1610612749.0,Milwaukee,Bucks,MIL,0,0,,,,,,0
0021100694,211,1,1,2,9:02 PM,2:45,,,Garnett 18' Jump Shot (4 PTS) (Rondo 8 AST),54 - 47,-7,5.0,708,Kevin Garnett,1610612738.0,Boston,Celtics,BOS,5,200765,Rajon Rondo,1610612738.0,Boston,Celtics,BOS,0,0,,,,,,0
0021100694,212,1,5,2,9:02 PM,2:28,Gooden  Layup (2 PTS),,,54 - 49,-5,4.0,2400,Drew Gooden,1610612749.0,Milwaukee,Bucks,MIL,0,0,,,,,,0,0,,,,,,0
0021100694,213,5,1,2,9:02 PM,2:08,Delfino STEAL (1 STL),,Rondo Bad Pass Turnover (P2.T5),,,5.0,200765,Rajon Rondo,1610612738.0,Boston,Celtics,BOS,4,2568,Carlos Delfino,1610612749.0,Milwaukee,Bucks,MIL,0,0,,,,,,0
0021100694,214,1,5,2,9:02 PM,2:04,Dunleavy 1' Layup (9 PTS) (Ellis 4 AST),,,54 - 51,-3,4.0,2399,Mike Dunleavy,1610612749.0,Milwaukee,Bucks,MIL,4,101145,Monta Ellis,1610612749.0,Milwaukee,Bucks,MIL,0,0,,,,,,0
0021100694,215,2,1,2,9:03 PM,1:39,,,MISS Pierce 5' Jump Shot,,,5.0,1718,Paul Pierce,1610612738.0,Boston,Celtics,BOS,0,0,,,,,,0,0,,,,,,0
0021100694,216,4,0,2,9:03 PM,1:38,Delfino REBOUND (Off:0 Def:3),,,,,4.0,2568,Carlos Delfino,1610612749.0,Milwaukee,Bucks,MIL,0,0,,,,,,0,0,,,,,,0
0021100694,217,1,5,2,9:03 PM,1:35,Ilyasova 1' Layup (12 PTS) (Ellis 5 AST),,,54 - 53,-1,4.0,101141,Ersan Ilyasova,1610612749.0,Milwaukee,Bucks,MIL,4,101145,Monta Ellis,1610612749.0,Milwaukee,Bucks,MIL,0,0,,,,,,0
0021100694,218,6,2,2,9:03 PM,1:35,,,Allen S.FOUL (P1.T2),,,5.0,951,Ray Allen,1610612738.0,Boston,Celtics,BOS,4,101141,Ersan Ilyasova,1610612749.0,Milwaukee,Bucks,MIL,1,0,,,,,,0
0021100694,219,9,2,2,9:03 PM,1:35,,,Celtics Timeout: Short (Reg.2 Short 1),,,3.0,1610612738,,,,,,0,0,,,,,,0,0,,,,,,0
0021100694,221,8,0,2,9:04 PM,1:35,,,SUB: Bass FOR Stiemsma,,,5.0,201880,Greg Stiemsma,1610612738.0,Boston,Celtics,BOS,5,101138,Brandon Bass,1610612738.0,Boston,Celtics,BOS,0,0,,,,,,0
0021100694,222,3,10,2,9:04 PM,1:35,MISS Ilyasova Free Throw 1 of 1,,,,,4.0,101141,Ersan Ilyasova,1610612749.0,Milwaukee,Bucks,MIL,0,0,,,,,,0,0,,,,,,0
0021100694,224,4,0,2,9:05 PM,1:34,,,Pierce REBOUND (Off:0 Def:4),,,5.0,1718,Paul Pierce,1610612738.0,Boston,Celtics,BOS,0,0,,,,,,0,0,,,,,,0
0021100694,225,5,1,2,9:05 PM,1:19,Ilyasova STEAL (1 STL),,Pierce Bad Pass Turnover (P1.T6),,,5.0,1718,Paul Pierce,1610612738.0,Boston,Celtics,BOS,4,101141,Ersan Ilyasova,1610612749.0,Milwaukee,Bucks,MIL,0,0,,,,,,0
0021100694,226,1,1,2,9:05 PM,1:03,Delfino  3PT Jump Shot (12 PTS) (Ellis 6 AST),,,54 - 56,2,4.0,2568,Carlos Delfino,1610612749.0,Milwaukee,Bucks,MIL,4,101145,Monta Ellis,1610612749.0,Milwaukee,Bucks,MIL,0,0,,,,,,0
0021100694,227,2,1,2,9:05 PM,0:45,,,MISS Bass 17' Jump Shot,,,5.0,101138,Brandon Bass,1610612738.0,Boston,Celtics,BOS,0,0,,,,,,0,0,,,,,,0
0021100694,228,4,0,2,9:05 PM,0:44,,,Celtics Rebound,,,3.0,1610612738,,,,,,0,0,,,,,,0,0,,,,,,0
0021100694,229,6,1,2,9:06 PM,0:39,Ilyasova P.FOUL (P2.T2),,,,,4.0,101141,Ersan Ilyasova,1610612749.0,Milwaukee,Bucks,MIL,5,708,Kevin Garnett,1610612738.0,Boston,Celtics,BOS,1,0,,,,,,0
0021100694,230,8,0,2,9:06 PM,0:39,SUB: Mbah a Moute FOR Ilyasova,,,,,4.0,101141,Ersan Ilyasova,1610612749.0,Milwaukee,Bucks,MIL,4,201601,Luc Mbah a Moute,1610612749.0,Milwaukee,Bucks,MIL,0,0,,,,,,0
0021100694,231,1,1,2,9:07 PM,0:36,,,Garnett 3' Jump Shot (6 PTS) (Rondo 9 AST),56 - 56,TIE,5.0,708,Kevin Garnett,1610612738.0,Boston,Celtics,BOS,5,200765,Rajon Rondo,1610612738.0,Boston,Celtics,BOS,0,0,,,,,,0
0021100694,232,1,71,2,9:07 PM,0:28,Dunleavy 3' Finger Roll Layup (11 PTS) (Ellis 7 AST),,,56 - 58,2,4.0,2399,Mike Dunleavy,1610612749.0,Milwaukee,Bucks,MIL,4,101145,Monta Ellis,1610612749.0,Milwaukee,Bucks,MIL,0,0,,,,,,0
0021100694,233,2,1,2,9:07 PM,0:10,,,MISS Allen 4' Jump Shot,,,5.0,951,Ray Allen,1610612738.0,Boston,Celtics,BOS,0,0,,,,,,0,0,,,,,,0
0021100694,234,4,0,2,9:07 PM,0:08,Delfino REBOUND (Off:0 Def:4),,,,,4.0,2568,Carlos Delfino,1610612749.0,Milwaukee,Bucks,MIL,0,0,,,,,,0,0,,,,,,0
0021100694,235,2,1,2,9:07 PM,0:02,MISS Delfino 25' 3PT Jump Shot,,,,,4.0,2568,Carlos Delfino,1610612749.0,Milwaukee,Bucks,MIL,0,0,,,,,,0,0,,,,,,0
0021100694,236,4,0,2,9:07 PM,0:00,,,Allen REBOUND (Off:0 Def:3),,,5.0,951,Ray Allen,1610612738.0,Boston,Celtics,BOS,0,0,,,,,,0,0,,,,,,0
0021100694,237,13,0,2,9:08 PM,0:00,,,,56 - 58,2,0.0,0,,,,,,0,0,,,,,,0,0,,,,,,0
0021100694,239,12,0,3,9:23 PM,12:00,,,,56 - 58,2,0.0,0,,,,,,0,0,,,,,,0,0,,,,,,0
0021100694,240,1,1,3,9:24 PM,11:42,,,Pierce 26' 3PT Jump Shot (14 PTS) (Bass 1 AST),59 - 58,-1,5.0,1718,Paul Pierce,1610612738.0,Boston,Celtics,BOS,5,101138,Brandon Bass,1610612738.0,Boston,Celtics,BOS,0,0,,,,,,0
0021100694,241,2,1,3,9:24 PM,11:23,MISS Delfino 25' 3PT Jump Shot,,,,,4.0,2568,Carlos Delfino,1610612749.0,Milwaukee,Bucks,MIL,0,0,,,,,,0,0,,,,,,0
0021100694,242,4,0,3,9:24 PM,11:22,,,Bass REBOUND (Off:0 Def:3),,,5.0,101138,Brandon Bass,1610612738.0,Boston,Celtics,BOS,0,0,,,,,,0,0,,,,,,0
0021100694,243,2,1,3,9:24 PM,11:09,,,MISS Garnett 20' Jump Shot,,,5.0,708,Kevin Garnett,1610612738.0,Boston,Celtics,BOS,0,0,,,,,,0,0,,,,,,0
0021100694,244,4,0,3,9:24 PM,11:07,,,Bass REBOUND (Off:1 Def:3),,,5.0,101138,Brandon Bass,1610612738.0,Boston,Celtics,BOS,0,0,,,,,,0,0,,,,,,0
0021100694,245,2,1,3,9:25 PM,10:50,,,MISS Allen  3PT Jump Shot,,,5.0,951,Ray Allen,1610612738.0,Boston,Celtics,BOS,0,0,,,,,,0,0,,,,,,0
0021100694,246,4,0,3,9:25 PM,10:49,Gooden REBOUND (Off:0 Def:3),,,,,4.0,2400,Drew Gooden,1610612749.0,Milwaukee,Bucks,MIL,0,0,,,,,,0,0,,,,,,0
0021100694,247,2,1,3,9:25 PM,10:37,MISS Ellis 15' Jump Shot,,Bass BLOCK (1 BLK),,,4.0,101145,Monta Ellis,1610612749.0,Milwaukee,Bucks,MIL,0,0,,,,,,5,101138,Brandon Bass,1610612738.0,Boston,Celtics,BOS,0
0021100694,248,4,0,3,9:25 PM,10:35,,,Rondo REBOUND (Off:0 Def:4),,,5.0,200765,Rajon Rondo,1610612738.0,Boston,Celtics,BOS,0,0,,,,,,0,0,,,,,,0
0021100694,249,2,1,3,9:25 PM,10:31,,,MISS Allen 24' 3PT Jump Shot,,,5.0,951,Ray Allen,1610612738.0,Boston,Celtics,BOS,0,0,,,,,,0,0,,,,,,0
0021100694,250,4,0,3,9:25 PM,10:30,Delfino REBOUND (Off:0 Def:5),,,,,4.0,2568,Carlos Delfino,1610612749.0,Milwaukee,Bucks,MIL,0,0,,,,,,0,0,,,,,,0
0021100694,251,5,2,3,9:25 PM,10:27,Delfino Lost Ball Turnover (P1.T6),,Bass STEAL (1 STL),,,4.0,2568,Carlos Delfino,1610612749.0,Milwaukee,Bucks,MIL,5,101138,Brandon Bass,1610612738.0,Boston,Celtics,BOS,0,0,,,,,,0
0021100694,252,2,1,3,9:25 PM,10:20,,,MISS Allen 13' Jump Shot,,,5.0,951,Ray Allen,1610612738.0,Boston,Celtics,BOS,0,0,,,,,,0,0,,,,,,0
0021100694,253,4,0,3,9:25 PM,10:19,Ellis REBOUND (Off:0 Def:1),,,,,4.0,101145,Monta Ellis,1610612749.0,Milwaukee,Bucks,MIL,0,0,,,,,,0,0,,,,,,0
0021100694,254,9,2,3,9:25 PM,10:16,BUCKS Timeout: Short (Full 2 Short 1),,,,,2.0,1610612749,,,,,,0,0,,,,,,0,0,,,,,,0
0021100694,255,2,1,3,9:27 PM,10:09,MISS Gooden 18' Jump Shot,,,,,4.0,2400,Drew Gooden,1610612749.0,Milwaukee,Bucks,MIL,0,0,,,,,,0,0,,,,,,0
0021100694,256,4,0,3,9:27 PM,10:07,,,Pierce REBOUND (Off:0 Def:5),,,5.0,1718,Paul Pierce,1610612738.0,Boston,Celtics,BOS,0,0,,,,,,0,0,,,,,,0
0021100694,257,2,47,3,9:27 PM,9:59,,,MISS Garnett 6' Turnaround Jump Shot,,,5.0,708,Kevin Garnett,1610612738.0,Boston,Celtics,BOS,0,0,,,,,,0,0,,,,,,0
0021100694,258,4,0,3,9:27 PM,9:58,Ilyasova REBOUND (Off:2 Def:7),,,,,4.0,101141,Ersan Ilyasova,1610612749.0,Milwaukee,Bucks,MIL,0,0,,,,,,0,0,,,,,,0
0021100694,259,2,1,3,9:27 PM,9:41,MISS Ellis 25' 3PT Jump Shot,,,,,4.0,101145,Monta Ellis,1610612749.0,Milwaukee,Bucks,MIL,0,0,,,,,,0,0,,,,,,0
0021100694,260,4,0,3,9:27 PM,9:40,,,Bass REBOUND (Off:1 Def:4),,,5.0,101138,Brandon Bass,1610612738.0,Boston,Celtics,BOS,0,0,,,,,,0,0,,,,,,0
0021100694,261,6,1,3,9:27 PM,9:31,Delfino P.FOUL (P2.T1),,,,,4.0,2568,Carlos Delfino,1610612749.0,Milwaukee,Bucks,MIL,5,1718,Paul Pierce,1610612738.0,Boston,Celtics,BOS,1,0,,,,,,0
0021100694,262,5,2,3,9:28 PM,9:24,Delfino STEAL (2 STL),,Bass Lost Ball Turnover (P1.T7),,,5.0,101138,Brandon Bass,1610612738.0,Boston,Celtics,BOS,4,2568,Carlos Delfino,1610612749.0,Milwaukee,Bucks,MIL,0,0,,,,,,0
0021100694,263,2,1,3,9:28 PM,9:15,MISS Jennings 26' 3PT Jump Shot,,,,,4.0,201943,Brandon Jennings,1610612749.0,Milwaukee,Bucks,MIL,0,0,,,,,,0,0,,,,,,0
0021100694,264,4,0,3,9:28 PM,9:14,,,Pierce REBOUND (Off:0 Def:6),,,5.0,1718,Paul Pierce,1610612738.0,Boston,Celtics,BOS,0,0,,,,,,0,0,,,,,,0
0021100694,265,2,1,3,9:28 PM,9:00,,,MISS Allen 5' Jump Shot,,,5.0,951,Ray Allen,1610612738.0,Boston,Celtics,BOS,0,0,,,,,,0,0,,,,,,0
0021100694,266,4,0,3,9:28 PM,8:59,Ilyasova REBOUND (Off:2 Def:8),,,,,4.0,101141,Ersan Ilyasova,1610612749.0,Milwaukee,Bucks,MIL,0,0,,,,,,0,0,,,,,,0
0021100694,267,2,1,3,9:29 PM,8:40,MISS Ellis 6' Jump Shot,,,,,4.0,101145,Monta Ellis,1610612749.0,Milwaukee,Bucks,MIL,0,0,,,,,,0,0,,,,,,0
0021100694,268,4,0,3,9:29 PM,8:37,,,Garnett REBOUND (Off:1 Def:4),,,5.0,708,Kevin Garnett,1610612738.0,Boston,Celtics,BOS,0,0,,,,,,0,0,,,,,,0
0021100694,269,2,1,3,9:29 PM,8:16,,,MISS Rondo 27' 3PT Jump Shot,,,5.0,200765,Rajon Rondo,1610612738.0,Boston,Celtics,BOS,0,0,,,,,,0,0,,,,,,0
0021100694,270,4,0,3,9:29 PM,8:14,,,Garnett REBOUND (Off:2 Def:4),,,5.0,708,Kevin Garnett,1610612738.0,Boston,Celtics,BOS,0,0,,,,,,0,0,,,,,,0
0021100694,271,1,1,3,9:29 PM,7:57,,,Pierce 25' 3PT Jump Shot (17 PTS) (Garnett 4 AST),62 - 58,-4,5.0,1718,Paul Pierce,1610612738.0,Boston,Celtics,BOS,5,708,Kevin Garnett,1610612738.0,Boston,Celtics,BOS,0,0,,,,,,0
0021100694,272,2,1,3,9:30 PM,7:35,MISS Gooden 18' Jump Shot,,,,,4.0,2400,Drew Gooden,1610612749.0,Milwaukee,Bucks,MIL,0,0,,,,,,0,0,,,,,,0
0021100694,273,4,0,3,9:30 PM,7:34,,,Pierce REBOUND (Off:0 Def:7),,,5.0,1718,Paul Pierce,1610612738.0,Boston,Celtics,BOS,0,0,,,,,,0,0,,,,,,0
0021100694,274,2,5,3,9:30 PM,7:23,,,MISS Bass 1' Layup,,,5.0,101138,Brandon Bass,1610612738.0,Boston,Celtics,BOS,0,0,,,,,,0,0,,,,,,0
0021100694,275,4,0,3,9:30 PM,7:22,Ilyasova REBOUND (Off:2 Def:9),,,,,4.0,101141,Ersan Ilyasova,1610612749.0,Milwaukee,Bucks,MIL,0,0,,,,,,0,0,,,,,,0
0021100694,276,1,7,3,9:30 PM,7:19,Ellis 1' Dunk (8 PTS) (Ilyasova 1 AST),,,62 - 60,-2,4.0,101145,Monta Ellis,1610612749.0,Milwaukee,Bucks,MIL,4,101141,Ersan Ilyasova,1610612749.0,Milwaukee,Bucks,MIL,0,0,,,,,,0
0021100694,277,7,1,3,9:30 PM,7:18,BUCKS Violation: Delay of game Violation,,,,,2.0,1610612749,,,,,,0,0,,,,,,1,0,,,,,,0
0021100694,278,2,1,3,9:30 PM,7:04,,,MISS Garnett 5' Jump Shot,,,5.0,708,Kevin Garnett,1610612738.0,Boston,Celtics,BOS,0,0,,,,,,0,0,,,,,,0
0021100694,279,4,0,3,9:30 PM,7:03,Ilyasova REBOUND (Off:2 Def:10),,,,,4.0,101141,Ersan Ilyasova,1610612749.0,Milwaukee,Bucks,MIL,0,0,,,,,,0,0,,,,,,0
0021100694,280,5,2,3,9:31 PM,6:44,Gooden Lost Ball Turnover (P1.T7),,Bass STEAL (2 STL),,,4.0,2400,Drew Gooden,1610612749.0,Milwaukee,Bucks,MIL,5,101138,Brandon Bass,1610612738.0,Boston,Celtics,BOS,0,0,,,,,,0
0021100694,281,2,5,3,9:31 PM,6:39,Ilyasova BLOCK (1 BLK),,MISS Rondo 2' Layup,,,5.0,200765,Rajon Rondo,1610612738.0,Boston,Celtics,BOS,0,0,,,,,,4,101141,Ersan Ilyasova,1610612749.0,Milwaukee,Bucks,MIL,0
0021100694,282,4,0,3,9:31 PM,6:36,Delfino REBOUND (Off:0 Def:6),,,,,4.0,2568,Carlos Delfino,1610612749.0,Milwaukee,Bucks,MIL,0,0,,,,,,0,0,,,,,,0
0021100694,283,1,5,3,9:31 PM,6:34,Gooden 1' Layup (4 PTS),,,62 - 62,TIE,4.0,2400,Drew Gooden,1610612749.0,Milwaukee,Bucks,MIL,0,0,,,,,,0,0,,,,,,0
0021100694,284,2,1,3,9:31 PM,6:15,,,MISS Garnett 18' Jump Shot,,,5.0,708,Kevin Garnett,1610612738.0,Boston,Celtics,BOS,0,0,,,,,,0,0,,,,,,0
0021100694,285,4,0,3,9:31 PM,6:14,Jennings REBOUND (Off:0 Def:1),,,,,4.0,201943,Brandon Jennings,1610612749.0,Milwaukee,Bucks,MIL,0,0,,,,,,0,0,,,,,,0
0021100694,286,5,1,3,9:31 PM,6:08,Jennings Bad Pass Turnover (P3.T8),,Rondo STEAL (2 STL),,,4.0,201943,Brandon Jennings,1610612749.0,Milwaukee,Bucks,MIL,5,200765,Rajon Rondo,1610612738.0,Boston,Celtics,BOS,0,0,,,,,,0
0021100694,287,1,5,3,9:32 PM,6:04,,,Pierce 1' Layup (19 PTS) (Rondo 10 AST),64 - 62,-2,5.0,1718,Paul Pierce,1610612738.0,Boston,Celtics,BOS,5,200765,Rajon Rondo,1610612738.0,Boston,Celtics,BOS,0,0,,,,,,0
0021100694,288,6,2,3,9:32 PM,6:04,Gooden S.FOUL (P1.T2),,,,,4.0,2400,Drew Gooden,1610612749.0,Milwaukee,Bucks,MIL,5,1718,Paul Pierce,1610612738.0,Boston,Celtics,BOS,1,0,,,,,,0
0021100694,289,8,0,3,9:32 PM,6:04,SUB: Udoh FOR Gooden,,,,,4.0,2400,Drew Gooden,1610612749.0,Milwaukee,Bucks,MIL,4,202327,Ekpe Udoh,1610612749.0,Milwaukee,Bucks,MIL,0,0,,,,,,0
0021100694,290,8,0,3,9:32 PM,6:04,,,SUB: Stiemsma FOR Garnett,,,5.0,708,Kevin Garnett,1610612738.0,Boston,Celtics,BOS,5,201880,Greg Stiemsma,1610612738.0,Boston,Celtics,BOS,0,0,,,,,,0
0021100694,291,3,10,3,9:32 PM,6:04,,,Pierce Free Throw 1 of 1 (20 PTS),65 - 62,-3,5.0,1718,Paul Pierce,1610612738.0,Boston,Celtics,BOS,0,0,,,,,,0,0,,,,,,0
0021100694,293,5,1,3,9:32 PM,5:52,Jennings Bad Pass Turnover (P4.T9),,Pierce STEAL (1 STL),,,4.0,201943,Brandon Jennings,1610612749.0,Milwaukee,Bucks,MIL,5,1718,Paul Pierce,1610612738.0,Boston,Celtics,BOS,0,0,,,,,,0
0021100694,294,6,4,3,9:33 PM,5:36,,,Bass OFF.Foul (P1),,,5.0,101138,Brandon Bass,1610612738.0,Boston,Celtics,BOS,4,101141,Ersan Ilyasova,1610612749.0,Milwaukee,Bucks,MIL,1,0,,,,,,0
0021100694,295,5,5,3,9:33 PM,5:36,,,Bass Foul Turnover (P2.T8),,,5.0,101138,Brandon Bass,1610612738.0,Boston,Celtics,BOS,0,0,,,,,,1,0,,,,,,0
0021100694,296,9,1,3,9:33 PM,5:36,BUCKS Timeout: Regular (Full 3 Short 1),,,,,2.0,1610612749,,,,,,0,0,,,,,,0,0,,,,,,0
0021100694,298,2,1,3,9:36 PM,5:15,MISS Ilyasova 7' Jump Shot,,Pierce BLOCK (2 BLK),,,4.0,101141,Ersan Ilyasova,1610612749.0,Milwaukee,Bucks,MIL,0,0,,,,,,5,1718,Paul Pierce,1610612738.0,Boston,Celtics,BOS,0
0021100694,299,4,0,3,9:36 PM,5:12,,,Allen REBOUND (Off:0 Def:4),,,5.0,951,Ray Allen,1610612738.0,Boston,Celtics,BOS,0,0,,,,,,0,0,,,,,,0
0021100694,300,8,0,3,9:36 PM,4:58,,,SUB: Pietrus FOR Allen,,,5.0,951,Ray Allen,1610612738.0,Boston,Celtics,BOS,5,2554,Mickael Pietrus,1610612738.0,Boston,Celtics,BOS,0,0,,,,,,0
0021100694,301,5,1,3,9:36 PM,4:51,Jennings STEAL (1 STL),,Rondo Bad Pass Turnover (P3.T9),,,5.0,200765,Rajon Rondo,1610612738.0,Boston,Celtics,BOS,4,201943,Brandon Jennings,1610612749.0,Milwaukee,Bucks,MIL,0,0,,,,,,0
0021100694,302,1,7,3,9:36 PM,4:47,Delfino 1' Dunk (14 PTS) (Ilyasova 2 AST),,,65 - 64,-1,4.0,2568,Carlos Delfino,1610612749.0,Milwaukee,Bucks,MIL,4,101141,Ersan Ilyasova,1610612749.0,Milwaukee,Bucks,MIL,0,0,,,,,,0
0021100694,303,1,1,3,9:37 PM,4:24,,,Stiemsma 13' Jump Shot (4 PTS) (Rondo 11 AST),67 - 64,-3,5.0,201880,Greg Stiemsma,1610612738.0,Boston,Celtics,BOS,5,200765,Rajon Rondo,1610612738.0,Boston,Celtics,BOS,0,0,,,,,,0
0021100694,304,2,3,3,9:37 PM,4:08,MISS Udoh 6' Hook Shot,,,,,4.0,202327,Ekpe Udoh,1610612749.0,Milwaukee,Bucks,MIL,0,0,,,,,,0,0,,,,,,0
0021100694,305,4,0,3,9:37 PM,4:07,,,Stiemsma REBOUND (Off:2 Def:2),,,5.0,201880,Greg Stiemsma,1610612738.0,Boston,Celtics,BOS,0,0,,,,,,0,0,,,,,,0
0021100694,306,6,2,3,9:37 PM,3:52,Jennings S.FOUL (P2.T3),,,,,4.0,201943,Brandon Jennings,1610612749.0,Milwaukee,Bucks,MIL,5,1718,Paul Pierce,1610612738.0,Boston,Celtics,BOS,1,0,,,,,,0
0021100694,307,3,11,3,9:38 PM,3:52,,,MISS Pierce Free Throw 1 of 2,,,5.0,1718,Paul Pierce,1610612738.0,Boston,Celtics,BOS,0,0,,,,,,0,0,,,,,,0
0021100694,308,4,1,3,9:38 PM,3:52,,,Celtics Rebound,,,3.0,1610612738,,,,,,0,0,,,,,,0,0,,,,,,0
0021100694,309,8,0,3,9:38 PM,3:52,SUB: Udrih FOR Jennings,,,,,4.0,201943,Brandon Jennings,1610612749.0,Milwaukee,Bucks,MIL,4,2757,Beno Udrih,1610612749.0,Milwaukee,Bucks,MIL,0,0,,,,,,0
0021100694,310,3,12,3,9:38 PM,3:52,,,Pierce Free Throw 2 of 2 (21 PTS),68 - 64,-4,5.0,1718,Paul Pierce,1610612738.0,Boston,Celtics,BOS,0,0,,,,,,0,0,,,,,,0
0021100694,312,1,42,3,9:38 PM,3:43,Ellis  Driving Layup (10 PTS),,,68 - 66,-2,4.0,101145,Monta Ellis,1610612749.0,Milwaukee,Bucks,MIL,0,0,,,,,,0,0,,,,,,0
0021100694,313,2,1,3,9:39 PM,3:25,,,MISS Stiemsma 17' Jump Shot,,,5.0,201880,Greg Stiemsma,1610612738.0,Boston,Celtics,BOS,0,0,,,,,,0,0,,,,,,0
0021100694,314,4,0,3,9:39 PM,3:23,Udoh REBOUND (Off:1 Def:5),,,,,4.0,202327,Ekpe Udoh,1610612749.0,Milwaukee,Bucks,MIL,0,0,,,,,,0,0,,,,,,0
0021100694,315,2,1,3,9:39 PM,3:06,MISS Ilyasova 25' 3PT Jump Shot,,,,,4.0,101141,Ersan Ilyasova,1610612749.0,Milwaukee,Bucks,MIL,0,0,,,,,,0,0,,,,,,0
0021100694,316,4,0,3,9:39 PM,3:05,,,Bass REBOUND (Off:1 Def:5),,,5.0,101138,Brandon Bass,1610612738.0,Boston,Celtics,BOS,0,0,,,,,,0,0,,,,,,0
0021100694,317,1,1,3,9:39 PM,2:51,,,Bass 14' Jump Shot (10 PTS) (Stiemsma 2 AST),70 - 66,-4,5.0,101138,Brandon Bass,1610612738.0,Boston,Celtics,BOS,5,201880,Greg Stiemsma,1610612738.0,Boston,Celtics,BOS,0,0,,,,,,0
0021100694,318,2,1,3,9:39 PM,2:36,MISS Ellis 20' Jump Shot,,,,,4.0,101145,Monta Ellis,1610612749.0,Milwaukee,Bucks,MIL,0,0,,,,,,0,0,,,,,,0
0021100694,319,4,0,3,9:39 PM,2:36,Udoh REBOUND (Off:2 Def:5),,,,,4.0,202327,Ekpe Udoh,1610612749.0,Milwaukee,Bucks,MIL,0,0,,,,,,0,0,,,,,,0
0021100694,320,6,3,3,9:40 PM,2:36,,,Stiemsma L.B.FOUL (P3.T1),,,5.0,201880,Greg Stiemsma,1610612738.0,Boston,Celtics,BOS,4,202327,Ekpe Udoh,1610612749.0,Milwaukee,Bucks,MIL,1,0,,,,,,0
0021100694,321,9,1,3,9:40 PM,2:36,,,Celtics Timeout: Regular (Reg.3 Short 1),,,3.0,1610612738,,,,,,0,0,,,,,,0,0,,,,,,0
0021100694,323,8,0,3,9:41 PM,2:36,SUB: Dunleavy FOR Delfino,,,,,4.0,2568,Carlos Delfino,1610612749.0,Milwaukee,Bucks,MIL,4,2399,Mike Dunleavy,1610612749.0,Milwaukee,Bucks,MIL,0,0,,,,,,0
0021100694,324,8,0,3,9:42 PM,2:36,,,SUB: Bradley FOR Pierce,,,5.0,1718,Paul Pierce,1610612738.0,Boston,Celtics,BOS,5,202340,Avery Bradley,1610612738.0,Boston,Celtics,BOS,0,0,,,,,,0
0021100694,325,2,1,3,9:42 PM,2:25,MISS Ilyasova 13' Jump Shot,,Stiemsma BLOCK (3 BLK),,,4.0,101141,Ersan Ilyasova,1610612749.0,Milwaukee,Bucks,MIL,0,0,,,,,,5,201880,Greg Stiemsma,1610612738.0,Boston,Celtics,BOS,0
0021100694,326,4,0,3,9:42 PM,2:23,Ilyasova REBOUND (Off:3 Def:10),,,,,4.0,101141,Ersan Ilyasova,1610612749.0,Milwaukee,Bucks,MIL,0,0,,,,,,0,0,,,,,,0
0021100694,327,2,1,3,9:42 PM,2:20,MISS Ellis 18' Jump Shot,,,,,4.0,101145,Monta Ellis,1610612749.0,Milwaukee,Bucks,MIL,0,0,,,,,,0,0,,,,,,0
0021100694,328,4,0,3,9:42 PM,2:18,,,Pietrus REBOUND (Off:0 Def:3),,,5.0,2554,Mickael Pietrus,1610612738.0,Boston,Celtics,BOS,0,0,,,,,,0,0,,,,,,0
0021100694,329,2,1,3,9:42 PM,2:01,,,MISS Bass 11' Jump Shot,,,5.0,101138,Brandon Bass,1610612738.0,Boston,Celtics,BOS,0,0,,,,,,0,0,,,,,,0
0021100694,330,4,0,3,9:43 PM,2:01,BUCKS Rebound,,,,,2.0,1610612749,,,,,,0,0,,,,,,0,0,,,,,,0
0021100694,331,6,3,3,9:43 PM,2:01,,,Stiemsma L.B.FOUL (P4.T2),,,5.0,201880,Greg Stiemsma,1610612738.0,Boston,Celtics,BOS,4,101141,Ersan Ilyasova,1610612749.0,Milwaukee,Bucks,MIL,1,0,,,,,,0
0021100694,332,6,1,3,9:43 PM,1:54,,,Bass P.FOUL (P2.T3),,,5.0,101138,Brandon Bass,1610612738.0,Boston,Celtics,BOS,4,101145,Monta Ellis,1610612749.0,Milwaukee,Bucks,MIL,1,0,,,,,,0
0021100694,333,1,1,3,9:43 PM,1:50,Ellis 7' Jump Shot (12 PTS) (Udrih 2 AST),,,70 - 68,-2,4.0,101145,Monta Ellis,1610612749.0,Milwaukee,Bucks,MIL,4,2757,Beno Udrih,1610612749.0,Milwaukee,Bucks,MIL,0,0,,,,,,0
0021100694,334,6,2,3,9:43 PM,1:50,,,Bradley S.FOUL (P1.PN),,,5.0,202340,Avery Bradley,1610612738.0,Boston,Celtics,BOS,4,101145,Monta Ellis,1610612749.0,Milwaukee,Bucks,MIL,1,0,,,,,,0
0021100694,335,8,0,3,9:43 PM,1:50,SUB: Mbah a Moute FOR Ilyasova,,,,,4.0,101141,Ersan Ilyasova,1610612749.0,Milwaukee,Bucks,MIL,4,201601,Luc Mbah a Moute,1610612749.0,Milwaukee,Bucks,MIL,0,0,,,,,,0
0021100694,336,3,10,3,9:44 PM,1:50,Ellis Free Throw 1 of 1 (13 PTS),,,70 - 69,-1,4.0,101145,Monta Ellis,1610612749.0,Milwaukee,Bucks,MIL,0,0,,,,,,0,0,,,,,,0
0021100694,338,2,1,3,9:44 PM,1:33,,,MISS Pietrus 19' Jump Shot,,,5.0,2554,Mickael Pietrus,1610612738.0,Boston,Celtics,BOS,0,0,,,,,,0,0,,,,,,0
0021100694,339,4,0,3,9:44 PM,1:32,Udoh REBOUND (Off:2 Def:6),,,,,4.0,202327,Ekpe Udoh,1610612749.0,Milwaukee,Bucks,MIL,0,0,,,,,,0,0,,,,,,0
0021100694,340,8,0,3,9:45 PM,1:23,,,SUB: Garnett FOR Bass,,,5.0,101138,Brandon Bass,1610612738.0,Boston,Celtics,BOS,5,708,Kevin Garnett,1610612738.0,Boston,Celtics,BOS,0,0,,,,,,0
0021100694,341,2,1,3,9:45 PM,1:19,MISS Ellis 24' 3PT Jump Shot,,,,,4.0,101145,Monta Ellis,1610612749.0,Milwaukee,Bucks,MIL,0,0,,,,,,0,0,,,,,,0
0021100694,342,4,0,3,9:45 PM,1:17,Udoh REBOUND (Off:3 Def:6),,,,,4.0,202327,Ekpe Udoh,1610612749.0,Milwaukee,Bucks,MIL,0,0,,,,,,0,0,,,,,,0
0021100694,343,1,1,3,9:45 PM,1:06,Udrih 17' Jump Shot (4 PTS) (Mbah a Moute 3 AST),,,70 - 71,1,4.0,2757,Beno Udrih,1610612749.0,Milwaukee,Bucks,MIL,4,201601,Luc Mbah a Moute,1610612749.0,Milwaukee,Bucks,MIL,0,0,,,,,,0
0021100694,344,1,1,3,9:45 PM,0:48,,,Garnett 7' Jump Shot (8 PTS) (Stiemsma 3 AST),72 - 71,-1,5.0,708,Kevin Garnett,1610612738.0,Boston,Celtics,BOS,5,201880,Greg Stiemsma,1610612738.0,Boston,Celtics,BOS,0,0,,,,,,0
0021100694,345,5,1,3,9:46 PM,0:35,Dunleavy Bad Pass Turnover (P2.T10),,Stiemsma STEAL (2 STL),,,4.0,2399,Mike Dunleavy,1610612749.0,Milwaukee,Bucks,MIL,5,201880,Greg Stiemsma,1610612738.0,Boston,Celtics,BOS,0,0,,,,,,0
0021100694,346,1,1,3,9:46 PM,0:21,,,Garnett 18' Jump Shot (10 PTS) (Rondo 12 AST),74 - 71,-3,5.0,708,Kevin Garnett,1610612738.0,Boston,Celtics,BOS,5,200765,Rajon Rondo,1610612738.0,Boston,Celtics,BOS,0,0,,,,,,0
0021100694,347,2,5,3,9:46 PM,0:00,MISS Udrih 2' Layup,,Stiemsma BLOCK (4 BLK),,,4.0,2757,Beno Udrih,1610612749.0,Milwaukee,Bucks,MIL,0,0,,,,,,5,201880,Greg Stiemsma,1610612738.0,Boston,Celtics,BOS,0
0021100694,348,4,0,3,9:46 PM,0:00,,,Garnett REBOUND (Off:2 Def:5),,,5.0,708,Kevin Garnett,1610612738.0,Boston,Celtics,BOS,0,0,,,,,,0,0,,,,,,0
0021100694,349,13,0,3,9:46 PM,0:00,,,,74 - 71,-3,0.0,0,,,,,,0,0,,,,,,0,0,,,,,,0
0021100694,351,12,0,4,9:49 PM,12:00,,,,74 - 71,-3,0.0,0,,,,,,0,0,,,,,,0,0,,,,,,0
0021100694,352,2,5,4,9:49 PM,11:40,MISS Udoh  Layup,,,,,4.0,202327,Ekpe Udoh,1610612749.0,Milwaukee,Bucks,MIL,0,0,,,,,,0,0,,,,,,0
0021100694,353,4,0,4,9:49 PM,11:39,Udoh REBOUND (Off:4 Def:6),,,,,4.0,202327,Ekpe Udoh,1610612749.0,Milwaukee,Bucks,MIL,0,0,,,,,,0,0,,,,,,0
0021100694,354,6,1,4,9:50 PM,11:39,,,Stiemsma P.FOUL (P5.T1),,,5.0,201880,Greg Stiemsma,1610612738.0,Boston,Celtics,BOS,4,202327,Ekpe Udoh,1610612749.0,Milwaukee,Bucks,MIL,1,0,,,,,,0
0021100694,355,2,1,4,9:50 PM,11:25,MISS Dunleavy 4' Jump Shot,,,,,4.0,2399,Mike Dunleavy,1610612749.0,Milwaukee,Bucks,MIL,0,0,,,,,,0,0,,,,,,0
0021100694,356,4,0,4,9:50 PM,11:24,Mbah a Moute REBOUND (Off:2 Def:2),,,,,4.0,201601,Luc Mbah a Moute,1610612749.0,Milwaukee,Bucks,MIL,0,0,,,,,,0,0,,,,,,0
0021100694,358,7,2,4,9:50 PM,11:22,,,Stiemsma Violation:Defensive Goaltending,,,5.0,201880,Greg Stiemsma,1610612738.0,Boston,Celtics,BOS,0,0,,,,,,1,0,,,,,,0
0021100694,357,1,5,4,9:50 PM,11:22,Mbah a Moute 1' Layup (2 PTS),,,74 - 73,-1,4.0,201601,Luc Mbah a Moute,1610612749.0,Milwaukee,Bucks,MIL,0,0,,,,,,0,0,,,,,,0
0021100694,359,2,1,4,9:51 PM,10:59,,,MISS Pietrus 24' 3PT Jump Shot,,,5.0,2554,Mickael Pietrus,1610612738.0,Boston,Celtics,BOS,0,0,,,,,,0,0,,,,,,0
0021100694,360,4,0,4,9:51 PM,10:57,Udrih REBOUND (Off:0 Def:1),,,,,4.0,2757,Beno Udrih,1610612749.0,Milwaukee,Bucks,MIL,0,0,,,,,,0,0,,,,,,0
0021100694,361,5,1,4,9:51 PM,10:43,Udrih Bad Pass Turnover (P1.T11),,Stiemsma STEAL (3 STL),,,4.0,2757,Beno Udrih,1610612749.0,Milwaukee,Bucks,MIL,5,201880,Greg Stiemsma,1610612738.0,Boston,Celtics,BOS,0,0,,,,,,0
0021100694,362,1,44,4,9:51 PM,10:27,,,Stiemsma  Reverse Layup (6 PTS) (Garnett 5 AST),76 - 73,-3,5.0,201880,Greg Stiemsma,1610612738.0,Boston,Celtics,BOS,5,708,Kevin Garnett,1610612738.0,Boston,Celtics,BOS,0,0,,,,,,0
0021100694,363,2,1,4,9:52 PM,10:14,MISS Udrih 18' Jump Shot,,,,,4.0,2757,Beno Udrih,1610612749.0,Milwaukee,Bucks,MIL,0,0,,,,,,0,0,,,,,,0
0021100694,364,4,0,4,9:52 PM,10:13,,,Bradley REBOUND (Off:0 Def:2),,,5.0,202340,Avery Bradley,1610612738.0,Boston,Celtics,BOS,0,0,,,,,,0,0,,,,,,0
0021100694,365,1,5,4,9:52 PM,10:00,,,Pietrus 1' Layup (11 PTS) (Dooling 1 AST),78 - 73,-5,5.0,2554,Mickael Pietrus,1610612738.0,Boston,Celtics,BOS,5,2039,Keyon Dooling,1610612738.0,Boston,Celtics,BOS,0,0,,,,,,0
0021100694,366,2,1,4,9:53 PM,9:32,MISS Udrih  3PT Jump Shot,,,,,4.0,2757,Beno Udrih,1610612749.0,Milwaukee,Bucks,MIL,0,0,,,,,,0,0,,,,,,0
0021100694,367,4,0,4,9:53 PM,9:31,,,Garnett REBOUND (Off:2 Def:6),,,5.0,708,Kevin Garnett,1610612738.0,Boston,Celtics,BOS,0,0,,,,,,0,0,,,,,,0
0021100694,368,1,5,4,9:53 PM,9:28,,,Dooling 1' Layup (6 PTS) (Garnett 6 AST),80 - 73,-7,5.0,2039,Keyon Dooling,1610612738.0,Boston,Celtics,BOS,5,708,Kevin Garnett,1610612738.0,Boston,Celtics,BOS,0,0,,,,,,0
0021100694,369,9,1,4,9:53 PM,9:27,BUCKS Timeout: Regular (Full 4 Short 1),,,,,2.0,1610612749,,,,,,0,0,,,,,,0,0,,,,,,0
0021100694,371,8,0,4,9:55 PM,9:27,SUB: Ellis FOR Udrih,,,,,4.0,2757,Beno Udrih,1610612749.0,Milwaukee,Bucks,MIL,4,101145,Monta Ellis,1610612749.0,Milwaukee,Bucks,MIL,0,0,,,,,,0
0021100694,372,8,0,4,9:55 PM,9:27,SUB: Gooden FOR Udoh,,,,,4.0,202327,Ekpe Udoh,1610612749.0,Milwaukee,Bucks,MIL,4,2400,Drew Gooden,1610612749.0,Milwaukee,Bucks,MIL,0,0,,,,,,0
0021100694,373,2,1,4,9:56 PM,9:02,MISS Jennings 26' 3PT Jump Shot,,,,,4.0,201943,Brandon Jennings,1610612749.0,Milwaukee,Bucks,MIL,0,0,,,,,,0,0,,,,,,0
0021100694,374,4,0,4,9:56 PM,9:01,,,Garnett REBOUND (Off:2 Def:7),,,5.0,708,Kevin Garnett,1610612738.0,Boston,Celtics,BOS,0,0,,,,,,0,0,,,,,,0
0021100694,375,1,5,4,9:56 PM,8:42,,,Pietrus 2' Layup (13 PTS),82 - 73,-9,5.0,2554,Mickael Pietrus,1610612738.0,Boston,Celtics,BOS,0,0,,,,,,0,0,,,,,,0
0021100694,376,6,2,4,9:56 PM,8:25,,,Garnett S.FOUL (P2.T2),,,5.0,708,Kevin Garnett,1610612738.0,Boston,Celtics,BOS,4,2400,Drew Gooden,1610612749.0,Milwaukee,Bucks,MIL,1,0,,,,,,0
0021100694,377,3,11,4,9:56 PM,8:25,Gooden Free Throw 1 of 2 (5 PTS),,,82 - 74,-8,4.0,2400,Drew Gooden,1610612749.0,Milwaukee,Bucks,MIL,0,0,,,,,,0,0,,,,,,0
0021100694,379,8,0,4,9:57 PM,8:25,,,SUB: Bass FOR Garnett,,,5.0,708,Kevin Garnett,1610612738.0,Boston,Celtics,BOS,5,101138,Brandon Bass,1610612738.0,Boston,Celtics,BOS,0,0,,,,,,0
0021100694,380,8,0,4,9:57 PM,8:25,,,SUB: Pierce FOR Pietrus,,,5.0,2554,Mickael Pietrus,1610612738.0,Boston,Celtics,BOS,5,1718,Paul Pierce,1610612738.0,Boston,Celtics,BOS,0,0,,,,,,0
0021100694,381,3,12,4,9:57 PM,8:25,Gooden Free Throw 2 of 2 (6 PTS),,,82 - 75,-7,4.0,2400,Drew Gooden,1610612749.0,Milwaukee,Bucks,MIL,0,0,,,,,,0,0,,,,,,0
0021100694,383,5,1,4,9:57 PM,8:08,,,Bradley Bad Pass Turnover (P2.T10),,,5.0,202340,Avery Bradley,1610612738.0,Boston,Celtics,BOS,0,0,,,,,,0,0,,,,,,0
0021100694,384,5,1,4,9:58 PM,7:57,Gooden Bad Pass Turnover (P2.T12),,Stiemsma STEAL (4 STL),,,4.0,2400,Drew Gooden,1610612749.0,Milwaukee,Bucks,MIL,5,201880,Greg Stiemsma,1610612738.0,Boston,Celtics,BOS,0,0,,,,,,0
0021100694,385,1,1,4,9:58 PM,7:50,,,Pierce 15' Jump Shot (23 PTS) (Dooling 2 AST),84 - 75,-9,5.0,1718,Paul Pierce,1610612738.0,Boston,Celtics,BOS,5,2039,Keyon Dooling,1610612738.0,Boston,Celtics,BOS,0,0,,,,,,0
0021100694,386,2,5,4,9:58 PM,7:36,MISS Gooden 2' Layup,,,,,4.0,2400,Drew Gooden,1610612749.0,Milwaukee,Bucks,MIL,0,0,,,,,,0,0,,,,,,0
0021100694,388,4,0,4,9:58 PM,7:34,Mbah a Moute REBOUND (Off:3 Def:2),,,,,4.0,201601,Luc Mbah a Moute,1610612749.0,Milwaukee,Bucks,MIL,0,0,,,,,,0,0,,,,,,0
0021100694,387,1,5,4,9:58 PM,7:34,Mbah a Moute  Layup (4 PTS),,,84 - 77,-7,4.0,201601,Luc Mbah a Moute,1610612749.0,Milwaukee,Bucks,MIL,0,0,,,,,,0,0,,,,,,0
0021100694,389,1,1,4,9:58 PM,7:15,,,Pierce 15' Jump Shot (25 PTS),86 - 77,-9,5.0,1718,Paul Pierce,1610612738.0,Boston,Celtics,BOS,0,0,,,,,,0,0,,,,,,0
0021100694,390,2,5,4,9:59 PM,7:01,MISS Dunleavy  Layup,,,,,4.0,2399,Mike Dunleavy,1610612749.0,Milwaukee,Bucks,MIL,0,0,,,,,,0,0,,,,,,0
0021100694,391,4,0,4,9:59 PM,7:00,,,Bradley REBOUND (Off:0 Def:3),,,5.0,202340,Avery Bradley,1610612738.0,Boston,Celtics,BOS,0,0,,,,,,0,0,,,,,,0
0021100694,392,6,2,4,9:59 PM,6:57,Mbah a Moute S.FOUL (P1.T1),,,,,4.0,201601,Luc Mbah a Moute,1610612749.0,Milwaukee,Bucks,MIL,5,202340,Avery Bradley,1610612738.0,Boston,Celtics,BOS,1,0,,,,,,0
0021100694,393,3,11,4,9:59 PM,6:57,,,Bradley Free Throw 1 of 2 (3 PTS),87 - 77,-10,5.0,202340,Avery Bradley,1610612738.0,Boston,Celtics,BOS,0,0,,,,,,0,0,,,,,,0
0021100694,395,3,12,4,9:59 PM,6:57,,,Bradley Free Throw 2 of 2 (4 PTS),88 - 77,-11,5.0,202340,Avery Bradley,1610612738.0,Boston,Celtics,BOS,0,0,,,,,,0,0,,,,,,0
0021100694,397,2,5,4,10:00 PM,6:44,MISS Gooden 2' Layup,,Stiemsma BLOCK (5 BLK),,,4.0,2400,Drew Gooden,1610612749.0,Milwaukee,Bucks,MIL,0,0,,,,,,5,201880,Greg Stiemsma,1610612738.0,Boston,Celtics,BOS,0
0021100694,398,4,0,4,10:00 PM,6:41,,,Pierce REBOUND (Off:0 Def:8),,,5.0,1718,Paul Pierce,1610612738.0,Boston,Celtics,BOS,0,0,,,,,,0,0,,,,,,0
0021100694,399,5,41,4,10:00 PM,6:37,,,Pierce Poss Lost Ball Turnover (P2.T11),,,5.0,1718,Paul Pierce,1610612738.0,Boston,Celtics,BOS,0,0,,,,,,0,0,,,,,,0
0021100694,400,8,0,4,10:00 PM,6:37,SUB: Delfino FOR Dunleavy,,,,,4.0,2399,Mike Dunleavy,1610612749.0,Milwaukee,Bucks,MIL,4,2568,Carlos Delfino,1610612749.0,Milwaukee,Bucks,MIL,0,0,,,,,,0
0021100694,401,2,1,4,10:00 PM,6:27,MISS Ellis 6' Jump Shot,,,,,4.0,101145,Monta Ellis,1610612749.0,Milwaukee,Bucks,MIL,0,0,,,,,,0,0,,,,,,0
0021100694,402,4,0,4,10:00 PM,6:26,,,Pierce REBOUND (Off:0 Def:9),,,5.0,1718,Paul Pierce,1610612738.0,Boston,Celtics,BOS,0,0,,,,,,0,0,,,,,,0
0021100694,403,2,5,4,10:00 PM,6:18,Gooden BLOCK (1 BLK),,MISS Pierce 1' Layup,,,5.0,1718,Paul Pierce,1610612738.0,Boston,Celtics,BOS,0,0,,,,,,4,2400,Drew Gooden,1610612749.0,Milwaukee,Bucks,MIL,0
0021100694,404,4,0,4,10:00 PM,6:15,Mbah a Moute REBOUND (Off:3 Def:3),,,,,4.0,201601,Luc Mbah a Moute,1610612749.0,Milwaukee,Bucks,MIL,0,0,,,,,,0,0,,,,,,0
0021100694,405,2,1,4,10:00 PM,6:08,MISS Jennings 15' Jump Shot,,,,,4.0,201943,Brandon Jennings,1610612749.0,Milwaukee,Bucks,MIL,0,0,,,,,,0,0,,,,,,0
0021100694,406,4,0,4,10:01 PM,6:07,,,Bass REBOUND (Off:1 Def:6),,,5.0,101138,Brandon Bass,1610612738.0,Boston,Celtics,BOS,0,0,,,,,,0,0,,,,,,0
0021100694,407,1,1,4,10:01 PM,5:54,,,Dooling 22' Jump Shot (8 PTS),90 - 77,-13,5.0,2039,Keyon Dooling,1610612738.0,Boston,Celtics,BOS,0,0,,,,,,0,0,,,,,,0
0021100694,408,9,1,4,10:01 PM,5:53,BUCKS Timeout: Regular (Full 5 Short 1),,,,,2.0,1610612749,,,,,,0,0,,,,,,0,0,,,,,,0
0021100694,410,8,0,4,10:03 PM,5:53,SUB: Ilyasova FOR Mbah a Moute,,,,,4.0,201601,Luc Mbah a Moute,1610612749.0,Milwaukee,Bucks,MIL,4,101141,Ersan Ilyasova,1610612749.0,Milwaukee,Bucks,MIL,0,0,,,,,,0
0021100694,411,1,1,4,10:03 PM,5:39,Jennings 16' Jump Shot (13 PTS),,,90 - 79,-11,4.0,201943,Brandon Jennings,1610612749.0,Milwaukee,Bucks,MIL,0,0,,,,,,0,0,,,,,,0
0021100694,412,1,1,4,10:04 PM,5:20,,,Bass 19' Jump Shot (12 PTS) (Pierce 2 AST),92 - 79,-13,5.0,101138,Brandon Bass,1610612738.0,Boston,Celtics,BOS,5,1718,Paul Pierce,1610612738.0,Boston,Celtics,BOS,0,0,,,,,,0
0021100694,413,6,1,4,10:04 PM,5:06,,,Bradley P.FOUL (P2.T3),,,5.0,202340,Avery Bradley,1610612738.0,Boston,Celtics,BOS,4,101145,Monta Ellis,1610612749.0,Milwaukee,Bucks,MIL,1,0,,,,,,0
0021100694,414,2,1,4,10:04 PM,4:57,MISS Ellis 7' Jump Shot,,,,,4.0,101145,Monta Ellis,1610612749.0,Milwaukee,Bucks,MIL,0,0,,,,,,0,0,,,,,,0
0021100694,415,4,0,4,10:04 PM,4:56,,,Bass REBOUND (Off:1 Def:7),,,5.0,101138,Brandon Bass,1610612738.0,Boston,Celtics,BOS,0,0,,,,,,0,0,,,,,,0
0021100694,416,2,1,4,10:05 PM,4:39,Gooden BLOCK (2 BLK),,MISS Bass 6' Jump Shot,,,5.0,101138,Brandon Bass,1610612738.0,Boston,Celtics,BOS,0,0,,,,,,4,2400,Drew Gooden,1610612749.0,Milwaukee,Bucks,MIL,0
0021100694,417,4,0,4,10:05 PM,4:37,,,Bass REBOUND (Off:2 Def:7),,,5.0,101138,Brandon Bass,1610612738.0,Boston,Celtics,BOS,0,0,,,,,,0,0,,,,,,0
0021100694,418,2,5,4,10:05 PM,4:36,Ilyasova BLOCK (2 BLK),,MISS Bass 1' Layup,,,5.0,101138,Brandon Bass,1610612738.0,Boston,Celtics,BOS,0,0,,,,,,4,101141,Ersan Ilyasova,1610612749.0,Milwaukee,Bucks,MIL,0
0021100694,419,4,0,4,10:05 PM,4:34,Ilyasova REBOUND (Off:3 Def:11),,,,,4.0,101141,Ersan Ilyasova,1610612749.0,Milwaukee,Bucks,MIL,0,0,,,,,,0,0,,,,,,0
0021100694,420,1,5,4,10:05 PM,4:34,Jennings  Layup (15 PTS) (Ilyasova 3 AST),,,92 - 81,-11,4.0,201943,Brandon Jennings,1610612749.0,Milwaukee,Bucks,MIL,4,101141,Ersan Ilyasova,1610612749.0,Milwaukee,Bucks,MIL,0,0,,,,,,0
0021100694,421,6,2,4,10:05 PM,4:34,,,Pierce S.FOUL (P1.T4),,,5.0,1718,Paul Pierce,1610612738.0,Boston,Celtics,BOS,4,201943,Brandon Jennings,1610612749.0,Milwaukee,Bucks,MIL,1,0,,,,,,0
0021100694,422,6,11,4,10:05 PM,4:34,,,,,,7.0,1941,,,,,,0,0,,,,,,1,0,,,,,,0
0021100694,423,3,16,4,10:05 PM,4:34,Jennings Free Throw Technical (16 PTS),,,92 - 82,-10,4.0,201943,Brandon Jennings,1610612749.0,Milwaukee,Bucks,MIL,0,0,,,,,,0,0,,,,,,0
0021100694,425,8,0,4,10:05 PM,4:34,,,SUB: Rondo FOR Bradley,,,5.0,202340,Avery Bradley,1610612738.0,Boston,Celtics,BOS,5,200765,Rajon Rondo,1610612738.0,Boston,Celtics,BOS,0,0,,,,,,0
0021100694,426,8,0,4,10:05 PM,4:34,,,SUB: Allen FOR Dooling,,,5.0,2039,Keyon Dooling,1610612738.0,Boston,Celtics,BOS,5,951,Ray Allen,1610612738.0,Boston,Celtics,BOS,0,0,,,,,,0
0021100694,427,8,0,4,10:06 PM,4:34,,,SUB: Garnett FOR Stiemsma,,,5.0,201880,Greg Stiemsma,1610612738.0,Boston,Celtics,BOS,5,708,Kevin Garnett,1610612738.0,Boston,Celtics,BOS,0,0,,,,,,0
0021100694,428,3,10,4,10:06 PM,4:34,Jennings Free Throw 1 of 1 (17 PTS),,,92 - 83,-9,4.0,201943,Brandon Jennings,1610612749.0,Milwaukee,Bucks,MIL,0,0,,,,,,0,0,,,,,,0
0021100694,430,6,1,4,10:06 PM,4:22,Delfino P.FOUL (P3.T2),,,,,4.0,2568,Carlos Delfino,1610612749.0,Milwaukee,Bucks,MIL,5,1718,Paul Pierce,1610612738.0,Boston,Celtics,BOS,1,0,,,,,,0
0021100694,431,2,1,4,10:07 PM,4:12,,,MISS Garnett 8' Jump Shot,,,5.0,708,Kevin Garnett,1610612738.0,Boston,Celtics,BOS,0,0,,,,,,0,0,,,,,,0
0021100694,432,4,0,4,10:07 PM,4:10,Delfino REBOUND (Off:0 Def:7),,,,,4.0,2568,Carlos Delfino,1610612749.0,Milwaukee,Bucks,MIL,0,0,,,,,,0,0,,,,,,0
0021100694,433,6,2,4,10:07 PM,4:05,,,Garnett S.FOUL (P3.PN),,,5.0,708,Kevin Garnett,1610612738.0,Boston,Celtics,BOS,4,201943,Brandon Jennings,1610612749.0,Milwaukee,Bucks,MIL,1,0,,,,,,0
0021100694,434,3,11,4,10:07 PM,4:05,Jennings Free Throw 1 of 2 (18 PTS),,,92 - 84,-8,4.0,201943,Brandon Jennings,1610612749.0,Milwaukee,Bucks,MIL,0,0,,,,,,0,0,,,,,,0
0021100694,436,3,12,4,10:07 PM,4:05,Jennings Free Throw 2 of 2 (19 PTS),,,92 - 85,-7,4.0,201943,Brandon Jennings,1610612749.0,Milwaukee,Bucks,MIL,0,0,,,,,,0,0,,,,,,0
0021100694,438,7,5,4,10:08 PM,3:56,Gooden Violation:Kicked Ball,,,,,4.0,2400,Drew Gooden,1610612749.0,Milwaukee,Bucks,MIL,0,0,,,,,,1,0,,,,,,0
0021100694,439,1,1,4,10:08 PM,3:48,,,Garnett 20' Jump Shot (12 PTS) (Rondo 13 AST),94 - 85,-9,5.0,708,Kevin Garnett,1610612738.0,Boston,Celtics,BOS,5,200765,Rajon Rondo,1610612738.0,Boston,Celtics,BOS,0,0,,,,,,0
0021100694,440,5,2,4,10:08 PM,3:33,Jennings Lost Ball Turnover (P5.T13),,Allen STEAL (1 STL),,,4.0,201943,Brandon Jennings,1610612749.0,Milwaukee,Bucks,MIL,5,951,Ray Allen,1610612738.0,Boston,Celtics,BOS,0,0,,,,,,0
0021100694,441,1,44,4,10:09 PM,3:26,,,Rondo 1' Reverse Layup (10 PTS),96 - 85,-11,5.0,200765,Rajon Rondo,1610612738.0,Boston,Celtics,BOS,0,0,,,,,,0,0,,,,,,0
0021100694,442,2,1,4,10:09 PM,3:09,MISS Jennings 24' 3PT Jump Shot,,,,,4.0,201943,Brandon Jennings,1610612749.0,Milwaukee,Bucks,MIL,0,0,,,,,,0,0,,,,,,0
0021100694,443,4,0,4,10:09 PM,3:07,,,Bass REBOUND (Off:2 Def:8),,,5.0,101138,Brandon Bass,1610612738.0,Boston,Celtics,BOS,0,0,,,,,,0,0,,,,,,0
0021100694,444,5,2,4,10:09 PM,2:53,Delfino STEAL (3 STL),,Pierce Lost Ball Turnover (P3.T12),,,5.0,1718,Paul Pierce,1610612738.0,Boston,Celtics,BOS,4,2568,Carlos Delfino,1610612749.0,Milwaukee,Bucks,MIL,0,0,,,,,,0
0021100694,445,1,7,4,10:09 PM,2:49,Delfino 1' Dunk (16 PTS),,,96 - 87,-9,4.0,2568,Carlos Delfino,1610612749.0,Milwaukee,Bucks,MIL,0,0,,,,,,0,0,,,,,,0
0021100694,446,2,1,4,10:09 PM,2:35,,,MISS Bass 15' Jump Shot,,,5.0,101138,Brandon Bass,1610612738.0,Boston,Celtics,BOS,0,0,,,,,,0,0,,,,,,0
0021100694,447,4,0,4,10:09 PM,2:33,Jennings REBOUND (Off:0 Def:2),,,,,4.0,201943,Brandon Jennings,1610612749.0,Milwaukee,Bucks,MIL,0,0,,,,,,0,0,,,,,,0
0021100694,448,2,1,4,10:10 PM,2:23,MISS Gooden 27' 3PT Jump Shot,,,,,4.0,2400,Drew Gooden,1610612749.0,Milwaukee,Bucks,MIL,0,0,,,,,,0,0,,,,,,0
0021100694,449,4,0,4,10:10 PM,2:22,,,Garnett REBOUND (Off:2 Def:8),,,5.0,708,Kevin Garnett,1610612738.0,Boston,Celtics,BOS,0,0,,,,,,0,0,,,,,,0
0021100694,450,2,1,4,10:10 PM,2:05,,,MISS Garnett 21' Jump Shot,,,5.0,708,Kevin Garnett,1610612738.0,Boston,Celtics,BOS,0,0,,,,,,0,0,,,,,,0
0021100694,451,4,0,4,10:10 PM,2:04,Delfino REBOUND (Off:0 Def:8),,,,,4.0,2568,Carlos Delfino,1610612749.0,Milwaukee,Bucks,MIL,0,0,,,,,,0,0,,,,,,0
0021100694,452,5,1,4,10:10 PM,1:55,Delfino Bad Pass Turnover (P2.T14),,Allen STEAL (2 STL),,,4.0,2568,Carlos Delfino,1610612749.0,Milwaukee,Bucks,MIL,5,951,Ray Allen,1610612738.0,Boston,Celtics,BOS,0,0,,,,,,0
0021100694,453,1,1,4,10:10 PM,1:33,,,Garnett 19' Jump Shot (14 PTS) (Bass 2 AST),98 - 87,-11,5.0,708,Kevin Garnett,1610612738.0,Boston,Celtics,BOS,5,101138,Brandon Bass,1610612738.0,Boston,Celtics,BOS,0,0,,,,,,0
0021100694,454,9,1,4,10:11 PM,1:33,BUCKS Timeout: Regular (Full 6 Short 1),,,,,2.0,1610612749,,,,,,0,0,,,,,,0,0,,,,,,0
0021100694,456,8,0,4,10:12 PM,1:33,SUB: Udrih FOR Delfino,,,,,4.0,2568,Carlos Delfino,1610612749.0,Milwaukee,Bucks,MIL,4,2757,Beno Udrih,1610612749.0,Milwaukee,Bucks,MIL,0,0,,,,,,0
0021100694,457,8,0,4,10:12 PM,1:33,SUB: Harris FOR Ilyasova,,,,,4.0,101141,Ersan Ilyasova,1610612749.0,Milwaukee,Bucks,MIL,4,202699,Tobias Harris,1610612749.0,Milwaukee,Bucks,MIL,0,0,,,,,,0
0021100694,458,8,0,4,10:12 PM,1:33,SUB: Brockman FOR Gooden,,,,,4.0,2400,Drew Gooden,1610612749.0,Milwaukee,Bucks,MIL,4,201972,Jon Brockman,1610612749.0,Milwaukee,Bucks,MIL,0,0,,,,,,0
0021100694,459,8,0,4,10:12 PM,1:33,SUB: Sanders FOR Ellis,,,,,4.0,101145,Monta Ellis,1610612749.0,Milwaukee,Bucks,MIL,4,202336,Larry Sanders,1610612749.0,Milwaukee,Bucks,MIL,0,0,,,,,,0
0021100694,460,8,0,4,10:12 PM,1:33,SUB: Livingston FOR Jennings,,,,,4.0,201943,Brandon Jennings,1610612749.0,Milwaukee,Bucks,MIL,4,2733,Shaun Livingston,1610612749.0,Milwaukee,Bucks,MIL,0,0,,,,,,0
0021100694,461,5,1,4,10:13 PM,1:20,Udrih Bad Pass Turnover (P2.T15),,Rondo STEAL (3 STL),,,4.0,2757,Beno Udrih,1610612749.0,Milwaukee,Bucks,MIL,5,200765,Rajon Rondo,1610612738.0,Boston,Celtics,BOS,0,0,,,,,,0
0021100694,462,1,1,4,10:14 PM,1:00,,,Garnett 16' Jump Shot (16 PTS) (Rondo 14 AST),100 - 87,-13,5.0,708,Kevin Garnett,1610612738.0,Boston,Celtics,BOS,5,200765,Rajon Rondo,1610612738.0,Boston,Celtics,BOS,0,0,,,,,,0
0021100694,463,6,28,4,10:14 PM,0:57,,,Allen Personal Take Foul (P2.PN),,,5.0,951,Ray Allen,1610612738.0,Boston,Celtics,BOS,4,2757,Beno Udrih,1610612749.0,Milwaukee,Bucks,MIL,1,0,,,,,,0
0021100694,464,8,0,4,10:14 PM,0:57,,,SUB: Pavlovic FOR Pierce,,,5.0,1718,Paul Pierce,1610612738.0,Boston,Celtics,BOS,5,2562,Sasha Pavlovic,1610612738.0,Boston,Celtics,BOS,0,0,,,,,,0
0021100694,465,8,0,4,10:14 PM,0:57,,,SUB: Moore FOR Bass,,,5.0,101138,Brandon Bass,1610612738.0,Boston,Celtics,BOS,5,202734,E'Twaun Moore,1610612738.0,Boston,Celtics,BOS,0,0,,,,,,0
0021100694,466,8,0,4,10:14 PM,0:57,,,SUB: Johnson FOR Garnett,,,5.0,708,Kevin Garnett,1610612738.0,Boston,Celtics,BOS,5,202707,JaJuan Johnson,1610612738.0,Boston,Celtics,BOS,0,0,,,,,,0
0021100694,467,8,0,4,10:14 PM,0:57,,,SUB: Bradley FOR Allen,,,5.0,951,Ray Allen,1610612738.0,Boston,Celtics,BOS,5,202340,Avery Bradley,1610612738.0,Boston,Celtics,BOS,0,0,,,,,,0
0021100694,468,8,0,4,10:14 PM,0:57,,,SUB: Dooling FOR Rondo,,,5.0,200765,Rajon Rondo,1610612738.0,Boston,Celtics,BOS,5,2039,Keyon Dooling,1610612738.0,Boston,Celtics,BOS,0,0,,,,,,0
0021100694,469,3,11,4,10:15 PM,0:57,Udrih Free Throw 1 of 2 (5 PTS),,,100 - 88,-12,4.0,2757,Beno Udrih,1610612749.0,Milwaukee,Bucks,MIL,0,0,,,,,,0,0,,,,,,0
0021100694,471,3,12,4,10:15 PM,0:57,Udrih Free Throw 2 of 2 (6 PTS),,,100 - 89,-11,4.0,2757,Beno Udrih,1610612749.0,Milwaukee,Bucks,MIL,0,0,,,,,,0,0,,,,,,0
0021100694,473,2,1,4,10:16 PM,0:42,,,MISS Pavlovic 8' Jump Shot,,,5.0,2562,Sasha Pavlovic,1610612738.0,Boston,Celtics,BOS,0,0,,,,,,0,0,,,,,,0
0021100694,474,4,0,4,10:16 PM,0:41,Harris REBOUND (Off:0 Def:1),,,,,4.0,202699,Tobias Harris,1610612749.0,Milwaukee,Bucks,MIL,0,0,,,,,,0,0,,,,,,0
0021100694,475,1,1,4,10:16 PM,0:34,Sanders 6' Jump Shot (2 PTS) (Udrih 3 AST),,,100 - 91,-9,4.0,202336,Larry Sanders,1610612749.0,Milwaukee,Bucks,MIL,4,2757,Beno Udrih,1610612749.0,Milwaukee,Bucks,MIL,0,0,,,,,,0
0021100694,476,2,5,4,10:16 PM,0:16,Sanders BLOCK (1 BLK),,MISS Moore 1' Layup,,,5.0,202734,E'Twaun Moore,1610612738.0,Boston,Celtics,BOS,0,0,,,,,,4,202336,Larry Sanders,1610612749.0,Milwaukee,Bucks,MIL,0
0021100694,477,4,0,4,10:16 PM,0:16,,,Celtics Rebound,,,3.0,1610612738,,,,,,0,0,,,,,,0,0,,,,,,0
0021100694,478,2,1,4,10:16 PM,0:13,,,MISS Moore 24' 3PT Jump Shot,,,5.0,202734,E'Twaun Moore,1610612738.0,Boston,Celtics,BOS,0,0,,,,,,0,0,,,,,,0
0021100694,479,4,0,4,10:16 PM,0:11,Sanders REBOUND (Off:0 Def:1),,,,,4.0,202336,Larry Sanders,1610612749.0,Milwaukee,Bucks,MIL,0,0,,,,,,0,0,,,,,,0
0021100694,480,2,1,4,10:17 PM,0:01,MISS Harris 20' Jump Shot,,,,,4.0,202699,Tobias Harris,1610612749.0,Milwaukee,Bucks,MIL,0,0,,,,,,0,0,,,,,,0
0021100694,481,4,0,4,10:17 PM,0:01,Brockman REBOUND (Off:1 Def:0),,,,,4.0,201972,Jon Brockman,1610612749.0,Milwaukee,Bucks,MIL,0,0,,,,,,0,0,,,,,,0
0021100694,482,6,2,4,10:17 PM,0:00,,,Johnson S.FOUL (P1.PN),,,5.0,202707,JaJuan Johnson,1610612738.0,Boston,Celtics,BOS,4,201972,Jon Brockman,1610612749.0,Milwaukee,Bucks,MIL,1,0,,,,,,0
0021100694,483,3,11,4,10:17 PM,0:00,MISS Brockman Free Throw 1 of 2,,,,,4.0,201972,Jon Brockman,1610612749.0,Milwaukee,Bucks,MIL,0,0,,,,,,0,0,,,,,,0
0021100694,484,4,1,4,10:17 PM,0:00,BUCKS Rebound,,,,,2.0,1610612749,,,,,,0,0,,,,,,0,0,,,,,,0
0021100694,485,3,12,4,10:17 PM,0:00,MISS Brockman Free Throw 2 of 2,,,,,4.0,201972,Jon Brockman,1610612749.0,Milwaukee,Bucks,MIL,0,0,,,,,,0,0,,,,,,0
0021100694,487,4,0,4,10:17 PM,0:00,BUCKS Rebound,,,,,2.0,1610612749,,,,,,0,0,,,,,,0,0,,,,,,0
0021100694,488,13,0,4,10:17 PM,0:00,,,,100 - 91,-9,0.0,0,,,,,,0,0,,,,,,0,0,,,,,,0
