GAME_ID,EVENTNUM,EVENTMSGTYPE,EVENTMSGACTIONTYPE,PERIOD,WCTIMESTRING,PCTIMESTRING,HOMEDESCRIPTION,NEUTRALDESCRIPTION,VISITORDESCRIPTION,SCORE,SCOREMARGIN
0020700134,0,12,0,1,7:33 PM,12:00,,,,,
0020700134,1,10,0,1,7:33 PM,12:00,Jump Ball Magloire vs. O'Neal: Tip to Williams,,,,
0020700134,2,5,8,1,7:34 PM,11:43,,,O'Neal 3 Second Violation Turnover (P1.T1),,
0020700134,3,1,46,1,7:34 PM,11:32,Jefferson 17' Running Jump Shot (2 PTS) (Kidd 1 AST),,,0 - 2,2
0020700134,4,2,1,1,7:34 PM,11:17,,,MISS Davis 19' Jump Shot,,
0020700134,5,4,0,1,7:34 PM,11:16,Wright REBOUND (Off:0 Def:1),,,,
0020700134,6,5,19,1,7:34 PM,11:02,Williams Kicked Ball Violation Turnover (P1.T1),,,,
0020700134,7,8,0,1,7:35 PM,11:02,,,SUB: Mourning FOR O'Neal,,
0020700134,8,5,1,1,7:35 PM,10:47,Williams STEAL (1 STL),,Wade Bad Pass Turnover (P1.T2),,
0020700134,9,1,42,1,7:35 PM,10:42,Jefferson  Driving Layup (4 PTS) (Kidd 2 AST),,,0 - 4,4
0020700134,10,1,1,1,7:35 PM,10:23,,,Wade 20' Jump Shot (2 PTS),2 - 4,2
0020700134,11,1,44,1,7:36 PM,10:01,Jefferson  Reverse Layup (6 PTS) (Kidd 3 AST),,,2 - 6,4
0020700134,12,2,46,1,7:36 PM,9:41,,,MISS Williams 6' Running Jump Shot,,
0020700134,13,4,0,1,7:36 PM,9:40,,,Mourning REBOUND (Off:1 Def:0),,
0020700134,14,1,72,1,7:36 PM,9:39,,,Mourning  Putback Layup (2 PTS),4 - 6,2
0020700134,15,5,2,1,7:36 PM,9:24,Magloire Lost Ball Turnover (P1.T2),,Haslem STEAL (1 STL),,
0020700134,16,2,42,1,7:36 PM,9:17,,,MISS Wade  Driving Layup,,
0020700134,17,4,0,1,7:36 PM,9:15,Williams REBOUND (Off:0 Def:1),,,,
0020700134,18,1,1,1,7:37 PM,9:09,Wright 25' 3PT Jump Shot (3 PTS) (Kidd 4 AST),,,4 - 9,5
0020700134,19,2,1,1,7:37 PM,8:50,,,MISS Haslem 19' Jump Shot,,
0020700134,20,4,0,1,7:37 PM,8:49,Kidd REBOUND (Off:0 Def:1),,,,
0020700134,21,6,2,1,7:37 PM,8:43,,,Haslem S.FOUL (P1.T1),,
0020700134,22,8,0,1,7:37 PM,8:43,,,SUB: O'Neal FOR Mourning,,
0020700134,23,3,11,1,7:37 PM,8:43,Magloire Free Throw 1 of 2 (1 PTS),,,4 - 10,6
0020700134,24,3,12,1,7:38 PM,8:43,MISS Magloire Free Throw 2 of 2,,,,
0020700134,25,4,0,1,7:38 PM,8:42,,,Davis REBOUND (Off:0 Def:1),,
0020700134,26,2,5,1,7:38 PM,8:29,Williams BLOCK (1 BLK),,MISS Haslem  Layup,,
0020700134,27,4,0,1,7:38 PM,8:27,,,Heat Rebound,,
0020700134,28,5,39,1,7:38 PM,8:22,,,Williams Step Out of Bounds Turnover (P1.T3),,
0020700134,29,5,1,1,7:39 PM,8:13,Kidd Bad Pass Turnover (P1.T3),,Wade STEAL (1 STL),,
0020700134,30,1,1,1,7:39 PM,8:06,,,Davis 17' Jump Shot (2 PTS) (Wade 1 AST),6 - 10,4
0020700134,31,6,1,1,7:39 PM,7:45,,,Williams P.FOUL (P1.T2),,
0020700134,32,1,47,1,7:40 PM,7:38,Wright 16' Turnaround Jump Shot (5 PTS) (Kidd 5 AST),,,6 - 12,6
0020700134,33,6,1,1,7:40 PM,7:25,Magloire P.FOUL (P1.T1),,,,
0020700134,34,2,1,1,7:40 PM,7:09,,,MISS Davis 20' Jump Shot,,
0020700134,35,4,0,1,7:40 PM,7:08,Magloire REBOUND (Off:0 Def:1),,,,
0020700134,36,1,52,1,7:40 PM,7:04,Williams  Alley Oop Dunk (2 PTS) (Kidd 6 AST),,,6 - 14,8
0020700134,37,9,1,1,7:41 PM,6:58,,,Heat Timeout: Regular (Reg.1 Short 0),,
0020700134,40,2,5,1,7:43 PM,6:53,,,MISS O'Neal  Layup,,
0020700134,41,4,0,1,7:43 PM,6:52,Magloire REBOUND (Off:0 Def:2),,,,
0020700134,42,5,1,1,7:43 PM,6:48,Kidd Bad Pass Turnover (P2.T4),,,,
0020700134,43,6,2,1,7:44 PM,6:36,Wright S.FOUL (P1.T2),,,,
0020700134,44,3,11,1,7:44 PM,6:36,,,Wade Free Throw 1 of 2 (3 PTS),7 - 14,7
0020700134,45,3,12,1,7:44 PM,6:36,,,Wade Free Throw 2 of 2 (4 PTS),8 - 14,6
0020700134,46,1,52,1,7:44 PM,6:25,Williams  Alley Oop Dunk (4 PTS) (Kidd 7 AST),,,8 - 16,8
0020700134,47,1,73,1,7:45 PM,6:09,,,Davis  Driving Reverse Layup (4 PTS) (Williams 1 AST),10 - 16,6
0020700134,48,6,2,1,7:45 PM,5:55,,,O'Neal S.FOUL (P1.T3),,
0020700134,49,3,11,1,7:45 PM,5:55,Williams Free Throw 1 of 2 (5 PTS),,,10 - 17,7
0020700134,50,3,12,1,7:45 PM,5:55,Williams Free Throw 2 of 2 (6 PTS),,,10 - 18,8
0020700134,51,2,1,1,7:46 PM,5:36,,,MISS Williams 25' 3PT Jump Shot,,
0020700134,52,4,0,1,7:46 PM,5:35,Wright REBOUND (Off:0 Def:2),,,,
0020700134,53,5,11,1,7:46 PM,5:12,NETS Turnover: Shot Clock (T#5),,,,
0020700134,54,2,42,1,7:47 PM,4:59,Williams BLOCK (2 BLK),,MISS Wade  Driving Layup,,
0020700134,55,4,0,1,7:47 PM,4:57,Williams REBOUND (Off:0 Def:2),,,,
0020700134,56,6,2,1,7:47 PM,4:47,,,Davis S.FOUL (P1.T4),,
0020700134,57,3,11,1,7:48 PM,4:47,Jefferson Free Throw 1 of 2 (7 PTS),,,10 - 19,9
0020700134,58,3,12,1,7:48 PM,4:47,Jefferson Free Throw 2 of 2 (8 PTS),,,10 - 20,10
0020700134,59,1,47,1,7:48 PM,4:24,,,O'Neal 9' Turnaround Jump Shot (2 PTS),12 - 20,8
0020700134,60,6,17,1,7:49 PM,4:06,,,Heat T.Foul (Def. 3 Sec O'Neal ),,
0020700134,61,3,16,1,7:49 PM,4:06,MISS Jefferson Free Throw Technical,,,,
0020700134,62,4,1,1,7:49 PM,4:06,NETS Rebound,,,,
0020700134,63,5,1,1,7:49 PM,4:00,Kidd Bad Pass Turnover (P3.T6),,Haslem STEAL (2 STL),,
0020700134,64,5,40,1,7:49 PM,3:55,,,Wade Out of Bounds Lost Ball Turnover (P2.T4),,
0020700134,65,2,1,1,7:50 PM,3:38,MISS Williams 7' Jump Shot,,,,
0020700134,66,4,0,1,7:50 PM,3:36,NETS Rebound,,,,
0020700134,67,7,5,1,7:50 PM,3:36,,,Haslem Violation:Kicked Ball,,
0020700134,68,8,0,1,7:50 PM,3:36,,,SUB: Cook FOR Williams,,
0020700134,70,9,1,1,7:51 PM,3:36,NETS Timeout: Regular (Full 1 Short 0),,,,
0020700134,72,5,8,1,7:54 PM,3:19,Williams 3 Second Violation Turnover (P2.T7),,,,
0020700134,73,2,5,1,7:54 PM,3:05,,,MISS O'Neal  Layup,,
0020700134,74,4,0,1,7:54 PM,3:04,Magloire REBOUND (Off:0 Def:3),,,,
0020700134,75,2,56,1,7:54 PM,2:46,MISS Magloire 4' Running Hook Shot,,,,
0020700134,76,4,0,1,7:54 PM,2:45,Williams REBOUND (Off:1 Def:2),,,,
0020700134,77,2,4,1,7:54 PM,2:44,MISS Williams  Tip Shot,,,,
0020700134,78,4,0,1,7:54 PM,2:43,,,Davis REBOUND (Off:0 Def:2),,
0020700134,79,1,1,1,7:54 PM,2:37,,,Davis 18' Jump Shot (6 PTS),14 - 20,6
0020700134,80,2,3,1,7:55 PM,2:22,MISS Magloire 4' Hook Shot,,,,
0020700134,81,4,0,1,7:55 PM,2:21,Williams REBOUND (Off:2 Def:2),,,,
0020700134,82,6,2,1,7:55 PM,2:19,,,O'Neal S.FOUL (P2.PN),,
0020700134,83,8,0,1,7:55 PM,2:19,SUB: Collins FOR Magloire,,,,
0020700134,84,8,0,1,7:55 PM,2:19,,,SUB: Blount FOR Haslem,,
0020700134,85,3,11,1,7:55 PM,2:19,Jefferson Free Throw 1 of 2 (9 PTS),,,14 - 21,7
0020700134,86,8,0,1,7:55 PM,2:19,,,SUB: Mourning FOR O'Neal,,
0020700134,87,3,12,1,7:56 PM,2:19,Jefferson Free Throw 2 of 2 (10 PTS),,,14 - 22,8
0020700134,88,5,40,1,7:56 PM,2:02,,,Wade Out of Bounds Lost Ball Turnover (P3.T5),,
0020700134,89,6,2,1,7:57 PM,1:51,,,Blount S.FOUL (P1.PN),,
0020700134,90,3,11,1,7:57 PM,1:51,Williams Free Throw 1 of 2 (7 PTS),,,14 - 23,9
0020700134,91,8,0,1,7:57 PM,1:51,SUB: Gill FOR Kidd,,,,
0020700134,92,3,12,1,7:57 PM,1:51,MISS Williams Free Throw 2 of 2,,,,
0020700134,93,4,0,1,7:57 PM,1:50,,,Davis REBOUND (Off:0 Def:3),,
0020700134,94,5,1,1,7:58 PM,1:39,Williams STEAL (2 STL),,Blount Bad Pass Turnover (P1.T6),,
0020700134,95,6,4,1,7:58 PM,1:20,Collins OFF.Foul (P1),,,,
0020700134,96,5,5,1,7:58 PM,1:20,Collins Foul Turnover (P1.T8),,,,
0020700134,97,6,2,1,7:59 PM,1:09,Williams S.FOUL (P1.T3),,,,
0020700134,98,3,11,1,7:59 PM,1:09,,,MISS Wade Free Throw 1 of 2,,
0020700134,99,4,1,1,7:59 PM,1:09,,,Heat Rebound,,
0020700134,100,8,0,1,7:59 PM,1:09,SUB: Krstic FOR Williams,,,,
0020700134,101,3,12,1,7:59 PM,1:09,,,Wade Free Throw 2 of 2 (5 PTS),15 - 23,8
0020700134,102,2,1,1,8:00 PM,0:46,MISS Krstic 16' Jump Shot,,,,
0020700134,103,4,0,1,8:00 PM,0:45,,,Blount REBOUND (Off:0 Def:1),,
0020700134,104,2,1,1,8:00 PM,0:35,,,MISS Blount 20' Jump Shot,,
0020700134,105,4,0,1,8:00 PM,0:34,Gill REBOUND (Off:0 Def:1),,,,
0020700134,106,2,1,1,8:00 PM,0:22,MISS Jefferson 25' 3PT Jump Shot,,,,
0020700134,107,4,0,1,8:00 PM,0:21,,,Wade REBOUND (Off:0 Def:1),,
0020700134,108,1,1,1,8:01 PM,0:00,,,Cook  3PT Jump Shot (3 PTS) (Mourning 1 AST),18 - 23,5
0020700134,109,13,0,1,8:01 PM,0:00,,,,18 - 23,5
0020700134,111,12,0,2,8:03 PM,12:00,,,,18 - 23,5
0020700134,112,6,1,2,8:04 PM,11:46,,,Cook P.FOUL (P1.T1),,
0020700134,113,2,1,2,8:04 PM,11:40,MISS Jefferson 20' Jump Shot,,,,
0020700134,114,4,0,2,8:04 PM,11:38,,,Heat Rebound,,
0020700134,115,6,1,2,8:04 PM,11:29,Collins P.FOUL (P2.T1),,,,
0020700134,116,1,1,2,8:05 PM,11:15,,,Cook 25' 3PT Jump Shot (6 PTS) (Mourning 2 AST),21 - 23,2
0020700134,117,5,39,2,8:05 PM,11:01,Jefferson Step Out of Bounds Turnover (P1.T9),,,,
0020700134,118,8,0,2,8:05 PM,11:01,,,SUB: Williams FOR Wade,,
0020700134,119,1,1,2,8:06 PM,10:40,,,Williams 19' Jump Shot (2 PTS) (Davis 1 AST),23 - 23,TIE
0020700134,120,1,1,2,8:06 PM,10:21,Collins 18' Jump Shot (2 PTS) (Wright 1 AST),,,23 - 25,2
0020700134,121,2,1,2,8:06 PM,9:52,,,MISS Blount 20' Jump Shot,,
0020700134,122,4,0,2,8:06 PM,9:51,Gill REBOUND (Off:0 Def:2),,,,
0020700134,123,2,56,2,8:07 PM,9:32,MISS Krstic 7' Running Hook Shot,,,,
0020700134,124,4,0,2,8:07 PM,9:31,,,Heat Rebound,,
0020700134,125,8,0,2,8:07 PM,9:30,SUB: Nachbar FOR Jefferson,,,,
0020700134,126,8,0,2,8:07 PM,9:30,,,SUB: Hardaway FOR Davis,,
0020700134,127,1,5,2,8:07 PM,9:14,,,Mourning  Layup (4 PTS) (Blount 1 AST),25 - 25,TIE
0020700134,128,5,2,2,8:08 PM,8:55,Gill Lost Ball Turnover (P1.T10),,Williams STEAL (1 STL),,
0020700134,129,6,1,2,8:08 PM,8:55,Gill P.FOUL (P1.T2),,,,
0020700134,130,9,4,2,8:08 PM,8:55,,,,,
0020700134,132,8,0,2,8:10 PM,8:55,SUB: Jefferson FOR Wright,,,,
0020700134,133,2,1,2,8:11 PM,8:41,,,MISS Cook 25' 3PT Jump Shot,,
0020700134,134,4,0,2,8:11 PM,8:40,Krstic REBOUND (Off:0 Def:1),,,,
0020700134,135,2,1,2,8:11 PM,8:19,MISS Nachbar 25' 3PT Jump Shot,,,,
0020700134,136,4,0,2,8:11 PM,8:18,,,Mourning REBOUND (Off:1 Def:1),,
0020700134,137,2,56,2,8:11 PM,8:05,,,MISS Mourning 6' Running Hook Shot,,
0020700134,138,4,0,2,8:11 PM,8:05,NETS Rebound,,,,
0020700134,139,8,0,2,8:11 PM,8:05,SUB: Kidd FOR Gill,,,,
0020700134,141,5,2,2,8:12 PM,7:55,Kidd Lost Ball Turnover (P4.T11),,Williams STEAL (2 STL),,
0020700134,142,2,46,2,8:12 PM,7:36,,,MISS Cook 8' Running Jump Shot,,
0020700134,143,4,0,2,8:12 PM,7:35,NETS Rebound,,,,
0020700134,144,6,3,2,8:12 PM,7:23,,,Blount L.B.FOUL (P2.T2),,
0020700134,146,8,0,2,8:13 PM,7:23,SUB: Williams FOR Krstic,,,,
0020700134,145,5,4,2,8:13 PM,7:18,Nachbar Traveling Turnover (P1.T12),,,,
0020700134,147,8,0,2,8:13 PM,7:18,,,SUB: O'Neal FOR Mourning,,
0020700134,148,6,1,2,8:14 PM,7:07,Collins P.FOUL (P3.T3),,,,
0020700134,149,8,0,2,8:14 PM,7:07,,,SUB: Haslem FOR Blount,,
0020700134,150,8,0,2,8:14 PM,7:07,SUB: Magloire FOR Collins,,,,
0020700134,151,2,42,2,8:14 PM,6:55,,,MISS Williams  Driving Layup,,
0020700134,152,4,0,2,8:14 PM,6:53,Williams REBOUND (Off:2 Def:3),,,,
0020700134,153,6,2,2,8:14 PM,6:48,,,Haslem S.FOUL (P2.T3),,
0020700134,154,3,11,2,8:15 PM,6:48,Nachbar Free Throw 1 of 2 (1 PTS),,,25 - 26,1
0020700134,156,8,0,2,8:15 PM,6:48,SUB: Wright FOR Jefferson,,,,
0020700134,165,8,0,2,8:15 PM,6:48,,,SUB: Wade FOR Cook,,
0020700134,157,3,12,2,8:15 PM,6:48,MISS Nachbar Free Throw 2 of 2,,,,
0020700134,158,4,0,2,8:15 PM,6:47,,,Haslem REBOUND (Off:0 Def:1),,
0020700134,160,6,1,2,8:15 PM,6:41,Magloire P.FOUL (P2.T4),,,,
0020700134,161,2,81,2,8:16 PM,6:30,,,MISS Wade 17' Pullup Bank Shot,,
0020700134,162,4,0,2,8:16 PM,6:27,,,O'Neal REBOUND (Off:1 Def:0),,
0020700134,163,1,3,2,8:16 PM,6:25,,,O'Neal 4' Hook Shot (4 PTS),27 - 26,-1
0020700134,164,6,17,2,8:16 PM,6:15,,,Heat T.Foul (Def. 3 Sec O'Neal ),,
0020700134,166,3,16,2,8:16 PM,6:15,Kidd Free Throw Technical (1 PTS),,,27 - 27,TIE
0020700134,167,9,1,2,8:17 PM,6:08,NETS Timeout: Regular (Full 2 Short 0),,,,
0020700134,169,1,7,2,8:19 PM,6:02,Williams  Dunk (9 PTS) (Kidd 8 AST),,,27 - 29,2
0020700134,170,1,1,2,8:20 PM,5:39,,,Hardaway 25' 3PT Jump Shot (3 PTS) (Williams 2 AST),30 - 29,-1
0020700134,171,2,1,2,8:20 PM,5:29,MISS Wright 24' 3PT Jump Shot,,,,
0020700134,172,4,0,2,8:20 PM,5:27,NETS Rebound,,,,
0020700134,173,6,3,2,8:20 PM,5:27,,,O'Neal L.B.FOUL (P3.T4),,
0020700134,174,8,0,2,8:20 PM,5:27,,,SUB: Mourning FOR O'Neal,,
0020700134,175,5,39,2,8:20 PM,5:21,Nachbar Step Out of Bounds Turnover (P2.T13),,,,
0020700134,176,1,81,2,8:21 PM,5:09,,,Wade 12' Pullup Bank Shot (7 PTS) (Haslem 1 AST),32 - 29,-3
0020700134,177,6,2,2,8:21 PM,5:09,Wright S.FOUL (P2.PN),,,,
0020700134,178,3,10,2,8:21 PM,5:09,,,Wade Free Throw 1 of 1 (8 PTS),33 - 29,-4
0020700134,179,5,1,2,8:21 PM,4:55,Kidd Bad Pass Turnover (P5.T14),,,,
0020700134,180,2,63,2,8:22 PM,4:41,,,MISS Wade 16' Fadeaway Jumper,,
0020700134,181,4,0,2,8:22 PM,4:39,Magloire REBOUND (Off:0 Def:4),,,,
0020700134,182,2,1,2,8:22 PM,4:33,MISS Kidd 20' Jump Shot,,,,
0020700134,183,4,0,2,8:22 PM,4:31,,,Wade REBOUND (Off:0 Def:2),,
0020700134,184,2,1,2,8:22 PM,4:22,,,MISS Haslem 18' Jump Shot,,
0020700134,185,4,0,2,8:22 PM,4:21,Kidd REBOUND (Off:0 Def:2),,,,
0020700134,186,1,1,2,8:22 PM,4:10,Magloire 17' Jump Shot (3 PTS) (Kidd 9 AST),,,33 - 31,-2
0020700134,187,6,2,2,8:23 PM,3:54,Nachbar S.FOUL (P1.PN),,,,
0020700134,188,8,0,2,8:23 PM,3:54,SUB: Jefferson FOR Nachbar,,,,
0020700134,189,3,11,2,8:23 PM,3:54,,,Wade Free Throw 1 of 2 (9 PTS),34 - 31,-3
0020700134,190,3,12,2,8:23 PM,3:54,,,Wade Free Throw 2 of 2 (10 PTS),35 - 31,-4
0020700134,191,5,2,2,8:24 PM,3:37,Magloire Lost Ball Turnover (P2.T15),,Wade STEAL (2 STL),,
0020700134,192,5,1,2,8:24 PM,3:35,Jefferson STEAL (1 STL),,Wade Bad Pass Turnover (P4.T7),,
0020700134,193,5,1,2,8:24 PM,3:33,Jefferson Bad Pass Turnover (P2.T16),,,,
0020700134,194,2,1,2,8:24 PM,3:19,,,MISS Williams 19' Jump Shot,,
0020700134,195,4,0,2,8:24 PM,3:18,Magloire REBOUND (Off:0 Def:5),,,,
0020700134,196,5,2,2,8:24 PM,3:04,Magloire Lost Ball Turnover (P3.T17),,Williams STEAL (3 STL),,
0020700134,197,1,3,2,8:24 PM,2:55,,,Mourning 8' Hook Shot (6 PTS) (Williams 3 AST),37 - 31,-6
0020700134,198,6,2,2,8:25 PM,2:41,,,Williams S.FOUL (P2.PN),,
0020700134,199,9,1,2,8:25 PM,2:41,,,Heat Timeout: Regular (Reg.2 Short 0),,
0020700134,201,3,11,2,8:27 PM,2:41,Jefferson Free Throw 1 of 2 (11 PTS),,,37 - 32,-5
0020700134,202,3,12,2,8:28 PM,2:41,Jefferson Free Throw 2 of 2 (12 PTS),,,37 - 33,-4
0020700134,203,1,7,2,8:28 PM,2:25,,,Mourning  Dunk (8 PTS) (Wade 2 AST),39 - 33,-6
0020700134,204,5,39,2,8:28 PM,2:11,Wright Step Out of Bounds Turnover (P1.T18),,,,
0020700134,205,2,1,2,8:29 PM,1:53,,,MISS Haslem 19' Jump Shot,,
0020700134,206,4,0,2,8:29 PM,1:52,Magloire REBOUND (Off:0 Def:6),,,,
0020700134,207,6,1,2,8:29 PM,1:40,,,Hardaway P.FOUL (P1.PN),,
0020700134,208,3,11,2,8:29 PM,1:40,Jefferson Free Throw 1 of 2 (13 PTS),,,39 - 34,-5
0020700134,209,3,12,2,8:30 PM,1:40,Jefferson Free Throw 2 of 2 (14 PTS),,,39 - 35,-4
0020700134,210,1,78,2,8:30 PM,1:23,,,Hardaway 13' Floating Jump Shot (5 PTS) (Wade 3 AST),41 - 35,-6
0020700134,211,5,1,2,8:31 PM,1:15,Kidd Bad Pass Turnover (P6.T19),,,,
0020700134,212,5,1,2,8:31 PM,1:06,,,Williams Bad Pass Turnover (P2.T8),,
0020700134,213,2,46,2,8:31 PM,0:46,MISS Williams 11' Running Jump Shot,,,,
0020700134,214,4,0,2,8:31 PM,0:45,,,Mourning REBOUND (Off:1 Def:2),,
0020700134,215,6,2,2,8:31 PM,0:42,Kidd S.FOUL (P1.PN),,,,
0020700134,216,3,11,2,8:32 PM,0:42,,,Wade Free Throw 1 of 2 (11 PTS),42 - 35,-7
0020700134,217,8,0,2,8:32 PM,0:42,,,SUB: Blount FOR Haslem,,
0020700134,218,8,0,2,8:32 PM,0:42,,,SUB: Cook FOR Williams,,
0020700134,219,8,0,2,8:32 PM,0:42,SUB: Krstic FOR Magloire,,,,
0020700134,220,3,12,2,8:32 PM,0:42,,,Wade Free Throw 2 of 2 (12 PTS),43 - 35,-8
0020700134,221,5,1,2,8:32 PM,0:32,Williams Bad Pass Turnover (P3.T20),,,,
0020700134,222,2,7,2,8:33 PM,0:25,,,MISS Mourning  Dunk,,
0020700134,223,4,0,2,8:33 PM,0:24,,,Heat Rebound,,
0020700134,224,8,0,2,8:33 PM,0:24,,,SUB: Davis FOR Mourning,,
0020700134,225,8,0,2,8:33 PM,0:24,SUB: Gill FOR Krstic,,,,
0020700134,226,2,1,2,8:34 PM,0:02,,,MISS Cook 25' 3PT Jump Shot,,
0020700134,227,4,0,2,8:34 PM,0:00,,,Wade REBOUND (Off:1 Def:2),,
0020700134,228,1,5,2,8:34 PM,0:00,,,Wade  Layup (14 PTS),45 - 35,-10
0020700134,230,13,0,2,8:34 PM,0:00,,,,45 - 35,-10
0020700134,231,12,0,3,8:51 PM,12:00,,,,45 - 35,-10
0020700134,232,6,1,3,8:51 PM,11:48,,,Wade P.FOUL (P1.T1),,
0020700134,233,2,1,3,8:51 PM,11:40,MISS Jefferson 17' Jump Shot,,,,
0020700134,234,4,0,3,8:51 PM,11:39,,,Wade REBOUND (Off:1 Def:3),,
0020700134,235,1,5,3,8:52 PM,11:27,,,Haslem  Layup (2 PTS) (Wade 4 AST),47 - 35,-12
0020700134,236,2,1,3,8:52 PM,11:08,MISS Wright 25' 3PT Jump Shot,,,,
0020700134,237,4,0,3,8:52 PM,11:06,NETS Rebound,,,,
0020700134,238,2,1,3,8:52 PM,10:59,MISS Jefferson 19' Jump Shot,,,,
0020700134,239,4,0,3,8:52 PM,10:59,,,O'Neal REBOUND (Off:1 Def:1),,
0020700134,240,2,1,3,8:53 PM,10:36,,,MISS Wade 20' Jump Shot,,
0020700134,241,4,0,3,8:53 PM,10:34,Jefferson REBOUND (Off:0 Def:1),,,,
0020700134,242,1,1,3,8:53 PM,10:28,Wright 16' Jump Shot (7 PTS) (Kidd 10 AST),,,47 - 37,-10
0020700134,243,2,1,3,8:53 PM,10:06,,,MISS Haslem 18' Jump Shot,,
0020700134,244,4,0,3,8:53 PM,10:05,Kidd REBOUND (Off:0 Def:3),,,,
0020700134,245,5,1,3,8:53 PM,9:57,Magloire Bad Pass Turnover (P4.T21),,Williams STEAL (4 STL),,
0020700134,246,6,2,3,8:54 PM,9:51,Jefferson S.FOUL (P1.T1),,,,
0020700134,247,3,11,3,8:54 PM,9:51,,,Haslem Free Throw 1 of 2 (3 PTS),48 - 37,-11
0020700134,248,3,12,3,8:54 PM,9:51,,,Haslem Free Throw 2 of 2 (4 PTS),49 - 37,-12
0020700134,249,1,1,3,8:54 PM,9:33,Williams 18' Jump Shot (11 PTS) (Kidd 11 AST),,,49 - 39,-10
0020700134,250,2,5,3,8:55 PM,9:14,Magloire BLOCK (1 BLK),,MISS Wade  Layup,,
0020700134,251,4,0,3,8:55 PM,9:12,Jefferson REBOUND (Off:0 Def:2),,,,
0020700134,252,6,1,3,8:55 PM,9:02,,,Davis P.FOUL (P2.T2),,
0020700134,253,1,7,3,8:55 PM,8:54,Magloire  Dunk (5 PTS) (Wright 2 AST),,,49 - 41,-8
0020700134,254,9,2,3,8:55 PM,8:44,,,Heat Timeout: Short (Reg.2 Short 1),,
0020700134,256,2,1,3,8:57 PM,8:30,,,MISS Williams 19' Jump Shot,,
0020700134,257,4,0,3,8:57 PM,8:29,Magloire REBOUND (Off:0 Def:7),,,,
0020700134,258,5,1,3,8:57 PM,8:28,Magloire Bad Pass Turnover (P5.T22),,Williams STEAL (5 STL),,
0020700134,259,2,3,3,8:57 PM,8:16,,,MISS O'Neal 9' Hook Shot,,
0020700134,260,4,0,3,8:57 PM,8:15,Kidd REBOUND (Off:0 Def:4),,,,
0020700134,261,1,79,3,8:57 PM,8:00,Kidd 17' Pullup Jump Shot (3 PTS) (Wright 3 AST),,,49 - 43,-6
0020700134,262,2,1,3,8:58 PM,7:42,,,MISS Wade 19' Jump Shot,,
0020700134,263,4,0,3,8:58 PM,7:41,Kidd REBOUND (Off:0 Def:5),,,,
0020700134,264,6,2,3,8:58 PM,7:39,,,Davis S.FOUL (P3.T3),,
0020700134,265,3,11,3,8:58 PM,7:39,Jefferson Free Throw 1 of 2 (15 PTS),,,49 - 44,-5
0020700134,266,3,12,3,8:58 PM,7:39,Jefferson Free Throw 2 of 2 (16 PTS),,,49 - 45,-4
0020700134,267,1,7,3,8:59 PM,7:28,,,O'Neal  Dunk (6 PTS) (Davis 2 AST),51 - 45,-6
0020700134,268,6,2,3,8:59 PM,7:28,Magloire S.FOUL (P3.T2),,,,
0020700134,269,3,10,3,8:59 PM,7:28,,,O'Neal Free Throw 1 of 1 (7 PTS),52 - 45,-7
0020700134,270,5,8,3,8:59 PM,7:15,Magloire 3 Second Violation Turnover (P6.T23),,,,
0020700134,271,2,1,3,9:00 PM,6:52,,,MISS Williams 24' 3PT Jump Shot,,
0020700134,272,4,0,3,9:00 PM,6:51,NETS Rebound,,,,
0020700134,273,8,0,3,9:00 PM,6:51,SUB: Krstic FOR Magloire,,,,
0020700134,274,1,8,3,9:00 PM,6:31,Williams  Slam Dunk (13 PTS) (Wright 4 AST),,,52 - 47,-5
0020700134,275,5,1,3,9:01 PM,6:18,Kidd STEAL (1 STL),,Williams Bad Pass Turnover (P3.T9),,
0020700134,276,5,1,3,9:01 PM,6:15,Kidd Bad Pass Turnover (P7.T24),,Wade STEAL (3 STL),,
0020700134,277,5,4,3,9:01 PM,6:14,,,Wade Traveling Turnover (P5.T10),,
0020700134,278,2,1,3,9:01 PM,6:01,MISS Kidd 22' Jump Shot,,,,
0020700134,279,4,0,3,9:01 PM,5:59,,,O'Neal REBOUND (Off:1 Def:2),,
0020700134,280,1,52,3,9:01 PM,5:48,,,O'Neal  Alley Oop Dunk (9 PTS) (Wade 5 AST),54 - 47,-7
0020700134,281,6,1,3,9:02 PM,5:36,,,Davis P.FOUL (P4.T4),,
0020700134,282,9,1,3,9:02 PM,5:36,NETS Timeout: Regular (Full 3 Short 0),,,,
0020700134,284,8,0,3,9:04 PM,5:36,,,SUB: Hardaway FOR Davis,,
0020700134,285,2,1,3,9:05 PM,5:20,MISS Kidd 21' Jump Shot,,,,
0020700134,286,4,0,3,9:05 PM,5:18,,,Haslem REBOUND (Off:0 Def:2),,
0020700134,287,2,1,3,9:05 PM,5:04,,,MISS Williams 19' Jump Shot,,
0020700134,288,4,0,3,9:05 PM,5:03,NETS Rebound,,,,
0020700134,289,1,1,3,9:05 PM,4:51,Krstic 19' Jump Shot (2 PTS) (Kidd 12 AST),,,54 - 49,-5
0020700134,290,2,56,3,9:06 PM,4:28,,,MISS O'Neal 5' Running Hook Shot,,
0020700134,291,4,0,3,9:06 PM,4:28,Krstic REBOUND (Off:0 Def:2),,,,
0020700134,292,1,5,3,9:06 PM,4:11,Krstic  Layup (4 PTS) (Wright 5 AST),,,54 - 51,-3
0020700134,293,6,2,3,9:06 PM,3:55,Williams S.FOUL (P2.T3),,,,
0020700134,294,8,0,3,9:06 PM,3:55,,,SUB: Cook FOR Wade,,
0020700134,295,3,11,3,9:07 PM,3:55,,,O'Neal Free Throw 1 of 2 (10 PTS),55 - 51,-4
0020700134,298,7,3,3,9:07 PM,3:55,Jefferson Violation:Lane,,,,
0020700134,299,3,12,3,9:07 PM,3:55,,,O'Neal Free Throw 2 of 2 (11 PTS),56 - 51,-5
0020700134,300,1,7,3,9:07 PM,3:46,Wright  Dunk (9 PTS) (Kidd 13 AST),,,56 - 53,-3
0020700134,301,9,1,3,9:08 PM,3:45,,,Heat Timeout: Regular (Reg.3 Short 1),,
0020700134,303,8,0,3,9:10 PM,3:45,,,SUB: Mourning FOR O'Neal,,
0020700134,304,2,1,3,9:10 PM,3:33,,,MISS Haslem 18' Jump Shot,,
0020700134,305,4,0,3,9:10 PM,3:31,,,Heat Rebound,,
0020700134,306,6,3,3,9:10 PM,3:31,Krstic L.B.FOUL (P1.T4),,,,
0020700134,307,5,40,3,9:11 PM,3:21,,,Mourning Out of Bounds Lost Ball Turnover (P1.T11),,
0020700134,308,2,47,3,9:11 PM,3:02,MISS Williams 11' Turnaround Jump Shot,,,,
0020700134,309,4,0,3,9:11 PM,3:01,,,Haslem REBOUND (Off:0 Def:3),,
0020700134,310,1,1,3,9:12 PM,2:47,,,Cook 19' Jump Shot (8 PTS) (Williams 4 AST),58 - 53,-5
0020700134,311,6,1,3,9:12 PM,2:38,,,Mourning P.FOUL (P1.PN),,
0020700134,312,8,0,3,9:12 PM,2:38,SUB: Nachbar FOR Wright,,,,
0020700134,313,3,11,3,9:12 PM,2:38,Kidd Free Throw 1 of 2 (4 PTS),,,58 - 54,-4
0020700134,314,3,12,3,9:12 PM,2:38,Kidd Free Throw 2 of 2 (5 PTS),,,58 - 55,-3
0020700134,315,1,1,3,9:13 PM,2:20,,,Hardaway 23' Jump Shot (7 PTS) (Haslem 2 AST),60 - 55,-5
0020700134,316,2,1,3,9:13 PM,1:57,MISS Krstic 16' Jump Shot,,,,
0020700134,317,4,0,3,9:13 PM,1:55,,,Hardaway REBOUND (Off:0 Def:1),,
0020700134,318,5,1,3,9:13 PM,1:38,Kidd STEAL (2 STL),,Hardaway Bad Pass Turnover (P1.T12),,
0020700134,319,6,2,3,9:14 PM,1:34,,,Haslem S.FOUL (P3.PN),,
0020700134,320,8,0,3,9:14 PM,1:34,SUB: Gill FOR Kidd,,,,
0020700134,321,8,0,3,9:14 PM,1:34,,,SUB: Wade FOR Williams,,
0020700134,322,3,11,3,9:14 PM,1:34,Krstic Free Throw 1 of 2 (5 PTS),,,60 - 56,-4
0020700134,323,8,0,3,9:14 PM,1:34,SUB: Wright FOR Jefferson,,,,
0020700134,324,8,0,3,9:14 PM,1:34,SUB: Allen FOR Williams,,,,
0020700134,325,3,12,3,9:14 PM,1:34,Krstic Free Throw 2 of 2 (6 PTS),,,60 - 57,-3
0020700134,326,2,3,3,9:15 PM,1:15,,,MISS Mourning 7' Hook Shot,,
0020700134,327,4,0,3,9:15 PM,1:13,Wright REBOUND (Off:0 Def:3),,,,
0020700134,328,1,42,3,9:15 PM,1:00,Wright  Driving Layup (11 PTS),,,60 - 59,-1
0020700134,329,6,2,3,9:15 PM,0:46,Gill S.FOUL (P2.PN),,,,
0020700134,330,3,11,3,9:16 PM,0:46,,,MISS Wade Free Throw 1 of 2,,
0020700134,331,4,1,3,9:16 PM,0:46,,,Heat Rebound,,
0020700134,332,3,12,3,9:16 PM,0:46,,,Wade Free Throw 2 of 2 (15 PTS),61 - 59,-2
0020700134,333,5,6,3,9:16 PM,0:33,Allen Double Dribble Turnover (P1.T25),,,,
0020700134,334,2,1,3,9:17 PM,0:22,,,MISS Cook 24' 3PT Jump Shot,,
0020700134,335,4,0,3,9:17 PM,0:21,,,Mourning REBOUND (Off:2 Def:2),,
0020700134,336,1,7,3,9:17 PM,0:04,,,Mourning  Dunk (10 PTS) (Wade 6 AST),63 - 59,-4
0020700134,337,1,1,3,9:17 PM,0:00,Nachbar 19' Jump Shot (3 PTS) (Allen 1 AST),,,63 - 61,-2
0020700134,338,13,0,3,9:17 PM,0:00,,,,63 - 61,-2
0020700134,340,12,0,4,9:20 PM,12:00,,,,63 - 61,-2
0020700134,341,1,5,4,9:20 PM,11:45,,,Haslem  Layup (6 PTS) (Wade 7 AST),65 - 61,-4
0020700134,342,2,1,4,9:21 PM,11:22,MISS Krstic 19' Jump Shot,,,,
0020700134,343,4,0,4,9:21 PM,11:20,,,Wade REBOUND (Off:1 Def:4),,
0020700134,344,1,46,4,9:21 PM,11:07,,,Cook 16' Running Jump Shot (10 PTS) (Hardaway 1 AST),67 - 61,-6
0020700134,345,2,1,4,9:21 PM,10:53,MISS Wright 25' 3PT Jump Shot,,,,
0020700134,346,4,0,4,9:21 PM,10:52,,,Haslem REBOUND (Off:0 Def:4),,
0020700134,347,8,0,4,9:21 PM,10:40,SUB: Kidd FOR Gill,,,,
0020700134,348,8,0,4,9:21 PM,10:40,,,SUB: O'Neal FOR Mourning,,
0020700134,349,1,3,4,9:22 PM,10:35,,,O'Neal 5' Hook Shot (13 PTS) (Haslem 3 AST),69 - 61,-8
0020700134,350,2,1,4,9:22 PM,10:13,MISS Nachbar 25' 3PT Jump Shot,,,,
0020700134,351,4,0,4,9:22 PM,10:12,,,Hardaway REBOUND (Off:0 Def:2),,
0020700134,352,2,63,4,9:23 PM,10:03,,,MISS Wade 16' Fadeaway Jumper,,
0020700134,353,4,0,4,9:23 PM,10:02,Kidd REBOUND (Off:0 Def:6),,,,
0020700134,354,6,1,4,9:23 PM,9:59,,,Cook P.FOUL (P2.T1),,
0020700134,355,8,0,4,9:23 PM,9:59,,,SUB: Williams FOR Wade,,
0020700134,356,2,1,4,9:23 PM,9:50,MISS Krstic 20' Jump Shot,,,,
0020700134,357,4,0,4,9:23 PM,9:48,,,Williams REBOUND (Off:0 Def:1),,
0020700134,358,6,1,4,9:23 PM,9:37,Krstic P.FOUL (P2.T1),,,,
0020700134,359,8,0,4,9:24 PM,9:37,SUB: Collins FOR Krstic,,,,
0020700134,360,8,0,4,9:24 PM,9:37,SUB: Jefferson FOR Wright,,,,
0020700134,361,2,1,4,9:24 PM,9:27,,,MISS Cook 13' Jump Shot,,
0020700134,362,4,0,4,9:24 PM,9:25,NETS Rebound,,,,
0020700134,363,1,1,4,9:24 PM,9:10,Kidd 24' 3PT Jump Shot (8 PTS) (Jefferson 1 AST),,,69 - 64,-5
0020700134,364,1,1,4,9:25 PM,8:54,,,Hardaway 24' 3PT Jump Shot (10 PTS) (Williams 5 AST),72 - 64,-8
0020700134,365,6,4,4,9:25 PM,8:39,Jefferson OFF.Foul (P2),,,,
0020700134,366,5,5,4,9:25 PM,8:39,Jefferson Foul Turnover (P3.T26),,,,
0020700134,368,9,4,4,9:25 PM,8:39,,,,,
0020700134,369,6,1,4,9:28 PM,8:31,Collins P.FOUL (P4.T2),,,,
0020700134,370,5,1,4,9:28 PM,8:26,,,Williams Bad Pass Turnover (P4.T13),,
0020700134,371,6,1,4,9:29 PM,8:16,,,Williams P.FOUL (P3.T2),,
0020700134,372,6,2,4,9:30 PM,8:10,,,Williams S.FOUL (P4.T3),,
0020700134,373,3,11,4,9:30 PM,8:10,Kidd Free Throw 1 of 2 (9 PTS),,,72 - 65,-7
0020700134,374,8,0,4,9:30 PM,8:10,SUB: Wright FOR Nachbar,,,,
0020700134,375,3,12,4,9:30 PM,8:10,Kidd Free Throw 2 of 2 (10 PTS),,,72 - 66,-6
0020700134,376,2,3,4,9:30 PM,7:50,,,MISS O'Neal 7' Hook Shot,,
0020700134,377,4,0,4,9:30 PM,7:49,Allen REBOUND (Off:0 Def:1),,,,
0020700134,378,2,79,4,9:31 PM,7:45,MISS Kidd 16' Pullup Jump Shot,,,,
0020700134,379,4,0,4,9:31 PM,7:43,,,Heat Rebound,,
0020700134,380,6,1,4,9:31 PM,7:34,Allen P.FOUL (P1.T3),,,,
0020700134,381,8,0,4,9:31 PM,7:34,,,SUB: Wade FOR Williams,,
0020700134,382,1,1,4,9:31 PM,7:20,,,Hardaway  3PT Jump Shot (13 PTS) (Wade 8 AST),75 - 66,-9
0020700134,383,6,1,4,9:32 PM,7:07,,,Hardaway P.FOUL (P2.T4),,
0020700134,384,8,0,4,9:32 PM,7:07,SUB: Williams FOR Allen,,,,
0020700134,385,6,2,4,9:32 PM,6:54,,,Cook S.FOUL (P3.PN),,
0020700134,386,3,11,4,9:32 PM,6:54,Collins Free Throw 1 of 2 (3 PTS),,,75 - 67,-8
0020700134,387,3,12,4,9:33 PM,6:54,MISS Collins Free Throw 2 of 2,,,,
0020700134,388,4,0,4,9:33 PM,6:53,,,O'Neal REBOUND (Off:1 Def:3),,
0020700134,389,2,1,4,9:33 PM,6:36,,,MISS Wade 16' Jump Shot,,
0020700134,390,4,0,4,9:33 PM,6:35,Kidd REBOUND (Off:0 Def:7),,,,
0020700134,392,7,2,4,9:33 PM,6:30,,,O'Neal Violation:Defensive Goaltending,,
0020700134,391,1,75,4,9:33 PM,6:30,Kidd  Driving Finger Roll Layup (12 PTS),,,75 - 69,-6
0020700134,393,2,42,4,9:33 PM,6:15,,,MISS Wade  Driving Layup,,
0020700134,394,4,0,4,9:33 PM,6:14,,,O'Neal REBOUND (Off:2 Def:3),,
0020700134,395,6,2,4,9:34 PM,6:14,Williams S.FOUL (P3.T4),,,,
0020700134,396,3,11,4,9:34 PM,6:14,,,O'Neal Free Throw 1 of 2 (14 PTS),76 - 69,-7
0020700134,397,8,0,4,9:34 PM,6:14,,,SUB: Davis FOR Haslem,,
0020700134,398,3,12,4,9:34 PM,6:14,,,O'Neal Free Throw 2 of 2 (15 PTS),77 - 69,-8
0020700134,399,9,1,4,9:35 PM,6:14,NETS Timeout: Regular (Full 4 Short 0),,,,
0020700134,401,2,77,4,9:37 PM,5:56,MISS Kidd 7' Driving Jump Shot,,,,
0020700134,402,4,0,4,9:37 PM,5:55,,,Cook REBOUND (Off:0 Def:1),,
0020700134,403,1,5,4,9:38 PM,5:38,,,O'Neal  Layup (17 PTS),79 - 69,-10
0020700134,404,6,1,4,9:38 PM,5:27,,,Cook P.FOUL (P4.PN),,
0020700134,405,3,11,4,9:38 PM,5:27,Kidd Free Throw 1 of 2 (13 PTS),,,79 - 70,-9
0020700134,406,3,12,4,9:38 PM,5:27,Kidd Free Throw 2 of 2 (14 PTS),,,79 - 71,-8
0020700134,407,6,2,4,9:39 PM,5:13,Collins S.FOUL (P5.PN),,,,
0020700134,408,3,11,4,9:39 PM,5:13,,,MISS O'Neal Free Throw 1 of 2,,
0020700134,409,4,1,4,9:39 PM,5:13,,,Heat Rebound,,
0020700134,410,3,12,4,9:40 PM,5:13,,,O'Neal Free Throw 2 of 2 (18 PTS),80 - 71,-9
0020700134,411,6,1,4,9:40 PM,5:03,,,Davis P.FOUL (P5.PN),,
0020700134,412,3,11,4,9:40 PM,5:03,Williams Free Throw 1 of 2 (14 PTS),,,80 - 72,-8
0020700134,413,3,12,4,9:41 PM,5:03,Williams Free Throw 2 of 2 (15 PTS),,,80 - 73,-7
0020700134,414,2,3,4,9:41 PM,4:48,,,MISS O'Neal 5' Hook Shot,,
0020700134,415,4,0,4,9:41 PM,4:46,Wright REBOUND (Off:0 Def:4),,,,
0020700134,416,6,1,4,9:41 PM,4:39,,,Hardaway P.FOUL (P3.PN),,
0020700134,417,3,11,4,9:42 PM,4:39,Williams Free Throw 1 of 2 (16 PTS),,,80 - 74,-6
0020700134,419,8,0,4,9:42 PM,4:39,,,SUB: Haslem FOR Davis,,
0020700134,422,7,3,4,9:42 PM,4:39,,,Wade Violation:Lane,,
0020700134,423,3,12,4,9:43 PM,4:39,MISS Williams Free Throw 2 of 2,,,,
0020700134,424,4,0,4,9:43 PM,4:38,Wright REBOUND (Off:1 Def:4),,,,
0020700134,425,1,75,4,9:43 PM,4:30,Williams  Driving Finger Roll Layup (18 PTS) (Kidd 14 AST),,,80 - 76,-4
0020700134,426,1,1,4,9:43 PM,4:08,,,Hardaway 26' 3PT Jump Shot (16 PTS) (Wade 9 AST),83 - 76,-7
0020700134,427,6,2,4,9:44 PM,3:55,,,O'Neal S.FOUL (P4.PN),,
0020700134,428,3,11,4,9:44 PM,3:55,Williams Free Throw 1 of 2 (19 PTS),,,83 - 77,-6
0020700134,429,3,12,4,9:44 PM,3:55,Williams Free Throw 2 of 2 (20 PTS),,,83 - 78,-5
0020700134,430,6,4,4,9:44 PM,3:42,,,Wade OFF.Foul (P2),,
0020700134,431,5,5,4,9:44 PM,3:42,,,Wade Foul Turnover (P6.T14),,
0020700134,432,8,0,4,9:45 PM,3:42,,,SUB: Davis FOR Cook,,
0020700134,433,1,1,4,9:45 PM,3:32,Wright 25' 3PT Jump Shot (14 PTS) (Kidd 15 AST),,,83 - 81,-2
0020700134,434,9,1,4,9:45 PM,3:24,,,Heat Timeout: Regular (Reg.4 Short 1),,
0020700134,436,2,46,4,9:48 PM,3:15,,,MISS Wade 8' Running Jump Shot,,
0020700134,437,4,0,4,9:48 PM,3:13,,,Heat Rebound,,
0020700134,438,2,63,4,9:48 PM,2:57,,,MISS Wade 20' Fadeaway Jumper,,
0020700134,439,4,0,4,9:48 PM,2:56,Collins REBOUND (Off:0 Def:1),,,,
0020700134,440,2,1,4,9:49 PM,2:42,MISS Wright  3PT Jump Shot,,,,
0020700134,441,4,0,4,9:49 PM,2:41,Wright REBOUND (Off:2 Def:4),,,,
0020700134,442,5,2,4,9:50 PM,2:26,Jefferson Lost Ball Turnover (P4.T27),,Wade STEAL (4 STL),,
0020700134,443,6,2,4,9:50 PM,2:24,Kidd S.FOUL (P2.PN),,,,
0020700134,444,3,11,4,9:50 PM,2:24,,,Wade Free Throw 1 of 2 (16 PTS),84 - 81,-3
0020700134,445,8,0,4,9:50 PM,2:24,,,SUB: Mourning FOR O'Neal,,
0020700134,446,3,12,4,9:50 PM,2:24,,,Wade Free Throw 2 of 2 (17 PTS),85 - 81,-4
0020700134,447,1,42,4,9:51 PM,2:10,Jefferson  Driving Layup (18 PTS) (Wright 6 AST),,,85 - 83,-2
0020700134,448,6,2,4,9:51 PM,1:54,Wright S.FOUL (P3.PN),,,,
0020700134,449,3,11,4,9:51 PM,1:54,,,Wade Free Throw 1 of 2 (18 PTS),86 - 83,-3
0020700134,450,3,12,4,9:52 PM,1:54,,,Wade Free Throw 2 of 2 (19 PTS),87 - 83,-4
0020700134,451,2,46,4,9:52 PM,1:40,MISS Jefferson 5' Running Jump Shot,,,,
0020700134,452,4,0,4,9:52 PM,1:39,Collins REBOUND (Off:1 Def:1),,,,
0020700134,453,2,4,4,9:52 PM,1:38,MISS Collins  Tip Shot,,,,
0020700134,454,4,0,4,9:52 PM,1:37,,,Haslem REBOUND (Off:0 Def:5),,
0020700134,455,2,86,4,9:52 PM,1:16,,,MISS Wade 15' Turnaround Fadeaway Shot,,
0020700134,456,4,0,4,9:52 PM,1:15,Kidd REBOUND (Off:0 Def:8),,,,
0020700134,457,2,42,4,9:53 PM,1:10,MISS Kidd  Driving Layup,,Wade BLOCK (1 BLK),,
0020700134,458,4,0,4,9:53 PM,1:10,NETS Rebound,,,,
0020700134,459,9,2,4,9:53 PM,1:10,NETS Timeout: Short (Full 4 Short 1),,,,
0020700134,461,1,63,4,9:54 PM,1:00,Kidd 14' Fadeaway Jumper (16 PTS),,,87 - 85,-2
0020700134,462,2,3,4,9:55 PM,0:39,,,MISS Mourning 7' Hook Shot,,
0020700134,463,4,0,4,9:55 PM,0:38,Williams REBOUND (Off:2 Def:4),,,,
0020700134,464,6,2,4,9:55 PM,0:28,,,Haslem S.FOUL (P4.PN),,
0020700134,465,3,11,4,9:55 PM,0:28,MISS Collins Free Throw 1 of 2,,,,
0020700134,466,4,1,4,9:55 PM,0:28,NETS Rebound,,,,
0020700134,467,3,12,4,9:56 PM,0:28,MISS Collins Free Throw 2 of 2,,,,
0020700134,468,4,0,4,9:56 PM,0:27,,,Mourning REBOUND (Off:2 Def:3),,
0020700134,469,6,2,4,9:56 PM,0:14,Collins S.FOUL (P6.PN),,,,
0020700134,470,8,0,4,9:56 PM,0:14,SUB: Magloire FOR Collins,,,,
0020700134,471,3,11,4,9:57 PM,0:14,,,Wade Free Throw 1 of 2 (20 PTS),88 - 85,-3
0020700134,472,3,12,4,9:57 PM,0:14,,,Wade Free Throw 2 of 2 (21 PTS),89 - 85,-4
0020700134,473,9,1,4,9:57 PM,0:14,NETS Timeout: Regular (Full 5 Short 1),,,,
0020700134,475,8,0,4,9:58 PM,0:14,SUB: Nachbar FOR Magloire,,,,
0020700134,476,8,0,4,9:59 PM,0:14,,,SUB: Cook FOR Mourning,,
0020700134,477,2,5,4,9:59 PM,0:12,MISS Jefferson  Layup,,,,
0020700134,478,4,0,4,9:59 PM,0:11,Williams REBOUND (Off:3 Def:4),,,,
0020700134,479,1,87,4,9:59 PM,0:11,Williams  Putback Dunk (22 PTS),,,89 - 87,-2
0020700134,480,6,1,4,9:59 PM,0:10,Kidd P.FOUL (P3.PN),,,,
0020700134,481,3,11,4,10:00 PM,0:10,,,MISS Wade Free Throw 1 of 2,,
0020700134,482,4,1,4,10:00 PM,0:10,,,Heat Rebound,,
0020700134,483,3,12,4,10:00 PM,0:10,,,MISS Wade Free Throw 2 of 2,,
0020700134,484,4,0,4,10:00 PM,0:09,Williams REBOUND (Off:3 Def:5),,,,
0020700134,485,9,2,4,10:00 PM,0:08,NETS Timeout: Short (Full 5 Short 2),,,,
0020700134,487,8,0,4,10:01 PM,0:08,,,SUB: Mourning FOR Cook,,
0020700134,488,2,5,4,10:01 PM,0:05,MISS Jefferson  Layup,,,,
0020700134,489,4,0,4,10:01 PM,0:04,,,Wade REBOUND (Off:1 Def:5),,
0020700134,491,1,1,4,10:03 PM,0:00,,,Wade 16' Jump Shot (23 PTS),91 - 87,-4
0020700134,492,6,2,4,10:03 PM,0:00,Kidd S.FOUL (P4.PN),,,,
0020700134,493,8,0,4,10:05 PM,0:00,SUB: Allen FOR Jefferson,,,,
0020700134,494,8,0,4,10:05 PM,0:00,SUB: Gill FOR Wright,,,,
0020700134,495,3,10,4,10:05 PM,0:00,,,MISS Wade Free Throw 1 of 1,,
0020700134,496,4,0,4,10:05 PM,0:00,Nachbar REBOUND (Off:0 Def:1),,,,
0020700134,497,13,0,4,10:06 PM,0:00,,,,91 - 87,-4
