GAME_ID,EVENTNUM,EVENTMSGTYPE,EVENTMSGACTIONTYPE,PERIOD,WCTIMESTRING,PCTIMESTRING,HOMEDESCRIPTION,NEUTRALDESCRIPTION,VISITORDESCRIPTION,SCORE,SCOREMARGIN,PERSON1TYPE,PLAYER1_ID,PLAYER1_NAME,PLAYER1_TEAM_ID,PLAYER1_TEAM_CITY,PLAYER1_TEAM_NICKNAME,PLAYER1_TEAM_ABBREVIATION,PERSON2TYPE,PLAYER2_ID,PLAYER2_NAME,PLAYER2_TEAM_ID,PLAYER2_TEAM_CITY,PLAYER2_TEAM_NICKNAME,PLAYER2_TEAM_ABBREVIATION,PERSON3TYPE,PLAYER3_ID,PLAYER3_NAME,PLAYER3_TEAM_ID,PLAYER3_TEAM_CITY,PLAYER3_TEAM_NICKNAME,PLAYER3_TEAM_ABBREVIATION,VIDEO_AVAILABLE_FLAG
0020901191,0,12,0,1,8:43 PM,12:00,,,,,,0,0,,,,,,0,0,,,,,,0,0,,,,,,0
0020901191,1,10,0,1,8:43 PM,12:00,Jump Ball Thomas vs. Perkins: Tip to Wallace,,,,,4,703,Kurt Thomas,1610612749.0,Milwaukee,Bucks,MIL,5,2570,Kendrick Perkins,1610612738.0,Boston,Celtics,BOS,5,739,Rasheed Wallace,1610612738.0,Boston,Celtics,BOS,0
0020901191,2,2,65,1,8:43 PM,11:49,,,MISS Perkins 6' Jump Hook Shot,,,5,2570,Kendrick Perkins,1610612738.0,Boston,Celtics,BOS,0,0,,,,,,0,0,,,,,,0
0020901191,3,4,0,1,8:43 PM,11:48,Jennings REBOUND (Off:0 Def:1),,,,,4,201943,Brandon Jennings,1610612749.0,Milwaukee,Bucks,MIL,0,0,,,,,,0,0,,,,,,0
0020901191,4,2,1,1,8:44 PM,11:36,MISS Mbah a Moute 16' Jump Shot,,,,,4,201601,Luc Mbah a Moute,1610612749.0,Milwaukee,Bucks,MIL,0,0,,,,,,0,0,,,,,,0
0020901191,5,4,0,1,8:44 PM,11:35,,,Pierce REBOUND (Off:0 Def:1),,,5,1718,Paul Pierce,1610612738.0,Boston,Celtics,BOS,0,0,,,,,,0,0,,,,,,0
0020901191,6,6,1,1,8:44 PM,11:19,Jennings P.FOUL (P1.T1),,,,,4,201943,Brandon Jennings,1610612749.0,Milwaukee,Bucks,MIL,5,200765,Rajon Rondo,1610612738.0,Boston,Celtics,BOS,1,0,,,,,,0
0020901191,7,1,1,1,8:44 PM,11:19,,,Pierce 6' Jump Shot (2 PTS) (Rondo 1 AST),2 - 0,-2,5,1718,Paul Pierce,1610612738.0,Boston,Celtics,BOS,5,200765,Rajon Rondo,1610612738.0,Boston,Celtics,BOS,0,0,,,,,,0
0020901191,8,2,1,1,8:45 PM,10:57,MISS Mbah a Moute 11' Jump Shot,,,,,4,201601,Luc Mbah a Moute,1610612749.0,Milwaukee,Bucks,MIL,0,0,,,,,,0,0,,,,,,0
0020901191,9,4,0,1,8:45 PM,10:56,,,Rondo REBOUND (Off:0 Def:1),,,5,200765,Rajon Rondo,1610612738.0,Boston,Celtics,BOS,0,0,,,,,,0,0,,,,,,0
0020901191,10,2,1,1,8:45 PM,10:45,,,MISS Wallace 26' 3PT Jump Shot,,,5,739,Rasheed Wallace,1610612738.0,Boston,Celtics,BOS,0,0,,,,,,0,0,,,,,,0
0020901191,11,4,0,1,8:45 PM,10:44,Mbah a Moute REBOUND (Off:0 Def:1),,,,,4,201601,Luc Mbah a Moute,1610612749.0,Milwaukee,Bucks,MIL,0,0,,,,,,0,0,,,,,,0
0020901191,12,1,1,1,8:45 PM,10:25,Thomas 18' Jump Shot (2 PTS) (Delfino 1 AST),,,2 - 2,TIE,4,703,Kurt Thomas,1610612749.0,Milwaukee,Bucks,MIL,4,2568,Carlos Delfino,1610612749.0,Milwaukee,Bucks,MIL,0,0,,,,,,0
0020901191,13,2,1,1,8:45 PM,10:15,,,MISS Rondo 8' Jump Shot,,,5,200765,Rajon Rondo,1610612738.0,Boston,Celtics,BOS,0,0,,,,,,0,0,,,,,,0
0020901191,14,4,0,1,8:45 PM,10:14,Salmons REBOUND (Off:0 Def:1),,,,,4,2422,John Salmons,1610612749.0,Milwaukee,Bucks,MIL,0,0,,,,,,0,0,,,,,,0
0020901191,15,2,1,1,8:46 PM,10:04,MISS Thomas 15' Jump Shot,,,,,4,703,Kurt Thomas,1610612749.0,Milwaukee,Bucks,MIL,0,0,,,,,,0,0,,,,,,0
0020901191,16,4,0,1,8:46 PM,10:03,Mbah a Moute REBOUND (Off:1 Def:1),,,,,4,201601,Luc Mbah a Moute,1610612749.0,Milwaukee,Bucks,MIL,0,0,,,,,,0,0,,,,,,0
0020901191,17,1,1,1,8:46 PM,9:44,Jennings 26' 3PT Jump Shot (3 PTS) (Mbah a Moute 1 AST),,,2 - 5,3,4,201943,Brandon Jennings,1610612749.0,Milwaukee,Bucks,MIL,4,201601,Luc Mbah a Moute,1610612749.0,Milwaukee,Bucks,MIL,0,0,,,,,,0
0020901191,18,1,1,1,8:46 PM,9:29,,,Allen 11' Jump Shot (2 PTS) (Rondo 2 AST),4 - 5,1,5,951,Ray Allen,1610612738.0,Boston,Celtics,BOS,5,200765,Rajon Rondo,1610612738.0,Boston,Celtics,BOS,0,0,,,,,,0
0020901191,19,2,1,1,8:46 PM,9:05,MISS Salmons 26' 3PT Jump Shot,,,,,4,2422,John Salmons,1610612749.0,Milwaukee,Bucks,MIL,0,0,,,,,,0,0,,,,,,0
0020901191,20,4,0,1,8:46 PM,9:03,,,Wallace REBOUND (Off:0 Def:1),,,5,739,Rasheed Wallace,1610612738.0,Boston,Celtics,BOS,0,0,,,,,,0,0,,,,,,0
0020901191,21,6,1,1,8:47 PM,8:54,Thomas P.FOUL (P1.T2),,,,,4,703,Kurt Thomas,1610612749.0,Milwaukee,Bucks,MIL,5,200765,Rajon Rondo,1610612738.0,Boston,Celtics,BOS,1,0,,,,,,0
0020901191,22,2,1,1,8:47 PM,8:45,,,MISS Wallace 10' Jump Shot,,,5,739,Rasheed Wallace,1610612738.0,Boston,Celtics,BOS,0,0,,,,,,0,0,,,,,,0
0020901191,23,4,0,1,8:47 PM,8:44,Thomas REBOUND (Off:0 Def:1),,,,,4,703,Kurt Thomas,1610612749.0,Milwaukee,Bucks,MIL,0,0,,,,,,0,0,,,,,,0
0020901191,24,1,5,1,8:47 PM,8:39,Thomas  Layup (4 PTS) (Jennings 1 AST),,,4 - 7,3,4,703,Kurt Thomas,1610612749.0,Milwaukee,Bucks,MIL,4,201943,Brandon Jennings,1610612749.0,Milwaukee,Bucks,MIL,0,0,,,,,,0
0020901191,25,2,1,1,8:48 PM,8:18,,,MISS Pierce 15' Jump Shot,,,5,1718,Paul Pierce,1610612738.0,Boston,Celtics,BOS,0,0,,,,,,0,0,,,,,,0
0020901191,27,4,0,1,8:48 PM,8:17,,,Wallace REBOUND (Off:1 Def:1),,,5,739,Rasheed Wallace,1610612738.0,Boston,Celtics,BOS,0,0,,,,,,0,0,,,,,,0
0020901191,26,2,4,1,8:48 PM,8:17,,,MISS Wallace  Tip Shot,,,5,739,Rasheed Wallace,1610612738.0,Boston,Celtics,BOS,0,0,,,,,,0,0,,,,,,0
0020901191,28,4,0,1,8:48 PM,8:16,Mbah a Moute REBOUND (Off:1 Def:2),,,,,4,201601,Luc Mbah a Moute,1610612749.0,Milwaukee,Bucks,MIL,0,0,,,,,,0,0,,,,,,0
0020901191,29,2,1,1,8:48 PM,8:06,MISS Mbah a Moute 18' Jump Shot,,,,,4,201601,Luc Mbah a Moute,1610612749.0,Milwaukee,Bucks,MIL,0,0,,,,,,0,0,,,,,,0
0020901191,30,4,0,1,8:48 PM,8:05,,,Pierce REBOUND (Off:0 Def:2),,,5,1718,Paul Pierce,1610612738.0,Boston,Celtics,BOS,0,0,,,,,,0,0,,,,,,0
0020901191,31,2,5,1,8:48 PM,7:54,,,MISS Allen  Layup,,,5,951,Ray Allen,1610612738.0,Boston,Celtics,BOS,0,0,,,,,,0,0,,,,,,0
0020901191,32,4,0,1,8:48 PM,7:53,Mbah a Moute REBOUND (Off:1 Def:3),,,,,4,201601,Luc Mbah a Moute,1610612749.0,Milwaukee,Bucks,MIL,0,0,,,,,,0,0,,,,,,0
0020901191,33,6,1,1,8:48 PM,7:34,,,Perkins P.FOUL (P1.T1),,,5,2570,Kendrick Perkins,1610612738.0,Boston,Celtics,BOS,4,2422,John Salmons,1610612749.0,Milwaukee,Bucks,MIL,1,0,,,,,,0
0020901191,34,2,1,1,8:49 PM,7:31,MISS Delfino 19' Jump Shot,,,,,4,2568,Carlos Delfino,1610612749.0,Milwaukee,Bucks,MIL,0,0,,,,,,0,0,,,,,,0
0020901191,35,4,0,1,8:49 PM,7:29,,,Wallace REBOUND (Off:1 Def:2),,,5,739,Rasheed Wallace,1610612738.0,Boston,Celtics,BOS,0,0,,,,,,0,0,,,,,,0
0020901191,36,6,1,1,8:49 PM,7:25,Delfino P.FOUL (P1.T3),,,,,4,2568,Carlos Delfino,1610612749.0,Milwaukee,Bucks,MIL,5,200765,Rajon Rondo,1610612738.0,Boston,Celtics,BOS,1,0,,,,,,0
0020901191,37,6,4,1,8:49 PM,7:13,,,Pierce OFF.Foul (P1),,,5,1718,Paul Pierce,1610612738.0,Boston,Celtics,BOS,4,703,Kurt Thomas,1610612749.0,Milwaukee,Bucks,MIL,1,0,,,,,,0
0020901191,38,5,5,1,8:49 PM,7:13,,,Pierce Foul Turnover (P1.T1),,,5,1718,Paul Pierce,1610612738.0,Boston,Celtics,BOS,0,0,,,,,,1,0,,,,,,0
0020901191,39,1,1,1,8:50 PM,7:08,Jennings 26' 3PT Jump Shot (6 PTS) (Salmons 1 AST),,,4 - 10,6,4,201943,Brandon Jennings,1610612749.0,Milwaukee,Bucks,MIL,4,2422,John Salmons,1610612749.0,Milwaukee,Bucks,MIL,0,0,,,,,,0
0020901191,40,2,1,1,8:50 PM,6:43,Mbah a Moute BLOCK (1 BLK),,MISS Wallace 11' Jump Shot,,,5,739,Rasheed Wallace,1610612738.0,Boston,Celtics,BOS,0,0,,,,,,4,201601,Luc Mbah a Moute,1610612749.0,Milwaukee,Bucks,MIL,0
0020901191,41,4,0,1,8:50 PM,6:42,,,Wallace REBOUND (Off:2 Def:2),,,5,739,Rasheed Wallace,1610612738.0,Boston,Celtics,BOS,0,0,,,,,,0,0,,,,,,0
0020901191,42,1,5,1,8:50 PM,6:37,,,Wallace  Layup (2 PTS),6 - 10,4,5,739,Rasheed Wallace,1610612738.0,Boston,Celtics,BOS,0,0,,,,,,0,0,,,,,,0
0020901191,43,1,1,1,8:50 PM,6:21,Salmons 26' 3PT Jump Shot (3 PTS) (Mbah a Moute 2 AST),,,6 - 13,7,4,2422,John Salmons,1610612749.0,Milwaukee,Bucks,MIL,4,201601,Luc Mbah a Moute,1610612749.0,Milwaukee,Bucks,MIL,0,0,,,,,,0
0020901191,44,5,1,1,8:51 PM,5:59,Thomas STEAL (1 STL),,Allen Bad Pass Turnover (P1.T2),,,5,951,Ray Allen,1610612738.0,Boston,Celtics,BOS,4,703,Kurt Thomas,1610612749.0,Milwaukee,Bucks,MIL,0,0,,,,,,0
0020901191,45,2,1,1,8:51 PM,5:51,MISS Jennings 19' Jump Shot,,,,,4,201943,Brandon Jennings,1610612749.0,Milwaukee,Bucks,MIL,0,0,,,,,,0,0,,,,,,0
0020901191,46,4,0,1,8:51 PM,5:50,,,Wallace REBOUND (Off:2 Def:3),,,5,739,Rasheed Wallace,1610612738.0,Boston,Celtics,BOS,0,0,,,,,,0,0,,,,,,0
0020901191,47,2,1,1,8:51 PM,5:33,,,MISS Perkins 10' Jump Shot,,,5,2570,Kendrick Perkins,1610612738.0,Boston,Celtics,BOS,0,0,,,,,,0,0,,,,,,0
0020901191,48,4,0,1,8:51 PM,5:28,,,Celtics Rebound,,,3,1610612738,,,,,,0,0,,,,,,0,0,,,,,,0
0020901191,49,9,1,1,8:51 PM,5:28,BUCKS Timeout: Regular (Full 1 Short 0),,,,,2,1610612749,,,,,,0,0,,,,,,0,0,,,,,,0
0020901191,51,8,0,1,8:53 PM,5:28,,,SUB: Robinson FOR Rondo,,,5,200765,Rajon Rondo,1610612738.0,Boston,Celtics,BOS,5,101126,Nate Robinson,1610612738.0,Boston,Celtics,BOS,0,0,,,,,,0
0020901191,52,2,1,1,8:54 PM,5:26,,,MISS Pierce 13' Jump Shot,,,5,1718,Paul Pierce,1610612738.0,Boston,Celtics,BOS,0,0,,,,,,0,0,,,,,,0
0020901191,53,4,0,1,8:54 PM,5:24,Thomas REBOUND (Off:0 Def:2),,,,,4,703,Kurt Thomas,1610612749.0,Milwaukee,Bucks,MIL,0,0,,,,,,0,0,,,,,,0
0020901191,54,1,1,1,8:54 PM,5:02,Salmons 5' Jump Shot (5 PTS),,,6 - 15,9,4,2422,John Salmons,1610612749.0,Milwaukee,Bucks,MIL,0,0,,,,,,0,0,,,,,,0
0020901191,55,1,1,1,8:55 PM,4:38,,,Wallace 26' 3PT Jump Shot (5 PTS) (Allen 1 AST),9 - 15,6,5,739,Rasheed Wallace,1610612738.0,Boston,Celtics,BOS,5,951,Ray Allen,1610612738.0,Boston,Celtics,BOS,0,0,,,,,,0
0020901191,56,5,1,1,8:55 PM,4:25,Salmons Bad Pass Turnover (P1.T1),,Allen STEAL (1 STL),,,4,2422,John Salmons,1610612749.0,Milwaukee,Bucks,MIL,5,951,Ray Allen,1610612738.0,Boston,Celtics,BOS,0,0,,,,,,0
0020901191,57,2,5,1,8:55 PM,4:21,,,MISS Allen  Layup,,,5,951,Ray Allen,1610612738.0,Boston,Celtics,BOS,0,0,,,,,,0,0,,,,,,0
0020901191,58,4,0,1,8:55 PM,4:20,,,Perkins REBOUND (Off:1 Def:0),,,5,2570,Kendrick Perkins,1610612738.0,Boston,Celtics,BOS,0,0,,,,,,0,0,,,,,,0
0020901191,59,5,1,1,8:55 PM,4:17,Delfino STEAL (1 STL),,Perkins Bad Pass Turnover (P1.T3),,,5,2570,Kendrick Perkins,1610612738.0,Boston,Celtics,BOS,4,2568,Carlos Delfino,1610612749.0,Milwaukee,Bucks,MIL,0,0,,,,,,0
0020901191,60,8,0,1,8:56 PM,3:53,SUB: Gadzuric FOR Thomas,,,,,4,703,Kurt Thomas,1610612749.0,Milwaukee,Bucks,MIL,4,2429,Dan Gadzuric,1610612749.0,Milwaukee,Bucks,MIL,0,0,,,,,,0
0020901191,61,8,0,1,8:56 PM,3:53,SUB: Ilyasova FOR Mbah a Moute,,,,,4,201601,Luc Mbah a Moute,1610612749.0,Milwaukee,Bucks,MIL,4,101141,Ersan Ilyasova,1610612749.0,Milwaukee,Bucks,MIL,0,0,,,,,,0
0020901191,62,8,0,1,8:56 PM,3:53,,,SUB: Davis FOR Wallace,,,5,739,Rasheed Wallace,1610612738.0,Boston,Celtics,BOS,5,201175,Glen Davis,1610612738.0,Boston,Celtics,BOS,0,0,,,,,,0
0020901191,63,2,1,1,8:56 PM,3:51,MISS Ilyasova 26' 3PT Jump Shot,,,,,4,101141,Ersan Ilyasova,1610612749.0,Milwaukee,Bucks,MIL,0,0,,,,,,0,0,,,,,,0
0020901191,64,4,0,1,8:56 PM,3:49,BUCKS Rebound,,,,,2,1610612749,,,,,,0,0,,,,,,0,0,,,,,,0
0020901191,65,6,1,1,8:56 PM,3:49,,,Perkins P.FOUL (P2.T2),,,5,2570,Kendrick Perkins,1610612738.0,Boston,Celtics,BOS,4,2429,Dan Gadzuric,1610612749.0,Milwaukee,Bucks,MIL,1,0,,,,,,0
0020901191,66,8,0,1,8:57 PM,3:49,,,SUB: Shel. Williams FOR Perkins,,,5,2570,Kendrick Perkins,1610612738.0,Boston,Celtics,BOS,5,200749,Shelden Williams,1610612738.0,Boston,Celtics,BOS,0,0,,,,,,0
0020901191,67,2,1,1,8:57 PM,3:40,MISS Delfino 27' 3PT Jump Shot,,,,,4,2568,Carlos Delfino,1610612749.0,Milwaukee,Bucks,MIL,0,0,,,,,,0,0,,,,,,0
0020901191,68,4,0,1,8:57 PM,3:37,,,Davis REBOUND (Off:0 Def:1),,,5,201175,Glen Davis,1610612738.0,Boston,Celtics,BOS,0,0,,,,,,0,0,,,,,,0
0020901191,69,7,5,1,8:57 PM,3:24,Jennings Violation:Kicked Ball,,,,,4,201943,Brandon Jennings,1610612749.0,Milwaukee,Bucks,MIL,0,0,,,,,,1,0,,,,,,0
0020901191,70,6,1,1,8:58 PM,3:21,Delfino P.FOUL (P2.T4),,,,,4,2568,Carlos Delfino,1610612749.0,Milwaukee,Bucks,MIL,5,1718,Paul Pierce,1610612738.0,Boston,Celtics,BOS,1,0,,,,,,0
0020901191,71,8,0,1,8:58 PM,3:21,SUB: Stackhouse FOR Delfino,,,,,4,2568,Carlos Delfino,1610612749.0,Milwaukee,Bucks,MIL,4,711,Jerry Stackhouse,1610612749.0,Milwaukee,Bucks,MIL,0,0,,,,,,0
0020901191,72,2,1,1,8:58 PM,3:11,,,MISS Robinson 27' 3PT Jump Shot,,,5,101126,Nate Robinson,1610612738.0,Boston,Celtics,BOS,0,0,,,,,,0,0,,,,,,0
0020901191,73,4,0,1,8:58 PM,3:09,Gadzuric REBOUND (Off:0 Def:1),,,,,4,2429,Dan Gadzuric,1610612749.0,Milwaukee,Bucks,MIL,0,0,,,,,,0,0,,,,,,0
0020901191,74,5,1,1,8:59 PM,2:52,Salmons Bad Pass Turnover (P2.T2),,,,,4,2422,John Salmons,1610612749.0,Milwaukee,Bucks,MIL,0,0,,,,,,0,0,,,,,,0
0020901191,75,9,1,1,8:59 PM,2:52,,,Celtics Timeout: Regular (Reg.1 Short 0),,,3,1610612738,,,,,,0,0,,,,,,0,0,,,,,,0
0020901191,76,2,1,1,9:01 PM,2:34,,,MISS Pierce 15' Jump Shot,,,5,1718,Paul Pierce,1610612738.0,Boston,Celtics,BOS,0,0,,,,,,0,0,,,,,,0
0020901191,77,4,0,1,9:01 PM,2:32,,,Pierce REBOUND (Off:1 Def:2),,,5,1718,Paul Pierce,1610612738.0,Boston,Celtics,BOS,0,0,,,,,,0,0,,,,,,0
0020901191,78,1,5,1,9:01 PM,2:31,,,Pierce  Layup (4 PTS),11 - 15,4,5,1718,Paul Pierce,1610612738.0,Boston,Celtics,BOS,0,0,,,,,,0,0,,,,,,0
0020901191,79,2,1,1,9:02 PM,2:04,MISS Ilyasova 26' 3PT Jump Shot,,,,,4,101141,Ersan Ilyasova,1610612749.0,Milwaukee,Bucks,MIL,0,0,,,,,,0,0,,,,,,0
0020901191,80,4,0,1,9:02 PM,2:04,,,Celtics Rebound,,,3,1610612738,,,,,,0,0,,,,,,0,0,,,,,,0
0020901191,81,2,1,1,9:02 PM,1:54,,,MISS Robinson 25' 3PT Jump Shot,,,5,101126,Nate Robinson,1610612738.0,Boston,Celtics,BOS,0,0,,,,,,0,0,,,,,,0
0020901191,82,4,0,1,9:02 PM,1:52,Jennings REBOUND (Off:0 Def:2),,,,,4,201943,Brandon Jennings,1610612749.0,Milwaukee,Bucks,MIL,0,0,,,,,,0,0,,,,,,0
0020901191,83,1,1,1,9:02 PM,1:46,Jennings 26' 3PT Jump Shot (9 PTS),,,11 - 18,7,4,201943,Brandon Jennings,1610612749.0,Milwaukee,Bucks,MIL,0,0,,,,,,0,0,,,,,,0
0020901191,84,6,1,1,9:03 PM,1:29,Salmons P.FOUL (P1.PN),,,,,4,2422,John Salmons,1610612749.0,Milwaukee,Bucks,MIL,5,951,Ray Allen,1610612738.0,Boston,Celtics,BOS,1,0,,,,,,0
0020901191,85,3,11,1,9:03 PM,1:29,,,Allen Free Throw 1 of 2 (3 PTS),12 - 18,6,5,951,Ray Allen,1610612738.0,Boston,Celtics,BOS,0,0,,,,,,0,0,,,,,,0
0020901191,87,3,12,1,9:03 PM,1:29,,,Allen Free Throw 2 of 2 (4 PTS),13 - 18,5,5,951,Ray Allen,1610612738.0,Boston,Celtics,BOS,0,0,,,,,,0,0,,,,,,0
0020901191,89,2,1,1,9:04 PM,1:12,MISS Stackhouse 24' 3PT Jump Shot,,,,,4,711,Jerry Stackhouse,1610612749.0,Milwaukee,Bucks,MIL,0,0,,,,,,0,0,,,,,,0
0020901191,90,4,0,1,9:04 PM,1:10,,,Pierce REBOUND (Off:1 Def:3),,,5,1718,Paul Pierce,1610612738.0,Boston,Celtics,BOS,0,0,,,,,,0,0,,,,,,0
0020901191,91,2,5,1,9:04 PM,1:03,,,MISS Pierce  Layup,,,5,1718,Paul Pierce,1610612738.0,Boston,Celtics,BOS,0,0,,,,,,0,0,,,,,,0
0020901191,92,4,0,1,9:04 PM,1:02,,,Shel. Williams REBOUND (Off:1 Def:0),,,5,200749,Shelden Williams,1610612738.0,Boston,Celtics,BOS,0,0,,,,,,0,0,,,,,,0
0020901191,93,2,5,1,9:04 PM,0:58,,,MISS Shel. Williams  Layup,,,5,200749,Shelden Williams,1610612738.0,Boston,Celtics,BOS,0,0,,,,,,0,0,,,,,,0
0020901191,94,4,0,1,9:04 PM,0:57,Ilyasova REBOUND (Off:0 Def:1),,,,,4,101141,Ersan Ilyasova,1610612749.0,Milwaukee,Bucks,MIL,0,0,,,,,,0,0,,,,,,0
0020901191,95,8,0,1,9:04 PM,0:38,,,SUB: Allen FOR Allen,,,5,951,Ray Allen,1610612738.0,Boston,Celtics,BOS,5,2754,Tony Allen,1610612738.0,Boston,Celtics,BOS,0,0,,,,,,0
0020901191,96,2,1,1,9:05 PM,0:34,MISS Stackhouse 29' 3PT Jump Shot,,,,,4,711,Jerry Stackhouse,1610612749.0,Milwaukee,Bucks,MIL,0,0,,,,,,0,0,,,,,,0
0020901191,97,4,0,1,9:05 PM,0:33,,,Pierce REBOUND (Off:1 Def:4),,,5,1718,Paul Pierce,1610612738.0,Boston,Celtics,BOS,0,0,,,,,,0,0,,,,,,0
0020901191,98,6,2,1,9:05 PM,0:25,Gadzuric S.FOUL (P1.PN),,,,,4,2429,Dan Gadzuric,1610612749.0,Milwaukee,Bucks,MIL,5,200749,Shelden Williams,1610612738.0,Boston,Celtics,BOS,1,0,,,,,,0
0020901191,99,3,11,1,9:05 PM,0:25,,,Shel. Williams Free Throw 1 of 2 (1 PTS),14 - 18,4,5,200749,Shelden Williams,1610612738.0,Boston,Celtics,BOS,0,0,,,,,,0,0,,,,,,0
0020901191,101,3,12,1,9:06 PM,0:25,,,Shel. Williams Free Throw 2 of 2 (2 PTS),15 - 18,3,5,200749,Shelden Williams,1610612738.0,Boston,Celtics,BOS,0,0,,,,,,0,0,,,,,,0
0020901191,103,6,1,1,9:06 PM,0:04,,,Allen P.FOUL (P1.T3),,,5,2754,Tony Allen,1610612738.0,Boston,Celtics,BOS,4,2422,John Salmons,1610612749.0,Milwaukee,Bucks,MIL,1,0,,,,,,0
0020901191,104,2,1,1,9:06 PM,0:00,MISS Jennings 25' 3PT Jump Shot,,,,,4,201943,Brandon Jennings,1610612749.0,Milwaukee,Bucks,MIL,0,0,,,,,,0,0,,,,,,0
0020901191,105,4,0,1,9:07 PM,0:00,Ilyasova REBOUND (Off:1 Def:1),,,,,4,101141,Ersan Ilyasova,1610612749.0,Milwaukee,Bucks,MIL,0,0,,,,,,0,0,,,,,,0
0020901191,106,2,5,1,9:07 PM,0:00,MISS Ilyasova  Layup,,,,,4,101141,Ersan Ilyasova,1610612749.0,Milwaukee,Bucks,MIL,0,0,,,,,,0,0,,,,,,0
0020901191,107,4,0,1,9:07 PM,0:00,BUCKS Rebound,,,,,2,1610612749,,,,,,0,0,,,,,,0,0,,,,,,0
0020901191,108,13,0,1,9:07 PM,0:00,,,,15 - 18,3,0,0,,,,,,0,0,,,,,,0,0,,,,,,0
0020901191,109,12,0,2,9:09 PM,12:00,,,,15 - 18,3,0,0,,,,,,0,0,,,,,,0,0,,,,,,0
0020901191,110,1,47,2,9:10 PM,11:43,Stackhouse 9' Turnaround Jump Shot (2 PTS),,,15 - 20,5,4,711,Jerry Stackhouse,1610612749.0,Milwaukee,Bucks,MIL,0,0,,,,,,0,0,,,,,,0
0020901191,111,6,1,2,9:10 PM,11:30,Ridnour P.FOUL (P1.T1),,,,,4,2557,Luke Ridnour,1610612749.0,Milwaukee,Bucks,MIL,5,1718,Paul Pierce,1610612738.0,Boston,Celtics,BOS,1,0,,,,,,0
0020901191,112,2,5,2,9:10 PM,11:22,Gadzuric BLOCK (1 BLK),,MISS Pierce  Layup,,,5,1718,Paul Pierce,1610612738.0,Boston,Celtics,BOS,0,0,,,,,,4,2429,Dan Gadzuric,1610612749.0,Milwaukee,Bucks,MIL,0
0020901191,113,4,0,2,9:10 PM,11:20,Delfino REBOUND (Off:0 Def:1),,,,,4,2568,Carlos Delfino,1610612749.0,Milwaukee,Bucks,MIL,0,0,,,,,,0,0,,,,,,0
0020901191,114,1,5,2,9:11 PM,10:58,Gadzuric  Layup (2 PTS) (Ilyasova 1 AST),,,15 - 22,7,4,2429,Dan Gadzuric,1610612749.0,Milwaukee,Bucks,MIL,4,101141,Ersan Ilyasova,1610612749.0,Milwaukee,Bucks,MIL,0,0,,,,,,0
0020901191,115,1,66,2,9:11 PM,10:37,,,Robinson 17' Jump Bank Shot (2 PTS),17 - 22,5,5,101126,Nate Robinson,1610612738.0,Boston,Celtics,BOS,0,0,,,,,,0,0,,,,,,0
0020901191,116,1,1,2,9:11 PM,10:23,Stackhouse 12' Jump Shot (4 PTS),,,17 - 24,7,4,711,Jerry Stackhouse,1610612749.0,Milwaukee,Bucks,MIL,0,0,,,,,,0,0,,,,,,0
0020901191,117,8,0,2,9:11 PM,10:14,,,SUB: Finley FOR Pierce,,,5,1718,Paul Pierce,1610612738.0,Boston,Celtics,BOS,5,714,Michael Finley,1610612738.0,Boston,Celtics,BOS,0,0,,,,,,0
0020901191,118,6,2,2,9:12 PM,9:59,Ilyasova S.FOUL (P1.T2),,,,,4,101141,Ersan Ilyasova,1610612749.0,Milwaukee,Bucks,MIL,5,201175,Glen Davis,1610612738.0,Boston,Celtics,BOS,1,0,,,,,,0
0020901191,119,3,11,2,9:12 PM,9:59,,,Davis Free Throw 1 of 2 (1 PTS),18 - 24,6,5,201175,Glen Davis,1610612738.0,Boston,Celtics,BOS,0,0,,,,,,0,0,,,,,,0
0020901191,121,3,12,2,9:13 PM,9:59,,,Davis Free Throw 2 of 2 (2 PTS),19 - 24,5,5,201175,Glen Davis,1610612738.0,Boston,Celtics,BOS,0,0,,,,,,0,0,,,,,,0
0020901191,123,2,1,2,9:13 PM,9:45,MISS Stackhouse 8' Jump Shot,,,,,4,711,Jerry Stackhouse,1610612749.0,Milwaukee,Bucks,MIL,0,0,,,,,,0,0,,,,,,0
0020901191,124,4,0,2,9:13 PM,9:44,,,Allen REBOUND (Off:0 Def:1),,,5,2754,Tony Allen,1610612738.0,Boston,Celtics,BOS,0,0,,,,,,0,0,,,,,,0
0020901191,125,2,1,2,9:13 PM,9:32,,,MISS Robinson 19' Jump Shot,,,5,101126,Nate Robinson,1610612738.0,Boston,Celtics,BOS,0,0,,,,,,0,0,,,,,,0
0020901191,126,4,0,2,9:13 PM,9:31,Ridnour REBOUND (Off:0 Def:1),,,,,4,2557,Luke Ridnour,1610612749.0,Milwaukee,Bucks,MIL,0,0,,,,,,0,0,,,,,,0
0020901191,127,2,1,2,9:13 PM,9:24,MISS Delfino 27' 3PT Jump Shot,,,,,4,2568,Carlos Delfino,1610612749.0,Milwaukee,Bucks,MIL,0,0,,,,,,0,0,,,,,,0
0020901191,128,4,0,2,9:13 PM,9:23,,,Robinson REBOUND (Off:0 Def:1),,,5,101126,Nate Robinson,1610612738.0,Boston,Celtics,BOS,0,0,,,,,,0,0,,,,,,0
0020901191,129,1,5,2,9:13 PM,9:18,,,Robinson  Layup (4 PTS),21 - 24,3,5,101126,Nate Robinson,1610612738.0,Boston,Celtics,BOS,0,0,,,,,,0,0,,,,,,0
0020901191,130,2,5,2,9:14 PM,9:10,MISS Gadzuric  Layup,,,,,4,2429,Dan Gadzuric,1610612749.0,Milwaukee,Bucks,MIL,0,0,,,,,,0,0,,,,,,0
0020901191,131,4,0,2,9:14 PM,9:10,Stackhouse REBOUND (Off:1 Def:0),,,,,4,711,Jerry Stackhouse,1610612749.0,Milwaukee,Bucks,MIL,0,0,,,,,,0,0,,,,,,0
0020901191,132,6,1,2,9:14 PM,9:10,,,Finley P.FOUL (P1.T1),,,5,714,Michael Finley,1610612738.0,Boston,Celtics,BOS,4,711,Jerry Stackhouse,1610612749.0,Milwaukee,Bucks,MIL,1,0,,,,,,0
0020901191,133,8,0,2,9:14 PM,9:10,SUB: Mbah a Moute FOR Ilyasova,,,,,4,101141,Ersan Ilyasova,1610612749.0,Milwaukee,Bucks,MIL,4,201601,Luc Mbah a Moute,1610612749.0,Milwaukee,Bucks,MIL,0,0,,,,,,0
0020901191,134,2,1,2,9:14 PM,9:04,MISS Ridnour 14' Jump Shot,,,,,4,2557,Luke Ridnour,1610612749.0,Milwaukee,Bucks,MIL,0,0,,,,,,0,0,,,,,,0
0020901191,135,4,0,2,9:14 PM,9:03,,,Shel. Williams REBOUND (Off:1 Def:1),,,5,200749,Shelden Williams,1610612738.0,Boston,Celtics,BOS,0,0,,,,,,0,0,,,,,,0
0020901191,136,2,1,2,9:14 PM,8:48,,,MISS Shel. Williams 14' Jump Shot,,,5,200749,Shelden Williams,1610612738.0,Boston,Celtics,BOS,0,0,,,,,,0,0,,,,,,0
0020901191,137,4,0,2,9:14 PM,8:47,Stackhouse REBOUND (Off:1 Def:1),,,,,4,711,Jerry Stackhouse,1610612749.0,Milwaukee,Bucks,MIL,0,0,,,,,,0,0,,,,,,0
0020901191,138,1,5,2,9:15 PM,8:27,Mbah a Moute  Layup (2 PTS),,,21 - 26,5,4,201601,Luc Mbah a Moute,1610612749.0,Milwaukee,Bucks,MIL,0,0,,,,,,0,0,,,,,,0
0020901191,139,2,3,2,9:15 PM,8:04,,,MISS Davis 9' Hook Shot,,,5,201175,Glen Davis,1610612738.0,Boston,Celtics,BOS,0,0,,,,,,0,0,,,,,,0
0020901191,140,4,0,2,9:15 PM,8:03,Gadzuric REBOUND (Off:0 Def:2),,,,,4,2429,Dan Gadzuric,1610612749.0,Milwaukee,Bucks,MIL,0,0,,,,,,0,0,,,,,,0
0020901191,141,2,1,2,9:15 PM,7:55,MISS Ridnour 18' Jump Shot,,,,,4,2557,Luke Ridnour,1610612749.0,Milwaukee,Bucks,MIL,0,0,,,,,,0,0,,,,,,0
0020901191,142,4,0,2,9:15 PM,7:54,,,Davis REBOUND (Off:0 Def:2),,,5,201175,Glen Davis,1610612738.0,Boston,Celtics,BOS,0,0,,,,,,0,0,,,,,,0
0020901191,143,6,2,2,9:15 PM,7:48,Mbah a Moute S.FOUL (P1.T3),,,,,4,201601,Luc Mbah a Moute,1610612749.0,Milwaukee,Bucks,MIL,5,200749,Shelden Williams,1610612738.0,Boston,Celtics,BOS,1,0,,,,,,0
0020901191,144,9,4,2,9:16 PM,7:48,,,,,,1,0,,,,,,0,0,,,,,,0,0,,,,,,0
0020901191,145,8,0,2,9:18 PM,7:48,SUB: Thomas FOR Gadzuric,,,,,4,2429,Dan Gadzuric,1610612749.0,Milwaukee,Bucks,MIL,4,703,Kurt Thomas,1610612749.0,Milwaukee,Bucks,MIL,0,0,,,,,,0
0020901191,146,8,0,2,9:18 PM,7:48,,,SUB: Rondo FOR Robinson,,,5,101126,Nate Robinson,1610612738.0,Boston,Celtics,BOS,5,200765,Rajon Rondo,1610612738.0,Boston,Celtics,BOS,0,0,,,,,,0
0020901191,147,3,11,2,9:18 PM,7:48,,,Shel. Williams Free Throw 1 of 2 (3 PTS),22 - 26,4,5,200749,Shelden Williams,1610612738.0,Boston,Celtics,BOS,0,0,,,,,,0,0,,,,,,0
0020901191,149,3,12,2,9:19 PM,7:48,,,Shel. Williams Free Throw 2 of 2 (4 PTS),23 - 26,3,5,200749,Shelden Williams,1610612738.0,Boston,Celtics,BOS,0,0,,,,,,0,0,,,,,,0
0020901191,151,6,1,2,9:19 PM,7:38,,,Allen P.FOUL (P2.T2),,,5,2754,Tony Allen,1610612738.0,Boston,Celtics,BOS,4,711,Jerry Stackhouse,1610612749.0,Milwaukee,Bucks,MIL,1,0,,,,,,0
0020901191,152,8,0,2,9:19 PM,7:38,,,SUB: Wallace FOR Shel. Williams,,,5,200749,Shelden Williams,1610612738.0,Boston,Celtics,BOS,5,739,Rasheed Wallace,1610612738.0,Boston,Celtics,BOS,0,0,,,,,,0
0020901191,153,2,1,2,9:19 PM,7:23,MISS Ridnour 20' Jump Shot,,,,,4,2557,Luke Ridnour,1610612749.0,Milwaukee,Bucks,MIL,0,0,,,,,,0,0,,,,,,0
0020901191,154,4,0,2,9:19 PM,7:22,Thomas REBOUND (Off:1 Def:2),,,,,4,703,Kurt Thomas,1610612749.0,Milwaukee,Bucks,MIL,0,0,,,,,,0,0,,,,,,0
0020901191,155,5,1,2,9:19 PM,7:20,Thomas Bad Pass Turnover (P1.T3),,Finley STEAL (1 STL),,,4,703,Kurt Thomas,1610612749.0,Milwaukee,Bucks,MIL,5,714,Michael Finley,1610612738.0,Boston,Celtics,BOS,0,0,,,,,,0
0020901191,156,1,5,2,9:20 PM,7:15,,,Allen  Layup (2 PTS),25 - 26,1,5,2754,Tony Allen,1610612738.0,Boston,Celtics,BOS,0,0,,,,,,0,0,,,,,,0
0020901191,157,7,1,2,9:20 PM,7:15,,,Celtics Violation: Delay of game Violation,,,3,1610612738,,,,,,0,0,,,,,,1,0,,,,,,0
0020901191,158,1,1,2,9:20 PM,6:55,Ridnour  3PT Jump Shot (3 PTS) (Delfino 2 AST),,,25 - 29,4,4,2557,Luke Ridnour,1610612749.0,Milwaukee,Bucks,MIL,4,2568,Carlos Delfino,1610612749.0,Milwaukee,Bucks,MIL,0,0,,,,,,0
0020901191,159,6,2,2,9:20 PM,6:34,Stackhouse S.FOUL (P1.T4),,,,,4,711,Jerry Stackhouse,1610612749.0,Milwaukee,Bucks,MIL,5,2754,Tony Allen,1610612738.0,Boston,Celtics,BOS,1,0,,,,,,0
0020901191,160,3,11,2,9:21 PM,6:34,,,MISS Allen Free Throw 1 of 2,,,5,2754,Tony Allen,1610612738.0,Boston,Celtics,BOS,0,0,,,,,,0,0,,,,,,0
0020901191,161,4,1,2,9:21 PM,6:34,,,Celtics Rebound,,,3,1610612738,,,,,,0,0,,,,,,0,0,,,,,,0
0020901191,162,3,12,2,9:21 PM,6:34,,,Allen Free Throw 2 of 2 (3 PTS),26 - 29,3,5,2754,Tony Allen,1610612738.0,Boston,Celtics,BOS,0,0,,,,,,0,0,,,,,,0
0020901191,164,2,1,2,9:22 PM,6:15,MISS Thomas 9' Jump Shot,,,,,4,703,Kurt Thomas,1610612749.0,Milwaukee,Bucks,MIL,0,0,,,,,,0,0,,,,,,0
0020901191,165,4,0,2,9:22 PM,6:14,,,Davis REBOUND (Off:0 Def:3),,,5,201175,Glen Davis,1610612738.0,Boston,Celtics,BOS,0,0,,,,,,0,0,,,,,,0
0020901191,166,6,2,2,9:22 PM,5:59,Mbah a Moute S.FOUL (P2.PN),,,,,4,201601,Luc Mbah a Moute,1610612749.0,Milwaukee,Bucks,MIL,5,201175,Glen Davis,1610612738.0,Boston,Celtics,BOS,1,0,,,,,,0
0020901191,167,9,1,2,9:22 PM,5:59,BUCKS Timeout: Regular (Full 2 Short 0),,,,,2,1610612749,,,,,,0,0,,,,,,0,0,,,,,,0
0020901191,168,8,0,2,9:24 PM,5:59,SUB: Ilyasova FOR Mbah a Moute,,,,,4,201601,Luc Mbah a Moute,1610612749.0,Milwaukee,Bucks,MIL,4,101141,Ersan Ilyasova,1610612749.0,Milwaukee,Bucks,MIL,0,0,,,,,,0
0020901191,169,8,0,2,9:24 PM,5:59,SUB: Salmons FOR Stackhouse,,,,,4,711,Jerry Stackhouse,1610612749.0,Milwaukee,Bucks,MIL,4,2422,John Salmons,1610612749.0,Milwaukee,Bucks,MIL,0,0,,,,,,0
0020901191,170,8,0,2,9:24 PM,5:59,SUB: Jennings FOR Ridnour,,,,,4,2557,Luke Ridnour,1610612749.0,Milwaukee,Bucks,MIL,4,201943,Brandon Jennings,1610612749.0,Milwaukee,Bucks,MIL,0,0,,,,,,0
0020901191,171,3,11,2,9:24 PM,5:59,,,Davis Free Throw 1 of 2 (3 PTS),27 - 29,2,5,201175,Glen Davis,1610612738.0,Boston,Celtics,BOS,0,0,,,,,,0,0,,,,,,0
0020901191,173,3,12,2,9:25 PM,5:59,,,Davis Free Throw 2 of 2 (4 PTS),28 - 29,1,5,201175,Glen Davis,1610612738.0,Boston,Celtics,BOS,0,0,,,,,,0,0,,,,,,0
0020901191,175,2,1,2,9:25 PM,5:40,MISS Ilyasova 26' 3PT Jump Shot,,,,,4,101141,Ersan Ilyasova,1610612749.0,Milwaukee,Bucks,MIL,0,0,,,,,,0,0,,,,,,0
0020901191,176,4,0,2,9:25 PM,5:39,,,Davis REBOUND (Off:0 Def:4),,,5,201175,Glen Davis,1610612738.0,Boston,Celtics,BOS,0,0,,,,,,0,0,,,,,,0
0020901191,177,1,1,2,9:25 PM,5:25,,,Wallace 26' 3PT Jump Shot (8 PTS) (Rondo 3 AST),31 - 29,-2,5,739,Rasheed Wallace,1610612738.0,Boston,Celtics,BOS,5,200765,Rajon Rondo,1610612738.0,Boston,Celtics,BOS,0,0,,,,,,0
0020901191,178,1,1,2,9:26 PM,5:02,Jennings 26' 3PT Jump Shot (12 PTS),,,31 - 32,1,4,201943,Brandon Jennings,1610612749.0,Milwaukee,Bucks,MIL,0,0,,,,,,0,0,,,,,,0
0020901191,179,2,47,2,9:26 PM,4:36,,,MISS Davis 14' Turnaround Jump Shot,,,5,201175,Glen Davis,1610612738.0,Boston,Celtics,BOS,0,0,,,,,,0,0,,,,,,0
0020901191,180,4,0,2,9:26 PM,4:35,Delfino REBOUND (Off:0 Def:2),,,,,4,2568,Carlos Delfino,1610612749.0,Milwaukee,Bucks,MIL,0,0,,,,,,0,0,,,,,,0
0020901191,181,6,2,2,9:27 PM,4:23,,,Wallace S.FOUL (P1.T3),,,5,739,Rasheed Wallace,1610612738.0,Boston,Celtics,BOS,4,101141,Ersan Ilyasova,1610612749.0,Milwaukee,Bucks,MIL,1,0,,,,,,0
0020901191,182,8,0,2,9:27 PM,4:23,,,SUB: Allen FOR Finley,,,5,714,Michael Finley,1610612738.0,Boston,Celtics,BOS,5,951,Ray Allen,1610612738.0,Boston,Celtics,BOS,0,0,,,,,,0
0020901191,183,8,0,2,9:27 PM,4:23,,,SUB: Pierce FOR Allen,,,5,2754,Tony Allen,1610612738.0,Boston,Celtics,BOS,5,1718,Paul Pierce,1610612738.0,Boston,Celtics,BOS,0,0,,,,,,0
0020901191,184,3,11,2,9:27 PM,4:23,MISS Ilyasova Free Throw 1 of 2,,,,,4,101141,Ersan Ilyasova,1610612749.0,Milwaukee,Bucks,MIL,0,0,,,,,,0,0,,,,,,0
0020901191,185,4,1,2,9:27 PM,4:23,BUCKS Rebound,,,,,2,1610612749,,,,,,0,0,,,,,,0,0,,,,,,0
0020901191,186,3,12,2,9:27 PM,4:23,Ilyasova Free Throw 2 of 2 (1 PTS),,,31 - 33,2,4,101141,Ersan Ilyasova,1610612749.0,Milwaukee,Bucks,MIL,0,0,,,,,,0,0,,,,,,0
0020901191,188,2,1,2,9:28 PM,4:01,,,MISS Wallace 5' Jump Shot,,,5,739,Rasheed Wallace,1610612738.0,Boston,Celtics,BOS,0,0,,,,,,0,0,,,,,,0
0020901191,189,4,0,2,9:28 PM,4:00,Ilyasova REBOUND (Off:1 Def:2),,,,,4,101141,Ersan Ilyasova,1610612749.0,Milwaukee,Bucks,MIL,0,0,,,,,,0,0,,,,,,0
0020901191,190,6,1,2,9:28 PM,3:59,,,Allen P.FOUL (P1.T4),,,5,951,Ray Allen,1610612738.0,Boston,Celtics,BOS,4,201943,Brandon Jennings,1610612749.0,Milwaukee,Bucks,MIL,1,0,,,,,,0
0020901191,191,8,0,2,9:28 PM,3:59,,,SUB: Perkins FOR Davis,,,5,201175,Glen Davis,1610612738.0,Boston,Celtics,BOS,5,2570,Kendrick Perkins,1610612738.0,Boston,Celtics,BOS,0,0,,,,,,0
0020901191,192,1,1,2,9:29 PM,3:44,Salmons 12' Jump Shot (7 PTS),,,31 - 35,4,4,2422,John Salmons,1610612749.0,Milwaukee,Bucks,MIL,0,0,,,,,,0,0,,,,,,0
0020901191,194,1,46,2,9:29 PM,3:23,,,Wallace 13' Running Jump Shot (10 PTS),33 - 35,2,5,739,Rasheed Wallace,1610612738.0,Boston,Celtics,BOS,0,0,,,,,,0,0,,,,,,0
0020901191,195,6,1,2,9:29 PM,3:02,,,Wallace P.FOUL (P2.PN),,,5,739,Rasheed Wallace,1610612738.0,Boston,Celtics,BOS,4,101141,Ersan Ilyasova,1610612749.0,Milwaukee,Bucks,MIL,1,0,,,,,,0
0020901191,196,3,11,2,9:30 PM,3:02,Ilyasova Free Throw 1 of 2 (2 PTS),,,33 - 36,3,4,101141,Ersan Ilyasova,1610612749.0,Milwaukee,Bucks,MIL,0,0,,,,,,0,0,,,,,,0
0020901191,198,3,12,2,9:30 PM,3:02,Ilyasova Free Throw 2 of 2 (3 PTS),,,33 - 37,4,4,101141,Ersan Ilyasova,1610612749.0,Milwaukee,Bucks,MIL,0,0,,,,,,0,0,,,,,,0
0020901191,200,6,17,2,9:30 PM,2:46,BUCKS T.Foul (Def. 3 Sec Ilyasova ),,,,,4,101141,Ersan Ilyasova,1610612749.0,Milwaukee,Bucks,MIL,0,0,,,,,,1,0,,,,,,0
0020901191,201,9,1,2,9:31 PM,2:46,,,Celtics Timeout: Regular (Reg.2 Short 0),,,3,1610612738,,,,,,0,0,,,,,,0,0,,,,,,0
0020901191,202,3,16,2,9:33 PM,2:46,,,Allen Free Throw Technical (5 PTS),34 - 37,3,5,951,Ray Allen,1610612738.0,Boston,Celtics,BOS,0,0,,,,,,0,0,,,,,,0
0020901191,205,2,5,2,9:34 PM,2:32,,,MISS Perkins  Layup,,,5,2570,Kendrick Perkins,1610612738.0,Boston,Celtics,BOS,0,0,,,,,,0,0,,,,,,0
0020901191,206,4,0,2,9:34 PM,2:31,BUCKS Rebound,,,,,2,1610612749,,,,,,0,0,,,,,,0,0,,,,,,0
0020901191,207,6,1,2,9:34 PM,2:17,,,Allen P.FOUL (P2.PN),,,5,951,Ray Allen,1610612738.0,Boston,Celtics,BOS,4,2422,John Salmons,1610612749.0,Milwaukee,Bucks,MIL,1,0,,,,,,0
0020901191,208,3,11,2,9:34 PM,2:17,Salmons Free Throw 1 of 2 (8 PTS),,,34 - 38,4,4,2422,John Salmons,1610612749.0,Milwaukee,Bucks,MIL,0,0,,,,,,0,0,,,,,,0
0020901191,210,3,12,2,9:35 PM,2:17,MISS Salmons Free Throw 2 of 2,,,,,4,2422,John Salmons,1610612749.0,Milwaukee,Bucks,MIL,0,0,,,,,,0,0,,,,,,0
0020901191,212,4,0,2,9:35 PM,2:16,,,Perkins REBOUND (Off:1 Def:1),,,5,2570,Kendrick Perkins,1610612738.0,Boston,Celtics,BOS,0,0,,,,,,0,0,,,,,,0
0020901191,213,1,1,2,9:35 PM,2:05,,,Allen 21' Jump Shot (7 PTS) (Rondo 4 AST),36 - 38,2,5,951,Ray Allen,1610612738.0,Boston,Celtics,BOS,5,200765,Rajon Rondo,1610612738.0,Boston,Celtics,BOS,0,0,,,,,,0
0020901191,214,1,1,2,9:36 PM,1:45,Delfino 16' Jump Shot (2 PTS),,,36 - 40,4,4,2568,Carlos Delfino,1610612749.0,Milwaukee,Bucks,MIL,0,0,,,,,,0,0,,,,,,0
0020901191,215,5,1,2,9:36 PM,1:34,Delfino STEAL (2 STL),,Rondo Bad Pass Turnover (P1.T4),,,5,200765,Rajon Rondo,1610612738.0,Boston,Celtics,BOS,4,2568,Carlos Delfino,1610612749.0,Milwaukee,Bucks,MIL,0,0,,,,,,0
0020901191,216,6,1,2,9:36 PM,1:34,,,Rondo P.FOUL (P1.PN),,,5,200765,Rajon Rondo,1610612738.0,Boston,Celtics,BOS,4,2568,Carlos Delfino,1610612749.0,Milwaukee,Bucks,MIL,1,0,,,,,,0
0020901191,217,3,11,2,9:36 PM,1:34,MISS Delfino Free Throw 1 of 2,,,,,4,2568,Carlos Delfino,1610612749.0,Milwaukee,Bucks,MIL,0,0,,,,,,0,0,,,,,,0
0020901191,218,4,1,2,9:36 PM,1:34,BUCKS Rebound,,,,,2,1610612749,,,,,,0,0,,,,,,0,0,,,,,,0
0020901191,219,3,12,2,9:36 PM,1:34,MISS Delfino Free Throw 2 of 2,,,,,4,2568,Carlos Delfino,1610612749.0,Milwaukee,Bucks,MIL,0,0,,,,,,0,0,,,,,,0
0020901191,221,4,0,2,9:37 PM,1:33,,,Wallace REBOUND (Off:2 Def:4),,,5,739,Rasheed Wallace,1610612738.0,Boston,Celtics,BOS,0,0,,,,,,0,0,,,,,,0
0020901191,222,1,5,2,9:37 PM,1:17,,,Rondo  Layup (2 PTS) (Wallace 1 AST),38 - 40,2,5,200765,Rajon Rondo,1610612738.0,Boston,Celtics,BOS,5,739,Rasheed Wallace,1610612738.0,Boston,Celtics,BOS,0,0,,,,,,0
0020901191,223,2,1,2,9:37 PM,0:57,MISS Delfino  3PT Jump Shot,,,,,4,2568,Carlos Delfino,1610612749.0,Milwaukee,Bucks,MIL,0,0,,,,,,0,0,,,,,,0
0020901191,224,4,0,2,9:37 PM,0:56,,,Allen REBOUND (Off:0 Def:1),,,5,951,Ray Allen,1610612738.0,Boston,Celtics,BOS,0,0,,,,,,0,0,,,,,,0
0020901191,225,6,1,2,9:37 PM,0:46,Jennings P.FOUL (P2.PN),,,,,4,201943,Brandon Jennings,1610612749.0,Milwaukee,Bucks,MIL,5,200765,Rajon Rondo,1610612738.0,Boston,Celtics,BOS,1,0,,,,,,0
0020901191,226,8,0,2,9:38 PM,0:46,SUB: Ridnour FOR Jennings,,,,,4,201943,Brandon Jennings,1610612749.0,Milwaukee,Bucks,MIL,4,2557,Luke Ridnour,1610612749.0,Milwaukee,Bucks,MIL,0,0,,,,,,0
0020901191,227,8,0,2,9:38 PM,0:46,SUB: Stackhouse FOR Delfino,,,,,4,2568,Carlos Delfino,1610612749.0,Milwaukee,Bucks,MIL,4,711,Jerry Stackhouse,1610612749.0,Milwaukee,Bucks,MIL,0,0,,,,,,0
0020901191,228,3,11,2,9:38 PM,0:46,,,Rondo Free Throw 1 of 2 (3 PTS),39 - 40,1,5,200765,Rajon Rondo,1610612738.0,Boston,Celtics,BOS,0,0,,,,,,0,0,,,,,,0
0020901191,230,8,0,2,9:38 PM,0:46,,,SUB: Allen FOR Allen,,,5,951,Ray Allen,1610612738.0,Boston,Celtics,BOS,5,2754,Tony Allen,1610612738.0,Boston,Celtics,BOS,0,0,,,,,,0
0020901191,231,3,12,2,9:38 PM,0:46,,,MISS Rondo Free Throw 2 of 2,,,5,200765,Rajon Rondo,1610612738.0,Boston,Celtics,BOS,0,0,,,,,,0,0,,,,,,0
0020901191,233,4,0,2,9:38 PM,0:45,,,Wallace REBOUND (Off:3 Def:4),,,5,739,Rasheed Wallace,1610612738.0,Boston,Celtics,BOS,0,0,,,,,,0,0,,,,,,0
0020901191,234,8,0,2,9:39 PM,0:42,,,SUB: Allen FOR Allen,,,5,2754,Tony Allen,1610612738.0,Boston,Celtics,BOS,5,951,Ray Allen,1610612738.0,Boston,Celtics,BOS,0,0,,,,,,0
0020901191,235,5,1,2,9:39 PM,0:32,Salmons STEAL (1 STL),,Rondo Bad Pass Turnover (P2.T5),,,5,200765,Rajon Rondo,1610612738.0,Boston,Celtics,BOS,4,2422,John Salmons,1610612749.0,Milwaukee,Bucks,MIL,0,0,,,,,,0
0020901191,236,2,1,2,9:39 PM,0:13,MISS Ridnour 13' Jump Shot,,,,,4,2557,Luke Ridnour,1610612749.0,Milwaukee,Bucks,MIL,0,0,,,,,,0,0,,,,,,0
0020901191,237,4,0,2,9:39 PM,0:12,,,Rondo REBOUND (Off:0 Def:2),,,5,200765,Rajon Rondo,1610612738.0,Boston,Celtics,BOS,0,0,,,,,,0,0,,,,,,0
0020901191,238,1,5,2,9:40 PM,0:01,,,Pierce  Layup (6 PTS) (Rondo 5 AST),41 - 40,-1,5,1718,Paul Pierce,1610612738.0,Boston,Celtics,BOS,5,200765,Rajon Rondo,1610612738.0,Boston,Celtics,BOS,0,0,,,,,,0
0020901191,239,13,0,2,9:40 PM,0:00,,,,41 - 40,-1,0,0,,,,,,0,0,,,,,,0,0,,,,,,0
0020901191,241,12,0,3,9:56 PM,12:00,,,,41 - 40,-1,0,0,,,,,,0,0,,,,,,0,0,,,,,,0
0020901191,242,1,5,3,9:56 PM,11:41,Salmons  Layup (10 PTS),,,41 - 42,1,4,2422,John Salmons,1610612749.0,Milwaukee,Bucks,MIL,0,0,,,,,,0,0,,,,,,0
0020901191,243,1,1,3,9:56 PM,11:21,,,Pierce 14' Jump Shot (8 PTS),43 - 42,-1,5,1718,Paul Pierce,1610612738.0,Boston,Celtics,BOS,0,0,,,,,,0,0,,,,,,0
0020901191,244,5,1,3,9:56 PM,11:08,Jennings Bad Pass Turnover (P1.T4),,Allen STEAL (2 STL),,,4,201943,Brandon Jennings,1610612749.0,Milwaukee,Bucks,MIL,5,951,Ray Allen,1610612738.0,Boston,Celtics,BOS,0,0,,,,,,0
0020901191,245,1,5,3,9:56 PM,11:04,,,Allen  Layup (9 PTS) (Rondo 6 AST),45 - 42,-3,5,951,Ray Allen,1610612738.0,Boston,Celtics,BOS,5,200765,Rajon Rondo,1610612738.0,Boston,Celtics,BOS,0,0,,,,,,0
0020901191,246,7,5,3,9:57 PM,10:50,,,Wallace Violation:Kicked Ball,,,5,739,Rasheed Wallace,1610612738.0,Boston,Celtics,BOS,0,0,,,,,,1,0,,,,,,0
0020901191,247,2,5,3,9:57 PM,10:37,MISS Thomas  Layup,,,,,4,703,Kurt Thomas,1610612749.0,Milwaukee,Bucks,MIL,0,0,,,,,,0,0,,,,,,0
0020901191,248,4,0,3,9:57 PM,10:37,,,Celtics Rebound,,,3,1610612738,,,,,,0,0,,,,,,0,0,,,,,,0
0020901191,249,6,3,3,9:58 PM,10:37,Mbah a Moute L.B.FOUL (P3.T1),,,,,4,201601,Luc Mbah a Moute,1610612749.0,Milwaukee,Bucks,MIL,5,739,Rasheed Wallace,1610612738.0,Boston,Celtics,BOS,1,0,,,,,,0
0020901191,250,6,1,3,9:58 PM,10:24,Delfino P.FOUL (P3.T2),,,,,4,2568,Carlos Delfino,1610612749.0,Milwaukee,Bucks,MIL,5,1718,Paul Pierce,1610612738.0,Boston,Celtics,BOS,1,0,,,,,,0
0020901191,251,2,1,3,9:58 PM,10:09,,,MISS Rondo 18' Jump Shot,,,5,200765,Rajon Rondo,1610612738.0,Boston,Celtics,BOS,0,0,,,,,,0,0,,,,,,0
0020901191,252,4,0,3,9:58 PM,10:07,Delfino REBOUND (Off:0 Def:3),,,,,4,2568,Carlos Delfino,1610612749.0,Milwaukee,Bucks,MIL,0,0,,,,,,0,0,,,,,,0
0020901191,253,2,1,3,9:59 PM,9:58,MISS Thomas 15' Jump Shot,,,,,4,703,Kurt Thomas,1610612749.0,Milwaukee,Bucks,MIL,0,0,,,,,,0,0,,,,,,0
0020901191,254,4,0,3,9:59 PM,9:56,,,Perkins REBOUND (Off:1 Def:2),,,5,2570,Kendrick Perkins,1610612738.0,Boston,Celtics,BOS,0,0,,,,,,0,0,,,,,,0
0020901191,255,6,2,3,9:59 PM,9:53,Mbah a Moute S.FOUL (P4.T3),,,,,4,201601,Luc Mbah a Moute,1610612749.0,Milwaukee,Bucks,MIL,5,200765,Rajon Rondo,1610612738.0,Boston,Celtics,BOS,1,0,,,,,,0
0020901191,256,8,0,3,9:59 PM,9:53,SUB: Ilyasova FOR Mbah a Moute,,,,,4,201601,Luc Mbah a Moute,1610612749.0,Milwaukee,Bucks,MIL,4,101141,Ersan Ilyasova,1610612749.0,Milwaukee,Bucks,MIL,0,0,,,,,,0
0020901191,257,3,11,3,10:00 PM,9:53,,,MISS Rondo Free Throw 1 of 2,,,5,200765,Rajon Rondo,1610612738.0,Boston,Celtics,BOS,0,0,,,,,,0,0,,,,,,0
0020901191,258,4,1,3,10:00 PM,9:53,,,Celtics Rebound,,,3,1610612738,,,,,,0,0,,,,,,0,0,,,,,,0
0020901191,259,3,12,3,10:00 PM,9:53,,,Rondo Free Throw 2 of 2 (4 PTS),46 - 42,-4,5,200765,Rajon Rondo,1610612738.0,Boston,Celtics,BOS,0,0,,,,,,0,0,,,,,,0
0020901191,261,2,1,3,10:00 PM,9:27,MISS Delfino 19' Jump Shot,,Pierce BLOCK (1 BLK),,,4,2568,Carlos Delfino,1610612749.0,Milwaukee,Bucks,MIL,0,0,,,,,,5,1718,Paul Pierce,1610612738.0,Boston,Celtics,BOS,0
0020901191,262,4,0,3,10:00 PM,9:25,,,Perkins REBOUND (Off:1 Def:3),,,5,2570,Kendrick Perkins,1610612738.0,Boston,Celtics,BOS,0,0,,,,,,0,0,,,,,,0
0020901191,263,2,1,3,10:01 PM,9:10,,,MISS Perkins 13' Jump Shot,,,5,2570,Kendrick Perkins,1610612738.0,Boston,Celtics,BOS,0,0,,,,,,0,0,,,,,,0
0020901191,264,4,0,3,10:01 PM,9:08,Thomas REBOUND (Off:1 Def:3),,,,,4,703,Kurt Thomas,1610612749.0,Milwaukee,Bucks,MIL,0,0,,,,,,0,0,,,,,,0
0020901191,265,6,1,3,10:01 PM,8:57,,,Rondo P.FOUL (P2.T1),,,5,200765,Rajon Rondo,1610612738.0,Boston,Celtics,BOS,4,201943,Brandon Jennings,1610612749.0,Milwaukee,Bucks,MIL,1,0,,,,,,0
0020901191,266,2,1,3,10:01 PM,8:50,MISS Ilyasova 26' 3PT Jump Shot,,,,,4,101141,Ersan Ilyasova,1610612749.0,Milwaukee,Bucks,MIL,0,0,,,,,,0,0,,,,,,0
0020901191,267,4,0,3,10:01 PM,8:48,,,Perkins REBOUND (Off:1 Def:4),,,5,2570,Kendrick Perkins,1610612738.0,Boston,Celtics,BOS,0,0,,,,,,0,0,,,,,,0
0020901191,268,1,1,3,10:01 PM,8:41,,,Allen 18' Jump Shot (11 PTS),48 - 42,-6,5,951,Ray Allen,1610612738.0,Boston,Celtics,BOS,0,0,,,,,,0,0,,,,,,0
0020901191,269,6,2,3,10:02 PM,8:24,,,Wallace S.FOUL (P3.T2),,,5,739,Rasheed Wallace,1610612738.0,Boston,Celtics,BOS,4,2422,John Salmons,1610612749.0,Milwaukee,Bucks,MIL,1,0,,,,,,0
0020901191,270,3,11,3,10:02 PM,8:24,Salmons Free Throw 1 of 2 (11 PTS),,,48 - 43,-5,4,2422,John Salmons,1610612749.0,Milwaukee,Bucks,MIL,0,0,,,,,,0,0,,,,,,0
0020901191,272,8,0,3,10:02 PM,8:24,SUB: Stackhouse FOR Thomas,,,,,4,703,Kurt Thomas,1610612749.0,Milwaukee,Bucks,MIL,4,711,Jerry Stackhouse,1610612749.0,Milwaukee,Bucks,MIL,0,0,,,,,,0
0020901191,273,3,12,3,10:03 PM,8:24,Salmons Free Throw 2 of 2 (12 PTS),,,48 - 44,-4,4,2422,John Salmons,1610612749.0,Milwaukee,Bucks,MIL,0,0,,,,,,0,0,,,,,,0
0020901191,275,2,3,3,10:03 PM,8:09,,,MISS Wallace 8' Hook Shot,,,5,739,Rasheed Wallace,1610612738.0,Boston,Celtics,BOS,0,0,,,,,,0,0,,,,,,0
0020901191,276,4,0,3,10:03 PM,8:08,Ilyasova REBOUND (Off:1 Def:3),,,,,4,101141,Ersan Ilyasova,1610612749.0,Milwaukee,Bucks,MIL,0,0,,,,,,0,0,,,,,,0
0020901191,277,2,5,3,10:03 PM,7:53,MISS Delfino  Layup,,,,,4,2568,Carlos Delfino,1610612749.0,Milwaukee,Bucks,MIL,0,0,,,,,,0,0,,,,,,0
0020901191,278,4,0,3,10:03 PM,7:53,,,Celtics Rebound,,,3,1610612738,,,,,,0,0,,,,,,0,0,,,,,,0
0020901191,279,1,5,3,10:04 PM,7:38,,,Rondo  Layup (6 PTS),50 - 44,-6,5,200765,Rajon Rondo,1610612738.0,Boston,Celtics,BOS,0,0,,,,,,0,0,,,,,,0
0020901191,280,1,5,3,10:04 PM,7:16,Ilyasova  Layup (5 PTS) (Salmons 2 AST),,,50 - 46,-4,4,101141,Ersan Ilyasova,1610612749.0,Milwaukee,Bucks,MIL,4,2422,John Salmons,1610612749.0,Milwaukee,Bucks,MIL,0,0,,,,,,0
0020901191,281,1,42,3,10:04 PM,6:55,,,Rondo  Driving Layup (8 PTS),52 - 46,-6,5,200765,Rajon Rondo,1610612738.0,Boston,Celtics,BOS,0,0,,,,,,0,0,,,,,,0
0020901191,282,1,1,3,10:05 PM,6:42,Delfino  3PT Jump Shot (5 PTS) (Stackhouse 1 AST),,,52 - 49,-3,4,2568,Carlos Delfino,1610612749.0,Milwaukee,Bucks,MIL,4,711,Jerry Stackhouse,1610612749.0,Milwaukee,Bucks,MIL,0,0,,,,,,0
0020901191,283,2,5,3,10:05 PM,6:21,,,MISS Rondo  Layup,,,5,200765,Rajon Rondo,1610612738.0,Boston,Celtics,BOS,0,0,,,,,,0,0,,,,,,0
0020901191,284,4,0,3,10:05 PM,6:20,Jennings REBOUND (Off:0 Def:3),,,,,4,201943,Brandon Jennings,1610612749.0,Milwaukee,Bucks,MIL,0,0,,,,,,0,0,,,,,,0
0020901191,285,2,1,3,10:05 PM,6:07,MISS Delfino 22' Jump Shot,,,,,4,2568,Carlos Delfino,1610612749.0,Milwaukee,Bucks,MIL,0,0,,,,,,0,0,,,,,,0
0020901191,286,4,0,3,10:05 PM,6:06,Ilyasova REBOUND (Off:2 Def:3),,,,,4,101141,Ersan Ilyasova,1610612749.0,Milwaukee,Bucks,MIL,0,0,,,,,,0,0,,,,,,0
0020901191,287,8,0,3,10:06 PM,6:04,,,SUB: Finley FOR Perkins,,,5,2570,Kendrick Perkins,1610612738.0,Boston,Celtics,BOS,5,714,Michael Finley,1610612738.0,Boston,Celtics,BOS,0,0,,,,,,0
0020901191,288,6,4,3,10:06 PM,5:59,Stackhouse OFF.Foul (P2),,,,,4,711,Jerry Stackhouse,1610612749.0,Milwaukee,Bucks,MIL,5,739,Rasheed Wallace,1610612738.0,Boston,Celtics,BOS,1,0,,,,,,0
0020901191,289,5,5,3,10:06 PM,5:59,Stackhouse Foul Turnover (P1.T5),,,,,4,711,Jerry Stackhouse,1610612749.0,Milwaukee,Bucks,MIL,0,0,,,,,,1,0,,,,,,0
0020901191,290,9,1,3,10:06 PM,5:59,BUCKS Timeout: Regular (Full 3 Short 0),,,,,2,1610612749,,,,,,0,0,,,,,,0,0,,,,,,0
0020901191,292,1,43,3,10:09 PM,5:45,,,Wallace  Alley Oop Layup (12 PTS) (Rondo 7 AST),54 - 49,-5,5,739,Rasheed Wallace,1610612738.0,Boston,Celtics,BOS,5,200765,Rajon Rondo,1610612738.0,Boston,Celtics,BOS,0,0,,,,,,0
0020901191,293,6,2,3,10:09 PM,5:26,,,Allen S.FOUL (P3.T3),,,5,951,Ray Allen,1610612738.0,Boston,Celtics,BOS,4,2422,John Salmons,1610612749.0,Milwaukee,Bucks,MIL,1,0,,,,,,0
0020901191,294,3,11,3,10:10 PM,5:26,Salmons Free Throw 1 of 2 (13 PTS),,,54 - 50,-4,4,2422,John Salmons,1610612749.0,Milwaukee,Bucks,MIL,0,0,,,,,,0,0,,,,,,0
0020901191,296,3,12,3,10:10 PM,5:26,Salmons Free Throw 2 of 2 (14 PTS),,,54 - 51,-3,4,2422,John Salmons,1610612749.0,Milwaukee,Bucks,MIL,0,0,,,,,,0,0,,,,,,0
0020901191,298,1,5,3,10:10 PM,5:12,,,Rondo  Layup (10 PTS),56 - 51,-5,5,200765,Rajon Rondo,1610612738.0,Boston,Celtics,BOS,0,0,,,,,,0,0,,,,,,0
0020901191,299,1,44,3,10:10 PM,5:02,Delfino  Reverse Layup (7 PTS),,,56 - 53,-3,4,2568,Carlos Delfino,1610612749.0,Milwaukee,Bucks,MIL,0,0,,,,,,0,0,,,,,,0
0020901191,300,2,5,3,10:11 PM,4:49,Jennings BLOCK (1 BLK),,MISS Rondo  Layup,,,5,200765,Rajon Rondo,1610612738.0,Boston,Celtics,BOS,0,0,,,,,,4,201943,Brandon Jennings,1610612749.0,Milwaukee,Bucks,MIL,0
0020901191,301,4,0,3,10:11 PM,4:49,BUCKS Rebound,,,,,2,1610612749,,,,,,0,0,,,,,,0,0,,,,,,0
0020901191,302,1,42,3,10:11 PM,4:39,Jennings  Driving Layup (14 PTS),,,56 - 55,-1,4,201943,Brandon Jennings,1610612749.0,Milwaukee,Bucks,MIL,0,0,,,,,,0,0,,,,,,0
0020901191,303,1,1,3,10:11 PM,4:15,,,Pierce 6' Jump Shot (10 PTS),58 - 55,-3,5,1718,Paul Pierce,1610612738.0,Boston,Celtics,BOS,0,0,,,,,,0,0,,,,,,0
0020901191,304,2,5,3,10:12 PM,4:01,MISS Ilyasova  Layup,,Wallace BLOCK (1 BLK),,,4,101141,Ersan Ilyasova,1610612749.0,Milwaukee,Bucks,MIL,0,0,,,,,,5,739,Rasheed Wallace,1610612738.0,Boston,Celtics,BOS,0
0020901191,305,4,0,3,10:12 PM,4:01,BUCKS Rebound,,,,,2,1610612749,,,,,,0,0,,,,,,0,0,,,,,,0
0020901191,306,1,1,3,10:12 PM,3:55,Stackhouse 15' Jump Shot (6 PTS) (Salmons 3 AST),,,58 - 57,-1,4,711,Jerry Stackhouse,1610612749.0,Milwaukee,Bucks,MIL,4,2422,John Salmons,1610612749.0,Milwaukee,Bucks,MIL,0,0,,,,,,0
0020901191,307,6,2,3,10:12 PM,3:38,Ilyasova S.FOUL (P2.T4),,,,,4,101141,Ersan Ilyasova,1610612749.0,Milwaukee,Bucks,MIL,5,1718,Paul Pierce,1610612738.0,Boston,Celtics,BOS,1,0,,,,,,0
0020901191,308,3,11,3,10:13 PM,3:38,,,Pierce Free Throw 1 of 2 (11 PTS),59 - 57,-2,5,1718,Paul Pierce,1610612738.0,Boston,Celtics,BOS,0,0,,,,,,0,0,,,,,,0
0020901191,310,8,0,3,10:13 PM,3:38,,,SUB: Davis FOR Wallace,,,5,739,Rasheed Wallace,1610612738.0,Boston,Celtics,BOS,5,201175,Glen Davis,1610612738.0,Boston,Celtics,BOS,0,0,,,,,,0
0020901191,311,3,12,3,10:13 PM,3:38,,,Pierce Free Throw 2 of 2 (12 PTS),60 - 57,-3,5,1718,Paul Pierce,1610612738.0,Boston,Celtics,BOS,0,0,,,,,,0,0,,,,,,0
0020901191,313,1,42,3,10:13 PM,3:28,Jennings  Driving Layup (16 PTS),,,60 - 59,-1,4,201943,Brandon Jennings,1610612749.0,Milwaukee,Bucks,MIL,0,0,,,,,,0,0,,,,,,0
0020901191,314,5,1,3,10:14 PM,3:09,Jennings STEAL (1 STL),,Rondo Bad Pass Turnover (P3.T6),,,5,200765,Rajon Rondo,1610612738.0,Boston,Celtics,BOS,4,201943,Brandon Jennings,1610612749.0,Milwaukee,Bucks,MIL,0,0,,,,,,0
0020901191,315,2,1,3,10:14 PM,2:59,MISS Jennings 26' 3PT Jump Shot,,,,,4,201943,Brandon Jennings,1610612749.0,Milwaukee,Bucks,MIL,0,0,,,,,,0,0,,,,,,0
0020901191,316,4,0,3,10:14 PM,2:58,,,Pierce REBOUND (Off:1 Def:5),,,5,1718,Paul Pierce,1610612738.0,Boston,Celtics,BOS,0,0,,,,,,0,0,,,,,,0
0020901191,317,1,5,3,10:14 PM,2:43,,,Rondo  Layup (12 PTS),62 - 59,-3,5,200765,Rajon Rondo,1610612738.0,Boston,Celtics,BOS,0,0,,,,,,0,0,,,,,,0
0020901191,318,5,1,3,10:14 PM,2:32,Jennings Bad Pass Turnover (P2.T6),,,,,4,201943,Brandon Jennings,1610612749.0,Milwaukee,Bucks,MIL,0,0,,,,,,0,0,,,,,,0
0020901191,319,9,1,3,10:14 PM,2:32,,,Celtics Timeout: Regular (Reg.3 Short 0),,,3,1610612738,,,,,,0,0,,,,,,0,0,,,,,,0
0020901191,320,8,0,3,10:17 PM,2:32,,,SUB: Allen FOR Allen,,,5,951,Ray Allen,1610612738.0,Boston,Celtics,BOS,5,2754,Tony Allen,1610612738.0,Boston,Celtics,BOS,0,0,,,,,,0
0020901191,321,2,5,3,10:17 PM,2:20,,,MISS Rondo  Layup,,,5,200765,Rajon Rondo,1610612738.0,Boston,Celtics,BOS,0,0,,,,,,0,0,,,,,,0
0020901191,322,4,0,3,10:17 PM,2:18,,,Allen REBOUND (Off:1 Def:1),,,5,2754,Tony Allen,1610612738.0,Boston,Celtics,BOS,0,0,,,,,,0,0,,,,,,0
0020901191,323,2,5,3,10:17 PM,2:17,,,MISS Allen  Layup,,,5,2754,Tony Allen,1610612738.0,Boston,Celtics,BOS,0,0,,,,,,0,0,,,,,,0
0020901191,324,4,0,3,10:17 PM,2:16,Delfino REBOUND (Off:0 Def:4),,,,,4,2568,Carlos Delfino,1610612749.0,Milwaukee,Bucks,MIL,0,0,,,,,,0,0,,,,,,0
0020901191,325,2,5,3,10:17 PM,2:04,MISS Salmons  Layup,,,,,4,2422,John Salmons,1610612749.0,Milwaukee,Bucks,MIL,0,0,,,,,,0,0,,,,,,0
0020901191,326,4,0,3,10:17 PM,2:02,,,Davis REBOUND (Off:0 Def:5),,,5,201175,Glen Davis,1610612738.0,Boston,Celtics,BOS,0,0,,,,,,0,0,,,,,,0
0020901191,327,6,4,3,10:18 PM,1:56,,,Allen OFF.Foul (P3),,,5,2754,Tony Allen,1610612738.0,Boston,Celtics,BOS,4,711,Jerry Stackhouse,1610612749.0,Milwaukee,Bucks,MIL,1,0,,,,,,0
0020901191,328,5,5,3,10:18 PM,1:56,,,Allen Foul Turnover (P1.T7),,,5,2754,Tony Allen,1610612738.0,Boston,Celtics,BOS,0,0,,,,,,1,0,,,,,,0
0020901191,329,8,0,3,10:18 PM,1:56,SUB: Ridnour FOR Delfino,,,,,4,2568,Carlos Delfino,1610612749.0,Milwaukee,Bucks,MIL,4,2557,Luke Ridnour,1610612749.0,Milwaukee,Bucks,MIL,0,0,,,,,,0
0020901191,330,1,63,3,10:18 PM,1:38,Stackhouse 5' Fadeaway Jumper (8 PTS),,,62 - 61,-1,4,711,Jerry Stackhouse,1610612749.0,Milwaukee,Bucks,MIL,0,0,,,,,,0,0,,,,,,0
0020901191,331,1,79,3,10:19 PM,1:20,,,Pierce 13' Pullup Jump Shot (14 PTS),64 - 61,-3,5,1718,Paul Pierce,1610612738.0,Boston,Celtics,BOS,0,0,,,,,,0,0,,,,,,0
0020901191,332,2,5,3,10:19 PM,1:05,MISS Ilyasova  Layup,,Pierce BLOCK (2 BLK),,,4,101141,Ersan Ilyasova,1610612749.0,Milwaukee,Bucks,MIL,0,0,,,,,,5,1718,Paul Pierce,1610612738.0,Boston,Celtics,BOS,0
0020901191,333,4,0,3,10:19 PM,1:01,Ilyasova REBOUND (Off:3 Def:3),,,,,4,101141,Ersan Ilyasova,1610612749.0,Milwaukee,Bucks,MIL,0,0,,,,,,0,0,,,,,,0
0020901191,334,2,5,3,10:19 PM,0:59,MISS Ilyasova  Layup,,,,,4,101141,Ersan Ilyasova,1610612749.0,Milwaukee,Bucks,MIL,0,0,,,,,,0,0,,,,,,0
0020901191,335,4,0,3,10:19 PM,0:58,,,Finley REBOUND (Off:0 Def:1),,,5,714,Michael Finley,1610612738.0,Boston,Celtics,BOS,0,0,,,,,,0,0,,,,,,0
0020901191,336,1,5,3,10:19 PM,0:50,,,Allen  Layup (5 PTS) (Finley 1 AST),66 - 61,-5,5,2754,Tony Allen,1610612738.0,Boston,Celtics,BOS,5,714,Michael Finley,1610612738.0,Boston,Celtics,BOS,0,0,,,,,,0
0020901191,337,1,5,3,10:20 PM,0:36,Ilyasova  Layup (7 PTS) (Ridnour 1 AST),,,66 - 63,-3,4,101141,Ersan Ilyasova,1610612749.0,Milwaukee,Bucks,MIL,4,2557,Luke Ridnour,1610612749.0,Milwaukee,Bucks,MIL,0,0,,,,,,0
0020901191,338,1,1,3,10:20 PM,0:14,,,Pierce 18' Jump Shot (16 PTS),68 - 63,-5,5,1718,Paul Pierce,1610612738.0,Boston,Celtics,BOS,0,0,,,,,,0,0,,,,,,0
0020901191,339,6,1,3,10:20 PM,0:04,,,Finley P.FOUL (P2.T4),,,5,714,Michael Finley,1610612738.0,Boston,Celtics,BOS,4,201943,Brandon Jennings,1610612749.0,Milwaukee,Bucks,MIL,1,0,,,,,,0
0020901191,340,8,0,3,10:21 PM,0:04,,,SUB: Daniels FOR Pierce,,,5,1718,Paul Pierce,1610612738.0,Boston,Celtics,BOS,5,2605,Marquis Daniels,1610612738.0,Boston,Celtics,BOS,0,0,,,,,,0
0020901191,341,8,0,3,10:21 PM,0:04,,,SUB: Robinson FOR Davis,,,5,201175,Glen Davis,1610612738.0,Boston,Celtics,BOS,5,101126,Nate Robinson,1610612738.0,Boston,Celtics,BOS,0,0,,,,,,0
0020901191,342,1,5,3,10:21 PM,0:01,Ridnour  Layup (5 PTS),,,68 - 65,-3,4,2557,Luke Ridnour,1610612749.0,Milwaukee,Bucks,MIL,0,0,,,,,,0,0,,,,,,0
0020901191,343,13,0,3,10:21 PM,0:00,,,,68 - 65,-3,0,0,,,,,,0,0,,,,,,0,0,,,,,,0
0020901191,345,12,0,4,10:24 PM,12:00,,,,68 - 65,-3,0,0,,,,,,0,0,,,,,,0,0,,,,,,0
0020901191,346,2,5,4,10:25 PM,11:40,,,MISS Robinson  Layup,,,5,101126,Nate Robinson,1610612738.0,Boston,Celtics,BOS,0,0,,,,,,0,0,,,,,,0
0020901191,347,4,0,4,10:25 PM,11:39,,,Allen REBOUND (Off:2 Def:1),,,5,2754,Tony Allen,1610612738.0,Boston,Celtics,BOS,0,0,,,,,,0,0,,,,,,0
0020901191,348,1,5,4,10:25 PM,11:36,,,Davis  Layup (6 PTS) (Allen 1 AST),70 - 65,-5,5,201175,Glen Davis,1610612738.0,Boston,Celtics,BOS,5,2754,Tony Allen,1610612738.0,Boston,Celtics,BOS,0,0,,,,,,0
0020901191,349,2,5,4,10:25 PM,11:21,MISS Salmons  Layup,,Allen BLOCK (1 BLK),,,4,2422,John Salmons,1610612749.0,Milwaukee,Bucks,MIL,0,0,,,,,,5,2754,Tony Allen,1610612738.0,Boston,Celtics,BOS,0
0020901191,350,4,0,4,10:25 PM,11:19,,,Finley REBOUND (Off:0 Def:2),,,5,714,Michael Finley,1610612738.0,Boston,Celtics,BOS,0,0,,,,,,0,0,,,,,,0
0020901191,351,1,1,4,10:25 PM,11:12,,,Finley 26' 3PT Jump Shot (3 PTS) (Rondo 8 AST),73 - 65,-8,5,714,Michael Finley,1610612738.0,Boston,Celtics,BOS,5,200765,Rajon Rondo,1610612738.0,Boston,Celtics,BOS,0,0,,,,,,0
0020901191,352,2,1,4,10:25 PM,10:54,MISS Salmons 27' 3PT Jump Shot,,,,,4,2422,John Salmons,1610612749.0,Milwaukee,Bucks,MIL,0,0,,,,,,0,0,,,,,,0
0020901191,353,4,0,4,10:25 PM,10:53,Ilyasova REBOUND (Off:4 Def:3),,,,,4,101141,Ersan Ilyasova,1610612749.0,Milwaukee,Bucks,MIL,0,0,,,,,,0,0,,,,,,0
0020901191,354,1,5,4,10:25 PM,10:50,Ilyasova  Layup (9 PTS),,,73 - 67,-6,4,101141,Ersan Ilyasova,1610612749.0,Milwaukee,Bucks,MIL,0,0,,,,,,0,0,,,,,,0
0020901191,355,1,3,4,10:26 PM,10:29,,,Davis 4' Hook Shot (8 PTS),75 - 67,-8,5,201175,Glen Davis,1610612738.0,Boston,Celtics,BOS,0,0,,,,,,0,0,,,,,,0
0020901191,356,2,1,4,10:26 PM,10:11,MISS Jennings 16' Jump Shot,,,,,4,201943,Brandon Jennings,1610612749.0,Milwaukee,Bucks,MIL,0,0,,,,,,0,0,,,,,,0
0020901191,357,4,0,4,10:26 PM,10:09,Jennings REBOUND (Off:1 Def:3),,,,,4,201943,Brandon Jennings,1610612749.0,Milwaukee,Bucks,MIL,0,0,,,,,,0,0,,,,,,0
0020901191,358,2,1,4,10:26 PM,10:02,MISS Stackhouse 13' Jump Shot,,,,,4,711,Jerry Stackhouse,1610612749.0,Milwaukee,Bucks,MIL,0,0,,,,,,0,0,,,,,,0
0020901191,359,4,0,4,10:26 PM,10:01,,,Rondo REBOUND (Off:0 Def:3),,,5,200765,Rajon Rondo,1610612738.0,Boston,Celtics,BOS,0,0,,,,,,0,0,,,,,,0
0020901191,360,2,1,4,10:27 PM,9:38,,,MISS Rondo  3PT Jump Shot,,,5,200765,Rajon Rondo,1610612738.0,Boston,Celtics,BOS,0,0,,,,,,0,0,,,,,,0
0020901191,361,4,0,4,10:27 PM,9:37,Stackhouse REBOUND (Off:1 Def:2),,,,,4,711,Jerry Stackhouse,1610612749.0,Milwaukee,Bucks,MIL,0,0,,,,,,0,0,,,,,,0
0020901191,362,1,1,4,10:27 PM,9:21,Ilyasova 22' Jump Shot (11 PTS) (Ridnour 2 AST),,,75 - 69,-6,4,101141,Ersan Ilyasova,1610612749.0,Milwaukee,Bucks,MIL,4,2557,Luke Ridnour,1610612749.0,Milwaukee,Bucks,MIL,0,0,,,,,,0
0020901191,363,2,1,4,10:27 PM,8:51,,,MISS Finley 29' 3PT Jump Shot,,,5,714,Michael Finley,1610612738.0,Boston,Celtics,BOS,0,0,,,,,,0,0,,,,,,0
0020901191,364,4,0,4,10:27 PM,8:50,Ilyasova REBOUND (Off:4 Def:4),,,,,4,101141,Ersan Ilyasova,1610612749.0,Milwaukee,Bucks,MIL,0,0,,,,,,0,0,,,,,,0
0020901191,365,2,5,4,10:28 PM,8:43,MISS Ridnour  Layup,,Allen BLOCK (2 BLK),,,4,2557,Luke Ridnour,1610612749.0,Milwaukee,Bucks,MIL,0,0,,,,,,5,2754,Tony Allen,1610612738.0,Boston,Celtics,BOS,0
0020901191,366,4,0,4,10:28 PM,8:41,,,Allen REBOUND (Off:2 Def:2),,,5,2754,Tony Allen,1610612738.0,Boston,Celtics,BOS,0,0,,,,,,0,0,,,,,,0
0020901191,367,6,2,4,10:28 PM,8:33,Ridnour S.FOUL (P2.T1),,,,,4,2557,Luke Ridnour,1610612749.0,Milwaukee,Bucks,MIL,5,200765,Rajon Rondo,1610612738.0,Boston,Celtics,BOS,1,0,,,,,,0
0020901191,368,9,4,4,10:28 PM,8:33,,,,,,1,0,,,,,,0,0,,,,,,0,0,,,,,,0
0020901191,377,18,0,4,10:28 PM,8:33,,,,75 - 69,-6,0,0,,,,,,0,0,,,,,,1,0,,,,,,0
0020901191,369,8,0,4,10:30 PM,8:33,SUB: Delfino FOR Jennings,,,,,4,201943,Brandon Jennings,1610612749.0,Milwaukee,Bucks,MIL,4,2568,Carlos Delfino,1610612749.0,Milwaukee,Bucks,MIL,0,0,,,,,,0
0020901191,370,3,11,4,10:31 PM,8:33,,,Rondo Free Throw 1 of 2 (13 PTS),76 - 69,-7,5,200765,Rajon Rondo,1610612738.0,Boston,Celtics,BOS,0,0,,,,,,0,0,,,,,,0
0020901191,372,3,12,4,10:31 PM,8:33,,,MISS Rondo Free Throw 2 of 2,,,5,200765,Rajon Rondo,1610612738.0,Boston,Celtics,BOS,0,0,,,,,,0,0,,,,,,0
0020901191,374,4,0,4,10:31 PM,8:32,Stackhouse REBOUND (Off:1 Def:3),,,,,4,711,Jerry Stackhouse,1610612749.0,Milwaukee,Bucks,MIL,0,0,,,,,,0,0,,,,,,0
0020901191,375,1,5,4,10:31 PM,8:21,Salmons  Layup (16 PTS),,,76 - 71,-5,4,2422,John Salmons,1610612749.0,Milwaukee,Bucks,MIL,0,0,,,,,,0,0,,,,,,0
0020901191,376,6,2,4,10:31 PM,8:21,,,Allen S.FOUL (P4.T1),,,5,2754,Tony Allen,1610612738.0,Boston,Celtics,BOS,4,2422,John Salmons,1610612749.0,Milwaukee,Bucks,MIL,1,0,,,,,,0
0020901191,378,8,0,4,10:31 PM,8:21,,,SUB: Allen FOR Robinson,,,5,101126,Nate Robinson,1610612738.0,Boston,Celtics,BOS,5,951,Ray Allen,1610612738.0,Boston,Celtics,BOS,0,0,,,,,,0
0020901191,379,3,10,4,10:32 PM,8:21,Salmons Free Throw 1 of 1 (17 PTS),,,76 - 72,-4,4,2422,John Salmons,1610612749.0,Milwaukee,Bucks,MIL,0,0,,,,,,0,0,,,,,,0
0020901191,381,1,1,4,10:32 PM,8:02,,,Davis 14' Jump Shot (10 PTS) (Allen 2 AST),78 - 72,-6,5,201175,Glen Davis,1610612738.0,Boston,Celtics,BOS,5,2754,Tony Allen,1610612738.0,Boston,Celtics,BOS,0,0,,,,,,0
0020901191,382,5,1,4,10:32 PM,7:46,Salmons Bad Pass Turnover (P3.T7),,Finley STEAL (2 STL),,,4,2422,John Salmons,1610612749.0,Milwaukee,Bucks,MIL,5,714,Michael Finley,1610612738.0,Boston,Celtics,BOS,0,0,,,,,,0
0020901191,383,2,5,4,10:32 PM,7:38,,,MISS Allen  Layup,,,5,2754,Tony Allen,1610612738.0,Boston,Celtics,BOS,0,0,,,,,,0,0,,,,,,0
0020901191,384,4,0,4,10:32 PM,7:37,,,Allen REBOUND (Off:3 Def:2),,,5,2754,Tony Allen,1610612738.0,Boston,Celtics,BOS,0,0,,,,,,0,0,,,,,,0
0020901191,385,1,5,4,10:33 PM,7:34,,,Allen  Layup (7 PTS),80 - 72,-8,5,2754,Tony Allen,1610612738.0,Boston,Celtics,BOS,0,0,,,,,,0,0,,,,,,0
0020901191,387,6,1,4,10:33 PM,7:24,,,Allen P.FOUL (P4.T2),,,5,951,Ray Allen,1610612738.0,Boston,Celtics,BOS,4,2568,Carlos Delfino,1610612749.0,Milwaukee,Bucks,MIL,1,0,,,,,,0
0020901191,388,8,0,4,10:33 PM,7:24,SUB: Jennings FOR Delfino,,,,,4,2568,Carlos Delfino,1610612749.0,Milwaukee,Bucks,MIL,4,201943,Brandon Jennings,1610612749.0,Milwaukee,Bucks,MIL,0,0,,,,,,0
0020901191,389,2,5,4,10:33 PM,7:11,MISS Ridnour  Layup,,,,,4,2557,Luke Ridnour,1610612749.0,Milwaukee,Bucks,MIL,0,0,,,,,,0,0,,,,,,0
0020901191,390,4,0,4,10:33 PM,7:09,,,Davis REBOUND (Off:0 Def:6),,,5,201175,Glen Davis,1610612738.0,Boston,Celtics,BOS,0,0,,,,,,0,0,,,,,,0
0020901191,391,5,2,4,10:34 PM,6:49,Ilyasova STEAL (1 STL),,Davis Lost Ball Turnover (P1.T8),,,5,201175,Glen Davis,1610612738.0,Boston,Celtics,BOS,4,101141,Ersan Ilyasova,1610612749.0,Milwaukee,Bucks,MIL,0,0,,,,,,0
0020901191,392,2,1,4,10:34 PM,6:38,MISS Ridnour  3PT Jump Shot,,,,,4,2557,Luke Ridnour,1610612749.0,Milwaukee,Bucks,MIL,0,0,,,,,,0,0,,,,,,0
0020901191,393,4,0,4,10:34 PM,6:36,,,Allen REBOUND (Off:0 Def:2),,,5,951,Ray Allen,1610612738.0,Boston,Celtics,BOS,0,0,,,,,,0,0,,,,,,0
0020901191,394,2,5,4,10:34 PM,6:33,,,MISS Rondo  Layup,,,5,200765,Rajon Rondo,1610612738.0,Boston,Celtics,BOS,0,0,,,,,,0,0,,,,,,0
0020901191,396,4,0,4,10:34 PM,6:31,,,Rondo REBOUND (Off:1 Def:3),,,5,200765,Rajon Rondo,1610612738.0,Boston,Celtics,BOS,0,0,,,,,,0,0,,,,,,0
0020901191,395,2,5,4,10:34 PM,6:31,,,MISS Rondo  Layup,,,5,200765,Rajon Rondo,1610612738.0,Boston,Celtics,BOS,0,0,,,,,,0,0,,,,,,0
0020901191,397,4,0,4,10:34 PM,6:29,,,Rondo REBOUND (Off:2 Def:3),,,5,200765,Rajon Rondo,1610612738.0,Boston,Celtics,BOS,0,0,,,,,,0,0,,,,,,0
0020901191,398,6,2,4,10:34 PM,6:29,Ridnour S.FOUL (P3.T2),,,,,4,2557,Luke Ridnour,1610612749.0,Milwaukee,Bucks,MIL,5,200765,Rajon Rondo,1610612738.0,Boston,Celtics,BOS,1,0,,,,,,0
0020901191,399,8,0,4,10:34 PM,6:29,SUB: Thomas FOR Ilyasova,,,,,4,101141,Ersan Ilyasova,1610612749.0,Milwaukee,Bucks,MIL,4,703,Kurt Thomas,1610612749.0,Milwaukee,Bucks,MIL,0,0,,,,,,0
0020901191,400,3,11,4,10:35 PM,6:29,,,Rondo Free Throw 1 of 2 (14 PTS),81 - 72,-9,5,200765,Rajon Rondo,1610612738.0,Boston,Celtics,BOS,0,0,,,,,,0,0,,,,,,0
0020901191,402,8,0,4,10:35 PM,6:29,,,SUB: Pierce FOR Finley,,,5,714,Michael Finley,1610612738.0,Boston,Celtics,BOS,5,1718,Paul Pierce,1610612738.0,Boston,Celtics,BOS,0,0,,,,,,0
0020901191,403,3,12,4,10:35 PM,6:29,,,Rondo Free Throw 2 of 2 (15 PTS),82 - 72,-10,5,200765,Rajon Rondo,1610612738.0,Boston,Celtics,BOS,0,0,,,,,,0,0,,,,,,0
0020901191,405,6,1,4,10:35 PM,6:20,,,Pierce P.FOUL (P2.T3),,,5,1718,Paul Pierce,1610612738.0,Boston,Celtics,BOS,4,711,Jerry Stackhouse,1610612749.0,Milwaukee,Bucks,MIL,1,0,,,,,,0
0020901191,406,5,1,4,10:36 PM,6:08,Stackhouse Bad Pass Turnover (P2.T8),,Rondo STEAL (1 STL),,,4,711,Jerry Stackhouse,1610612749.0,Milwaukee,Bucks,MIL,5,200765,Rajon Rondo,1610612738.0,Boston,Celtics,BOS,0,0,,,,,,0
0020901191,407,2,3,4,10:36 PM,5:57,,,MISS Allen 8' Hook Shot,,,5,2754,Tony Allen,1610612738.0,Boston,Celtics,BOS,0,0,,,,,,0,0,,,,,,0
0020901191,408,4,0,4,10:36 PM,5:56,Thomas REBOUND (Off:1 Def:4),,,,,4,703,Kurt Thomas,1610612749.0,Milwaukee,Bucks,MIL,0,0,,,,,,0,0,,,,,,0
0020901191,409,9,1,4,10:36 PM,5:50,BUCKS Timeout: Regular (Full 4 Short 0),,,,,2,1610612749,,,,,,0,0,,,,,,0,0,,,,,,0
0020901191,411,8,0,4,10:38 PM,5:50,SUB: Delfino FOR Ridnour,,,,,4,2557,Luke Ridnour,1610612749.0,Milwaukee,Bucks,MIL,4,2568,Carlos Delfino,1610612749.0,Milwaukee,Bucks,MIL,0,0,,,,,,0
0020901191,412,1,1,4,10:39 PM,5:36,Stackhouse 21' Jump Shot (10 PTS) (Thomas 1 AST),,,82 - 74,-8,4,711,Jerry Stackhouse,1610612749.0,Milwaukee,Bucks,MIL,4,703,Kurt Thomas,1610612749.0,Milwaukee,Bucks,MIL,0,0,,,,,,0
0020901191,413,5,1,4,10:39 PM,5:23,Stackhouse STEAL (1 STL),,Rondo Bad Pass Turnover (P4.T9),,,5,200765,Rajon Rondo,1610612738.0,Boston,Celtics,BOS,4,711,Jerry Stackhouse,1610612749.0,Milwaukee,Bucks,MIL,0,0,,,,,,0
0020901191,414,2,5,4,10:39 PM,5:19,MISS Stackhouse  Layup,,,,,4,711,Jerry Stackhouse,1610612749.0,Milwaukee,Bucks,MIL,0,0,,,,,,0,0,,,,,,0
0020901191,415,4,0,4,10:39 PM,5:18,BUCKS Rebound,,,,,2,1610612749,,,,,,0,0,,,,,,0,0,,,,,,0
0020901191,416,6,2,4,10:40 PM,5:14,,,Pierce S.FOUL (P3.T4),,,5,1718,Paul Pierce,1610612738.0,Boston,Celtics,BOS,4,711,Jerry Stackhouse,1610612749.0,Milwaukee,Bucks,MIL,1,0,,,,,,0
0020901191,417,3,11,4,10:40 PM,5:14,Stackhouse Free Throw 1 of 2 (11 PTS),,,82 - 75,-7,4,711,Jerry Stackhouse,1610612749.0,Milwaukee,Bucks,MIL,0,0,,,,,,0,0,,,,,,0
0020901191,419,3,12,4,10:40 PM,5:14,Stackhouse Free Throw 2 of 2 (12 PTS),,,82 - 76,-6,4,711,Jerry Stackhouse,1610612749.0,Milwaukee,Bucks,MIL,0,0,,,,,,0,0,,,,,,0
0020901191,421,1,1,4,10:41 PM,4:52,,,Pierce 14' Jump Shot (18 PTS),84 - 76,-8,5,1718,Paul Pierce,1610612738.0,Boston,Celtics,BOS,0,0,,,,,,0,0,,,,,,0
0020901191,422,6,1,4,10:41 PM,4:41,,,Allen P.FOUL (P5.PN),,,5,951,Ray Allen,1610612738.0,Boston,Celtics,BOS,4,2422,John Salmons,1610612749.0,Milwaukee,Bucks,MIL,1,0,,,,,,0
0020901191,423,3,11,4,10:42 PM,4:41,Salmons Free Throw 1 of 2 (18 PTS),,,84 - 77,-7,4,2422,John Salmons,1610612749.0,Milwaukee,Bucks,MIL,0,0,,,,,,0,0,,,,,,0
0020901191,425,3,12,4,10:42 PM,4:41,Salmons Free Throw 2 of 2 (19 PTS),,,84 - 78,-6,4,2422,John Salmons,1610612749.0,Milwaukee,Bucks,MIL,0,0,,,,,,0,0,,,,,,0
0020901191,427,1,1,4,10:42 PM,4:19,,,Pierce 18' Jump Shot (20 PTS),86 - 78,-8,5,1718,Paul Pierce,1610612738.0,Boston,Celtics,BOS,0,0,,,,,,0,0,,,,,,0
0020901191,428,1,1,4,10:43 PM,3:56,Delfino  3PT Jump Shot (10 PTS) (Salmons 4 AST),,,86 - 81,-5,4,2568,Carlos Delfino,1610612749.0,Milwaukee,Bucks,MIL,4,2422,John Salmons,1610612749.0,Milwaukee,Bucks,MIL,0,0,,,,,,0
0020901191,429,1,1,4,10:43 PM,3:32,,,Pierce 18' Jump Shot (22 PTS),88 - 81,-7,5,1718,Paul Pierce,1610612738.0,Boston,Celtics,BOS,0,0,,,,,,0,0,,,,,,0
0020901191,430,2,1,4,10:43 PM,3:17,MISS Salmons 28' 3PT Jump Shot,,,,,4,2422,John Salmons,1610612749.0,Milwaukee,Bucks,MIL,0,0,,,,,,0,0,,,,,,0
0020901191,431,4,0,4,10:43 PM,3:16,Thomas REBOUND (Off:2 Def:4),,,,,4,703,Kurt Thomas,1610612749.0,Milwaukee,Bucks,MIL,0,0,,,,,,0,0,,,,,,0
0020901191,432,2,5,4,10:44 PM,3:12,MISS Stackhouse  Layup,,,,,4,711,Jerry Stackhouse,1610612749.0,Milwaukee,Bucks,MIL,0,0,,,,,,0,0,,,,,,0
0020901191,433,4,0,4,10:44 PM,3:11,Thomas REBOUND (Off:3 Def:4),,,,,4,703,Kurt Thomas,1610612749.0,Milwaukee,Bucks,MIL,0,0,,,,,,0,0,,,,,,0
0020901191,434,5,2,4,10:44 PM,2:53,Thomas Lost Ball Turnover (P2.T9),,Allen STEAL (1 STL),,,4,703,Kurt Thomas,1610612749.0,Milwaukee,Bucks,MIL,5,2754,Tony Allen,1610612738.0,Boston,Celtics,BOS,0,0,,,,,,0
0020901191,435,2,5,4,10:44 PM,2:37,,,MISS Rondo  Layup,,,5,200765,Rajon Rondo,1610612738.0,Boston,Celtics,BOS,0,0,,,,,,0,0,,,,,,0
0020901191,436,4,0,4,10:44 PM,2:36,,,Davis REBOUND (Off:1 Def:6),,,5,201175,Glen Davis,1610612738.0,Boston,Celtics,BOS,0,0,,,,,,0,0,,,,,,0
0020901191,437,6,14,4,10:44 PM,2:35,Thomas FLAGRANT.FOUL.TYPE1 (P2.T3),,,,,4,703,Kurt Thomas,1610612749.0,Milwaukee,Bucks,MIL,5,201175,Glen Davis,1610612738.0,Boston,Celtics,BOS,1,0,,,,,,0
0020901191,438,9,1,4,10:45 PM,2:35,,,Celtics Timeout: Regular (Reg.4 Short 0),,,3,1610612738,,,,,,0,0,,,,,,0,0,,,,,,0
0020901191,439,6,11,4,10:47 PM,2:35,,,Davis T.FOUL (P0.PN),,,5,201175,Glen Davis,1610612738.0,Boston,Celtics,BOS,0,0,,,,,,1,0,,,,,,0
0020901191,440,3,16,4,10:48 PM,2:35,Jennings Free Throw Technical (17 PTS),,,88 - 82,-6,4,201943,Brandon Jennings,1610612749.0,Milwaukee,Bucks,MIL,0,0,,,,,,0,0,,,,,,0
0020901191,442,3,18,4,10:48 PM,2:35,,,Davis Free Throw Flagrant 1 of 2 (11 PTS),89 - 82,-7,5,201175,Glen Davis,1610612738.0,Boston,Celtics,BOS,0,0,,,,,,0,0,,,,,,0
0020901191,444,3,19,4,10:48 PM,2:35,,,Davis Free Throw Flagrant 2 of 2 (12 PTS),90 - 82,-8,5,201175,Glen Davis,1610612738.0,Boston,Celtics,BOS,0,0,,,,,,0,0,,,,,,0
0020901191,446,6,1,4,10:49 PM,2:22,Stackhouse P.FOUL (P3.T4),,,,,4,711,Jerry Stackhouse,1610612749.0,Milwaukee,Bucks,MIL,5,1718,Paul Pierce,1610612738.0,Boston,Celtics,BOS,1,0,,,,,,0
0020901191,447,6,16,4,10:49 PM,2:22,,,,,,4,711,Jerry Stackhouse,1610612749.0,Milwaukee,Bucks,MIL,5,1718,Paul Pierce,1610612738.0,Boston,Celtics,BOS,1,0,,,,,,0
0020901191,448,6,11,4,10:50 PM,2:22,,,,,,6,1654,,,,,,0,0,,,,,,1,0,,,,,,0
0020901191,450,6,11,4,10:50 PM,2:22,,,,,,6,1654,,,,,,0,0,,,,,,1,0,,,,,,0
0020901191,456,11,1,4,10:50 PM,2:22,,,,,,6,1654,,,,,,0,0,,,,,,1,0,,,,,,0
0020901191,452,3,16,4,10:51 PM,2:22,,,Allen Free Throw Technical (12 PTS),91 - 82,-9,5,951,Ray Allen,1610612738.0,Boston,Celtics,BOS,0,0,,,,,,0,0,,,,,,0
0020901191,454,3,16,4,10:51 PM,2:22,,,Allen Free Throw Technical (13 PTS),92 - 82,-10,5,951,Ray Allen,1610612738.0,Boston,Celtics,BOS,0,0,,,,,,0,0,,,,,,0
0020901191,457,2,1,4,10:53 PM,2:09,,,MISS Pierce 17' Jump Shot,,,5,1718,Paul Pierce,1610612738.0,Boston,Celtics,BOS,0,0,,,,,,0,0,,,,,,0
0020901191,458,4,0,4,10:53 PM,2:08,Thomas REBOUND (Off:3 Def:5),,,,,4,703,Kurt Thomas,1610612749.0,Milwaukee,Bucks,MIL,0,0,,,,,,0,0,,,,,,0
0020901191,459,5,1,4,10:54 PM,1:55,Stackhouse Bad Pass Turnover (P3.T10),,Rondo STEAL (2 STL),,,4,711,Jerry Stackhouse,1610612749.0,Milwaukee,Bucks,MIL,5,200765,Rajon Rondo,1610612738.0,Boston,Celtics,BOS,0,0,,,,,,0
0020901191,460,1,5,4,10:54 PM,1:52,,,Allen  Layup (15 PTS) (Rondo 9 AST),94 - 82,-12,5,951,Ray Allen,1610612738.0,Boston,Celtics,BOS,5,200765,Rajon Rondo,1610612738.0,Boston,Celtics,BOS,0,0,,,,,,0
0020901191,461,6,2,4,10:54 PM,1:52,Jennings S.FOUL (P3.PN),,,,,4,201943,Brandon Jennings,1610612749.0,Milwaukee,Bucks,MIL,5,951,Ray Allen,1610612738.0,Boston,Celtics,BOS,1,0,,,,,,0
0020901191,463,3,10,4,10:54 PM,1:52,,,Allen Free Throw 1 of 1 (16 PTS),95 - 82,-13,5,951,Ray Allen,1610612738.0,Boston,Celtics,BOS,0,0,,,,,,0,0,,,,,,0
0020901191,465,9,2,4,10:54 PM,1:52,BUCKS Timeout: Short (Full 4 Short 1),,,,,2,1610612749,,,,,,0,0,,,,,,0,0,,,,,,0
0020901191,467,2,5,4,10:55 PM,1:44,MISS Delfino  Layup,,Davis BLOCK (1 BLK),,,4,2568,Carlos Delfino,1610612749.0,Milwaukee,Bucks,MIL,0,0,,,,,,5,201175,Glen Davis,1610612738.0,Boston,Celtics,BOS,0
0020901191,468,4,0,4,10:55 PM,1:44,Thomas REBOUND (Off:4 Def:5),,,,,4,703,Kurt Thomas,1610612749.0,Milwaukee,Bucks,MIL,0,0,,,,,,0,0,,,,,,0
0020901191,469,6,1,4,10:55 PM,1:44,,,Allen P.FOUL (P5.PN),,,5,2754,Tony Allen,1610612738.0,Boston,Celtics,BOS,4,703,Kurt Thomas,1610612749.0,Milwaukee,Bucks,MIL,1,0,,,,,,0
0020901191,470,3,11,4,10:56 PM,1:44,Thomas Free Throw 1 of 2 (5 PTS),,,95 - 83,-12,4,703,Kurt Thomas,1610612749.0,Milwaukee,Bucks,MIL,0,0,,,,,,0,0,,,,,,0
0020901191,472,8,0,4,10:56 PM,1:44,SUB: Mbah a Moute FOR Stackhouse,,,,,4,711,Jerry Stackhouse,1610612749.0,Milwaukee,Bucks,MIL,4,201601,Luc Mbah a Moute,1610612749.0,Milwaukee,Bucks,MIL,0,0,,,,,,0
0020901191,473,3,12,4,10:56 PM,1:44,Thomas Free Throw 2 of 2 (6 PTS),,,95 - 84,-11,4,703,Kurt Thomas,1610612749.0,Milwaukee,Bucks,MIL,0,0,,,,,,0,0,,,,,,0
0020901191,475,2,1,4,10:57 PM,1:31,,,MISS Pierce 15' Jump Shot,,,5,1718,Paul Pierce,1610612738.0,Boston,Celtics,BOS,0,0,,,,,,0,0,,,,,,0
0020901191,476,4,0,4,10:57 PM,1:29,Thomas REBOUND (Off:4 Def:6),,,,,4,703,Kurt Thomas,1610612749.0,Milwaukee,Bucks,MIL,0,0,,,,,,0,0,,,,,,0
0020901191,477,6,2,4,10:57 PM,1:14,,,Davis S.FOUL (P1.PN),,,5,201175,Glen Davis,1610612738.0,Boston,Celtics,BOS,4,2422,John Salmons,1610612749.0,Milwaukee,Bucks,MIL,1,0,,,,,,0
0020901191,478,3,11,4,10:57 PM,1:14,Salmons Free Throw 1 of 2 (20 PTS),,,95 - 85,-10,4,2422,John Salmons,1610612749.0,Milwaukee,Bucks,MIL,0,0,,,,,,0,0,,,,,,0
0020901191,480,3,12,4,10:57 PM,1:14,Salmons Free Throw 2 of 2 (21 PTS),,,95 - 86,-9,4,2422,John Salmons,1610612749.0,Milwaukee,Bucks,MIL,0,0,,,,,,0,0,,,,,,0
0020901191,482,9,1,4,10:58 PM,1:02,,,Celtics Timeout: Regular (Reg.5 Short 0),,,3,1610612738,,,,,,0,0,,,,,,0,0,,,,,,0
0020901191,483,6,2,4,11:00 PM,0:51,Salmons S.FOUL (P2.PN),,,,,4,2422,John Salmons,1610612749.0,Milwaukee,Bucks,MIL,5,951,Ray Allen,1610612738.0,Boston,Celtics,BOS,1,0,,,,,,0
0020901191,484,18,0,4,11:00 PM,0:51,,,,95 - 86,-9,0,0,,,,,,0,0,,,,,,1,0,,,,,,0
0020901191,485,3,13,4,11:01 PM,0:51,,,Allen Free Throw 1 of 3 (17 PTS),96 - 86,-10,5,951,Ray Allen,1610612738.0,Boston,Celtics,BOS,0,0,,,,,,0,0,,,,,,0
0020901191,487,3,14,4,11:02 PM,0:51,,,Allen Free Throw 2 of 3 (18 PTS),97 - 86,-11,5,951,Ray Allen,1610612738.0,Boston,Celtics,BOS,0,0,,,,,,0,0,,,,,,0
0020901191,489,3,15,4,11:02 PM,0:51,,,Allen Free Throw 3 of 3 (19 PTS),98 - 86,-12,5,951,Ray Allen,1610612738.0,Boston,Celtics,BOS,0,0,,,,,,0,0,,,,,,0
0020901191,491,9,2,4,11:02 PM,0:51,BUCKS Timeout: Short (Full 4 Short 2),,,,,2,1610612749,,,,,,0,0,,,,,,0,0,,,,,,0
0020901191,492,6,1,4,11:03 PM,0:49,,,Allen P.FOUL (P6.PN),,,5,2754,Tony Allen,1610612738.0,Boston,Celtics,BOS,4,703,Kurt Thomas,1610612749.0,Milwaukee,Bucks,MIL,1,0,,,,,,0
0020901191,493,8,0,4,11:03 PM,0:49,,,SUB: Robinson FOR Allen,,,5,2754,Tony Allen,1610612738.0,Boston,Celtics,BOS,5,101126,Nate Robinson,1610612738.0,Boston,Celtics,BOS,0,0,,,,,,0
0020901191,494,3,11,4,11:04 PM,0:49,Thomas Free Throw 1 of 2 (7 PTS),,,98 - 87,-11,4,703,Kurt Thomas,1610612749.0,Milwaukee,Bucks,MIL,0,0,,,,,,0,0,,,,,,0
0020901191,496,3,12,4,11:04 PM,0:49,Thomas Free Throw 2 of 2 (8 PTS),,,98 - 88,-10,4,703,Kurt Thomas,1610612749.0,Milwaukee,Bucks,MIL,0,0,,,,,,0,0,,,,,,0
0020901191,498,6,1,4,11:04 PM,0:48,Delfino P.FOUL (P4.PN),,,,,4,2568,Carlos Delfino,1610612749.0,Milwaukee,Bucks,MIL,5,951,Ray Allen,1610612738.0,Boston,Celtics,BOS,1,0,,,,,,0
0020901191,499,3,11,4,11:05 PM,0:48,,,Allen Free Throw 1 of 2 (20 PTS),99 - 88,-11,5,951,Ray Allen,1610612738.0,Boston,Celtics,BOS,0,0,,,,,,0,0,,,,,,0
0020901191,501,8,0,4,11:05 PM,0:48,SUB: Brezec FOR Thomas,,,,,4,703,Kurt Thomas,1610612749.0,Milwaukee,Bucks,MIL,4,2056,Primoz Brezec,1610612749.0,Milwaukee,Bucks,MIL,0,0,,,,,,0
0020901191,502,8,0,4,11:05 PM,0:48,SUB: Ivey FOR Salmons,,,,,4,2422,John Salmons,1610612749.0,Milwaukee,Bucks,MIL,4,2767,Royal Ivey,1610612749.0,Milwaukee,Bucks,MIL,0,0,,,,,,0
0020901191,503,3,12,4,11:05 PM,0:48,,,Allen Free Throw 2 of 2 (21 PTS),100 - 88,-12,5,951,Ray Allen,1610612738.0,Boston,Celtics,BOS,0,0,,,,,,0,0,,,,,,0
0020901191,505,1,1,4,11:05 PM,0:39,Jennings 15' Jump Shot (19 PTS),,,100 - 90,-10,4,201943,Brandon Jennings,1610612749.0,Milwaukee,Bucks,MIL,0,0,,,,,,0,0,,,,,,0
0020901191,506,6,1,4,11:05 PM,0:35,Mbah a Moute P.FOUL (P5.PN),,,,,4,201601,Luc Mbah a Moute,1610612749.0,Milwaukee,Bucks,MIL,5,1718,Paul Pierce,1610612738.0,Boston,Celtics,BOS,1,0,,,,,,0
0020901191,507,3,11,4,11:06 PM,0:35,,,Pierce Free Throw 1 of 2 (23 PTS),101 - 90,-11,5,1718,Paul Pierce,1610612738.0,Boston,Celtics,BOS,0,0,,,,,,0,0,,,,,,0
0020901191,509,3,12,4,11:06 PM,0:35,,,Pierce Free Throw 2 of 2 (24 PTS),102 - 90,-12,5,1718,Paul Pierce,1610612738.0,Boston,Celtics,BOS,0,0,,,,,,0,0,,,,,,0
0020901191,511,5,2,4,11:06 PM,0:28,Jennings Lost Ball Turnover (P3.T11),,Robinson STEAL (1 STL),,,4,201943,Brandon Jennings,1610612749.0,Milwaukee,Bucks,MIL,5,101126,Nate Robinson,1610612738.0,Boston,Celtics,BOS,0,0,,,,,,0
0020901191,512,1,66,4,11:07 PM,0:05,,,Robinson 27' 3PT Jump Bank Shot (7 PTS) (Rondo 10 AST),105 - 90,-15,5,101126,Nate Robinson,1610612738.0,Boston,Celtics,BOS,5,200765,Rajon Rondo,1610612738.0,Boston,Celtics,BOS,0,0,,,,,,0
0020901191,513,2,1,4,11:07 PM,0:00,MISS Delfino 41' 3PT Jump Shot,,,,,4,2568,Carlos Delfino,1610612749.0,Milwaukee,Bucks,MIL,0,0,,,,,,0,0,,,,,,0
0020901191,514,4,0,4,11:07 PM,0:00,BUCKS Rebound,,,,,2,1610612749,,,,,,0,0,,,,,,0,0,,,,,,0
0020901191,515,13,0,4,11:07 PM,0:00,,,,105 - 90,-15,0,0,,,,,,0,0,,,,,,0,0,,,,,,0
