GAME_ID,EVENTNUM,EVENTMSGTYPE,EVENTMSGACTIONTYPE,PERIOD,WCTIMESTRING,PCTIMESTRING,HOMEDESCRIPTION,NEUTRALDESCRIPTION,VISITORDESCRIPTION,SCORE,SCOREMARGIN
0021500297,0,12,0,1,9:12 PM,12:00,,,,,
0021500297,1,10,0,1,9:12 PM,12:00,Jump Ball Favors vs. Mahinmi: Tip to G. Hill,,,,
0021500297,2,5,1,1,9:12 PM,11:46,Neto STEAL (1 STL),,Ellis Bad Pass Turnover (P1.T1),,
0021500297,3,2,46,1,9:12 PM,11:39,MISS Neto 2' Running Jump Shot,,,,
0021500297,5,4,0,1,9:12 PM,11:35,Lyles REBOUND (Off:1 Def:0),,,,
0021500297,4,1,97,1,9:12 PM,11:35,Lyles 1' Tip Layup Shot (2 PTS),,,0 - 2,2
0021500297,6,2,1,1,9:12 PM,11:27,,,MISS Ellis 24' 3PT Jump Shot,,
0021500297,7,4,0,1,9:12 PM,11:27,Hood REBOUND (Off:0 Def:1),,,,
0021500297,8,5,1,1,9:13 PM,11:09,Hayward Bad Pass Turnover (P1.T1),,Ellis STEAL (1 STL),,
0021500297,9,1,1,1,9:13 PM,11:00,,,G. Hill  3PT Jump Shot (3 PTS) (Mahinmi 1 AST),3 - 2,-1
0021500297,10,6,2,1,9:13 PM,10:45,,,Mahinmi S.FOUL (P1.T1) (G.Zielinski),,
0021500297,11,3,11,1,9:13 PM,10:45,Favors Free Throw 1 of 2 (1 PTS),,,3 - 3,TIE
0021500297,13,3,12,1,9:14 PM,10:45,Favors Free Throw 2 of 2 (2 PTS),,,3 - 4,1
0021500297,15,2,1,1,9:14 PM,10:33,,,MISS George 19' Jump Shot,,
0021500297,16,4,0,1,9:14 PM,10:32,Hood REBOUND (Off:0 Def:2),,,,
0021500297,17,2,1,1,9:14 PM,10:14,MISS Neto  3PT Jump Shot,,,,
0021500297,18,4,0,1,9:14 PM,10:13,Hayward REBOUND (Off:1 Def:0),,,,
0021500297,19,1,1,1,9:15 PM,10:05,Neto  3PT Jump Shot (3 PTS) (Hayward 1 AST),,,3 - 7,4
0021500297,20,2,78,1,9:15 PM,9:52,,,MISS Miles 20' Floating Jump Shot,,
0021500297,21,4,0,1,9:15 PM,9:51,,,Mahinmi REBOUND (Off:1 Def:0),,
0021500297,22,2,1,1,9:15 PM,9:34,,,MISS Ellis 25' 3PT Jump Shot,,
0021500297,23,4,0,1,9:15 PM,9:34,Neto REBOUND (Off:0 Def:1),,,,
0021500297,24,2,79,1,9:15 PM,9:17,MISS Lyles 11' Pullup Jump Shot,,,,
0021500297,25,4,0,1,9:15 PM,9:17,,,Mahinmi REBOUND (Off:1 Def:1),,
0021500297,26,5,4,1,9:16 PM,8:56,,,G. Hill Traveling Turnover (P1.T2),,
0021500297,27,5,21,1,9:16 PM,8:43,Neto Palming Turnover (P1.T2),,,,
0021500297,28,1,79,1,9:16 PM,8:34,,,George 19' Pullup Jump Shot (2 PTS),5 - 7,2
0021500297,29,2,1,1,9:17 PM,8:13,MISS Favors 15' Jump Shot,,,,
0021500297,30,4,0,1,9:17 PM,8:13,Lyles REBOUND (Off:2 Def:0),,,,
0021500297,31,1,63,1,9:17 PM,8:03,Hood 16' Fadeaway Jumper (2 PTS),,,5 - 9,4
0021500297,32,6,2,1,9:17 PM,7:54,Hayward S.FOUL (P1.T1) (R.Mott),,,,
0021500297,33,3,13,1,9:17 PM,7:54,,,George Free Throw 1 of 3 (3 PTS),6 - 9,3
0021500297,35,3,14,1,9:17 PM,7:54,,,George Free Throw 2 of 3 (4 PTS),7 - 9,2
0021500297,37,3,15,1,9:18 PM,7:54,,,George Free Throw 3 of 3 (5 PTS),8 - 9,1
0021500297,39,1,63,1,9:18 PM,7:43,Hayward 7' Fadeaway Jumper (2 PTS),,,8 - 11,3
0021500297,40,2,1,1,9:18 PM,7:33,Favors BLOCK (1 BLK),,MISS Miles 2' Jump Shot,,
0021500297,41,4,0,1,9:18 PM,7:31,JAZZ Rebound,,,,
0021500297,42,1,1,1,9:19 PM,7:17,Hayward 24' 3PT Jump Shot (5 PTS) (Hood 1 AST),,,8 - 14,6
0021500297,43,1,51,1,9:19 PM,6:55,,,George  Reverse Dunk (7 PTS) (Ellis 1 AST),10 - 14,4
0021500297,44,5,2,1,9:19 PM,6:35,Favors Lost Ball Turnover (P1.T3),,Mahinmi STEAL (1 STL),,
0021500297,45,6,1,1,9:20 PM,6:34,Hood P.FOUL (P1.T2) (G.Zielinski),,,,
0021500297,46,1,7,1,9:20 PM,6:25,,,Mahinmi  Dunk (2 PTS) (George 1 AST),12 - 14,2
0021500297,47,1,66,1,9:20 PM,6:04,Favors 3' Jump Bank Shot (4 PTS),,,12 - 16,4
0021500297,48,2,63,1,9:20 PM,5:53,,,MISS George 16' Fadeaway Jumper,,
0021500297,49,4,0,1,9:20 PM,5:53,Hayward REBOUND (Off:1 Def:1),,,,
0021500297,50,2,1,1,9:21 PM,5:41,MISS Favors 15' Jump Shot,,,,
0021500297,51,4,0,1,9:21 PM,5:40,,,George REBOUND (Off:0 Def:1),,
0021500297,52,2,1,1,9:21 PM,5:26,,,MISS G. Hill 20' Jump Shot,,
0021500297,53,4,0,1,9:21 PM,5:25,Hood REBOUND (Off:0 Def:3),,,,
0021500297,54,2,1,1,9:21 PM,5:15,MISS Hood 24' 3PT Jump Shot,,,,
0021500297,55,4,0,1,9:21 PM,5:14,Favors REBOUND (Off:1 Def:0),,,,
0021500297,56,2,1,1,9:21 PM,4:57,MISS Neto 6' Jump Shot,,,,
0021500297,57,4,0,1,9:21 PM,4:57,,,George REBOUND (Off:0 Def:2),,
0021500297,58,2,1,1,9:21 PM,4:53,,,MISS Miles 25' 3PT Jump Shot,,
0021500297,59,4,0,1,9:22 PM,4:53,,,Pacers Rebound,,
0021500297,60,6,3,1,9:22 PM,4:53,Hayward L.B.FOUL (P2.T3) (G.Zielinski),,,,
0021500297,61,9,1,1,9:22 PM,4:53,JAZZ Timeout: Regular (Full 1 Short 0),,,,
0021500297,63,8,0,1,9:24 PM,4:53,SUB: Burks FOR Hayward,,,,
0021500297,64,8,0,1,9:24 PM,4:53,SUB: Booker FOR Lyles,,,,
0021500297,65,8,0,1,9:24 PM,4:53,SUB: Burke FOR Neto,,,,
0021500297,66,2,1,1,9:25 PM,4:33,,,MISS George  3PT Jump Shot,,
0021500297,67,4,0,1,9:25 PM,4:32,Favors REBOUND (Off:1 Def:1),,,,
0021500297,68,6,1,1,9:25 PM,4:16,,,Ellis P.FOUL (P1.T2) (G.Zielinski),,
0021500297,69,8,0,1,9:25 PM,4:16,,,SUB: Hill FOR Mahinmi,,
0021500297,70,8,0,1,9:25 PM,4:16,,,SUB: Stuckey FOR G. Hill,,
0021500297,71,6,1,1,9:26 PM,4:10,,,George P.FOUL (P1.T3) (G.Zielinski),,
0021500297,72,1,1,1,9:26 PM,4:02,Burks  3PT Jump Shot (3 PTS) (Burke 1 AST),,,12 - 19,7
0021500297,73,2,44,1,9:26 PM,3:49,,,MISS Hill 3' Reverse Layup,,
0021500297,74,4,0,1,9:27 PM,3:48,Burks REBOUND (Off:0 Def:1),,,,
0021500297,76,8,0,1,9:27 PM,3:42,,,SUB: Allen FOR Miles,,
0021500297,77,2,1,1,9:27 PM,3:35,MISS Burke 25' 3PT Jump Shot,,,,
0021500297,78,4,0,1,9:27 PM,3:35,,,George REBOUND (Off:0 Def:3),,
0021500297,79,2,1,1,9:27 PM,3:25,,,MISS Stuckey  3PT Jump Shot,,
0021500297,80,4,0,1,9:27 PM,3:24,Hood REBOUND (Off:0 Def:4),,,,
0021500297,81,1,1,1,9:27 PM,3:18,Burke  3PT Jump Shot (3 PTS) (Hood 2 AST),,,12 - 22,10
0021500297,82,9,1,1,9:27 PM,3:17,,,Pacers Timeout: Regular (Reg.1 Short 0),,
0021500297,84,2,1,1,9:30 PM,3:05,,,MISS Ellis 17' Jump Shot,,
0021500297,85,4,0,1,9:30 PM,3:04,Booker REBOUND (Off:0 Def:1),,,,
0021500297,86,1,78,1,9:30 PM,2:44,Hood 12' Floating Jump Shot (4 PTS),,,12 - 24,12
0021500297,87,1,79,1,9:31 PM,2:33,,,George 13' Pullup Jump Shot (9 PTS),14 - 24,10
0021500297,88,2,1,1,9:31 PM,2:17,MISS Favors 7' Jump Shot,,Ellis BLOCK (1 BLK),,
0021500297,89,4,0,1,9:31 PM,2:14,,,George REBOUND (Off:0 Def:4),,
0021500297,92,6,2,1,9:31 PM,2:12,Hood S.FOUL (P2.T4) (G.Zielinski),,,,
0021500297,93,3,13,1,9:31 PM,2:12,,,George Free Throw 1 of 3 (10 PTS),15 - 24,9
0021500297,95,3,14,1,9:31 PM,2:12,,,George Free Throw 2 of 3 (11 PTS),16 - 24,8
0021500297,97,8,0,1,9:32 PM,2:12,SUB: Millsap FOR Hood,,,,
0021500297,98,8,0,1,9:32 PM,2:12,SUB: Withey FOR Favors,,,,
0021500297,99,3,15,1,9:32 PM,2:12,,,George Free Throw 3 of 3 (12 PTS),17 - 24,7
0021500297,101,5,1,1,9:32 PM,1:53,Booker Bad Pass Turnover (P1.T4),,George STEAL (1 STL),,
0021500297,102,2,1,1,9:32 PM,1:42,,,MISS George 19' Jump Shot,,
0021500297,103,4,0,1,9:32 PM,1:40,Burke REBOUND (Off:0 Def:1),,,,
0021500297,104,2,41,1,9:32 PM,1:34,MISS Burks 2' Running Layup,,,,
0021500297,105,4,0,1,9:32 PM,1:33,Booker REBOUND (Off:1 Def:1),,,,
0021500297,106,6,1,1,9:33 PM,1:24,,,Ellis P.FOUL (P2.T4) (G.Zielinski),,
0021500297,107,8,0,1,9:33 PM,1:24,,,SUB: G. Hill FOR Ellis,,
0021500297,109,10,0,1,9:34 PM,1:13,Jump Ball Millsap vs. George: Tip to Hill,,,,
0021500297,110,5,2,1,9:34 PM,1:13,Millsap Lost Ball Turnover (P1.T5),,George STEAL (2 STL),,
0021500297,112,2,5,1,9:34 PM,1:05,Withey BLOCK (1 BLK),,MISS George 2' Layup,,
0021500297,113,4,0,1,9:34 PM,1:04,,,Allen REBOUND (Off:1 Def:0),,
0021500297,114,2,3,1,9:34 PM,1:03,,,MISS Allen 4' Hook Shot,,
0021500297,115,4,0,1,9:34 PM,1:03,JAZZ Rebound,,,,
0021500297,116,1,79,1,9:35 PM,0:41,Burke 13' Pullup Jump Shot (5 PTS),,,17 - 26,9
0021500297,117,6,2,1,9:35 PM,0:32,Booker S.FOUL (P1.PN) (G.Zielinski),,,,
0021500297,118,3,11,1,9:35 PM,0:32,,,Hill Free Throw 1 of 2 (1 PTS),18 - 26,8
0021500297,120,3,12,1,9:36 PM,0:32,,,Hill Free Throw 2 of 2 (2 PTS),19 - 26,7
0021500297,122,2,78,1,9:36 PM,0:18,MISS Withey 6' Floating Jump Shot,,,,
0021500297,123,4,0,1,9:36 PM,0:17,Booker REBOUND (Off:2 Def:1),,,,
0021500297,124,6,2,1,9:36 PM,0:02,,,Allen S.FOUL (P1.PN) (T.Maddox),,
0021500297,125,3,11,1,9:36 PM,0:02,Burks Free Throw 1 of 2 (4 PTS),,,19 - 27,8
0021500297,127,3,12,1,9:37 PM,0:02,MISS Burks Free Throw 2 of 2,,,,
0021500297,129,4,0,1,9:37 PM,0:02,,,Allen REBOUND (Off:1 Def:1),,
0021500297,130,13,0,1,9:37 PM,0:00,,,,19 - 27,8
0021500297,132,12,0,2,9:40 PM,12:00,,,,19 - 27,8
0021500297,133,5,2,2,9:40 PM,11:45,Withey Lost Ball Turnover (P1.T6),,G. Hill STEAL (1 STL),,
0021500297,134,1,5,2,9:40 PM,11:40,,,Stuckey 2' Layup (2 PTS) (G. Hill 1 AST),21 - 27,6
0021500297,135,2,1,2,9:41 PM,11:19,MISS Burks 19' Jump Shot,,,,
0021500297,136,4,0,2,9:41 PM,11:19,,,Budinger REBOUND (Off:0 Def:1),,
0021500297,137,5,41,2,9:41 PM,10:58,,,Hill Poss Lost Ball Turnover (P1.T3),,
0021500297,138,5,1,2,9:41 PM,10:39,Booker Bad Pass Turnover (P2.T7),,G. Hill STEAL (2 STL),,
0021500297,139,5,1,2,9:41 PM,10:36,Booker STEAL (1 STL),,Allen Bad Pass Turnover (P1.T4),,
0021500297,140,2,1,2,9:41 PM,10:29,MISS Burke 25' 3PT Jump Shot,,,,
0021500297,141,4,0,2,9:41 PM,10:28,Booker REBOUND (Off:3 Def:1),,,,
0021500297,142,1,1,2,9:42 PM,10:24,Hayward 25' 3PT Jump Shot (8 PTS),,,21 - 30,9
0021500297,143,1,3,2,9:42 PM,10:04,,,Hill 3' Hook Shot (4 PTS) (Stuckey 1 AST),23 - 30,7
0021500297,144,2,1,2,9:42 PM,9:49,MISS Booker 5' Jump Shot,,G. Hill BLOCK (1 BLK),,
0021500297,145,4,0,2,9:42 PM,9:46,,,Allen REBOUND (Off:1 Def:2),,
0021500297,146,5,1,2,9:42 PM,9:41,Hayward STEAL (1 STL),,Budinger Bad Pass Turnover (P1.T5),,
0021500297,147,6,2,2,9:43 PM,9:37,,,Allen S.FOUL (P2.T1) (R.Mott),,
0021500297,148,3,11,2,9:43 PM,9:37,Booker Free Throw 1 of 2 (1 PTS),,,23 - 31,8
0021500297,150,8,0,2,9:43 PM,9:37,SUB: Favors FOR Withey,,,,
0021500297,151,3,12,2,9:43 PM,9:37,MISS Booker Free Throw 2 of 2,,,,
0021500297,153,4,0,2,9:43 PM,9:36,,,Budinger REBOUND (Off:0 Def:2),,
0021500297,154,9,1,2,9:44 PM,9:24,,,Pacers Timeout: Regular (Reg.2 Short 0),,
0021500297,156,8,0,2,9:46 PM,9:24,SUB: Lyles FOR Booker,,,,
0021500297,157,2,5,2,9:46 PM,9:13,,,MISS Hill 2' Layup,,
0021500297,159,4,0,2,9:46 PM,9:12,,,Allen REBOUND (Off:2 Def:2),,
0021500297,158,2,97,2,9:46 PM,9:12,,,MISS Allen 2' Tip Layup Shot,,
0021500297,160,4,0,2,9:46 PM,9:10,Burks REBOUND (Off:0 Def:2),,,,
0021500297,161,6,1,2,9:46 PM,9:01,,,Budinger P.FOUL (P1.T2) (R.Mott),,
0021500297,162,6,1,2,9:47 PM,8:54,,,Budinger P.FOUL (P2.T3) (R.Mott),,
0021500297,163,2,1,2,9:47 PM,8:47,MISS Burke 25' 3PT Jump Shot,,,,
0021500297,164,4,0,2,9:47 PM,8:46,,,Hill REBOUND (Off:0 Def:1),,
0021500297,165,6,17,2,9:48 PM,8:37,JAZZ T.Foul (Def. 3 Sec Lyles ) (R.Mott),,,,
0021500297,166,3,16,2,9:48 PM,8:37,,,Stuckey Free Throw Technical (3 PTS),24 - 31,7
0021500297,168,2,78,2,9:48 PM,8:27,,,MISS Budinger 9' Floating Jump Shot,,
0021500297,169,4,0,2,9:48 PM,8:27,,,Pacers Rebound,,
0021500297,170,6,3,2,9:48 PM,8:27,Burks L.B.FOUL (P1.T1) (T.Maddox),,,,
0021500297,171,3,11,2,9:48 PM,8:27,,,Stuckey Free Throw 1 of 2 (4 PTS),25 - 31,6
0021500297,173,8,0,2,9:49 PM,8:27,SUB: Hood FOR Burks,,,,
0021500297,174,3,12,2,9:49 PM,8:27,,,Stuckey Free Throw 2 of 2 (5 PTS),26 - 31,5
0021500297,176,1,52,2,9:49 PM,8:10,Favors 1' Alley Oop Dunk (6 PTS) (Burke 2 AST),,,26 - 33,7
0021500297,177,1,79,2,9:49 PM,7:58,,,Stuckey 14' Pullup Jump Shot (7 PTS),28 - 33,5
0021500297,178,1,78,2,9:49 PM,7:46,Favors 10' Floating Jump Shot (8 PTS) (Burke 3 AST),,,28 - 35,7
0021500297,179,1,58,2,9:50 PM,7:31,,,Hill 7' Turnaround Hook Shot (6 PTS),30 - 35,5
0021500297,180,2,1,2,9:50 PM,7:18,MISS Lyles 18' Jump Shot,,,,
0021500297,181,4,0,2,9:50 PM,7:17,,,Budinger REBOUND (Off:0 Def:3),,
0021500297,182,2,80,2,9:50 PM,7:05,,,MISS G. Hill 24' 3PT Step Back Jump Shot,,
0021500297,183,4,0,2,9:50 PM,7:05,,,Hill REBOUND (Off:1 Def:1),,
0021500297,184,2,44,2,9:50 PM,7:01,,,MISS Budinger 2' Reverse Layup,,
0021500297,185,4,0,2,9:50 PM,6:59,Lyles REBOUND (Off:2 Def:1),,,,
0021500297,186,6,2,2,9:50 PM,6:55,,,Hill S.FOUL (P1.T4) (R.Mott),,
0021500297,187,3,11,2,9:51 PM,6:55,Hayward Free Throw 1 of 2 (9 PTS),,,30 - 36,6
0021500297,189,8,0,2,9:51 PM,6:55,,,SUB: Mahinmi FOR Hill,,
0021500297,190,8,0,2,9:51 PM,6:55,,,SUB: Miles FOR Allen,,
0021500297,191,8,0,2,9:51 PM,6:55,SUB: Ingles FOR Lyles,,,,
0021500297,192,8,0,2,9:51 PM,6:55,SUB: Neto FOR Burke,,,,
0021500297,193,3,12,2,9:51 PM,6:55,Hayward Free Throw 2 of 2 (10 PTS),,,30 - 37,7
0021500297,195,1,1,2,9:51 PM,6:41,,,Stuckey 10' Jump Shot (9 PTS),32 - 37,5
0021500297,196,1,44,2,9:52 PM,6:26,Favors 2' Reverse Layup (10 PTS) (Hayward 2 AST),,,32 - 39,7
0021500297,197,6,2,2,9:52 PM,6:14,Favors S.FOUL (P1.T2) (R.Mott),,,,
0021500297,198,3,11,2,9:52 PM,6:14,,,MISS Stuckey Free Throw 1 of 2,,
0021500297,199,4,1,2,9:52 PM,6:14,,,Pacers Rebound,,
0021500297,201,8,0,2,9:53 PM,6:14,,,SUB: Ellis FOR G. Hill,,
0021500297,202,3,12,2,9:53 PM,6:14,,,Stuckey Free Throw 2 of 2 (10 PTS),33 - 39,6
0021500297,204,6,1,2,9:53 PM,5:57,,,Stuckey P.FOUL (P1.PN) (T.Maddox),,
0021500297,205,9,1,2,9:53 PM,5:57,,,,,
0021500297,207,3,11,2,9:56 PM,5:57,Hayward Free Throw 1 of 2 (11 PTS),,,33 - 40,7
0021500297,209,3,12,2,9:56 PM,5:57,Hayward Free Throw 2 of 2 (12 PTS),,,33 - 41,8
0021500297,211,1,52,2,9:56 PM,5:48,,,Budinger  Alley Oop Dunk (2 PTS) (Ellis 2 AST),35 - 41,6
0021500297,212,2,44,2,9:57 PM,5:27,MISS Favors 2' Reverse Layup,,,,
0021500297,213,4,0,2,9:57 PM,5:27,,,Ellis REBOUND (Off:0 Def:1),,
0021500297,214,1,78,2,9:57 PM,5:19,,,Ellis 9' Floating Jump Shot (2 PTS),37 - 41,4
0021500297,215,2,79,2,9:57 PM,5:05,MISS Hood 17' Pullup Jump Shot,,,,
0021500297,216,4,0,2,9:57 PM,5:04,,,Mahinmi REBOUND (Off:1 Def:2),,
0021500297,217,1,44,2,9:57 PM,4:56,,,Mahinmi 2' Reverse Layup (4 PTS) (Ellis 3 AST),39 - 41,2
0021500297,219,2,42,2,9:58 PM,4:31,MISS Hood 3' Driving Layup,,,,
0021500297,220,4,0,2,9:58 PM,4:31,,,Mahinmi REBOUND (Off:1 Def:3),,
0021500297,221,6,2,2,9:58 PM,4:25,Hood S.FOUL (P3.T3) (R.Mott),,,,
0021500297,222,3,13,2,9:58 PM,4:25,,,Miles Free Throw 1 of 3 (1 PTS),40 - 41,1
0021500297,225,3,14,2,9:59 PM,4:25,,,Miles Free Throw 2 of 3 (2 PTS),41 - 41,TIE
0021500297,227,8,0,2,9:59 PM,4:25,,,SUB: George FOR Budinger,,
0021500297,228,8,0,2,9:59 PM,4:25,SUB: Burks FOR Hood,,,,
0021500297,229,9,1,2,9:59 PM,4:25,JAZZ Timeout: Regular (Full 2 Short 0),,,,
0021500297,230,8,0,2,10:01 PM,4:25,SUB: Burke FOR Neto,,,,
0021500297,231,8,0,2,10:01 PM,4:25,SUB: Booker FOR Ingles,,,,
0021500297,232,3,15,2,10:01 PM,4:25,,,Miles Free Throw 3 of 3 (3 PTS),42 - 41,-1
0021500297,234,1,1,2,10:02 PM,4:04,Burke 26' 3PT Jump Shot (8 PTS),,,42 - 44,2
0021500297,235,6,2,2,10:02 PM,4:04,,,Ellis S.FOUL (P3.PN) (G.Zielinski),,
0021500297,237,8,0,2,10:02 PM,4:04,,,SUB: G. Hill FOR Ellis,,
0021500297,238,3,10,2,10:02 PM,4:04,Burke Free Throw 1 of 1 (9 PTS),,,42 - 45,3
0021500297,241,1,79,2,10:03 PM,3:40,,,George 19' Pullup Jump Shot (14 PTS),44 - 45,1
0021500297,242,2,78,2,10:03 PM,3:27,MISS Hayward 6' Floating Jump Shot,,,,
0021500297,243,4,0,2,10:03 PM,3:27,Booker REBOUND (Off:4 Def:1),,,,
0021500297,244,1,44,2,10:03 PM,3:24,Booker 2' Reverse Layup (3 PTS),,,44 - 47,3
0021500297,245,2,1,2,10:04 PM,3:14,,,MISS Miles 25' 3PT Jump Shot,,
0021500297,246,4,0,2,10:04 PM,3:14,Booker REBOUND (Off:4 Def:2),,,,
0021500297,247,1,42,2,10:04 PM,3:07,Burks 2' Driving Layup (6 PTS),,,44 - 49,5
0021500297,248,5,1,2,10:04 PM,2:58,,,George Bad Pass Turnover (P1.T6),,
0021500297,249,1,1,2,10:04 PM,2:44,Favors 15' Jump Shot (12 PTS) (Hayward 3 AST),,,44 - 51,7
0021500297,250,1,1,2,10:04 PM,2:27,,,George 25' 3PT Jump Shot (17 PTS) (Stuckey 2 AST),47 - 51,4
0021500297,251,2,5,2,10:05 PM,2:10,MISS Booker 2' Layup,,,,
0021500297,253,4,0,2,10:05 PM,2:09,Favors REBOUND (Off:2 Def:1),,,,
0021500297,252,1,72,2,10:05 PM,2:09,Favors 3' Putback Layup (14 PTS),,,47 - 53,6
0021500297,254,2,1,2,10:05 PM,1:57,,,MISS Stuckey 13' Jump Shot,,
0021500297,255,4,0,2,10:05 PM,1:56,Burks REBOUND (Off:0 Def:3),,,,
0021500297,256,6,2,2,10:05 PM,1:36,,,Miles S.FOUL (P1.PN) (R.Mott),,
0021500297,257,3,11,2,10:06 PM,1:36,MISS Hayward Free Throw 1 of 2,,,,
0021500297,258,4,1,2,10:06 PM,1:36,JAZZ Rebound,,,,
0021500297,259,8,0,2,10:06 PM,1:36,,,SUB: Budinger FOR Stuckey,,
0021500297,260,3,12,2,10:06 PM,1:36,Hayward Free Throw 2 of 2 (13 PTS),,,47 - 54,7
0021500297,262,6,27,2,10:06 PM,1:18,Booker Personal Block Foul (P2.T4) (R.Mott),,,,
0021500297,263,1,1,2,10:07 PM,1:15,,,George 25' 3PT Jump Shot (20 PTS) (G. Hill 2 AST),50 - 54,4
0021500297,264,6,2,2,10:07 PM,1:15,Burks S.FOUL (P2.PN) (G.Zielinski),,,,
0021500297,265,3,10,2,10:07 PM,1:15,,,MISS George Free Throw 1 of 1,,
0021500297,267,4,0,2,10:07 PM,1:14,Booker REBOUND (Off:4 Def:3),,,,
0021500297,268,5,2,2,10:08 PM,1:01,Hayward Lost Ball Turnover (P2.T8),,Mahinmi STEAL (2 STL),,
0021500297,269,2,1,2,10:08 PM,0:55,,,MISS George 5' Jump Shot,,
0021500297,270,4,0,2,10:08 PM,0:54,,,Miles REBOUND (Off:1 Def:0),,
0021500297,271,6,2,2,10:08 PM,0:54,Booker S.FOUL (P3.PN) (R.Mott),,,,
0021500297,272,3,11,2,10:08 PM,0:54,,,Miles Free Throw 1 of 2 (4 PTS),51 - 54,3
0021500297,274,8,0,2,10:08 PM,0:54,SUB: Millsap FOR Booker,,,,
0021500297,275,3,12,2,10:08 PM,0:54,,,Miles Free Throw 2 of 2 (5 PTS),52 - 54,2
0021500297,277,2,79,2,10:09 PM,0:36,MISS Hayward 24' 3PT Pullup Jump Shot,,,,
0021500297,278,4,0,2,10:09 PM,0:36,,,Miles REBOUND (Off:1 Def:1),,
0021500297,279,2,42,2,10:09 PM,0:28,,,MISS Budinger 2' Driving Layup,,
0021500297,280,4,0,2,10:09 PM,0:27,Millsap REBOUND (Off:0 Def:1),,,,
0021500297,281,6,2,2,10:09 PM,0:13,,,Budinger S.FOUL (P3.PN) (T.Maddox),,
0021500297,282,3,11,2,10:10 PM,0:13,MISS Burks Free Throw 1 of 2,,,,
0021500297,283,4,1,2,10:10 PM,0:13,JAZZ Rebound,,,,
0021500297,284,8,0,2,10:10 PM,0:13,,,SUB: Stuckey FOR Budinger,,
0021500297,285,8,0,2,10:10 PM,0:13,SUB: Johnson FOR Hayward,,,,
0021500297,286,9,2,2,10:10 PM,0:13,,,Pacers Timeout: Short (Reg.2 Short 1),,
0021500297,288,3,12,2,10:11 PM,0:13,Burks Free Throw 2 of 2 (7 PTS),,,52 - 55,3
0021500297,290,5,1,2,10:11 PM,0:04,Millsap STEAL (1 STL),,Mahinmi Bad Pass Turnover (P1.T7),,
0021500297,291,1,5,2,10:11 PM,0:01,Burke 1' Layup (11 PTS) (Millsap 1 AST),,,52 - 57,5
0021500297,292,13,0,2,10:12 PM,0:00,,,,52 - 57,5
0021500297,294,12,0,3,10:27 PM,12:00,,,,52 - 57,5
0021500297,295,6,2,3,10:28 PM,11:39,,,Ellis S.FOUL (P4.T1) (G.Zielinski),,
0021500297,296,3,11,3,10:28 PM,11:39,Hood Free Throw 1 of 2 (5 PTS),,,52 - 58,6
0021500297,298,3,12,3,10:28 PM,11:39,Hood Free Throw 2 of 2 (6 PTS),,,52 - 59,7
0021500297,300,6,1,3,10:29 PM,11:30,Neto P.FOUL (P1.T1) (G.Zielinski),,,,
0021500297,301,2,1,3,10:29 PM,11:21,,,MISS Ellis 17' Jump Shot,,
0021500297,302,4,0,3,10:29 PM,11:21,Favors REBOUND (Off:2 Def:2),,,,
0021500297,303,1,47,3,10:29 PM,11:16,Neto 9' Turnaround Jump Shot (5 PTS),,,52 - 61,9
0021500297,304,6,2,3,10:29 PM,11:16,,,Mahinmi S.FOUL (P2.T2) (R.Mott),,
0021500297,305,3,10,3,10:29 PM,11:16,Neto Free Throw 1 of 1 (6 PTS),,,52 - 62,10
0021500297,307,2,1,3,10:30 PM,11:04,,,MISS Miles 18' Jump Shot,,
0021500297,308,4,0,3,10:30 PM,11:04,Favors REBOUND (Off:2 Def:3),,,,
0021500297,309,1,42,3,10:30 PM,10:44,Favors 2' Driving Layup (16 PTS) (Neto 1 AST),,,52 - 64,12
0021500297,310,1,80,3,10:30 PM,10:33,,,G. Hill 22' Step Back Jump Shot (5 PTS),54 - 64,10
0021500297,311,1,1,3,10:31 PM,10:13,Neto  3PT Jump Shot (9 PTS) (Hayward 4 AST),,,54 - 67,13
0021500297,312,2,1,3,10:31 PM,9:46,,,MISS Ellis 8' Jump Shot,,
0021500297,313,4,0,3,10:31 PM,9:45,Lyles REBOUND (Off:2 Def:2),,,,
0021500297,314,1,74,3,10:31 PM,9:41,Neto 2' Running Reverse Layup (11 PTS) (Lyles 1 AST),,,54 - 69,15
0021500297,315,9,1,3,10:31 PM,9:41,,,Pacers Timeout: Regular (Reg.3 Short 1),,
0021500297,317,6,1,3,10:34 PM,9:27,Hood P.FOUL (P4.T2) (R.Mott),,,,
0021500297,318,8,0,3,10:34 PM,9:27,SUB: Burks FOR Hood,,,,
0021500297,319,2,1,3,10:35 PM,9:18,,,MISS Miles 25' 3PT Jump Shot,,
0021500297,320,4,0,3,10:35 PM,9:18,Neto REBOUND (Off:0 Def:2),,,,
0021500297,321,1,42,3,10:35 PM,9:00,Neto 1' Driving Layup (13 PTS) (Favors 1 AST),,,54 - 71,17
0021500297,322,1,78,3,10:35 PM,8:39,,,G. Hill 9' Floating Jump Shot (7 PTS),56 - 71,15
0021500297,323,2,1,3,10:36 PM,8:20,MISS Hayward 24' 3PT Jump Shot,,,,
0021500297,324,4,0,3,10:36 PM,8:20,,,Mahinmi REBOUND (Off:1 Def:4),,
0021500297,325,1,5,3,10:36 PM,8:09,,,Mahinmi 2' Layup (6 PTS) (Ellis 4 AST),58 - 71,13
0021500297,326,6,1,3,10:36 PM,7:59,,,Mahinmi P.FOUL (P3.T3) (R.Mott),,
0021500297,327,2,1,3,10:36 PM,7:47,MISS Favors 19' Jump Shot,,,,
0021500297,328,4,0,3,10:36 PM,7:46,,,George REBOUND (Off:0 Def:5),,
0021500297,329,6,4,3,10:37 PM,7:39,,,Mahinmi OFF.Foul (P4) (R.Mott),,
0021500297,330,5,5,3,10:37 PM,7:39,,,Mahinmi Foul Turnover (P2.T8),,
0021500297,331,8,0,3,10:37 PM,7:39,,,SUB: Hill FOR Mahinmi,,
0021500297,332,6,1,3,10:37 PM,7:27,,,George P.FOUL (P2.T4) (T.Maddox),,
0021500297,333,2,1,3,10:38 PM,7:20,MISS Burks 17' Jump Shot,,,,
0021500297,334,4,0,3,10:38 PM,7:19,Favors REBOUND (Off:3 Def:3),,,,
0021500297,335,1,1,3,10:38 PM,7:17,Favors 2' Jump Shot (18 PTS),,,58 - 73,15
0021500297,336,6,4,3,10:38 PM,7:10,,,Hill OFF.Foul (P2) (T.Maddox),,
0021500297,337,5,5,3,10:38 PM,7:10,,,Hill Foul Turnover (P2.T9),,
0021500297,338,2,1,3,10:38 PM,6:55,MISS Hayward 14' Jump Shot,,,,
0021500297,339,4,0,3,10:38 PM,6:55,,,George REBOUND (Off:0 Def:6),,
0021500297,340,6,1,3,10:39 PM,6:55,Lyles P.FOUL (P1.T3) (R.Mott),,,,
0021500297,341,2,1,3,10:39 PM,6:42,,,MISS Hill 13' Jump Shot,,
0021500297,342,4,0,3,10:39 PM,6:41,Favors REBOUND (Off:3 Def:4),,,,
0021500297,343,5,1,3,10:39 PM,6:25,Neto Bad Pass Turnover (P2.T9),,G. Hill STEAL (3 STL),,
0021500297,344,6,3,3,10:39 PM,6:25,Neto L.B.FOUL (P2.T4) (T.Maddox),,,,
0021500297,345,8,0,3,10:39 PM,6:25,SUB: Booker FOR Lyles,,,,
0021500297,346,1,1,3,10:40 PM,6:07,,,Miles 25' 3PT Jump Shot (8 PTS) (G. Hill 3 AST),61 - 73,12
0021500297,347,2,1,3,10:40 PM,5:55,MISS Burks 24' 3PT Jump Shot,,,,
0021500297,348,4,0,3,10:40 PM,5:54,,,Pacers Rebound,,
0021500297,349,6,2,3,10:40 PM,5:50,Booker S.FOUL (P4.PN) (R.Mott),,,,
0021500297,350,18,0,3,10:41 PM,5:50,,,,,
0021500297,351,3,13,3,10:41 PM,5:50,,,MISS Miles Free Throw 1 of 3,,
0021500297,352,4,1,3,10:41 PM,5:50,,,Pacers Rebound,,
0021500297,353,3,14,3,10:41 PM,5:50,,,Miles Free Throw 2 of 3 (9 PTS),62 - 73,11
0021500297,355,8,0,3,10:42 PM,5:50,SUB: Johnson FOR Booker,,,,
0021500297,356,3,15,3,10:42 PM,5:50,,,Miles Free Throw 3 of 3 (10 PTS),63 - 73,10
0021500297,358,6,1,3,10:42 PM,5:41,,,George P.FOUL (P3.PN) (T.Maddox),,
0021500297,359,3,11,3,10:42 PM,5:41,Hayward Free Throw 1 of 2 (14 PTS),,,63 - 74,11
0021500297,361,3,12,3,10:43 PM,5:41,Hayward Free Throw 2 of 2 (15 PTS),,,63 - 75,12
0021500297,363,6,2,3,10:43 PM,5:32,Favors S.FOUL (P2.PN) (R.Mott),,,,
0021500297,364,3,11,3,10:43 PM,5:32,,,Ellis Free Throw 1 of 2 (3 PTS),64 - 75,11
0021500297,366,3,12,3,10:43 PM,5:32,,,Ellis Free Throw 2 of 2 (4 PTS),65 - 75,10
0021500297,368,1,7,3,10:44 PM,5:16,Favors  Dunk (20 PTS) (Johnson 1 AST),,,65 - 77,12
0021500297,369,2,1,3,10:44 PM,4:56,,,MISS George 11' Jump Shot,,
0021500297,370,4,0,3,10:44 PM,4:56,,,Hill REBOUND (Off:2 Def:1),,
0021500297,371,1,1,3,10:45 PM,4:50,,,George 24' 3PT Jump Shot (23 PTS),68 - 77,9
0021500297,372,1,57,3,10:45 PM,4:27,Favors 3' Driving Hook Shot (22 PTS),,,68 - 79,11
0021500297,373,1,1,3,10:45 PM,4:17,,,George 25' 3PT Jump Shot (26 PTS),71 - 79,8
0021500297,374,6,1,3,10:45 PM,4:00,,,Hill P.FOUL (P3.PN) (R.Mott),,
0021500297,375,3,11,3,10:46 PM,4:00,Hayward Free Throw 1 of 2 (16 PTS),,,71 - 80,9
0021500297,377,8,0,3,10:46 PM,4:00,,,SUB: Stuckey FOR Ellis,,
0021500297,378,3,12,3,10:46 PM,4:00,Hayward Free Throw 2 of 2 (17 PTS),,,71 - 81,10
0021500297,380,2,5,3,10:46 PM,3:43,,,MISS George 2' Layup,,
0021500297,381,4,0,3,10:46 PM,3:43,Favors REBOUND (Off:3 Def:5),,,,
0021500297,384,6,4,3,10:47 PM,3:43,Favors OFF.Foul (P3) (G.Zielinski),,,,
0021500297,385,5,5,3,10:47 PM,3:43,Favors Foul Turnover (P2.T10),,,,
0021500297,386,18,0,3,10:47 PM,3:43,,,,,
0021500297,388,1,1,3,10:49 PM,3:34,,,Stuckey  3PT Jump Shot (13 PTS) (G. Hill 4 AST),74 - 81,7
0021500297,389,2,1,3,10:49 PM,3:13,MISS Burks 5' Jump Shot,,,,
0021500297,390,4,0,3,10:49 PM,3:13,Favors REBOUND (Off:4 Def:5),,,,
0021500297,391,6,2,3,10:49 PM,3:13,,,Stuckey S.FOUL (P2.PN) (G.Zielinski),,
0021500297,392,3,11,3,10:49 PM,3:13,MISS Favors Free Throw 1 of 2,,,,
0021500297,393,4,1,3,10:49 PM,3:13,JAZZ Rebound,,,,
0021500297,396,8,0,3,10:50 PM,3:13,SUB: Burke FOR Neto,,,,
0021500297,397,3,12,3,10:50 PM,3:13,Favors Free Throw 2 of 2 (23 PTS),,,74 - 82,8
0021500297,399,6,26,3,10:50 PM,3:01,,,Stuckey Offensive Charge Foul (P3.PN) (T.Maddox),,
0021500297,400,5,5,3,10:50 PM,3:01,,,Stuckey Foul Turnover (P1.T10),,
0021500297,401,2,1,3,10:51 PM,2:45,MISS Hayward 25' 3PT Jump Shot,,,,
0021500297,402,4,0,3,10:51 PM,2:44,,,Miles REBOUND (Off:1 Def:2),,
0021500297,403,1,1,3,10:51 PM,2:32,,,G. Hill  3PT Jump Shot (10 PTS) (Stuckey 3 AST),77 - 82,5
0021500297,404,9,1,3,10:51 PM,2:27,JAZZ Timeout: Regular (Full 3 Short 0),,,,
0021500297,406,8,0,3,10:54 PM,2:27,,,SUB: Budinger FOR Miles,,
0021500297,407,1,73,3,10:54 PM,2:07,Burke 3' Driving Reverse Layup (13 PTS),,,77 - 84,7
0021500297,408,2,42,3,10:54 PM,1:57,,,MISS Stuckey 2' Driving Layup,,
0021500297,409,4,0,3,10:54 PM,1:56,,,Stuckey REBOUND (Off:1 Def:0),,
0021500297,410,2,5,3,10:54 PM,1:54,,,MISS Stuckey 2' Layup,,
0021500297,411,4,0,3,10:54 PM,1:52,Burks REBOUND (Off:0 Def:4),,,,
0021500297,412,2,1,3,10:54 PM,1:44,MISS Burke 24' 3PT Jump Shot,,,,
0021500297,413,4,0,3,10:54 PM,1:44,,,Budinger REBOUND (Off:0 Def:4),,
0021500297,414,2,63,3,10:55 PM,1:23,,,MISS G. Hill 17' Fadeaway Jumper,,
0021500297,415,4,0,3,10:55 PM,1:22,Favors REBOUND (Off:4 Def:6),,,,
0021500297,416,2,5,3,10:55 PM,1:07,MISS Favors 2' Layup,,,,
0021500297,417,4,0,3,10:55 PM,1:07,,,Hill REBOUND (Off:2 Def:2),,
0021500297,418,1,42,3,10:55 PM,1:00,,,Stuckey 2' Driving Layup (15 PTS),79 - 84,5
0021500297,419,2,1,3,10:55 PM,0:40,MISS Hayward 24' 3PT Jump Shot,,,,
0021500297,420,4,0,3,10:55 PM,0:39,,,G. Hill REBOUND (Off:0 Def:1),,
0021500297,421,1,79,3,10:56 PM,0:32,,,George 26' 3PT Pullup Jump Shot (29 PTS) (G. Hill 5 AST),82 - 84,2
0021500297,422,6,2,3,10:56 PM,0:17,,,Hill S.FOUL (P4.PN) (R.Mott),,
0021500297,423,3,11,3,10:56 PM,0:17,MISS Burks Free Throw 1 of 2,,,,
0021500297,424,4,1,3,10:56 PM,0:17,JAZZ Rebound,,,,
0021500297,425,8,0,3,10:56 PM,0:17,SUB: Withey FOR Favors,,,,
0021500297,426,8,0,3,10:56 PM,0:17,SUB: Millsap FOR Burke,,,,
0021500297,427,3,12,3,10:57 PM,0:17,MISS Burks Free Throw 2 of 2,,,,
0021500297,429,4,0,3,10:57 PM,0:16,,,Budinger REBOUND (Off:0 Def:5),,
0021500297,430,6,2,3,10:57 PM,0:00,Johnson S.FOUL (P1.PN) (T.Maddox),,,,
0021500297,431,18,0,3,10:57 PM,0:00,,,,,
0021500297,433,8,0,3,10:59 PM,0:00,SUB: Booker FOR Johnson,,,,
0021500297,434,3,13,3,10:59 PM,0:00,,,George Free Throw 1 of 3 (30 PTS),83 - 84,1
0021500297,436,3,14,3,10:59 PM,0:00,,,MISS George Free Throw 2 of 3,,
0021500297,437,4,1,3,10:59 PM,0:00,,,Pacers Rebound,,
0021500297,438,3,15,3,10:59 PM,0:00,,,George Free Throw 3 of 3 (31 PTS),84 - 84,TIE
0021500297,440,13,0,3,11:00 PM,0:00,,,,84 - 84,TIE
0021500297,442,12,0,4,11:02 PM,12:00,,,,84 - 84,TIE
0021500297,443,2,1,4,11:03 PM,11:40,,,MISS Stuckey 22' Jump Shot,,
0021500297,444,4,0,4,11:03 PM,11:40,Burke REBOUND (Off:0 Def:2),,,,
0021500297,445,1,80,4,11:03 PM,11:21,Burke 22' Step Back Jump Shot (15 PTS),,,84 - 86,2
0021500297,446,6,1,4,11:03 PM,11:06,Hood P.FOUL (P5.T1) (R.Mott),,,,
0021500297,447,8,0,4,11:04 PM,11:06,SUB: Millsap FOR Hood,,,,
0021500297,448,2,1,4,11:04 PM,11:00,,,MISS Ellis 4' Jump Shot,,
0021500297,449,4,0,4,11:04 PM,10:59,,,Hill REBOUND (Off:3 Def:2),,
0021500297,450,1,5,4,11:04 PM,10:56,,,Hill 3' Layup (8 PTS),86 - 86,TIE
0021500297,451,6,26,4,11:04 PM,10:52,Burks Offensive Charge Foul (P3.T2) (G.Zielinski),,,,
0021500297,452,5,5,4,11:04 PM,10:52,Burks Foul Turnover (P1.T11),,,,
0021500297,453,2,1,4,11:04 PM,10:40,,,MISS Budinger 25' 3PT Jump Shot,,
0021500297,454,4,0,4,11:04 PM,10:39,JAZZ Rebound,,,,
0021500297,455,2,1,4,11:05 PM,10:26,MISS Burks  3PT Jump Shot,,,,
0021500297,456,4,0,4,11:05 PM,10:25,,,Budinger REBOUND (Off:0 Def:6),,
0021500297,457,1,79,4,11:05 PM,10:10,,,Ellis 16' Pullup Jump Shot (6 PTS),88 - 86,-2
0021500297,458,2,1,4,11:05 PM,9:53,MISS Burke 20' Jump Shot,,,,
0021500297,459,4,0,4,11:05 PM,9:52,,,Allen REBOUND (Off:2 Def:3),,
0021500297,460,2,1,4,11:06 PM,9:40,,,MISS Ellis 17' Jump Shot,,
0021500297,461,4,0,4,11:06 PM,9:39,Booker REBOUND (Off:4 Def:4),,,,
0021500297,462,1,41,4,11:06 PM,9:33,Withey 2' Running Layup (2 PTS) (Burks 1 AST),,,88 - 88,TIE
0021500297,463,5,2,4,11:06 PM,9:18,Millsap STEAL (2 STL),,Stuckey Lost Ball Turnover (P2.T11),,
0021500297,464,6,1,4,11:06 PM,9:13,,,Allen P.FOUL (P3.T1) (R.Mott),,
0021500297,465,8,0,4,11:06 PM,9:13,SUB: Lyles FOR Booker,,,,
0021500297,466,8,0,4,11:06 PM,9:13,,,SUB: Mahinmi FOR Hill,,
0021500297,467,6,4,4,11:07 PM,9:04,Withey OFF.Foul (P1) (R.Mott),,,,
0021500297,468,5,5,4,11:07 PM,9:04,Withey Foul Turnover (P2.T12),,,,
0021500297,469,2,42,4,11:07 PM,8:51,,,MISS Ellis 2' Driving Layup,,
0021500297,470,4,0,4,11:07 PM,8:50,Withey REBOUND (Off:0 Def:1),,,,
0021500297,472,9,1,4,11:07 PM,8:40,,,,,
0021500297,474,8,0,4,11:10 PM,8:40,,,SUB: George FOR Budinger,,
0021500297,475,1,1,4,11:10 PM,8:32,Burke 17' Jump Shot (17 PTS),,,88 - 90,2
0021500297,476,2,57,4,11:10 PM,8:17,,,MISS Ellis 7' Driving Hook Shot,,
0021500297,477,4,0,4,11:10 PM,8:16,Withey REBOUND (Off:0 Def:2),,,,
0021500297,478,1,41,4,11:10 PM,8:11,Millsap 2' Running Layup (2 PTS) (Burke 4 AST),,,88 - 92,4
0021500297,479,1,1,4,11:11 PM,7:57,,,George 24' 3PT Jump Shot (34 PTS),91 - 92,1
0021500297,480,2,78,4,11:11 PM,7:36,MISS Burks 10' Floating Jump Shot,,,,
0021500297,481,4,0,4,11:11 PM,7:35,Burks REBOUND (Off:1 Def:4),,,,
0021500297,482,2,5,4,11:11 PM,7:34,MISS Burks 2' Layup,,,,
0021500297,483,4,0,4,11:11 PM,7:34,,,Allen REBOUND (Off:2 Def:4),,
0021500297,484,6,3,4,11:11 PM,7:34,Burks L.B.FOUL (P4.T3) (T.Maddox),,,,
0021500297,485,8,0,4,11:11 PM,7:34,SUB: Hayward FOR Burks,,,,
0021500297,486,6,1,4,11:12 PM,7:25,Millsap P.FOUL (P1.T4) (G.Zielinski),,,,
0021500297,487,8,0,4,11:12 PM,7:25,SUB: Favors FOR Withey,,,,
0021500297,489,5,11,4,11:13 PM,7:10,,,Pacers Turnover: Shot Clock (T#12),,
0021500297,490,1,1,4,11:13 PM,6:53,Lyles 22' Jump Shot (4 PTS) (Burke 5 AST),,,91 - 94,3
0021500297,491,1,1,4,11:13 PM,6:43,,,George 25' 3PT Jump Shot (37 PTS) (Allen 1 AST),94 - 94,TIE
0021500297,492,2,1,4,11:14 PM,6:19,MISS Burke 25' 3PT Jump Shot,,,,
0021500297,493,4,0,4,11:14 PM,6:19,,,George REBOUND (Off:0 Def:7),,
0021500297,494,1,41,4,11:14 PM,6:13,,,Stuckey 3' Running Layup (17 PTS) (George 2 AST),96 - 94,-2
0021500297,495,2,5,4,11:14 PM,5:48,MISS Burke 3' Layup,,,,
0021500297,497,4,0,4,11:14 PM,5:46,Favors REBOUND (Off:5 Def:6),,,,
0021500297,496,2,5,4,11:14 PM,5:46,MISS Favors 3' Layup,,,,
0021500297,498,4,0,4,11:14 PM,5:45,Favors REBOUND (Off:6 Def:6),,,,
0021500297,499,1,78,4,11:14 PM,5:41,Favors 5' Floating Jump Shot (25 PTS),,,96 - 96,TIE
0021500297,500,6,4,4,11:15 PM,5:35,,,Mahinmi OFF.Foul (P5) (R.Mott),,
0021500297,501,5,5,4,11:15 PM,5:35,,,Mahinmi Foul Turnover (P3.T13),,
0021500297,502,9,1,4,11:15 PM,5:35,JAZZ Timeout: Regular (Full 4 Short 0),,,,
0021500297,504,8,0,4,11:17 PM,5:35,,,SUB: G. Hill FOR Mahinmi,,
0021500297,505,8,0,4,11:17 PM,5:35,,,SUB: Miles FOR Ellis,,
0021500297,506,6,1,4,11:17 PM,5:25,,,Miles P.FOUL (P2.T2) (R.Mott),,
0021500297,507,2,1,4,11:18 PM,5:08,MISS Hayward 25' 3PT Jump Shot,,,,
0021500297,508,4,0,4,11:18 PM,5:08,,,Allen REBOUND (Off:2 Def:5),,
0021500297,509,6,1,4,11:18 PM,4:58,Millsap P.FOUL (P2.PN) (R.Mott),,,,
0021500297,510,2,1,4,11:19 PM,4:49,,,MISS George 18' Jump Shot,,
0021500297,511,4,0,4,11:19 PM,4:48,Lyles REBOUND (Off:2 Def:3),,,,
0021500297,512,2,1,4,11:19 PM,4:38,MISS Favors 15' Jump Shot,,,,
0021500297,513,4,0,4,11:19 PM,4:38,,,George REBOUND (Off:0 Def:8),,
0021500297,514,1,78,4,11:19 PM,4:33,,,George 5' Floating Jump Shot (39 PTS),98 - 96,-2
0021500297,515,6,2,4,11:19 PM,4:33,Millsap S.FOUL (P3.PN) (G.Zielinski),,,,
0021500297,516,8,0,4,11:19 PM,4:33,SUB: Booker FOR Lyles,,,,
0021500297,517,3,10,4,11:19 PM,4:33,,,MISS George Free Throw 1 of 1,,
0021500297,519,4,0,4,11:20 PM,4:31,Booker REBOUND (Off:4 Def:5),,,,
0021500297,520,2,1,4,11:20 PM,4:13,MISS Booker 5' Jump Shot,,,,
0021500297,522,4,0,4,11:20 PM,4:13,Favors REBOUND (Off:7 Def:6),,,,
0021500297,521,2,5,4,11:20 PM,4:13,MISS Favors 2' Layup,,,,
0021500297,523,4,0,4,11:20 PM,4:12,,,Stuckey REBOUND (Off:1 Def:1),,
0021500297,524,6,1,4,11:20 PM,4:11,Burke P.FOUL (P1.PN) (T.Maddox),,,,
0021500297,525,3,11,4,11:20 PM,4:11,,,Stuckey Free Throw 1 of 2 (18 PTS),99 - 96,-3
0021500297,527,8,0,4,11:20 PM,4:11,SUB: Hood FOR Millsap,,,,
0021500297,528,3,12,4,11:21 PM,4:11,,,Stuckey Free Throw 2 of 2 (19 PTS),100 - 96,-4
0021500297,530,6,4,4,11:21 PM,4:01,Hayward OFF.Foul (P3) (T.Maddox),,,,
0021500297,531,5,5,4,11:21 PM,4:01,Hayward Foul Turnover (P3.T13),,,,
0021500297,532,1,5,4,11:22 PM,3:38,,,Stuckey 1' Layup (21 PTS),102 - 96,-6
0021500297,533,1,1,4,11:22 PM,3:25,Hayward 25' 3PT Jump Shot (20 PTS),,,102 - 99,-3
0021500297,534,1,79,4,11:22 PM,3:06,,,George 16' Pullup Jump Shot (41 PTS),104 - 99,-5
0021500297,535,6,2,4,11:22 PM,2:51,,,Allen S.FOUL (P4.T3) (T.Maddox),,
0021500297,536,9,1,4,11:23 PM,2:51,,,Pacers Timeout: Regular (Reg.4 Short 1),,
0021500297,538,3,11,4,11:25 PM,2:51,Booker Free Throw 1 of 2 (4 PTS),,,104 - 100,-4
0021500297,540,3,12,4,11:25 PM,2:51,Booker Free Throw 2 of 2 (5 PTS),,,104 - 101,-3
0021500297,542,2,1,4,11:26 PM,2:28,,,MISS Stuckey 25' 3PT Jump Shot,,
0021500297,543,4,0,4,11:26 PM,2:27,Burke REBOUND (Off:0 Def:3),,,,
0021500297,544,2,1,4,11:26 PM,2:14,MISS Burke 12' Jump Shot,,,,
0021500297,545,4,0,4,11:26 PM,2:14,,,G. Hill REBOUND (Off:0 Def:2),,
0021500297,546,1,47,4,11:26 PM,1:55,,,George 11' Turnaround Jump Shot (43 PTS),106 - 101,-5
0021500297,547,2,5,4,11:27 PM,1:42,MISS Hayward 2' Layup,,,,
0021500297,548,4,0,4,11:27 PM,1:42,Hayward REBOUND (Off:2 Def:1),,,,
0021500297,549,2,97,4,11:27 PM,1:40,MISS Booker 2' Tip Layup Shot,,,,
0021500297,551,4,0,4,11:27 PM,1:40,Booker REBOUND (Off:5 Def:5),,,,
0021500297,550,1,5,4,11:27 PM,1:40,Booker 3' Layup (7 PTS),,,106 - 103,-3
0021500297,552,1,1,4,11:27 PM,1:18,,,Stuckey 12' Jump Shot (23 PTS),108 - 103,-5
0021500297,553,9,1,4,11:27 PM,1:12,JAZZ Timeout: Regular (Full 5 Short 0),,,,
0021500297,555,8,0,4,11:29 PM,1:12,,,SUB: Mahinmi FOR Allen,,
0021500297,556,8,0,4,11:29 PM,1:12,SUB: Burks FOR Booker,,,,
0021500297,557,6,27,4,11:29 PM,1:05,,,Miles Personal Block Foul (P3.T4) (G.Zielinski),,
0021500297,558,3,11,4,11:30 PM,1:05,MISS Favors Free Throw 1 of 2,,,,
0021500297,559,4,1,4,11:30 PM,1:05,JAZZ Rebound,,,,
0021500297,560,8,0,4,11:30 PM,1:05,,,SUB: Allen FOR Miles,,
0021500297,561,3,12,4,11:30 PM,1:05,Favors Free Throw 2 of 2 (26 PTS),,,108 - 104,-4
0021500297,563,2,1,4,11:31 PM,0:45,,,MISS Allen 22' Jump Shot,,
0021500297,564,4,0,4,11:31 PM,0:45,,,Pacers Rebound,,
0021500297,566,6,3,4,11:31 PM,0:45,Hood L.B.FOUL (P6.PN) (R.Mott),,,,
0021500297,568,8,0,4,11:31 PM,0:45,SUB: Booker FOR Hood,,,,
0021500297,569,3,11,4,11:32 PM,0:45,,,MISS Mahinmi Free Throw 1 of 2,,
0021500297,570,4,1,4,11:32 PM,0:45,,,Pacers Rebound,,
0021500297,571,3,12,4,11:32 PM,0:45,,,MISS Mahinmi Free Throw 2 of 2,,
0021500297,573,4,0,4,11:32 PM,0:44,Booker REBOUND (Off:5 Def:6),,,,
0021500297,574,2,1,4,11:32 PM,0:31,MISS Favors 14' Jump Shot,,,,
0021500297,575,4,0,4,11:32 PM,0:31,JAZZ Rebound,,,,
0021500297,576,6,1,4,11:32 PM,0:31,,,Mahinmi P.FOUL (P6.PN) (R.Mott),,
0021500297,578,8,0,4,11:33 PM,0:31,,,SUB: Hill FOR Mahinmi,,
0021500297,579,3,11,4,11:33 PM,0:31,Booker Free Throw 1 of 2 (8 PTS),,,108 - 105,-3
0021500297,581,8,0,4,11:33 PM,0:31,SUB: Millsap FOR Burke,,,,
0021500297,584,3,12,4,11:33 PM,0:31,MISS Booker Free Throw 2 of 2,,,,
0021500297,586,4,0,4,11:33 PM,0:29,Hayward REBOUND (Off:3 Def:1),,,,
0021500297,587,6,2,4,11:34 PM,0:27,,,Hill S.FOUL (P5.PN) (T.Maddox),,
0021500297,589,3,11,4,11:34 PM,0:27,Booker Free Throw 1 of 2 (9 PTS),,,108 - 106,-2
0021500297,591,8,0,4,11:34 PM,0:27,,,SUB: Ellis FOR G. Hill,,
0021500297,592,3,12,4,11:34 PM,0:27,Booker Free Throw 2 of 2 (10 PTS),,,108 - 107,-1
0021500297,594,9,2,4,11:35 PM,0:27,,,Pacers Timeout: Short (Reg.4 Short 2),,
0021500297,596,8,0,4,11:36 PM,0:27,,,SUB: Miles FOR Stuckey,,
0021500297,599,8,0,4,11:36 PM,0:27,,,SUB: G. Hill FOR Hill,,
0021500297,597,2,1,4,11:36 PM,0:18,,,MISS George 25' 3PT Jump Shot,,
0021500297,598,4,0,4,11:36 PM,0:17,,,Pacers Rebound,,
0021500297,601,18,0,4,11:37 PM,0:17,,,,,
0021500297,602,9,2,4,11:39 PM,0:17,,,Pacers Timeout: Short (Reg.4 Short 3),,
0021500297,604,8,0,4,11:40 PM,0:17,,,SUB: Budinger FOR Allen,,
0021500297,605,6,1,4,11:41 PM,0:15,Millsap P.FOUL (P4.PN) (R.Mott),,,,
0021500297,606,3,11,4,11:41 PM,0:15,,,George Free Throw 1 of 2 (44 PTS),109 - 107,-2
0021500297,609,8,0,4,11:41 PM,0:15,SUB: Burke FOR Millsap,,,,
0021500297,610,8,0,4,11:41 PM,0:15,,,SUB: Allen FOR Budinger,,
0021500297,611,8,0,4,11:41 PM,0:15,,,SUB: Hill FOR Miles,,
0021500297,612,3,12,4,11:42 PM,0:15,,,George Free Throw 2 of 2 (45 PTS),110 - 107,-3
0021500297,614,1,41,4,11:42 PM,0:10,Favors 2' Running Layup (28 PTS) (Burks 2 AST),,,110 - 109,-1
0021500297,615,6,2,4,11:42 PM,0:10,,,Allen S.FOUL (P5.PN) (G.Zielinski),,
0021500297,617,8,0,4,11:42 PM,0:10,SUB: Millsap FOR Burke,,,,
0021500297,618,3,10,4,11:42 PM,0:10,Favors Free Throw 1 of 1 (29 PTS),,,110 - 110,TIE
0021500297,620,9,1,4,11:43 PM,0:10,,,Pacers Timeout: Regular (Reg.5 Short 3),,
0021500297,621,8,0,4,11:45 PM,0:10,,,SUB: Miles FOR Hill,,
0021500297,622,2,1,4,11:45 PM,0:01,,,MISS George 24' 3PT Jump Shot,,
0021500297,623,4,0,4,11:45 PM,0:00,Booker REBOUND (Off:5 Def:7),,,,
0021500297,625,13,0,4,11:45 PM,0:00,,,,110 - 110,TIE
0021500297,628,12,0,5,11:47 PM,5:00,,,,110 - 110,TIE
0021500297,629,10,0,5,11:47 PM,5:00,Jump Ball Favors vs. Allen: Tip to Miles,,,,
0021500297,630,1,1,5,11:48 PM,4:41,,,George 24' 3PT Jump Shot (48 PTS),113 - 110,-3
0021500297,631,2,1,5,11:48 PM,4:24,MISS Burke 24' 3PT Jump Shot,,,,
0021500297,632,4,0,5,11:48 PM,4:23,,,Allen REBOUND (Off:2 Def:6),,
0021500297,633,2,63,5,11:48 PM,4:01,,,MISS George 14' Fadeaway Jumper,,
0021500297,634,4,0,5,11:48 PM,4:00,Hayward REBOUND (Off:3 Def:2),,,,
0021500297,635,1,7,5,11:49 PM,3:47,Burks  Dunk (9 PTS) (Hayward 5 AST),,,113 - 112,-1
0021500297,636,5,1,5,11:49 PM,3:27,Favors STEAL (1 STL),,Ellis Bad Pass Turnover (P2.T14),,
0021500297,637,5,2,5,11:49 PM,3:23,Hayward Lost Ball Turnover (P4.T14),,G. Hill STEAL (4 STL),,
0021500297,638,1,5,5,11:49 PM,3:13,,,Allen 2' Layup (2 PTS) (George 3 AST),115 - 112,-3
0021500297,639,6,2,5,11:50 PM,2:57,,,Allen S.FOUL (P6.T1) (G.Zielinski),,
0021500297,641,8,0,5,11:50 PM,2:57,,,SUB: Hill FOR Allen,,
0021500297,642,3,11,5,11:50 PM,2:57,Favors Free Throw 1 of 2 (30 PTS),,,115 - 113,-2
0021500297,644,3,12,5,11:50 PM,2:57,Favors Free Throw 2 of 2 (31 PTS),,,115 - 114,-1
0021500297,646,2,1,5,11:51 PM,2:41,Booker BLOCK (1 BLK),,MISS Miles  3PT Jump Shot,,
0021500297,647,4,0,5,11:51 PM,2:41,,,Pacers Rebound,,
0021500297,649,9,2,5,11:51 PM,2:41,,,Pacers Timeout: Short (Reg.5 Short 4),,
0021500297,651,5,1,5,11:53 PM,2:40,Hayward STEAL (2 STL),,Ellis Bad Pass Turnover (P3.T15),,
0021500297,652,1,7,5,11:53 PM,2:37,Hayward  Dunk (22 PTS),,,115 - 116,1
0021500297,653,2,78,5,11:53 PM,2:19,,,MISS G. Hill 6' Floating Jump Shot,,
0021500297,655,4,0,5,11:53 PM,2:17,,,Hill REBOUND (Off:4 Def:2),,
0021500297,654,2,97,5,11:53 PM,2:17,,,MISS Hill 1' Tip Layup Shot,,
0021500297,657,4,0,5,11:53 PM,2:15,,,Hill REBOUND (Off:5 Def:2),,
0021500297,656,1,5,5,11:53 PM,2:15,,,Hill 1' Layup (10 PTS),117 - 116,-1
0021500297,658,6,1,5,11:54 PM,1:56,,,George P.FOUL (P4.T2) (G.Zielinski),,
0021500297,659,8,0,5,11:54 PM,1:56,,,SUB: Stuckey FOR Ellis,,
0021500297,660,1,7,5,11:54 PM,1:48,Favors  Dunk (33 PTS) (Burke 6 AST),,,117 - 118,1
0021500297,661,2,1,5,11:55 PM,1:32,,,MISS G. Hill 25' 3PT Jump Shot,,
0021500297,662,4,0,5,11:55 PM,1:31,Booker REBOUND (Off:5 Def:8),,,,
0021500297,663,2,78,5,11:55 PM,1:13,MISS Hayward 11' Floating Jump Shot,,,,
0021500297,664,4,0,5,11:55 PM,1:12,Booker REBOUND (Off:6 Def:8),,,,
0021500297,665,5,2,5,11:55 PM,1:08,Booker Lost Ball Turnover (P3.T15),,George STEAL (3 STL),,
0021500297,666,1,1,5,11:55 PM,1:02,,,Miles 4' Jump Shot (12 PTS),119 - 118,-1
0021500297,667,1,79,5,11:55 PM,0:50,Burke 19' Pullup Jump Shot (19 PTS),,,119 - 120,1
0021500297,670,5,41,5,11:55 PM,0:50,,,George Poss Lost Ball Turnover (P2.T16),,
0021500297,669,18,0,5,11:56 PM,0:33,,,,,
0021500297,671,1,66,5,11:58 PM,0:17,Favors 3' Jump Bank Shot (35 PTS) (Burke 7 AST),,,119 - 122,3
0021500297,672,9,1,5,11:58 PM,0:17,,,Pacers Timeout: Regular (Reg.6 Short 4),,
0021500297,674,8,0,5,11:59 PM,0:17,SUB: Millsap FOR Burke,,,,
0021500297,675,2,80,5,12:00 AM,0:10,,,MISS Miles 25' 3PT Step Back Jump Shot,,
0021500297,676,4,0,5,12:00 AM,0:09,,,Stuckey REBOUND (Off:2 Def:1),,
0021500297,677,9,2,5,12:00 AM,0:05,,,Pacers Timeout: Short (Reg.6 Short 5),,
0021500297,678,2,1,5,12:01 AM,0:01,,,MISS G. Hill 26' 3PT Jump Shot,,
0021500297,679,4,0,5,12:02 AM,0:00,,,Hill REBOUND (Off:6 Def:2),,
0021500297,680,2,1,5,12:02 AM,0:00,,,MISS Hill 24' 3PT Jump Shot,,
0021500297,681,4,0,5,12:02 AM,0:00,,,Pacers Rebound,,
0021500297,682,13,0,5,12:02 AM,0:00,,,,119 - 122,3
