eventorder,eventnum,eventmsgtype,eventmsgactiontype,period,pctimestring,time.elapsed,is.end.of.possession,possession.end,possession.id,homedescription,visitordescription,score,scoremargin,player.1.id,neutraldescription,is.made.shot,is.missed.shot,is.free.throw,is.rebound,is.turnover,is.foul,is.violation,is.substitution,is.timeout,is.jump.ball,is.ejection,is.start.of.period,is.end.of.period,is.miss,is.shooting.foul,is.away.from.play.foul,is.inbound.foul,is.loose.ball.foul,is.team.rebound,is.defensive.rebound,is.missed.free.throw,is.1.of.1,is.2.of.2,is.3.of.3,is.technical,is.last.multi.free.throw,is.last.free.throw,is.last.free.throw.made,is.and.1,is.make.and.not.and.1,is.three,is.team.turnover
1,2,12,0,1,12:00:00,0,"",,1,"","",,,0,"","","","","","","","","","","","",TRUE,"","","","","","","","","","","","","","","","","","","",""
2,4,10,0,1,12:00:00,0,"",,1,Jump Ball Jokic vs. Hollis-Jefferson: Tip to Grant,"",,,203999,"","","","","","","","","","",TRUE,"","","","","","","","","","","","","","","","","","","","","",""
3,7,1,1,1,11:34:00,26,TRUE,made.shot,1,Murray 25' 3PT Jump Shot (3 PTS) (Jokic 1 AST),"",0 - 3,3,1627750,"",TRUE,"","","","","","","","","","","","","","","","","","","","","","","","","","","","",TRUE,TRUE,""
4,9,2,1,1,11:15:00,45,"",,2,"",MISS Powell  3PT Jump Shot,,,1626181,"","",TRUE,"","","","","","","","","","","",TRUE,"","","","","","","","","","","","","","","","",TRUE,""
5,10,4,0,1,11:13:00,47,TRUE,missed.shot,2,Jokic REBOUND (Off:0 Def:1),"",,,203999,"","","","",TRUE,"","","","","","","","","","","","","","","",TRUE,"","","","","","","","","","","",""
6,11,6,26,1,11:10:00,50,"",,3,Murray Offensive Charge Foul (P1.T1) (T.Maddox),"",,,1627750,"","","","","","",TRUE,"","","","","","","","","","","","","","","","","","","","","","","","","",""
7,13,5,37,1,11:10:00,50,TRUE,turnover,3,Murray Offensive Foul Turnover (P1.T1),"",,,1627750,"","","","","",TRUE,"","","","","","","","","","","","","","","","","","","","","","","","","","",""
8,14,2,3,1,10:55:00,65,"",,4,"",MISS Siakam 7' Hook Shot,,,1627783,"","",TRUE,"","","","","","","","","","","",TRUE,"","","","","","","","","","","","","","","","","",""
9,15,4,0,1,10:52:00,68,TRUE,missed.shot,4,Jokic REBOUND (Off:0 Def:2),"",,,203999,"","","","",TRUE,"","","","","","","","","","","","","","","",TRUE,"","","","","","","","","","","",""
10,16,1,5,1,10:42:00,78,TRUE,made.shot,5,Murray 1' Layup (5 PTS) (Harris 1 AST),"",0 - 5,5,1627750,"",TRUE,"","","","","","","","","","","","","","","","","","","","","","","","","","","","",TRUE,"",""
11,18,7,1,1,10:42:00,78,"",,6,NUGGETS Violation: Delay of game Violation,"",,,1610612743,"","","","","","","",TRUE,"","","","","","","","","","","","","","","","","","","","","","","","",""
12,19,1,75,1,10:21:00,99,TRUE,made.shot,6,"",Powell 3' Driving Finger Roll Layup (2 PTS) (Anunoby 1 AST),2 - 5,3,1626181,"",TRUE,"","","","","","","","","","","","","","","","","","","","","","","","","","","","",TRUE,"",""
13,21,1,101,1,10:12:00,108,TRUE,made.shot,7,Jokic 7' Driving Floating Jump Shot (2 PTS) (Barton 1 AST),"",2 - 7,5,203999,"",TRUE,"","","","","","","","","","","","","","","","","","","","","","","","","","","","",TRUE,"",""
14,23,2,80,1,09:59:00,121,"",,8,"",MISS Lowry 24' 3PT Step Back Jump Shot,,,200768,"","",TRUE,"","","","","","","","","","","",TRUE,"","","","","","","","","","","","","","","","",TRUE,""
15,24,4,0,1,09:56:00,124,TRUE,missed.shot,8,Jokic REBOUND (Off:0 Def:3),"",,,203999,"","","","",TRUE,"","","","","","","","","","","","","","","",TRUE,"","","","","","","","","","","",""
16,25,2,41,1,09:54:00,126,"",,9,MISS Barton 3' Running Layup,Hollis-Jefferson BLOCK (1 BLK),,,203115,"","",TRUE,"","","","","","","","","","","",TRUE,"","","","","","","","","","","","","","","","","",""
17,27,4,0,1,09:54:00,126,"",,9,NUGGETS Rebound,"",,,1610612743,"","","","",TRUE,"","","","","","","","","","","","","","",TRUE,"","","","","","","","","","","","",""
18,29,1,102,1,09:47:00,133,TRUE,made.shot,9,Jokic 3' Driving Floating Bank Jump Shot (4 PTS) (Murray 1 AST),"",2 - 9,7,203999,"",TRUE,"","","","","","","","","","","","","","","","","","","","","","","","","","","","",TRUE,"",""
19,31,6,2,1,09:41:00,139,"",,10,Harris S.FOUL (P1.T2) (T.Washington),"",,,203914,"","","","","","",TRUE,"","","","","","","","",TRUE,"","","","","","","","","","","","","","","","",""
20,33,3,11,1,09:41:00,139,"",,10,"",Lowry Free Throw 1 of 2 (1 PTS),3 - 9,6,200768,"","","",TRUE,"","","","","","","","","","","","","","","","","","","","","","","","","","","","",""
21,34,3,12,1,09:41:00,139,TRUE,last.ft.made,10,"",Lowry Free Throw 2 of 2 (2 PTS),4 - 9,5,200768,"","","",TRUE,"","","","","","","","","","","","","","","","","","","",TRUE,"","",TRUE,TRUE,TRUE,"","","",""
22,35,1,1,1,09:25:00,155,TRUE,made.shot,11,Barton 24' 3PT Jump Shot (3 PTS) (Harris 2 AST),"",4 - 12,8,203115,"",TRUE,"","","","","","","","","","","","","","","","","","","","","","","","","","","","",TRUE,TRUE,""
23,37,2,78,1,09:14:00,166,"",,12,"",MISS Lowry 7' Floating Jump Shot,,,200768,"","",TRUE,"","","","","","","","","","","",TRUE,"","","","","","","","","","","","","","","","","",""
24,38,4,0,1,09:11:00,169,"",,12,"",Hollis-Jefferson REBOUND (Off:1 Def:0),,,1626178,"","","","",TRUE,"","","","","","","","","","","","","","","","","","","","","","","","","","","",""
25,39,2,97,1,09:11:00,169,"",,12,"",MISS Hollis-Jefferson 1' Tip Layup Shot,,,1626178,"","",TRUE,"","","","","","","","","","","",TRUE,"","","","","","","","","","","","","","","","","",""
26,40,4,0,1,09:11:00,169,"",,12,"",Anunoby REBOUND (Off:1 Def:0),,,1628384,"","","","",TRUE,"","","","","","","","","","","","","","","","","","","","","","","","","","","",""
27,41,1,72,1,09:07:00,173,TRUE,made.shot,12,"",Anunoby 1' Putback Layup (2 PTS),6 - 12,6,1628384,"",TRUE,"","","","","","","","","","","","","","","","","","","","","","","","","","","","",TRUE,"",""
28,42,1,1,1,08:55:00,185,TRUE,made.shot,13,Harris  3PT Jump Shot (3 PTS) (Murray 2 AST),"",6 - 15,9,203914,"",TRUE,"","","","","","","","","","","","","","","","","","","","","","","","","","","","",TRUE,TRUE,""
29,44,1,80,1,08:41:00,199,TRUE,made.shot,14,"",Siakam 25' 3PT Step Back Jump Shot (3 PTS),9 - 15,6,1627783,"",TRUE,"","","","","","","","","","","","","","","","","","","","","","","","","","","","",TRUE,TRUE,""
30,45,6,2,1,08:20:00,220,"",,15,"",Hollis-Jefferson S.FOUL (P1.T1) (T.Maddox),,,1626178,"","","","","","",TRUE,"","","","","","","","",TRUE,"","","","","","","","","","","","","","","","",""
31,47,3,11,1,08:20:00,220,"",,15,MISS Jokic Free Throw 1 of 2,"",,,203999,"","","",TRUE,"","","","","","","","","","",TRUE,"","","","","","",TRUE,"","","","","","","","","","",""
32,48,4,1,1,08:20:00,220,"",,15,NUGGETS Rebound,"",,,1610612743,"","","","",TRUE,"","","","","","","","","","","","","","",TRUE,"","","","","","","","","","","","",""
33,49,3,12,1,08:20:00,220,TRUE,last.ft.made,15,Jokic Free Throw 2 of 2 (5 PTS),"",9 - 16,7,203999,"","","",TRUE,"","","","","","","","","","","","","","","","","","","",TRUE,"","",TRUE,TRUE,TRUE,"","","",""
34,50,6,2,1,08:09:00,231,"",,16,Barton S.FOUL (P1.T3) (T.Maddox),"",,,203115,"","","","","","",TRUE,"","","","","","","","",TRUE,"","","","","","","","","","","","","","","","",""
35,52,3,11,1,08:09:00,231,"",,16,"",Hollis-Jefferson Free Throw 1 of 2 (1 PTS),10 - 16,6,1626178,"","","",TRUE,"","","","","","","","","","","","","","","","","","","","","","","","","","","","",""
36,53,3,12,1,08:09:00,231,TRUE,last.ft.made,16,"",Hollis-Jefferson Free Throw 2 of 2 (2 PTS),11 - 16,5,1626178,"","","",TRUE,"","","","","","","","","","","","","","","","","","","",TRUE,"","",TRUE,TRUE,TRUE,"","","",""
37,54,1,1,1,07:53:00,247,TRUE,made.shot,17,Murray 26' 3PT Jump Shot (8 PTS) (Grant 1 AST),"",11 - 19,8,1627750,"",TRUE,"","","","","","","","","","","","","","","","","","","","","","","","","","","","",TRUE,TRUE,""
38,57,2,79,1,07:35:00,265,"",,18,"",MISS Siakam 24' 3PT Pullup Jump Shot,,,1627783,"","",TRUE,"","","","","","","","","","","",TRUE,"","","","","","","","","","","","","","","","",TRUE,""
39,58,4,0,1,07:32:00,268,TRUE,missed.shot,18,Barton REBOUND (Off:0 Def:1),"",,,203115,"","","","",TRUE,"","","","","","","","","","","","","","","",TRUE,"","","","","","","","","","","",""
40,59,5,1,1,07:27:00,273,TRUE,turnover,19,Barton Bad Pass Turnover (P1.T2),Anunoby STEAL (1 STL),,,203115,"","","","","",TRUE,"","","","","","","","","","","","","","","","","","","","","","","","","","",""
41,61,2,1,1,07:21:00,279,"",,20,"",MISS Siakam 24' 3PT Jump Shot,,,1627783,"","",TRUE,"","","","","","","","","","","",TRUE,"","","","","","","","","","","","","","","","",TRUE,""
42,62,4,0,1,07:17:00,283,"",,20,"",Anunoby REBOUND (Off:2 Def:0),,,1628384,"","","","",TRUE,"","","","","","","","","","","","","","","","","","","","","","","","","","","",""
43,63,1,72,1,07:17:00,283,TRUE,made.shot,20,"",Anunoby 1' Putback Layup (4 PTS),13 - 19,6,1628384,"",TRUE,"","","","","","","","","","","","","","","","","","","","","","","","","","","","",TRUE,"",""
44,64,1,1,1,06:59:00,301,TRUE,made.shot,21,Murray 28' 3PT Jump Shot (11 PTS) (Barton 2 AST),"",13 - 22,9,1627750,"",TRUE,"","","","","","","","","","","","","","","","","","","","","","","","","","","","",TRUE,TRUE,""
45,66,9,1,1,06:48:00,312,"",,22,"",Raptors Timeout: Regular (Reg.1 Short 0),,,1610612761,"","","","","","","","","",TRUE,"","","","","","","","","","","","","","","","","","","","","","",""
46,67,2,1,1,06:33:00,327,"",,22,"",MISS Powell 24' 3PT Jump Shot,,,1626181,"","",TRUE,"","","","","","","","","","","",TRUE,"","","","","","","","","","","","","","","","",TRUE,""
47,68,4,0,1,06:30:00,330,TRUE,missed.shot,22,Jokic REBOUND (Off:0 Def:4),"",,,203999,"","","","",TRUE,"","","","","","","","","","","","","","","",TRUE,"","","","","","","","","","","",""
48,69,5,1,1,06:17:00,343,TRUE,turnover,23,Barton Bad Pass Turnover (P2.T3),Anunoby STEAL (2 STL),,,203115,"","","","","",TRUE,"","","","","","","","","","","","","","","","","","","","","","","","","","",""
49,71,1,50,1,06:15:00,345,TRUE,made.shot,24,"",Anunoby 1' Running Dunk (6 PTS),15 - 22,7,1628384,"",TRUE,"","","","","","","","","","","","","","","","","","","","","","","","","","","","",TRUE,"",""
50,72,6,2,1,05:55:00,365,"",,25,"",Anunoby S.FOUL (P1.T2) (T.Washington),,,1628384,"","","","","","",TRUE,"","","","","","","","",TRUE,"","","","","","","","","","","","","","","","",""
51,74,3,11,1,05:55:00,365,"",,25,Grant Free Throw 1 of 2 (1 PTS),"",15 - 23,8,203924,"","","",TRUE,"","","","","","","","","","","","","","","","","","","","","","","","","","","","",""
52,75,8,0,1,05:55:00,365,"",,25,SUB: Morris FOR Barton,"",,,203115,"","","","","","","","",TRUE,"","","","","","","","","","","","","","","","","","","","","","","",""
53,77,8,0,1,05:55:00,365,"",,25,"",SUB: Davis FOR Hollis-Jefferson,,,1626178,"","","","","","","","",TRUE,"","","","","","","","","","","","","","","","","","","","","","","",""
54,79,3,12,1,05:55:00,365,TRUE,last.ft.made,25,Grant Free Throw 2 of 2 (2 PTS),"",15 - 24,9,203924,"","","",TRUE,"","","","","","","","","","","","","","","","","","","",TRUE,"","",TRUE,TRUE,TRUE,"","","",""
55,80,2,58,1,05:41:00,379,"",,26,"",MISS Siakam 8' Turnaround Hook Shot,,,1627783,"","",TRUE,"","","","","","","","","","","",TRUE,"","","","","","","","","","","","","","","","","",""
56,81,4,0,1,05:40:00,380,TRUE,missed.shot,26,Jokic REBOUND (Off:0 Def:5),"",,,203999,"","","","",TRUE,"","","","","","","","","","","","","","","",TRUE,"","","","","","","","","","","",""
57,82,1,108,1,05:31:00,389,TRUE,made.shot,27,Jokic 1' Cutting Dunk Shot (7 PTS) (Grant 2 AST),"",15 - 26,11,203999,"",TRUE,"","","","","","","","","","","","","","","","","","","","","","","","","","","","",TRUE,"",""
58,84,1,108,1,05:16:00,404,TRUE,made.shot,28,"",Anunoby 1' Cutting Dunk Shot (8 PTS) (Davis 1 AST),17 - 26,9,1628384,"",TRUE,"","","","","","","","","","","","","","","","","","","","","","","","","","","","",TRUE,"",""
59,86,2,78,1,05:01:00,419,"",,29,MISS Morris 12' Floating Jump Shot,"",,,1628420,"","",TRUE,"","","","","","","","","","","",TRUE,"","","","","","","","","","","","","","","","","",""
60,87,4,0,1,04:59:00,421,TRUE,missed.shot,29,"",Powell REBOUND (Off:0 Def:1),,,1626181,"","","","",TRUE,"","","","","","","","","","","","","","","",TRUE,"","","","","","","","","","","",""
61,88,2,6,1,04:53:00,427,"",,30,"",MISS Powell 3' Driving Layup,,,1626181,"","",TRUE,"","","","","","","","","","","",TRUE,"","","","","","","","","","","","","","","","","",""
62,89,4,0,1,04:51:00,429,TRUE,missed.shot,30,Jokic REBOUND (Off:0 Def:6),"",,,203999,"","","","",TRUE,"","","","","","","","","","","","","","","",TRUE,"","","","","","","","","","","",""
63,90,1,1,1,04:47:00,433,TRUE,made.shot,31,Murray  3PT Jump Shot (14 PTS) (Grant 3 AST),"",17 - 29,12,1627750,"",TRUE,"","","","","","","","","","","","","","","","","","","","","","","","","","","","",TRUE,TRUE,""
64,92,6,2,1,04:33:00,447,"",,32,Grant S.FOUL (P1.T4) (T.Washington),"",,,203924,"","","","","","",TRUE,"","","","","","","","",TRUE,"","","","","","","","","","","","","","","","",""
65,94,3,11,1,04:33:00,447,"",,32,"",Lowry Free Throw 1 of 2 (3 PTS),18 - 29,11,200768,"","","",TRUE,"","","","","","","","","","","","","","","","","","","","","","","","","","","","",""
66,95,8,0,1,04:33:00,447,"",,32,"",SUB: McCaw FOR Powell,,,1626181,"","","","","","","","",TRUE,"","","","","","","","","","","","","","","","","","","","","","","",""
67,97,3,12,1,04:33:00,447,TRUE,last.ft.made,32,"",Lowry Free Throw 2 of 2 (4 PTS),19 - 29,10,200768,"","","",TRUE,"","","","","","","","","","","","","","","","","","","",TRUE,"","",TRUE,TRUE,TRUE,"","","",""
68,98,6,1,1,04:23:00,457,"",,33,"",McCaw P.FOUL (P1.T3) (T.Washington),,,1627775,"","","","","","",TRUE,"","","","","","","","","","","","","","","","","","","","","","","","","",""
69,100,1,1,1,04:20:00,460,TRUE,made.shot,33,Murray  3PT Jump Shot (17 PTS) (Morris 1 AST),"",19 - 32,13,1627750,"",TRUE,"","","","","","","","","","","","","","","","","","","","","","","","","","","","",TRUE,TRUE,""
70,102,1,1,1,04:09:00,471,TRUE,made.shot,34,"",Anunoby 26' 3PT Jump Shot (11 PTS) (Siakam 1 AST),22 - 32,10,1628384,"",TRUE,"","","","","","","","","","","","","","","","","","","","","","","","","","","","",TRUE,TRUE,""
71,104,6,1,1,03:53:00,487,"",,35,"",Anunoby P.FOUL (P2.T4) (R.Acosta),,,1628384,"","","","","","",TRUE,"","","","","","","","","","","","","","","","","","","","","","","","","",""
72,106,8,0,1,03:53:00,487,"",,35,SUB: Porter Jr. FOR Harris,"",,,203914,"","","","","","","","",TRUE,"","","","","","","","","","","","","","","","","","","","","","","",""
73,108,2,1,1,03:47:00,493,"",,35,MISS Grant 13' Jump Shot,"",,,203924,"","",TRUE,"","","","","","","","","","","",TRUE,"","","","","","","","","","","","","","","","","",""
74,109,4,0,1,03:43:00,497,TRUE,missed.shot,35,"",Anunoby REBOUND (Off:2 Def:1),,,1628384,"","","","",TRUE,"","","","","","","","","","","","","","","",TRUE,"","","","","","","","","","","",""
75,110,2,75,1,03:36:00,504,"",,36,"",MISS Siakam 3' Driving Finger Roll Layup,,,1627783,"","",TRUE,"","","","","","","","","","","",TRUE,"","","","","","","","","","","","","","","","","",""
76,111,4,0,1,03:35:00,505,TRUE,missed.shot,36,Jokic REBOUND (Off:0 Def:7),"",,,203999,"","","","",TRUE,"","","","","","","","","","","","","","","",TRUE,"","","","","","","","","","","",""
77,112,2,98,1,03:22:00,518,"",,37,MISS Morris 2' Cutting Layup Shot,"",,,1628420,"","",TRUE,"","","","","","","","","","","",TRUE,"","","","","","","","","","","","","","","","","",""
78,113,4,0,1,03:20:00,520,TRUE,missed.shot,37,"",Siakam REBOUND (Off:0 Def:1),,,1627783,"","","","",TRUE,"","","","","","","","","","","","","","","",TRUE,"","","","","","","","","","","",""
79,114,1,1,1,03:12:00,528,TRUE,made.shot,38,"",McCaw 24' 3PT Jump Shot (3 PTS) (Lowry 1 AST),25 - 32,7,1627775,"",TRUE,"","","","","","","","","","","","","","","","","","","","","","","","","","","","",TRUE,TRUE,""
80,116,9,1,1,03:11:00,529,"",,39,NUGGETS Timeout: Regular (Full 1 Short 0),"",,,1610612743,"","","","","","","","","",TRUE,"","","","","","","","","","","","","","","","","","","","","","",""
81,117,5,45,1,02:58:00,542,TRUE,turnover,39,Grant Out of Bounds - Bad Pass Turnover Turnover (P1.T4),"",,,203924,"","","","","",TRUE,"","","","","","","","","","","","","","","","","","","","","","","","","","",""
82,118,2,1,1,02:53:00,547,"",,40,"",MISS Davis  3PT Jump Shot,,,1629056,"","",TRUE,"","","","","","","","","","","",TRUE,"","","","","","","","","","","","","","","","",TRUE,""
83,119,4,0,1,02:51:00,549,TRUE,missed.shot,40,Grant REBOUND (Off:0 Def:1),"",,,203924,"","","","",TRUE,"","","","","","","","","","","","","","","",TRUE,"","","","","","","","","","","",""
84,120,1,1,1,02:44:00,556,"",,41,Porter Jr. 25' 3PT Jump Shot (3 PTS) (Grant 4 AST),"",25 - 35,10,1629008,"",TRUE,"","","","","","","","","","","","","","","","","","","","","","","","","","","",TRUE,"",TRUE,""
85,122,6,2,1,02:44:00,556,"",,41,"",Lowry S.FOUL (P1.PN) (R.Acosta),,,200768,"","","","","","",TRUE,"","","","","","","","",TRUE,"","","","","","","","","","","","","","","","",""
86,124,8,0,1,02:44:00,556,"",,41,SUB: Plumlee FOR Jokic,"",,,203999,"","","","","","","","",TRUE,"","","","","","","","","","","","","","","","","","","","","","","",""
87,126,8,0,1,02:44:00,556,"",,41,"",SUB: Thomas FOR Lowry,,,200768,"","","","","","","","",TRUE,"","","","","","","","","","","","","","","","","","","","","","","",""
88,128,3,10,1,02:44:00,556,"",,41,MISS Porter Jr. Free Throw 1 of 1,"",,,1629008,"","","",TRUE,"","","","","","","","","","",TRUE,"","","","","","",TRUE,TRUE,"","","","",TRUE,"","","","",""
89,129,4,0,1,02:42:00,558,TRUE,missed.shot,41,"",Anunoby REBOUND (Off:2 Def:2),,,1628384,"","","","",TRUE,"","","","","","","","","","","","","","","",TRUE,"","","","","","","","","","","",""
90,130,6,2,1,02:31:00,569,"",,42,Plumlee S.FOUL (P1.PN) (R.Acosta),"",,,203486,"","","","","","",TRUE,"","","","","","","","",TRUE,"","","","","","","","","","","","","","","","",""
91,132,3,11,1,02:31:00,569,"",,42,"",Anunoby Free Throw 1 of 2 (12 PTS),26 - 35,9,1628384,"","","",TRUE,"","","","","","","","","","","","","","","","","","","","","","","","","","","","",""
92,133,3,12,1,02:31:00,569,TRUE,last.ft.made,42,"",Anunoby Free Throw 2 of 2 (13 PTS),27 - 35,8,1628384,"","","",TRUE,"","","","","","","","","","","","","","","","","","","",TRUE,"","",TRUE,TRUE,TRUE,"","","",""
93,134,1,1,1,02:15:00,585,TRUE,made.shot,43,Morris 25' 3PT Jump Shot (3 PTS) (Plumlee 1 AST),"",27 - 38,11,1628420,"",TRUE,"","","","","","","","","","","","","","","","","","","","","","","","","","","","",TRUE,TRUE,""
94,136,2,79,1,02:01:00,599,"",,44,"",MISS Siakam 17' Pullup Jump Shot,,,1627783,"","",TRUE,"","","","","","","","","","","",TRUE,"","","","","","","","","","","","","","","","","",""
95,137,4,0,1,01:59:00,601,TRUE,missed.shot,44,Plumlee REBOUND (Off:0 Def:1),"",,,203486,"","","","",TRUE,"","","","","","","","","","","","","","","",TRUE,"","","","","","","","","","","",""
96,138,1,44,1,01:40:00,620,"",,45,Plumlee 2' Reverse Layup (2 PTS) (Morris 2 AST),"",27 - 40,13,203486,"",TRUE,"","","","","","","","","","","","","","","","","","","","","","","","","","","",TRUE,"","",""
97,140,6,2,1,01:40:00,620,"",,45,"",Siakam S.FOUL (P1.PN) (R.Acosta),,,1627783,"","","","","","",TRUE,"","","","","","","","",TRUE,"","","","","","","","","","","","","","","","",""
98,142,8,0,1,01:40:00,620,"",,45,"",SUB: Powell FOR Anunoby,,,1628384,"","","","","","","","",TRUE,"","","","","","","","","","","","","","","","","","","","","","","",""
99,143,8,0,1,01:40:00,620,"",,45,"",SUB: Boucher FOR Siakam,,,1627783,"","","","","","","","",TRUE,"","","","","","","","","","","","","","","","","","","","","","","",""
100,146,8,0,1,01:40:00,620,"",,45,SUB: Craig FOR Grant,"",,,203924,"","","","","","","","",TRUE,"","","","","","","","","","","","","","","","","","","","","","","",""
101,148,3,10,1,01:40:00,620,"",,45,MISS Plumlee Free Throw 1 of 1,"",,,203486,"","","",TRUE,"","","","","","","","","","",TRUE,"","","","","","",TRUE,TRUE,"","","","",TRUE,"","","","",""
102,149,4,0,1,01:39:00,621,TRUE,missed.shot,45,"",Raptors Rebound,,,1610612761,"","","","",TRUE,"","","","","","","","","","","","","","",TRUE,TRUE,"","","","","","","","","","","",""
103,150,6,3,1,01:39:00,621,"",,46,Plumlee L.B.FOUL (P2.PN) (T.Maddox),"",,,203486,"","","","","","",TRUE,"","","","","","","","","","","",TRUE,"","","","","","","","","","","","","",""
104,152,3,11,1,01:39:00,621,"",,46,"",MISS Davis Free Throw 1 of 2,,,1629056,"","","",TRUE,"","","","","","","","","","",TRUE,"","","","","","",TRUE,"","","","","","","","","","",""
105,153,4,1,1,01:39:00,621,"",,46,"",Raptors Rebound,,,1610612761,"","","","",TRUE,"","","","","","","","","","","","","","",TRUE,"","","","","","","","","","","","",""
106,154,3,12,1,01:39:00,621,TRUE,last.ft.made,46,"",Davis Free Throw 2 of 2 (1 PTS),28 - 40,12,1629056,"","","",TRUE,"","","","","","","","","","","","","","","","","","","",TRUE,"","",TRUE,TRUE,TRUE,"","","",""
107,155,2,63,1,01:23:00,637,"",,47,MISS Craig 8' Fadeaway Jumper,"",,,1628470,"","",TRUE,"","","","","","","","","","","",TRUE,"","","","","","","","","","","","","","","","","",""
108,156,4,0,1,01:21:00,639,TRUE,missed.shot,47,"",Powell REBOUND (Off:0 Def:2),,,1626181,"","","","",TRUE,"","","","","","","","","","","","","","","",TRUE,"","","","","","","","","","","",""
109,157,2,1,1,01:18:00,642,"",,48,"",MISS McCaw  3PT Jump Shot,,,1627775,"","",TRUE,"","","","","","","","","","","",TRUE,"","","","","","","","","","","","","","","","",TRUE,""
110,158,4,0,1,01:13:00,647,TRUE,missed.shot,48,Morris REBOUND (Off:0 Def:1),"",,,1628420,"","","","",TRUE,"","","","","","","","","","","","","","","",TRUE,"","","","","","","","","","","",""
111,159,2,1,1,01:07:00,653,"",,49,MISS Morris 26' 3PT Jump Shot,"",,,1628420,"","",TRUE,"","","","","","","","","","","",TRUE,"","","","","","","","","","","","","","","","",TRUE,""
112,160,4,0,1,01:04:00,656,TRUE,missed.shot,49,"",Boucher REBOUND (Off:0 Def:1),,,1628449,"","","","",TRUE,"","","","","","","","","","","","","","","",TRUE,"","","","","","","","","","","",""
113,161,6,2,1,01:00:00,660,"",,50,Plumlee S.FOUL (P3.PN) (T.Maddox),"",,,203486,"","","","","","",TRUE,"","","","","","","","",TRUE,"","","","","","","","","","","","","","","","",""
114,163,3,11,1,01:00:00,660,"",,50,"",Boucher Free Throw 1 of 2 (1 PTS),29 - 40,11,1628449,"","","",TRUE,"","","","","","","","","","","","","","","","","","","","","","","","","","","","",""
115,164,8,0,1,01:00:00,660,"",,50,SUB: Cancar FOR Plumlee,"",,,203486,"","","","","","","","",TRUE,"","","","","","","","","","","","","","","","","","","","","","","",""
116,166,3,12,1,01:00:00,660,TRUE,last.ft.made,50,"",Boucher Free Throw 2 of 2 (2 PTS),30 - 40,10,1628449,"","","",TRUE,"","","","","","","","","","","","","","","","","","","",TRUE,"","",TRUE,TRUE,TRUE,"","","",""
117,167,2,101,1,00:37:00,683,"",,51,MISS Murray 13' Driving Floating Jump Shot,"",,,1627750,"","",TRUE,"","","","","","","","","","","",TRUE,"","","","","","","","","","","","","","","","","",""
118,168,4,0,1,00:34:00,686,TRUE,missed.shot,51,"",Davis REBOUND (Off:0 Def:1),,,1629056,"","","","",TRUE,"","","","","","","","","","","","","","","",TRUE,"","","","","","","","","","","",""
119,169,1,76,1,00:29:00,691,TRUE,made.shot,52,"",Davis 3' Running Finger Roll Layup (3 PTS),32 - 40,8,1629056,"",TRUE,"","","","","","","","","","","","","","","","","","","","","","","","","","","","",TRUE,"",""
120,170,2,1,1,00:06:00,714,"",,53,MISS Morris 25' 3PT Jump Shot,"",,,1628420,"","",TRUE,"","","","","","","","","","","",TRUE,"","","","","","","","","","","","","","","","",TRUE,""
121,171,4,0,1,00:03:00,717,"",,53,Porter Jr. REBOUND (Off:1 Def:0),"",,,1629008,"","","","",TRUE,"","","","","","","","","","","","","","","","","","","","","","","","","","","",""
122,182,2,72,1,00:02:00,718,"",,53,MISS Porter Jr. 4' Putback Layup,Powell BLOCK (1 BLK),,,1629008,"","",TRUE,"","","","","","","","","","","",TRUE,"","","","","","","","","","","","","","","","","",""
123,184,4,0,1,00:02:00,718,TRUE,missed.shot,53,"",Davis REBOUND (Off:0 Def:2),,,1629056,"","","","",TRUE,"","","","","","","","","","","","","","","",TRUE,"","","","","","","","","","","",""
124,172,13,0,1,00:00:00,720,TRUE,end.of.period,54,"","",32 - 40,8,0,"","","","","","","","","","","","","",TRUE,"","","","","","","","","","","","","","","","","","",""
125,177,12,0,2,12:00:00,720,"",,55,"","",32 - 40,8,0,"","","","","","","","","","","","",TRUE,"","","","","","","","","","","","","","","","","","","",""
126,178,1,1,2,11:42:00,738,TRUE,made.shot,55,"",Boucher 25' 3PT Jump Shot (5 PTS) (Thomas 1 AST),35 - 40,5,1628449,"",TRUE,"","","","","","","","","","","","","","","","","","","","","","","","","","","","",TRUE,TRUE,""
127,180,1,5,2,11:17:00,763,TRUE,made.shot,56,Porter Jr. 2' Layup (5 PTS) (Jokic 2 AST),"",35 - 42,7,1629008,"",TRUE,"","","","","","","","","","","","","","","","","","","","","","","","","","","","",TRUE,"",""
128,185,5,1,2,11:07:00,773,TRUE,turnover,57,Porter Jr. STEAL (1 STL),Davis Bad Pass Turnover (P1.T1),,,1629056,"","","","","",TRUE,"","","","","","","","","","","","","","","","","","","","","","","","","","",""
129,187,1,1,2,11:00:00,780,TRUE,made.shot,58,Morris  3PT Jump Shot (6 PTS) (Jokic 3 AST),"",35 - 45,10,1628420,"",TRUE,"","","","","","","","","","","","","","","","","","","","","","","","","","","","",TRUE,TRUE,""
130,189,1,79,2,10:49:00,791,TRUE,made.shot,59,"",Davis 24' 3PT Pullup Jump Shot (6 PTS),38 - 45,7,1629056,"",TRUE,"","","","","","","","","","","","","","","","","","","","","","","","","","","","",TRUE,TRUE,""
131,190,1,98,2,10:39:00,801,TRUE,made.shot,60,Barton 3' Cutting Layup Shot (5 PTS) (Jokic 4 AST),"",38 - 47,9,203115,"",TRUE,"","","","","","","","","","","","","","","","","","","","","","","","","","","","",TRUE,"",""
132,192,1,79,2,10:19:00,821,TRUE,made.shot,61,"",Powell 10' Pullup Jump Shot (4 PTS),40 - 47,7,1626181,"",TRUE,"","","","","","","","","","","","","","","","","","","","","","","","","","","","",TRUE,"",""
133,193,1,98,2,10:08:00,832,"",,62,Jokic 1' Cutting Layup Shot (9 PTS) (Morris 3 AST),"",40 - 49,9,203999,"",TRUE,"","","","","","","","","","","","","","","","","","","","","","","","","","","",TRUE,"","",""
134,195,6,2,2,10:08:00,832,"",,62,"",Boucher S.FOUL (P1.T1) (R.Acosta),,,1628449,"","","","","","",TRUE,"","","","","","","","",TRUE,"","","","","","","","","","","","","","","","",""
135,197,3,10,2,10:08:00,832,TRUE,last.ft.made,62,Jokic Free Throw 1 of 1 (10 PTS),"",40 - 50,10,203999,"","","",TRUE,"","","","","","","","","","","","","","","","","","",TRUE,"","","","",TRUE,TRUE,"","","",""
136,198,5,1,2,10:00:00,840,TRUE,turnover,63,Craig STEAL (1 STL),Boucher Bad Pass Turnover (P1.T2),,,1628449,"","","","","",TRUE,"","","","","","","","","","","","","","","","","","","","","","","","","","",""
137,200,1,76,2,09:57:00,843,TRUE,made.shot,64,Craig 2' Running Finger Roll Layup (2 PTS),"",40 - 52,12,1628470,"",TRUE,"","","","","","","","","","","","","","","","","","","","","","","","","","","","",TRUE,"",""
138,202,9,1,2,09:57:00,843,"",,65,"",Raptors Timeout: Regular (Reg.2 Short 0),,,1610612761,"","","","","","","","","",TRUE,"","","","","","","","","","","","","","","","","","","","","","",""
139,203,8,0,2,09:57:00,843,"",,65,"",SUB: Siakam FOR Thomas,,,1629744,"","","","","","","","",TRUE,"","","","","","","","","","","","","","","","","","","","","","","",""
140,204,8,0,2,09:57:00,843,"",,65,"",SUB: Anunoby FOR Boucher,,,1628449,"","","","","","","","",TRUE,"","","","","","","","","","","","","","","","","","","","","","","",""
141,207,2,1,2,09:46:00,854,"",,65,"",MISS Davis  3PT Jump Shot,,,1629056,"","",TRUE,"","","","","","","","","","","",TRUE,"","","","","","","","","","","","","","","","",TRUE,""
142,208,4,0,2,09:43:00,857,TRUE,missed.shot,65,Jokic REBOUND (Off:0 Def:8),"",,,203999,"","","","",TRUE,"","","","","","","","","","","","","","","",TRUE,"","","","","","","","","","","",""
143,209,1,44,2,09:37:00,863,TRUE,made.shot,66,Craig 2' Reverse Layup (4 PTS) (Porter Jr. 1 AST),"",40 - 54,14,1628470,"",TRUE,"","","","","","","","","","","","","","","","","","","","","","","","","","","","",TRUE,"",""
144,211,1,1,2,09:27:00,873,TRUE,made.shot,67,"",Anunoby 25' 3PT Jump Shot (16 PTS) (Siakam 2 AST),43 - 54,11,1628384,"",TRUE,"","","","","","","","","","","","","","","","","","","","","","","","","","","","",TRUE,TRUE,""
145,213,8,0,2,09:11:00,889,"",,68,"",SUB: Hollis-Jefferson FOR Davis,,,1629056,"","","","","","","","",TRUE,"","","","","","","","","","","","","","","","","","","","","","","",""
146,214,8,0,2,09:11:00,889,"",,68,"",SUB: Lowry FOR McCaw,,,1627775,"","","","","","","","",TRUE,"","","","","","","","","","","","","","","","","","","","","","","",""
147,217,10,0,2,09:09:00,891,"",,68,Jump Ball Jokic vs. Siakam: Tip to Porter Jr.,"",,,203999,"","","","","","","","","","",TRUE,"","","","","","","","","","","","","","","","","","","","","",""
148,220,1,58,2,09:00:00,900,TRUE,made.shot,68,Craig 2' Turnaround Hook Shot (6 PTS) (Jokic 5 AST),"",43 - 56,13,1628470,"",TRUE,"","","","","","","","","","","","","","","","","","","","","","","","","","","","",TRUE,"",""
149,222,1,102,2,08:47:00,913,TRUE,made.shot,69,"",Siakam 5' Driving Floating Bank Jump Shot (5 PTS),45 - 56,11,1627783,"",TRUE,"","","","","","","","","","","","","","","","","","","","","","","","","","","","",TRUE,"",""
150,223,6,1,2,08:34:00,926,"",,70,"",Lowry P.FOUL (P2.T2) (R.Acosta),,,200768,"","","","","","",TRUE,"","","","","","","","","","","","","","","","","","","","","","","","","",""
151,225,2,1,2,08:28:00,932,"",,70,MISS Barton  3PT Jump Shot,"",,,203115,"","",TRUE,"","","","","","","","","","","",TRUE,"","","","","","","","","","","","","","","","",TRUE,""
152,226,4,0,2,08:22:00,938,TRUE,missed.shot,70,"",Anunoby REBOUND (Off:2 Def:3),,,1628384,"","","","",TRUE,"","","","","","","","","","","","","","","",TRUE,"","","","","","","","","","","",""
153,227,1,101,2,08:16:00,944,TRUE,made.shot,71,"",Powell 1' Driving Floating Jump Shot (6 PTS) (Hollis-Jefferson 1 AST),47 - 56,9,1626181,"",TRUE,"","","","","","","","","","","","","","","","","","","","","","","","","","","","",TRUE,"",""
154,229,5,1,2,08:04:00,956,TRUE,turnover,72,Morris Bad Pass Turnover (P1.T5),Anunoby STEAL (3 STL),,,1628420,"","","","","",TRUE,"","","","","","","","","","","","","","","","","","","","","","","","","","",""
155,231,1,50,2,08:01:00,959,TRUE,made.shot,73,"",Anunoby 1' Running Dunk (18 PTS),49 - 56,7,1628384,"",TRUE,"","","","","","","","","","","","","","","","","","","","","","","","","","","","",TRUE,"",""
156,232,9,1,2,08:01:00,959,"",,74,NUGGETS Timeout: Regular (Full 2 Short 0),"",,,1610612743,"","","","","","","","","",TRUE,"","","","","","","","","","","","","","","","","","","","","","",""
157,233,8,0,2,08:01:00,959,"",,74,SUB: Harris FOR Craig,"",,,1628470,"","","","","","","","",TRUE,"","","","","","","","","","","","","","","","","","","","","","","",""
158,234,8,0,2,08:01:00,959,"",,74,SUB: Grant FOR Jokic,"",,,203999,"","","","","","","","",TRUE,"","","","","","","","","","","","","","","","","","","","","","","",""
159,237,5,1,2,07:39:00,981,TRUE,turnover,74,Barton Bad Pass Turnover (P3.T6),Anunoby STEAL (4 STL),,,203115,"","","","","",TRUE,"","","","","","","","","","","","","","","","","","","","","","","","","","",""
160,239,2,1,2,07:33:00,987,"",,75,"",MISS Siakam 25' 3PT Jump Shot,,,1627783,"","",TRUE,"","","","","","","","","","","",TRUE,"","","","","","","","","","","","","","","","",TRUE,""
161,240,4,0,2,07:28:00,992,TRUE,missed.shot,75,Harris REBOUND (Off:0 Def:1),"",,,203914,"","","","",TRUE,"","","","","","","","","","","","","","","",TRUE,"","","","","","","","","","","",""
162,241,2,75,2,07:08:00,1012,"",,76,MISS Porter Jr. 3' Driving Finger Roll Layup,"",,,1629008,"","",TRUE,"","","","","","","","","","","",TRUE,"","","","","","","","","","","","","","","","","",""
163,242,4,0,2,07:06:00,1014,TRUE,missed.shot,76,"",Siakam REBOUND (Off:0 Def:2),,,1627783,"","","","",TRUE,"","","","","","","","","","","","","","","",TRUE,"","","","","","","","","","","",""
164,243,5,40,2,06:55:00,1025,TRUE,turnover,77,"",Siakam Out of Bounds Lost Ball Turnover (P1.T3),,,1627783,"","","","","",TRUE,"","","","","","","","","","","","","","","","","","","","","","","","","","",""
165,244,2,1,2,06:36:00,1044,"",,78,MISS Porter Jr. 25' 3PT Jump Shot,"",,,1629008,"","",TRUE,"","","","","","","","","","","",TRUE,"","","","","","","","","","","","","","","","",TRUE,""
166,245,4,0,2,06:33:00,1047,TRUE,missed.shot,78,"",Anunoby REBOUND (Off:2 Def:4),,,1628384,"","","","",TRUE,"","","","","","","","","","","","","","","",TRUE,"","","","","","","","","","","",""
167,246,1,79,2,06:29:00,1051,TRUE,made.shot,79,"",Lowry 25' 3PT Pullup Jump Shot (7 PTS),52 - 56,4,200768,"",TRUE,"","","","","","","","","","","","","","","","","","","","","","","","","","","","",TRUE,TRUE,""
168,247,6,17,2,06:13:00,1067,"",,80,"",Raptors T.Foul (Def. 3 Sec Anunoby ) (T.Maddox),,,1628384,"","","","","","",TRUE,"","","","","","","","","","","","","","","","","","","","","","","","","",""
169,248,3,16,2,06:13:00,1067,"",,80,Barton Free Throw Technical (6 PTS),"",52 - 57,5,203115,"","","",TRUE,"","","","","","","","","","","","","","","","","","","","","",TRUE,"","","","","","",""
170,249,8,0,2,06:13:00,1067,"",,80,SUB: Jokic FOR Porter Jr.,"",,,1629008,"","","","","","","","",TRUE,"","","","","","","","","","","","","","","","","","","","","","","",""
171,250,8,0,2,06:13:00,1067,"",,80,SUB: Murray FOR Morris,"",,,1628420,"","","","","","","","",TRUE,"","","","","","","","","","","","","","","","","","","","","","","",""
172,253,2,101,2,05:59:00,1081,"",,80,MISS Barton 6' Driving Floating Jump Shot,"",,,203115,"","",TRUE,"","","","","","","","","","","",TRUE,"","","","","","","","","","","","","","","","","",""
173,254,4,0,2,05:56:00,1084,TRUE,missed.shot,80,"",Lowry REBOUND (Off:0 Def:1),,,200768,"","","","",TRUE,"","","","","","","","","","","","","","","",TRUE,"","","","","","","","","","","",""
174,255,1,98,2,05:52:00,1088,TRUE,made.shot,81,"",Powell 2' Cutting Layup Shot (8 PTS) (Lowry 2 AST),54 - 57,3,1626181,"",TRUE,"","","","","","","","","","","","","","","","","","","","","","","","","","","","",TRUE,"",""
175,257,1,1,2,05:27:00,1113,TRUE,made.shot,82,Harris  3PT Jump Shot (6 PTS) (Jokic 6 AST),"",54 - 60,6,203914,"",TRUE,"","","","","","","","","","","","","","","","","","","","","","","","","","","","",TRUE,TRUE,""
176,259,1,73,2,05:17:00,1123,"",,83,"",Hollis-Jefferson 1' Driving Reverse Layup (4 PTS) (Lowry 3 AST),56 - 60,4,1626178,"",TRUE,"","","","","","","","","","","","","","","","","","","","","","","","","","","",TRUE,"","",""
177,260,6,2,2,05:17:00,1123,"",,83,Barton S.FOUL (P2.T1) (T.Washington),"",,,203115,"","","","","","",TRUE,"","","","","","","","",TRUE,"","","","","","","","","","","","","","","","",""
178,263,3,10,2,05:17:00,1123,TRUE,last.ft.made,83,"",Hollis-Jefferson Free Throw 1 of 1 (5 PTS),57 - 60,3,1626178,"","","",TRUE,"","","","","","","","","","","","","","","","","","",TRUE,"","","","",TRUE,TRUE,"","","",""
179,264,2,1,2,05:01:00,1139,"",,84,MISS Barton 25' 3PT Jump Shot,"",,,203115,"","",TRUE,"","","","","","","","","","","",TRUE,"","","","","","","","","","","","","","","","",TRUE,""
180,265,4,0,2,05:01:00,1139,"",,84,NUGGETS Rebound,"",,,1610612743,"","","","",TRUE,"","","","","","","","","","","","","","",TRUE,"","","","","","","","","","","","",""
181,266,6,3,2,05:01:00,1139,"",,84,"",Siakam L.B.FOUL (P2.T3) (T.Washington),,,1627783,"","","","","","",TRUE,"","","","","","","","","","","",TRUE,"","","","","","","","","","","","","",""
182,268,2,78,2,04:55:00,1145,"",,84,MISS Jokic 7' Floating Jump Shot,"",,,203999,"","",TRUE,"","","","","","","","","","","",TRUE,"","","","","","","","","","","","","","","","","",""
183,269,4,0,2,04:54:00,1146,TRUE,missed.shot,84,"",Powell REBOUND (Off:0 Def:3),,,1626181,"","","","",TRUE,"","","","","","","","","","","","","","","",TRUE,"","","","","","","","","","","",""
184,270,1,1,2,04:36:00,1164,TRUE,made.shot,85,"",Lowry 25' 3PT Jump Shot (10 PTS) (Hollis-Jefferson 2 AST),60 - 60,TIE,200768,"",TRUE,"","","","","","","","","","","","","","","","","","","","","","","","","","","","",TRUE,TRUE,""
185,272,1,1,2,04:20:00,1180,TRUE,made.shot,86,Grant  3PT Jump Shot (5 PTS) (Harris 3 AST),"",60 - 63,3,203924,"",TRUE,"","","","","","","","","","","","","","","","","","","","","","","","","","","","",TRUE,TRUE,""
186,274,1,75,2,04:08:00,1192,TRUE,made.shot,87,"",Lowry 2' Driving Finger Roll Layup (12 PTS),62 - 63,1,200768,"",TRUE,"","","","","","","","","","","","","","","","","","","","","","","","","","","","",TRUE,"",""
187,275,1,108,2,03:56:00,1204,TRUE,made.shot,88,Grant 2' Cutting Dunk Shot (7 PTS) (Barton 3 AST),"",62 - 65,3,203924,"",TRUE,"","","","","","","","","","","","","","","","","","","","","","","","","","","","",TRUE,"",""
188,277,6,11,2,03:56:00,1204,"",,89,Grant T.FOUL (P1.T1) (R.Acosta),"",,,203924,"","","","","","",TRUE,"","","","","","","","","","","","","","","","","","","","","","","","","",""
189,278,3,16,2,03:56:00,1204,"",,89,"",Lowry Free Throw Technical (13 PTS),63 - 65,2,200768,"","","",TRUE,"","","","","","","","","","","","","","","","","","","","","",TRUE,"","","","","","",""
190,279,8,0,2,03:56:00,1204,"",,89,SUB: Craig FOR Barton,"",,,203115,"","","","","","","","",TRUE,"","","","","","","","","","","","","","","","","","","","","","","",""
191,281,2,1,2,03:41:00,1219,"",,89,"",MISS Anunoby 26' 3PT Jump Shot,,,1628384,"","",TRUE,"","","","","","","","","","","",TRUE,"","","","","","","","","","","","","","","","",TRUE,""
192,282,4,0,2,03:37:00,1223,TRUE,missed.shot,89,Harris REBOUND (Off:0 Def:2),"",,,203914,"","","","",TRUE,"","","","","","","","","","","","","","","",TRUE,"","","","","","","","","","","",""
193,283,6,4,2,03:37:00,1223,"",,90,Harris OFF.Foul (P2) (R.Acosta),"",,,203914,"","","","","","",TRUE,"","","","","","","","","","","","","","","","","","","","","","","","","",""
194,285,5,37,2,03:37:00,1223,TRUE,turnover,90,Harris Offensive Foul Turnover (P1.T7),"",,,203914,"","","","","",TRUE,"","","","","","","","","","","","","","","","","","","","","","","","","","",""
195,286,2,79,2,03:26:00,1234,"",,91,"",MISS Lowry 25' 3PT Pullup Jump Shot,,,200768,"","",TRUE,"","","","","","","","","","","",TRUE,"","","","","","","","","","","","","","","","",TRUE,""
196,287,4,0,2,03:23:00,1237,TRUE,missed.shot,91,Jokic REBOUND (Off:0 Def:9),"",,,203999,"","","","",TRUE,"","","","","","","","","","","","","","","",TRUE,"","","","","","","","","","","",""
197,288,5,1,2,03:20:00,1240,TRUE,turnover,92,Jokic Bad Pass Turnover (P1.T8),Anunoby STEAL (5 STL),,,203999,"","","","","",TRUE,"","","","","","","","","","","","","","","","","","","","","","","","","","",""
198,290,6,26,2,03:17:00,1243,"",,93,"",Lowry Offensive Charge Foul (P3.T4) (R.Acosta),,,200768,"","","","","","",TRUE,"","","","","","","","","","","","","","","","","","","","","","","","","",""
199,292,5,37,2,03:17:00,1243,TRUE,turnover,93,"",Lowry Offensive Foul Turnover (P1.T4),,,200768,"","","","","",TRUE,"","","","","","","","","","","","","","","","","","","","","","","","","","",""
200,293,2,1,2,03:03:00,1257,"",,94,MISS Grant  3PT Jump Shot,"",,,203924,"","",TRUE,"","","","","","","","","","","",TRUE,"","","","","","","","","","","","","","","","",TRUE,""
201,294,4,0,2,03:00:00,1260,"",,94,Jokic REBOUND (Off:1 Def:9),"",,,203999,"","","","",TRUE,"","","","","","","","","","","","","","","","","","","","","","","","","","","",""
202,295,1,1,2,02:50:00,1270,TRUE,made.shot,94,Craig 26' 3PT Jump Shot (9 PTS) (Grant 5 AST),"",63 - 68,5,1628470,"",TRUE,"","","","","","","","","","","","","","","","","","","","","","","","","","","","",TRUE,TRUE,""
203,297,9,1,2,02:42:00,1278,"",,95,"",Raptors Timeout: Regular (Reg.3 Short 0),,,1610612761,"","","","","","","","","",TRUE,"","","","","","","","","","","","","","","","","","","","","","",""
204,300,2,1,2,02:34:00,1286,"",,95,"",MISS Powell 24' 3PT Jump Shot,,,1626181,"","",TRUE,"","","","","","","","","","","",TRUE,"","","","","","","","","","","","","","","","",TRUE,""
205,301,4,0,2,02:31:00,1289,TRUE,missed.shot,95,Harris REBOUND (Off:0 Def:3),"",,,203914,"","","","",TRUE,"","","","","","","","","","","","","","","",TRUE,"","","","","","","","","","","",""
206,302,6,26,2,02:25:00,1295,"",,96,Grant Offensive Charge Foul (P2.T2) (T.Maddox),"",,,203924,"","","","","","",TRUE,"","","","","","","","","","","","","","","","","","","","","","","","","",""
207,304,5,37,2,02:25:00,1295,TRUE,turnover,96,Grant Offensive Foul Turnover (P2.T9),"",,,203924,"","","","","",TRUE,"","","","","","","","","","","","","","","","","","","","","","","","","","",""
208,305,1,9,2,02:16:00,1304,TRUE,made.shot,97,"",Hollis-Jefferson 1' Driving Dunk (7 PTS),65 - 68,3,1626178,"",TRUE,"","","","","","","","","","","","","","","","","","","","","","","","","","","","",TRUE,"",""
209,306,2,63,2,01:58:00,1322,"",,98,MISS Murray 13' Fadeaway Jumper,"",,,1627750,"","",TRUE,"","","","","","","","","","","",TRUE,"","","","","","","","","","","","","","","","","",""
210,307,4,0,2,01:54:00,1326,TRUE,missed.shot,98,"",Lowry REBOUND (Off:0 Def:2),,,200768,"","","","",TRUE,"","","","","","","","","","","","","","","",TRUE,"","","","","","","","","","","",""
211,308,1,73,2,01:49:00,1331,TRUE,made.shot,99,"",Powell 2' Driving Reverse Layup (10 PTS) (Anunoby 2 AST),67 - 68,1,1626181,"",TRUE,"","","","","","","","","","","","","","","","","","","","","","","","","","","","",TRUE,"",""
212,310,1,1,2,01:27:00,1353,TRUE,made.shot,100,Craig 25' 3PT Jump Shot (12 PTS) (Murray 3 AST),"",67 - 71,4,1628470,"",TRUE,"","","","","","","","","","","","","","","","","","","","","","","","","","","","",TRUE,TRUE,""
213,312,2,75,2,01:04:00,1376,"",,101,"",MISS Anunoby 2' Driving Finger Roll Layup,,,1628384,"","",TRUE,"","","","","","","","","","","",TRUE,"","","","","","","","","","","","","","","","","",""
214,313,4,0,2,01:02:00,1378,"",,101,"",Hollis-Jefferson REBOUND (Off:2 Def:0),,,1626178,"","","","",TRUE,"","","","","","","","","","","","","","","","","","","","","","","","","","","",""
215,314,2,6,2,01:02:00,1378,"",,101,"",MISS Siakam 4' Driving Layup,,,1627783,"","",TRUE,"","","","","","","","","","","",TRUE,"","","","","","","","","","","","","","","","","",""
216,315,4,0,2,01:02:00,1378,"",,101,"",Raptors Rebound,,,1610612761,"","","","",TRUE,"","","","","","","","","","","","","","",TRUE,"","","","","","","","","","","","",""
217,316,5,11,2,01:02:00,1378,TRUE,turnover,101,"",Raptors Turnover: Shot Clock (T#5),,,1610612761,"","","","","",TRUE,"","","","","","","","","","","","","","","","","","","","","","","","","","",TRUE
218,317,1,6,2,00:46:00,1394,TRUE,made.shot,102,Harris 2' Driving Layup (8 PTS) (Jokic 7 AST),"",67 - 73,6,203914,"",TRUE,"","","","","","","","","","","","","","","","","","","","","","","","","","","","",TRUE,"",""
219,319,2,1,2,00:27:00,1413,"",,103,"",MISS Siakam 24' 3PT Jump Shot,,,1627783,"","",TRUE,"","","","","","","","","","","",TRUE,"","","","","","","","","","","","","","","","",TRUE,""
220,320,4,0,2,00:24:00,1416,TRUE,missed.shot,103,Craig REBOUND (Off:0 Def:1),"",,,1628470,"","","","",TRUE,"","","","","","","","","","","","","","","",TRUE,"","","","","","","","","","","",""
221,321,5,1,2,00:08:00,1432,TRUE,turnover,104,Murray Bad Pass Turnover (P2.T10),Anunoby STEAL (6 STL),,,1627750,"","","","","",TRUE,"","","","","","","","","","","","","","","","","","","","","","","","","","",""
222,323,1,110,2,00:05:00,1435,TRUE,made.shot,105,"",Anunoby 1' Running Reverse Dunk Shot (20 PTS),69 - 73,4,1628384,"",TRUE,"","","","","","","","","","","","","","","","","","","","","","","","","","","","",TRUE,"",""
223,324,2,79,2,00:00:00,1440,"",,106,MISS Murray 28' 3PT Pullup Jump Shot,"",,,1627750,"","",TRUE,"","","","","","","","","","","",TRUE,"","","","","","","","","","","","","","","","",TRUE,""
224,325,4,0,2,00:00:00,1440,"",,106,NUGGETS Rebound,"",,,1610612743,"","","","",TRUE,"","","","","","","","","","","","","","",TRUE,"","","","","","","","","","","","",""
225,326,13,0,2,00:00:00,1440,TRUE,end.of.period,106,"","",69 - 73,4,0,"","","","","","","","","","","","","",TRUE,"","","","","","","","","","","","","","","","","","",""
226,329,12,0,3,12:00:00,1440,"",,107,"","",69 - 73,4,0,"","","","","","","","","","","","",TRUE,"","","","","","","","","","","","","","","","","","","",""
227,330,1,58,3,11:41:00,1459,TRUE,made.shot,107,"",Siakam 3' Turnaround Hook Shot (7 PTS),71 - 73,2,1627783,"",TRUE,"","","","","","","","","","","","","","","","","","","","","","","","","","","","",TRUE,"",""
228,331,2,44,3,11:23:00,1477,"",,108,MISS Harris 1' Reverse Layup,"",,,203914,"","",TRUE,"","","","","","","","","","","",TRUE,"","","","","","","","","","","","","","","","","",""
229,332,4,0,3,11:21:00,1479,TRUE,missed.shot,108,"",Powell REBOUND (Off:0 Def:4),,,1626181,"","","","",TRUE,"","","","","","","","","","","","","","","",TRUE,"","","","","","","","","","","",""
230,333,5,45,3,11:10:00,1490,TRUE,turnover,109,"",Siakam Out of Bounds - Bad Pass Turnover Turnover (P2.T6),,,1627783,"","","","","",TRUE,"","","","","","","","","","","","","","","","","","","","","","","","","","",""
231,334,2,1,3,10:56:00,1504,"",,110,MISS Jokic 11' Jump Shot,"",,,203999,"","",TRUE,"","","","","","","","","","","",TRUE,"","","","","","","","","","","","","","","","","",""
232,335,4,0,3,10:55:00,1505,"",,110,Jokic REBOUND (Off:2 Def:9),"",,,203999,"","","","",TRUE,"","","","","","","","","","","","","","","","","","","","","","","","","","","",""
233,336,6,2,3,10:55:00,1505,"",,110,"",Siakam S.FOUL (P3.T1) (R.Acosta),,,1627783,"","","","","","",TRUE,"","","","","","","","",TRUE,"","","","","","","","","","","","","","","","",""
234,338,3,11,3,10:55:00,1505,"",,110,Jokic Free Throw 1 of 2 (11 PTS),"",71 - 74,3,203999,"","","",TRUE,"","","","","","","","","","","","","","","","","","","","","","","","","","","","",""
235,339,3,12,3,10:55:00,1505,TRUE,last.ft.made,110,Jokic Free Throw 2 of 2 (12 PTS),"",71 - 75,4,203999,"","","",TRUE,"","","","","","","","","","","","","","","","","","","",TRUE,"","",TRUE,TRUE,TRUE,"","","",""
236,340,1,6,3,10:41:00,1519,TRUE,made.shot,111,"",Powell 2' Driving Layup (12 PTS) (Hollis-Jefferson 3 AST),73 - 75,2,1626181,"",TRUE,"","","","","","","","","","","","","","","","","","","","","","","","","","","","",TRUE,"",""
237,341,2,78,3,10:30:00,1530,"",,112,MISS Murray 8' Floating Jump Shot,"",,,1627750,"","",TRUE,"","","","","","","","","","","",TRUE,"","","","","","","","","","","","","","","","","",""
238,342,4,0,3,10:26:00,1534,"",,112,Jokic REBOUND (Off:3 Def:9),"",,,203999,"","","","",TRUE,"","","","","","","","","","","","","","","","","","","","","","","","","","","",""
239,343,1,5,3,10:26:00,1534,TRUE,made.shot,112,Jokic 1' Layup (14 PTS),"",73 - 77,4,203999,"",TRUE,"","","","","","","","","","","","","","","","","","","","","","","","","","","","",TRUE,"",""
240,344,2,98,3,10:17:00,1543,"",,113,"",MISS Hollis-Jefferson 2' Cutting Layup Shot,,,1626178,"","",TRUE,"","","","","","","","","","","",TRUE,"","","","","","","","","","","","","","","","","",""
241,345,4,0,3,10:15:00,1545,TRUE,missed.shot,113,Jokic REBOUND (Off:3 Def:10),"",,,203999,"","","","",TRUE,"","","","","","","","","","","","","","","",TRUE,"","","","","","","","","","","",""
242,346,1,1,3,10:10:00,1550,TRUE,made.shot,114,Grant  3PT Jump Shot (10 PTS) (Barton 4 AST),"",73 - 80,7,203924,"",TRUE,"","","","","","","","","","","","","","","","","","","","","","","","","","","","",TRUE,TRUE,""
243,348,1,5,3,09:49:00,1571,TRUE,made.shot,115,"",Anunoby 2' Layup (22 PTS),75 - 80,5,1628384,"",TRUE,"","","","","","","","","","","","","","","","","","","","","","","","","","","","",TRUE,"",""
244,350,1,47,3,09:19:00,1601,TRUE,made.shot,116,Jokic 13' Turnaround Jump Shot (16 PTS),"",75 - 82,7,203999,"",TRUE,"","","","","","","","","","","","","","","","","","","","","","","","","","","","",TRUE,"",""
245,351,1,74,3,09:10:00,1610,TRUE,made.shot,117,"",Hollis-Jefferson 2' Running Reverse Layup (9 PTS) (Lowry 4 AST),77 - 82,5,1626178,"",TRUE,"","","","","","","","","","","","","","","","","","","","","","","","","","","","",TRUE,"",""
246,353,9,1,3,09:10:00,1610,"",,118,NUGGETS Timeout: Regular (Full 3 Short 0),"",,,1610612743,"","","","","","","","","",TRUE,"","","","","","","","","","","","","","","","","","","","","","",""
247,354,1,6,3,08:51:00,1629,TRUE,made.shot,118,Barton 2' Driving Layup (8 PTS),"",77 - 84,7,203115,"",TRUE,"","","","","","","","","","","","","","","","","","","","","","","","","","","","",TRUE,"",""
248,355,6,2,3,08:39:00,1641,"",,119,Harris S.FOUL (P3.T1) (R.Acosta),"",,,203914,"","","","","","",TRUE,"","","","","","","","",TRUE,"","","","","","","","","","","","","","","","",""
249,357,18,4,3,08:39:00,1641,"",,119,"","",77 - 84,7,355,"","","","","","","","","","","","","","","","","","","","","","","","","","","","","","","","",""
250,358,9,1,3,08:39:00,1641,"",,119,NUGGETS Timeout: Regular (Full 4 Short 0),"",,,1610612743,"","","","","","","","","",TRUE,"","","","","","","","","","","","","","","","","","","","","","",""
251,359,3,11,3,08:39:00,1641,"",,119,"",Siakam Free Throw 1 of 2 (8 PTS),78 - 84,6,1627783,"","","",TRUE,"","","","","","","","","","","","","","","","","","","","","","","","","","","","",""
252,360,3,12,3,08:39:00,1641,TRUE,last.ft.made,119,"",Siakam Free Throw 2 of 2 (9 PTS),79 - 84,5,1627783,"","","",TRUE,"","","","","","","","","","","","","","","","","","","",TRUE,"","",TRUE,TRUE,TRUE,"","","",""
253,361,6,1,3,08:21:00,1659,"",,120,"",Anunoby P.FOUL (P3.T2) (T.Washington),,,1628384,"","","","","","",TRUE,"","","","","","","","","","","","","","","","","","","","","","","","","",""
254,363,2,1,3,08:07:00,1673,"",,120,MISS Murray  3PT Jump Shot,"",,,1627750,"","",TRUE,"","","","","","","","","","","",TRUE,"","","","","","","","","","","","","","","","",TRUE,""
255,364,4,0,3,08:04:00,1676,TRUE,missed.shot,120,"",Lowry REBOUND (Off:0 Def:3),,,200768,"","","","",TRUE,"","","","","","","","","","","","","","","",TRUE,"","","","","","","","","","","",""
256,365,2,1,3,08:00:00,1680,"",,121,"",MISS Siakam 26' 3PT Jump Shot,,,1627783,"","",TRUE,"","","","","","","","","","","",TRUE,"","","","","","","","","","","","","","","","",TRUE,""
257,366,4,0,3,07:56:00,1684,TRUE,missed.shot,121,Jokic REBOUND (Off:3 Def:11),"",,,203999,"","","","",TRUE,"","","","","","","","","","","","","","","",TRUE,"","","","","","","","","","","",""
258,367,2,1,3,07:39:00,1701,"",,122,MISS Barton 25' 3PT Jump Shot,"",,,203115,"","",TRUE,"","","","","","","","","","","",TRUE,"","","","","","","","","","","","","","","","",TRUE,""
259,368,4,0,3,07:38:00,1702,"",,122,Jokic REBOUND (Off:4 Def:11),"",,,203999,"","","","",TRUE,"","","","","","","","","","","","","","","","","","","","","","","","","","","",""
260,369,6,2,3,07:37:00,1703,"",,122,"",Powell S.FOUL (P1.T3) (T.Maddox),,,1626181,"","","","","","",TRUE,"","","","","","","","",TRUE,"","","","","","","","","","","","","","","","",""
261,371,3,11,3,07:37:00,1703,"",,122,Jokic Free Throw 1 of 2 (17 PTS),"",79 - 85,6,203999,"","","",TRUE,"","","","","","","","","","","","","","","","","","","","","","","","","","","","",""
262,372,3,12,3,07:37:00,1703,"",,122,MISS Jokic Free Throw 2 of 2,"",,,203999,"","","",TRUE,"","","","","","","","","","",TRUE,"","","","","","",TRUE,"",TRUE,"","",TRUE,TRUE,"","","","",""
263,373,4,0,3,07:33:00,1707,TRUE,missed.shot,122,"",Lowry REBOUND (Off:0 Def:4),,,200768,"","","","",TRUE,"","","","","","","","","","","","","","","",TRUE,"","","","","","","","","","","",""
264,374,2,1,3,07:15:00,1725,"",,123,"",MISS Anunoby  3PT Jump Shot,,,1628384,"","",TRUE,"","","","","","","","","","","",TRUE,"","","","","","","","","","","","","","","","",TRUE,""
265,375,4,0,3,07:11:00,1729,TRUE,missed.shot,123,Barton REBOUND (Off:0 Def:2),"",,,203115,"","","","",TRUE,"","","","","","","","","","","","","","","",TRUE,"","","","","","","","","","","",""
266,376,2,102,3,07:06:00,1734,"",,124,MISS Barton 2' Driving Floating Bank Jump Shot,"",,,203115,"","",TRUE,"","","","","","","","","","","",TRUE,"","","","","","","","","","","","","","","","","",""
267,377,4,0,3,07:04:00,1736,TRUE,missed.shot,124,"",Siakam REBOUND (Off:0 Def:3),,,1627783,"","","","",TRUE,"","","","","","","","","","","","","","","",TRUE,"","","","","","","","","","","",""
268,378,6,26,3,07:01:00,1739,"",,125,"",Siakam Offensive Charge Foul (P4.T4) (T.Maddox),,,1627783,"","","","","","",TRUE,"","","","","","","","","","","","","","","","","","","","","","","","","",""
269,380,5,37,3,07:01:00,1739,TRUE,turnover,125,"",Siakam Offensive Foul Turnover (P3.T7),,,1627783,"","","","","",TRUE,"","","","","","","","","","","","","","","","","","","","","","","","","","",""
270,381,9,1,3,07:01:00,1739,"",,126,"",Raptors Timeout: Regular (Reg.4 Short 0),,,1610612761,"","","","","","","","","",TRUE,"","","","","","","","","","","","","","","","","","","","","","",""
271,383,18,4,3,07:01:00,1739,"",,126,"","",79 - 85,6,378,"","","","","","","","","","","","","","","","","","","","","","","","","","","","","","","","",""
272,384,5,15,3,06:41:00,1759,TRUE,turnover,126,Grant Offensive Goaltending Turnover (P3.T11),"",,,203924,"","","","","",TRUE,"","","","","","","","","","","","","","","","","","","","","","","","","","",""
273,385,2,79,3,06:25:00,1775,"",,127,"",MISS Lowry 27' 3PT Pullup Jump Shot,,,200768,"","",TRUE,"","","","","","","","","","","",TRUE,"","","","","","","","","","","","","","","","",TRUE,""
274,386,4,0,3,06:21:00,1779,"",,127,"",Hollis-Jefferson REBOUND (Off:3 Def:0),,,1626178,"","","","",TRUE,"","","","","","","","","","","","","","","","","","","","","","","","","","","",""
275,387,6,2,3,06:12:00,1788,"",,127,Grant S.FOUL (P3.T2) (R.Acosta),"",,,203924,"","","","","","",TRUE,"","","","","","","","",TRUE,"","","","","","","","","","","","","","","","",""
276,389,3,11,3,06:12:00,1788,"",,127,"",MISS Siakam Free Throw 1 of 2,,,1627783,"","","",TRUE,"","","","","","","","","","",TRUE,"","","","","","",TRUE,"","","","","","","","","","",""
277,390,4,1,3,06:12:00,1788,"",,127,"",Raptors Rebound,,,1610612761,"","","","",TRUE,"","","","","","","","","","","","","","",TRUE,"","","","","","","","","","","","",""
278,391,3,12,3,06:12:00,1788,TRUE,last.ft.made,127,"",Siakam Free Throw 2 of 2 (10 PTS),80 - 85,5,1627783,"","","",TRUE,"","","","","","","","","","","","","","","","","","","",TRUE,"","",TRUE,TRUE,TRUE,"","","",""
279,392,5,1,3,05:59:00,1801,TRUE,turnover,128,Harris Bad Pass Turnover (P2.T12),Anunoby STEAL (7 STL),,,203914,"","","","","",TRUE,"","","","","","","","","","","","","","","","","","","","","","","","","","",""
280,394,6,2,3,05:52:00,1808,"",,129,Jokic S.FOUL (P1.T3) (T.Maddox),"",,,203999,"","","","","","",TRUE,"","","","","","","","",TRUE,"","","","","","","","","","","","","","","","",""
281,396,3,11,3,05:52:00,1808,"",,129,"",Anunoby Free Throw 1 of 2 (23 PTS),81 - 85,4,1628384,"","","",TRUE,"","","","","","","","","","","","","","","","","","","","","","","","","","","","",""
282,397,8,0,3,05:52:00,1808,"",,129,"",SUB: McCaw FOR Siakam,,,1627783,"","","","","","","","",TRUE,"","","","","","","","","","","","","","","","","","","","","","","",""
283,399,3,12,3,05:52:00,1808,TRUE,last.ft.made,129,"",Anunoby Free Throw 2 of 2 (24 PTS),82 - 85,3,1628384,"","","",TRUE,"","","","","","","","","","","","","","","","","","","",TRUE,"","",TRUE,TRUE,TRUE,"","","",""
284,400,6,4,3,05:31:00,1829,"",,130,Harris OFF.Foul (P4) (T.Washington),"",,,203914,"","","","","","",TRUE,"","","","","","","","","","","","","","","","","","","","","","","","","",""
285,402,5,37,3,05:31:00,1829,TRUE,turnover,130,Harris Offensive Foul Turnover (P3.T13),"",,,203914,"","","","","",TRUE,"","","","","","","","","","","","","","","","","","","","","","","","","","",""
286,403,8,0,3,05:31:00,1829,"",,131,SUB: Morris FOR Barton,"",,,203115,"","","","","","","","",TRUE,"","","","","","","","","","","","","","","","","","","","","","","",""
287,405,8,0,3,05:31:00,1829,"",,131,SUB: Barton FOR Harris,"",,,203914,"","","","","","","","",TRUE,"","","","","","","","","","","","","","","","","","","","","","","",""
288,407,2,80,3,05:17:00,1843,"",,131,"",MISS Lowry 26' 3PT Step Back Jump Shot,,,200768,"","",TRUE,"","","","","","","","","","","",TRUE,"","","","","","","","","","","","","","","","",TRUE,""
289,408,4,0,3,05:13:00,1847,TRUE,missed.shot,131,Morris REBOUND (Off:0 Def:2),"",,,1628420,"","","","",TRUE,"","","","","","","","","","","","","","","",TRUE,"","","","","","","","","","","",""
290,410,2,9,3,05:06:00,1854,"",,132,MISS Grant 2' Driving Dunk,Hollis-Jefferson BLOCK (2 BLK),,,203924,"","",TRUE,"","","","","","","","","","","",TRUE,"","","","","","","","","","","","","","","","","",""
291,412,4,0,3,05:06:00,1854,TRUE,missed.shot,132,"",Raptors Rebound,,,1610612761,"","","","",TRUE,"","","","","","","","","","","","","","",TRUE,TRUE,"","","","","","","","","","","",""
292,414,2,75,3,04:49:00,1871,"",,133,"",MISS Lowry 2' Driving Finger Roll Layup,,,200768,"","",TRUE,"","","","","","","","","","","",TRUE,"","","","","","","","","","","","","","","","","",""
293,415,4,0,3,04:49:00,1871,"",,133,"",Raptors Rebound,,,1610612761,"","","","",TRUE,"","","","","","","","","","","","","","",TRUE,"","","","","","","","","","","","",""
294,417,10,0,3,04:37:00,1883,"",,133,Jump Ball Murray vs. Hollis-Jefferson: Tip to Anunoby,"",,,1627750,"","","","","","","","","","",TRUE,"","","","","","","","","","","","","","","","","","","","","",""
295,421,5,39,3,04:35:00,1885,TRUE,turnover,133,"",Lowry Step Out of Bounds Turnover (P2.T8),,,200768,"","","","","",TRUE,"","","","","","","","","","","","","","","","","","","","","","","","","","",""
296,422,1,73,3,04:14:00,1906,TRUE,made.shot,134,Jokic 1' Driving Reverse Layup (19 PTS) (Murray 4 AST),"",82 - 87,5,203999,"",TRUE,"","","","","","","","","","","","","","","","","","","","","","","","","","","","",TRUE,"",""
297,424,6,2,3,04:09:00,1911,"",,135,Murray S.FOUL (P2.T4) (R.Acosta),"",,,1627750,"","","","","","",TRUE,"","","","","","","","",TRUE,"","","","","","","","","","","","","","","","",""
298,426,3,11,3,04:09:00,1911,"",,135,"",Powell Free Throw 1 of 2 (13 PTS),83 - 87,4,1626181,"","","",TRUE,"","","","","","","","","","","","","","","","","","","","","","","","","","","","",""
299,427,8,0,3,04:09:00,1911,"",,135,SUB: Porter Jr. FOR Grant,"",,,203924,"","","","","","","","",TRUE,"","","","","","","","","","","","","","","","","","","","","","","",""
300,429,3,12,3,04:09:00,1911,TRUE,last.ft.made,135,"",Powell Free Throw 2 of 2 (14 PTS),84 - 87,3,1626181,"","","",TRUE,"","","","","","","","","","","","","","","","","","","",TRUE,"","",TRUE,TRUE,TRUE,"","","",""
301,430,1,75,3,04:00:00,1920,"",,136,Murray 1' Driving Finger Roll Layup (19 PTS) (Morris 4 AST),"",84 - 89,5,1627750,"",TRUE,"","","","","","","","","","","","","","","","","","","","","","","","","","","",TRUE,"","",""
302,432,6,2,3,04:00:00,1920,"",,136,"",McCaw S.FOUL (P2.PN) (T.Washington),,,1627775,"","","","","","",TRUE,"","","","","","","","",TRUE,"","","","","","","","","","","","","","","","",""
303,434,8,0,3,04:00:00,1920,"",,136,SUB: Craig FOR Barton,"",,,203115,"","","","","","","","",TRUE,"","","","","","","","","","","","","","","","","","","","","","","",""
304,435,8,0,3,04:00:00,1920,"",,136,"",SUB: Davis FOR Powell,,,1626181,"","","","","","","","",TRUE,"","","","","","","","","","","","","","","","","","","","","","","",""
305,438,3,10,3,04:00:00,1920,"",,136,MISS Murray Free Throw 1 of 1,"",,,1627750,"","","",TRUE,"","","","","","","","","","",TRUE,"","","","","","",TRUE,TRUE,"","","","",TRUE,"","","","",""
306,439,4,0,3,03:58:00,1922,TRUE,missed.shot,136,"",McCaw REBOUND (Off:0 Def:1),,,1627775,"","","","",TRUE,"","","","","","","","","","","","","","","",TRUE,"","","","","","","","","","","",""
307,440,2,63,3,03:36:00,1944,"",,137,"",MISS Lowry 28' 3PT Fadeaway Jumper,,,200768,"","",TRUE,"","","","","","","","","","","",TRUE,"","","","","","","","","","","","","","","","",TRUE,""
308,441,4,0,3,03:33:00,1947,TRUE,missed.shot,137,Porter Jr. REBOUND (Off:1 Def:1),"",,,1629008,"","","","",TRUE,"","","","","","","","","","","","","","","",TRUE,"","","","","","","","","","","",""
309,442,1,1,3,03:15:00,1965,TRUE,made.shot,138,Murray 26' 3PT Jump Shot (22 PTS) (Jokic 8 AST),"",84 - 92,8,1627750,"",TRUE,"","","","","","","","","","","","","","","","","","","","","","","","","","","","",TRUE,TRUE,""
310,444,1,52,3,03:08:00,1972,TRUE,made.shot,139,"",Anunoby 1' Alley Oop Dunk (26 PTS) (Davis 2 AST),86 - 92,6,1628384,"",TRUE,"","","","","","","","","","","","","","","","","","","","","","","","","","","","",TRUE,"",""
311,446,2,1,3,02:54:00,1986,"",,140,MISS Craig  3PT Jump Shot,"",,,1628470,"","",TRUE,"","","","","","","","","","","",TRUE,"","","","","","","","","","","","","","","","",TRUE,""
312,447,4,0,3,02:52:00,1988,TRUE,missed.shot,140,"",Davis REBOUND (Off:0 Def:3),,,1629056,"","","","",TRUE,"","","","","","","","","","","","","","","",TRUE,"","","","","","","","","","","",""
313,448,2,76,3,02:47:00,1993,"",,141,"",MISS Hollis-Jefferson 2' Running Finger Roll Layup,,,1626178,"","",TRUE,"","","","","","","","","","","",TRUE,"","","","","","","","","","","","","","","","","",""
314,449,4,0,3,02:45:00,1995,TRUE,missed.shot,141,Murray REBOUND (Off:0 Def:1),"",,,1627750,"","","","",TRUE,"","","","","","","","","","","","","","","",TRUE,"","","","","","","","","","","",""
315,450,2,79,3,02:42:00,1998,"",,142,MISS Murray 25' 3PT Pullup Jump Shot,"",,,1627750,"","",TRUE,"","","","","","","","","","","",TRUE,"","","","","","","","","","","","","","","","",TRUE,""
316,451,4,0,3,02:42:00,1998,TRUE,missed.shot,142,"",Raptors Rebound,,,1610612761,"","","","",TRUE,"","","","","","","","","","","","","","",TRUE,TRUE,"","","","","","","","","","","",""
317,452,8,0,3,02:42:00,1998,"",,143,SUB: Plumlee FOR Jokic,"",,,203999,"","","","","","","","",TRUE,"","","","","","","","","","","","","","","","","","","","","","","",""
318,454,6,1,3,02:36:00,2004,"",,143,Craig P.FOUL (P1.PN) (T.Maddox),"",,,1628470,"","","","","","",TRUE,"","","","","","","","","","","","","","","","","","","","","","","","","",""
319,456,3,11,3,02:36:00,2004,"",,143,"",Lowry Free Throw 1 of 2 (14 PTS),87 - 92,5,200768,"","","",TRUE,"","","","","","","","","","","","","","","","","","","","","","","","","","","","",""
320,457,8,0,3,02:36:00,2004,"",,143,"",SUB: Siakam FOR Hollis-Jefferson,,,1626178,"","","","","","","","",TRUE,"","","","","","","","","","","","","","","","","","","","","","","",""
321,459,3,12,3,02:36:00,2004,TRUE,last.ft.made,143,"",Lowry Free Throw 2 of 2 (15 PTS),88 - 92,4,200768,"","","",TRUE,"","","","","","","","","","","","","","","","","","","",TRUE,"","",TRUE,TRUE,TRUE,"","","",""
322,460,6,1,3,02:22:00,2018,"",,144,"",Davis P.FOUL (P1.PN) (R.Acosta),,,1629056,"","","","","","",TRUE,"","","","","","","","","","","","","","","","","","","","","","","","","",""
323,462,3,11,3,02:22:00,2018,"",,144,MISS Plumlee Free Throw 1 of 2,"",,,203486,"","","",TRUE,"","","","","","","","","","",TRUE,"","","","","","",TRUE,"","","","","","","","","","",""
324,463,4,1,3,02:22:00,2018,"",,144,NUGGETS Rebound,"",,,1610612743,"","","","",TRUE,"","","","","","","","","","","","","","",TRUE,"","","","","","","","","","","","",""
325,464,3,12,3,02:22:00,2018,TRUE,last.ft.made,144,Plumlee Free Throw 2 of 2 (3 PTS),"",88 - 93,5,203486,"","","",TRUE,"","","","","","","","","","","","","","","","","","","",TRUE,"","",TRUE,TRUE,TRUE,"","","",""
326,465,5,1,3,02:07:00,2033,TRUE,turnover,145,Plumlee STEAL (1 STL),Lowry Bad Pass Turnover (P3.T9),,,200768,"","","","","",TRUE,"","","","","","","","","","","","","","","","","","","","","","","","","","",""
327,467,1,1,3,01:49:00,2051,TRUE,made.shot,146,Craig  3PT Jump Shot (15 PTS) (Porter Jr. 2 AST),"",88 - 96,8,1628470,"",TRUE,"","","","","","","","","","","","","","","","","","","","","","","","","","","","",TRUE,TRUE,""
328,469,1,1,3,01:31:00,2069,TRUE,made.shot,147,"",Anunoby 25' 3PT Jump Shot (29 PTS) (McCaw 1 AST),91 - 96,5,1628384,"",TRUE,"","","","","","","","","","","","","","","","","","","","","","","","","","","","",TRUE,TRUE,""
329,471,2,1,3,01:12:00,2088,"",,148,MISS Porter Jr. 25' 3PT Jump Shot,"",,,1629008,"","",TRUE,"","","","","","","","","","","",TRUE,"","","","","","","","","","","","","","","","",TRUE,""
330,472,4,0,3,01:07:00,2093,TRUE,missed.shot,148,"",Siakam REBOUND (Off:0 Def:4),,,1627783,"","","","",TRUE,"","","","","","","","","","","","","","","",TRUE,"","","","","","","","","","","",""
331,473,1,50,3,01:04:00,2096,TRUE,made.shot,149,"",Davis 2' Running Dunk (8 PTS) (Siakam 3 AST),93 - 96,3,1629056,"",TRUE,"","","","","","","","","","","","","","","","","","","","","","","","","","","","",TRUE,"",""
332,475,2,1,3,00:40:00,2120,"",,150,MISS Craig 25' 3PT Jump Shot,"",,,1628470,"","",TRUE,"","","","","","","","","","","",TRUE,"","","","","","","","","","","","","","","","",TRUE,""
333,476,4,0,3,00:35:00,2125,"",,150,Porter Jr. REBOUND (Off:2 Def:1),"",,,1629008,"","","","",TRUE,"","","","","","","","","","","","","","","","","","","","","","","","","","","",""
334,477,1,99,3,00:32:00,2128,TRUE,made.shot,150,Craig 2' Cutting Finger Roll Layup Shot (17 PTS) (Porter Jr. 3 AST),"",93 - 98,5,1628470,"",TRUE,"","","","","","","","","","","","","","","","","","","","","","","","","","","","",TRUE,"",""
335,479,1,41,3,00:29:00,2131,"",,151,"",Anunoby 1' Running Layup (31 PTS) (Lowry 5 AST),95 - 98,3,1628384,"",TRUE,"","","","","","","","","","","","","","","","","","","","","","","","","","","",TRUE,"","",""
336,481,6,2,3,00:29:00,2131,"",,151,Murray S.FOUL (P3.PN) (R.Acosta),"",,,1627750,"","","","","","",TRUE,"","","","","","","","",TRUE,"","","","","","","","","","","","","","","","",""
337,483,8,0,3,00:29:00,2131,"",,151,"",SUB: Boucher FOR Siakam,,,1627783,"","","","","","","","",TRUE,"","","","","","","","","","","","","","","","","","","","","","","",""
338,485,3,10,3,00:29:00,2131,TRUE,last.ft.made,151,"",Anunoby Free Throw 1 of 1 (32 PTS),96 - 98,2,1628384,"","","",TRUE,"","","","","","","","","","","","","","","","","","",TRUE,"","","","",TRUE,TRUE,"","","",""
339,487,1,58,3,00:05:00,2155,TRUE,made.shot,152,Plumlee 3' Turnaround Hook Shot (5 PTS) (Murray 5 AST),"",96 - 100,4,203486,"",TRUE,"","","","","","","","","","","","","","","","","","","","","","","","","","","","",TRUE,"",""
340,489,2,2,3,00:00:00,2160,"",,153,"",MISS Lowry 62' 3PT Running Jump Shot,,,200768,"","",TRUE,"","","","","","","","","","","",TRUE,"","","","","","","","","","","","","","","","",TRUE,""
341,490,4,0,3,00:00:00,2160,"",,153,"",Raptors Rebound,,,1610612761,"","","","",TRUE,"","","","","","","","","","","","","","",TRUE,"","","","","","","","","","","","",""
342,491,13,0,3,00:00:00,2160,TRUE,end.of.period,153,"","",96 - 100,4,0,"","","","","","","","","","","","","",TRUE,"","","","","","","","","","","","","","","","","","",""
343,498,12,0,4,12:00:00,2160,"",,154,"","",96 - 100,4,0,"","","","","","","","","","","","",TRUE,"","","","","","","","","","","","","","","","","","","",""
344,499,1,108,4,11:47:00,2173,"",,154,Porter Jr. 1' Cutting Dunk Shot (7 PTS) (Plumlee 2 AST),"",96 - 102,6,1629008,"",TRUE,"","","","","","","","","","","","","","","","","","","","","","","","","","","",TRUE,"","",""
345,501,6,2,4,11:47:00,2173,"",,154,"",Boucher S.FOUL (P2.T1) (R.Acosta),,,1628449,"","","","","","",TRUE,"","","","","","","","",TRUE,"","","","","","","","","","","","","","","","",""
346,503,3,10,4,11:47:00,2173,TRUE,last.ft.made,154,Porter Jr. Free Throw 1 of 1 (8 PTS),"",96 - 103,7,1629008,"","","",TRUE,"","","","","","","","","","","","","","","","","","",TRUE,"","","","",TRUE,TRUE,"","","",""
347,504,2,101,4,11:33:00,2187,"",,155,"",MISS Powell 12' Driving Floating Jump Shot,,,1626181,"","",TRUE,"","","","","","","","","","","",TRUE,"","","","","","","","","","","","","","","","","",""
348,505,4,0,4,11:25:00,2195,"",,155,"",Powell REBOUND (Off:1 Def:4),,,1626181,"","","","",TRUE,"","","","","","","","","","","","","","","","","","","","","","","","","","","",""
349,506,2,72,4,11:25:00,2195,"",,155,"",MISS Powell 1' Putback Layup,,,1626181,"","",TRUE,"","","","","","","","","","","",TRUE,"","","","","","","","","","","","","","","","","",""
350,507,4,0,4,11:24:00,2196,"",,155,"",Boucher REBOUND (Off:1 Def:1),,,1628449,"","","","",TRUE,"","","","","","","","","","","","","","","","","","","","","","","","","","","",""
351,508,2,72,4,11:24:00,2196,"",,155,Plumlee BLOCK (1 BLK),MISS Boucher 1' Putback Layup,,,1628449,"","",TRUE,"","","","","","","","","","","",TRUE,"","","","","","","","","","","","","","","","","",""
352,510,4,0,4,11:22:00,2198,TRUE,missed.shot,155,Craig REBOUND (Off:0 Def:2),"",,,1628470,"","","","",TRUE,"","","","","","","","","","","","","","","",TRUE,"","","","","","","","","","","",""
353,511,2,1,4,11:20:00,2200,"",,156,MISS Morris  3PT Jump Shot,"",,,1628420,"","",TRUE,"","","","","","","","","","","",TRUE,"","","","","","","","","","","","","","","","",TRUE,""
354,512,4,0,4,11:16:00,2204,"",,156,Porter Jr. REBOUND (Off:3 Def:1),"",,,1629008,"","","","",TRUE,"","","","","","","","","","","","","","","","","","","","","","","","","","","",""
355,513,1,72,4,11:14:00,2206,TRUE,made.shot,156,Porter Jr. 2' Putback Layup (10 PTS),"",96 - 105,9,1629008,"",TRUE,"","","","","","","","","","","","","","","","","","","","","","","","","","","","",TRUE,"",""
356,514,6,1,4,11:03:00,2217,"",,157,Plumlee P.FOUL (P4.T1) (T.Washington),"",,,203486,"","","","","","",TRUE,"","","","","","","","","","","","","","","","","","","","","","","","","",""
357,516,2,1,4,10:51:00,2229,"",,157,"",MISS Boucher  3PT Jump Shot,,,1628449,"","",TRUE,"","","","","","","","","","","",TRUE,"","","","","","","","","","","","","","","","",TRUE,""
358,517,4,0,4,10:50:00,2230,"",,157,"",Raptors Rebound,,,1610612761,"","","","",TRUE,"","","","","","","","","","","","","","",TRUE,"","","","","","","","","","","","",""
359,518,6,3,4,10:50:00,2230,"",,157,Craig L.B.FOUL (P2.T2) (T.Maddox),"",,,1628470,"","","","","","",TRUE,"","","","","","","","","","","",TRUE,"","","","","","","","","","","","","",""
360,520,1,1,4,10:41:00,2239,TRUE,made.shot,157,"",Powell 25' 3PT Jump Shot (17 PTS) (Siakam 4 AST),99 - 105,6,1626181,"",TRUE,"","","","","","","","","","","","","","","","","","","","","","","","","","","","",TRUE,TRUE,""
361,522,6,2,4,10:22:00,2258,"",,158,"",Boucher S.FOUL (P3.T2) (T.Maddox),,,1628449,"","","","","","",TRUE,"","","","","","","","",TRUE,"","","","","","","","","","","","","","","","",""
362,524,3,11,4,10:22:00,2258,"",,158,MISS Plumlee Free Throw 1 of 2,"",,,203486,"","","",TRUE,"","","","","","","","","","",TRUE,"","","","","","",TRUE,"","","","","","","","","","",""
363,525,4,1,4,10:22:00,2258,"",,158,NUGGETS Rebound,"",,,1610612743,"","","","",TRUE,"","","","","","","","","","","","","","",TRUE,"","","","","","","","","","","","",""
364,526,3,12,4,10:22:00,2258,TRUE,last.ft.made,158,Plumlee Free Throw 2 of 2 (6 PTS),"",99 - 106,7,203486,"","","",TRUE,"","","","","","","","","","","","","","","","","","","",TRUE,"","",TRUE,TRUE,TRUE,"","","",""
365,527,2,1,4,10:07:00,2273,"",,159,"",MISS Powell 26' 3PT Jump Shot,,,1626181,"","",TRUE,"","","","","","","","","","","",TRUE,"","","","","","","","","","","","","","","","",TRUE,""
366,528,4,0,4,10:03:00,2277,TRUE,missed.shot,159,Craig REBOUND (Off:0 Def:3),"",,,1628470,"","","","",TRUE,"","","","","","","","","","","","","","","",TRUE,"","","","","","","","","","","",""
367,529,2,1,4,09:51:00,2289,"",,160,MISS Craig 24' 3PT Jump Shot,Siakam BLOCK (1 BLK),,,1628470,"","",TRUE,"","","","","","","","","","","",TRUE,"","","","","","","","","","","","","","","","",TRUE,""
368,531,4,0,4,09:47:00,2293,TRUE,missed.shot,160,"",Powell REBOUND (Off:1 Def:5),,,1626181,"","","","",TRUE,"","","","","","","","","","","","","","","",TRUE,"","","","","","","","","","","",""
369,532,1,106,4,09:45:00,2295,TRUE,made.shot,161,"",Siakam 1' Running Alley Oop Dunk Shot (12 PTS) (Davis 3 AST),101 - 106,5,1627783,"",TRUE,"","","","","","","","","","","","","","","","","","","","","","","","","","","","",TRUE,"",""
370,534,6,2,4,09:31:00,2309,"",,162,"",Powell S.FOUL (P2.T3) (T.Maddox),,,1626181,"","","","","","",TRUE,"","","","","","","","",TRUE,"","","","","","","","","","","","","","","","",""
371,536,3,11,4,09:31:00,2309,"",,162,MISS Barton Free Throw 1 of 2,"",,,203115,"","","",TRUE,"","","","","","","","","","",TRUE,"","","","","","",TRUE,"","","","","","","","","","",""
372,537,4,1,4,09:31:00,2309,"",,162,NUGGETS Rebound,"",,,1610612743,"","","","",TRUE,"","","","","","","","","","","","","","",TRUE,"","","","","","","","","","","","",""
373,538,8,0,4,09:31:00,2309,"",,162,SUB: Grant FOR Craig,"",,,1628470,"","","","","","","","",TRUE,"","","","","","","","","","","","","","","","","","","","","","","",""
374,540,3,12,4,09:31:00,2309,TRUE,last.ft.made,162,Barton Free Throw 2 of 2 (9 PTS),"",101 - 107,6,203115,"","","",TRUE,"","","","","","","","","","","","","","","","","","","",TRUE,"","",TRUE,TRUE,TRUE,"","","",""
375,541,2,79,4,09:11:00,2329,"",,163,"",MISS Siakam 26' 3PT Pullup Jump Shot,,,1627783,"","",TRUE,"","","","","","","","","","","",TRUE,"","","","","","","","","","","","","","","","",TRUE,""
376,542,4,0,4,09:09:00,2331,TRUE,missed.shot,163,Morris REBOUND (Off:0 Def:3),"",,,1628420,"","","","",TRUE,"","","","","","","","","","","","","","","",TRUE,"","","","","","","","","","","",""
377,543,2,1,4,09:00:00,2340,"",,164,MISS Grant  3PT Jump Shot,"",,,203924,"","",TRUE,"","","","","","","","","","","",TRUE,"","","","","","","","","","","","","","","","",TRUE,""
378,544,4,0,4,08:57:00,2343,TRUE,missed.shot,164,"",Siakam REBOUND (Off:0 Def:5),,,1627783,"","","","",TRUE,"","","","","","","","","","","","","","","",TRUE,"","","","","","","","","","","",""
379,545,2,76,4,08:51:00,2349,"",,165,"",MISS Siakam 2' Running Finger Roll Layup,,,1627783,"","",TRUE,"","","","","","","","","","","",TRUE,"","","","","","","","","","","","","","","","","",""
380,546,4,0,4,08:50:00,2350,TRUE,missed.shot,165,Grant REBOUND (Off:0 Def:2),"",,,203924,"","","","",TRUE,"","","","","","","","","","","","","","","",TRUE,"","","","","","","","","","","",""
381,547,6,2,4,08:46:00,2354,"",,166,"",Davis S.FOUL (P2.T4) (R.Acosta),,,1629056,"","","","","","",TRUE,"","","","","","","","",TRUE,"","","","","","","","","","","","","","","","",""
382,549,3,11,4,08:46:00,2354,"",,166,Barton Free Throw 1 of 2 (10 PTS),"",101 - 108,7,203115,"","","",TRUE,"","","","","","","","","","","","","","","","","","","","","","","","","","","","",""
383,550,3,12,4,08:46:00,2354,TRUE,last.ft.made,166,Barton Free Throw 2 of 2 (11 PTS),"",101 - 109,8,203115,"","","",TRUE,"","","","","","","","","","","","","","","","","","","",TRUE,"","",TRUE,TRUE,TRUE,"","","",""
384,551,2,1,4,08:34:00,2366,"",,167,"",MISS Powell 26' 3PT Jump Shot,,,1626181,"","",TRUE,"","","","","","","","","","","",TRUE,"","","","","","","","","","","","","","","","",TRUE,""
385,552,4,0,4,08:31:00,2369,TRUE,missed.shot,167,NUGGETS Rebound,"",,,1610612743,"","","","",TRUE,"","","","","","","","","","","","","","",TRUE,TRUE,"","","","","","","","","","","",""
386,553,6,3,4,08:31:00,2369,"",,168,"",Boucher L.B.FOUL (P4.PN) (R.Acosta),,,1628449,"","","","","","",TRUE,"","","","","","","","","","","",TRUE,"","","","","","","","","","","","","",""
387,555,3,11,4,08:31:00,2369,"",,168,Porter Jr. Free Throw 1 of 2 (11 PTS),"",101 - 110,9,1629008,"","","",TRUE,"","","","","","","","","","","","","","","","","","","","","","","","","","","","",""
388,556,8,0,4,08:31:00,2369,"",,168,"",SUB: Lowry FOR Davis,,,1629056,"","","","","","","","",TRUE,"","","","","","","","","","","","","","","","","","","","","","","",""
389,557,8,0,4,08:31:00,2369,"",,168,"",SUB: Anunoby FOR Boucher,,,1628449,"","","","","","","","",TRUE,"","","","","","","","","","","","","","","","","","","","","","","",""
390,560,3,12,4,08:31:00,2369,"",,168,MISS Porter Jr. Free Throw 2 of 2,"",,,1629008,"","","",TRUE,"","","","","","","","","","",TRUE,"","","","","","",TRUE,"",TRUE,"","",TRUE,TRUE,"","","","",""
391,561,4,0,4,08:29:00,2371,TRUE,missed.shot,168,"",Siakam REBOUND (Off:0 Def:6),,,1627783,"","","","",TRUE,"","","","","","","","","","","","","","","",TRUE,"","","","","","","","","","","",""
392,562,5,1,4,08:15:00,2385,TRUE,turnover,169,Morris STEAL (1 STL),Siakam Bad Pass Turnover (P4.T10),,,1627783,"","","","","",TRUE,"","","","","","","","","","","","","","","","","","","","","","","","","","",""
393,564,1,41,4,08:10:00,2390,TRUE,made.shot,170,Morris 3' Running Layup (8 PTS),"",101 - 112,11,1628420,"",TRUE,"","","","","","","","","","","","","","","","","","","","","","","","","","","","",TRUE,"",""
394,565,9,1,4,08:10:00,2390,"",,171,"",Raptors Timeout: Regular (Reg.5 Short 0),,,1610612761,"","","","","","","","","",TRUE,"","","","","","","","","","","","","","","","","","","","","","",""
395,566,5,1,4,08:00:00,2400,TRUE,turnover,171,Plumlee STEAL (2 STL),McCaw Bad Pass Turnover (P1.T11),,,1627775,"","","","","",TRUE,"","","","","","","","","","","","","","","","","","","","","","","","","","",""
396,569,5,1,4,07:53:00,2407,TRUE,turnover,172,Morris Bad Pass Turnover (P2.T14),Siakam STEAL (1 STL),,,1628420,"","","","","",TRUE,"","","","","","","","","","","","","","","","","","","","","","","","","","",""
397,571,1,50,4,07:48:00,2412,TRUE,made.shot,173,"",Siakam 2' Running Dunk (14 PTS) (Anunoby 3 AST),103 - 112,9,1627783,"",TRUE,"","","","","","","","","","","","","","","","","","","","","","","","","","","","",TRUE,"",""
398,573,2,1,4,07:26:00,2434,"",,174,MISS Grant 15' Jump Shot,"",,,203924,"","",TRUE,"","","","","","","","","","","",TRUE,"","","","","","","","","","","","","","","","","",""
399,574,4,0,4,07:24:00,2436,TRUE,missed.shot,174,"",Lowry REBOUND (Off:0 Def:5),,,200768,"","","","",TRUE,"","","","","","","","","","","","","","","",TRUE,"","","","","","","","","","","",""
400,575,1,76,4,07:20:00,2440,TRUE,made.shot,175,"",Lowry 2' Running Finger Roll Layup (17 PTS),105 - 112,7,200768,"",TRUE,"","","","","","","","","","","","","","","","","","","","","","","","","","","","",TRUE,"",""
401,576,9,1,4,07:19:00,2441,"",,176,NUGGETS Timeout: Regular (Full 5 Short 0),"",,,1610612743,"","","","","","","","","",TRUE,"","","","","","","","","","","","","","","","","","","","","","",""
402,577,8,0,4,07:19:00,2441,"",,176,SUB: Murray FOR Porter Jr.,"",,,1629008,"","","","","","","","",TRUE,"","","","","","","","","","","","","","","","","","","","","","","",""
403,578,8,0,4,07:19:00,2441,"",,176,SUB: Jokic FOR Barton,"",,,203115,"","","","","","","","",TRUE,"","","","","","","","","","","","","","","","","","","","","","","",""
404,579,8,0,4,07:19:00,2441,"",,176,SUB: Harris FOR Plumlee,"",,,203486,"","","","","","","","",TRUE,"","","","","","","","","","","","","","","","","","","","","","","",""
405,584,6,4,4,07:01:00,2459,"",,176,Grant OFF.Foul (P4) (T.Washington),"",,,203924,"","","","","","",TRUE,"","","","","","","","","","","","","","","","","","","","","","","","","",""
406,586,5,37,4,07:01:00,2459,TRUE,turnover,176,Grant Offensive Foul Turnover (P4.T15),"",,,203924,"","","","","",TRUE,"","","","","","","","","","","","","","","","","","","","","","","","","","",""
407,587,18,0,4,07:01:00,2459,"",,177,"","",105 - 112,7,584,"","","","","","","","","","","","","","","","","","","","","","","","","","","","","","","","",""
408,588,1,98,4,06:39:00,2481,TRUE,made.shot,177,"",McCaw 2' Cutting Layup Shot (5 PTS) (Lowry 6 AST),107 - 112,5,1627775,"",TRUE,"","","","","","","","","","","","","","","","","","","","","","","","","","","","",TRUE,"",""
409,590,1,58,4,06:15:00,2505,TRUE,made.shot,178,Jokic 8' Turnaround Hook Shot (21 PTS),"",107 - 114,7,203999,"",TRUE,"","","","","","","","","","","","","","","","","","","","","","","","","","","","",TRUE,"",""
410,591,2,1,4,06:02:00,2518,"",,179,"",MISS Lowry 26' 3PT Jump Shot,,,200768,"","",TRUE,"","","","","","","","","","","",TRUE,"","","","","","","","","","","","","","","","",TRUE,""
411,592,4,0,4,05:59:00,2521,TRUE,missed.shot,179,Jokic REBOUND (Off:4 Def:12),"",,,203999,"","","","",TRUE,"","","","","","","","","","","","","","","",TRUE,"","","","","","","","","","","",""
412,593,1,41,4,05:56:00,2524,TRUE,made.shot,180,Harris 1' Running Layup (10 PTS) (Jokic 9 AST),"",107 - 116,9,203914,"",TRUE,"","","","","","","","","","","","","","","","","","","","","","","","","","","","",TRUE,"",""
413,595,6,2,4,05:42:00,2538,"",,181,Morris S.FOUL (P1.T3) (R.Acosta),"",,,1628420,"","","","","","",TRUE,"","","","","","","","",TRUE,"","","","","","","","","","","","","","","","",""
414,597,3,11,4,05:42:00,2538,"",,181,"",Powell Free Throw 1 of 2 (18 PTS),108 - 116,8,1626181,"","","",TRUE,"","","","","","","","","","","","","","","","","","","","","","","","","","","","",""
415,598,3,12,4,05:42:00,2538,TRUE,last.ft.made,181,"",Powell Free Throw 2 of 2 (19 PTS),109 - 116,7,1626181,"","","",TRUE,"","","","","","","","","","","","","","","","","","","",TRUE,"","",TRUE,TRUE,TRUE,"","","",""
416,599,1,75,4,05:29:00,2551,TRUE,made.shot,182,Morris 1' Driving Finger Roll Layup (10 PTS),"",109 - 118,9,1628420,"",TRUE,"","","","","","","","","","","","","","","","","","","","","","","","","","","","",TRUE,"",""
417,600,1,101,4,05:11:00,2569,TRUE,made.shot,183,"",Powell 3' Driving Floating Jump Shot (21 PTS) (Lowry 7 AST),111 - 118,7,1626181,"",TRUE,"","","","","","","","","","","","","","","","","","","","","","","","","","","","",TRUE,"",""
418,602,2,101,4,04:56:00,2584,"",,184,MISS Jokic 4' Driving Floating Jump Shot,"",,,203999,"","",TRUE,"","","","","","","","","","","",TRUE,"","","","","","","","","","","","","","","","","",""
419,603,4,0,4,04:54:00,2586,TRUE,missed.shot,184,"",McCaw REBOUND (Off:0 Def:2),,,1627775,"","","","",TRUE,"","","","","","","","","","","","","","","",TRUE,"","","","","","","","","","","",""
420,604,2,79,4,04:48:00,2592,"",,185,"",MISS Anunoby 25' 3PT Pullup Jump Shot,,,1628384,"","",TRUE,"","","","","","","","","","","",TRUE,"","","","","","","","","","","","","","","","",TRUE,""
421,605,4,0,4,04:44:00,2596,TRUE,missed.shot,185,Grant REBOUND (Off:0 Def:3),"",,,203924,"","","","",TRUE,"","","","","","","","","","","","","","","",TRUE,"","","","","","","","","","","",""
422,606,2,1,4,04:37:00,2603,"",,186,MISS Murray 26' 3PT Jump Shot,"",,,1627750,"","",TRUE,"","","","","","","","","","","",TRUE,"","","","","","","","","","","","","","","","",TRUE,""
423,607,4,0,4,04:33:00,2607,TRUE,missed.shot,186,"",Anunoby REBOUND (Off:2 Def:5),,,1628384,"","","","",TRUE,"","","","","","","","","","","","","","","",TRUE,"","","","","","","","","","","",""
424,608,1,5,4,04:28:00,2612,TRUE,made.shot,187,"",Siakam 2' Layup (16 PTS) (Lowry 8 AST),113 - 118,5,1627783,"",TRUE,"","","","","","","","","","","","","","","","","","","","","","","","","","","","",TRUE,"",""
425,610,6,1,4,04:11:00,2629,"",,188,"",Anunoby P.FOUL (P4.PN) (T.Maddox),,,1628384,"","","","","","",TRUE,"","","","","","","","","","","","","","","","","","","","","","","","","",""
426,612,3,11,4,04:11:00,2629,"",,188,Jokic Free Throw 1 of 2 (22 PTS),"",113 - 119,6,203999,"","","",TRUE,"","","","","","","","","","","","","","","","","","","","","","","","","","","","",""
427,613,3,12,4,04:11:00,2629,TRUE,last.ft.made,188,Jokic Free Throw 2 of 2 (23 PTS),"",113 - 120,7,203999,"","","",TRUE,"","","","","","","","","","","","","","","","","","","",TRUE,"","",TRUE,TRUE,TRUE,"","","",""
428,614,2,57,4,03:59:00,2641,"",,189,"",MISS Siakam 1' Driving Hook Shot,,,1627783,"","",TRUE,"","","","","","","","","","","",TRUE,"","","","","","","","","","","","","","","","","",""
429,615,4,0,4,03:57:00,2643,TRUE,missed.shot,189,Jokic REBOUND (Off:4 Def:13),"",,,203999,"","","","",TRUE,"","","","","","","","","","","","","","","",TRUE,"","","","","","","","","","","",""
430,616,6,2,4,03:42:00,2658,"",,190,"",Anunoby S.FOUL (P5.PN) (T.Washington),,,1628384,"","","","","","",TRUE,"","","","","","","","",TRUE,"","","","","","","","","","","","","","","","",""
431,618,3,11,4,03:42:00,2658,"",,190,Grant Free Throw 1 of 2 (11 PTS),"",113 - 121,8,203924,"","","",TRUE,"","","","","","","","","","","","","","","","","","","","","","","","","","","","",""
432,619,3,12,4,03:42:00,2658,TRUE,last.ft.made,190,Grant Free Throw 2 of 2 (12 PTS),"",113 - 122,9,203924,"","","",TRUE,"","","","","","","","","","","","","","","","","","","",TRUE,"","",TRUE,TRUE,TRUE,"","","",""
433,620,1,75,4,03:30:00,2670,TRUE,made.shot,191,"",McCaw 2' Driving Finger Roll Layup (7 PTS),115 - 122,7,1627775,"",TRUE,"","","","","","","","","","","","","","","","","","","","","","","","","","","","",TRUE,"",""
434,621,6,1,4,03:14:00,2686,"",,192,"",Siakam P.FOUL (P5.PN) (T.Maddox),,,1627783,"","","","","","",TRUE,"","","","","","","","","","","","","","","","","","","","","","","","","",""
435,623,3,11,4,03:14:00,2686,"",,192,Morris Free Throw 1 of 2 (11 PTS),"",115 - 123,8,1628420,"","","",TRUE,"","","","","","","","","","","","","","","","","","","","","","","","","","","","",""
436,624,3,12,4,03:14:00,2686,TRUE,last.ft.made,192,Morris Free Throw 2 of 2 (12 PTS),"",115 - 124,9,1628420,"","","",TRUE,"","","","","","","","","","","","","","","","","","","",TRUE,"","",TRUE,TRUE,TRUE,"","","",""
437,625,5,1,4,03:00:00,2700,TRUE,turnover,193,Jokic STEAL (1 STL),Lowry Bad Pass Turnover (P4.T12),,,200768,"","","","","",TRUE,"","","","","","","","","","","","","","","","","","","","","","","","","","",""
438,627,1,1,4,02:51:00,2709,TRUE,made.shot,194,Grant 14' Jump Shot (14 PTS),"",115 - 126,11,203924,"",TRUE,"","","","","","","","","","","","","","","","","","","","","","","","","","","","",TRUE,"",""
439,630,2,75,4,02:32:00,2728,"",,195,"",MISS Siakam 3' Driving Finger Roll Layup,,,1627783,"","",TRUE,"","","","","","","","","","","",TRUE,"","","","","","","","","","","","","","","","","",""
440,632,4,0,4,02:28:00,2732,"",,195,"",Siakam REBOUND (Off:1 Def:6),,,1627783,"","","","",TRUE,"","","","","","","","","","","","","","","","","","","","","","","","","","","",""
441,633,2,72,4,02:28:00,2732,"",,195,"",MISS Siakam 1' Putback Layup,,,1627783,"","",TRUE,"","","","","","","","","","","",TRUE,"","","","","","","","","","","","","","","","","",""
442,634,4,0,4,02:27:00,2733,TRUE,missed.shot,195,Harris REBOUND (Off:0 Def:4),"",,,203914,"","","","",TRUE,"","","","","","","","","","","","","","","",TRUE,"","","","","","","","","","","",""
443,635,1,108,4,02:12:00,2748,TRUE,made.shot,196,Grant  Cutting Dunk Shot (16 PTS) (Jokic 10 AST),"",115 - 128,13,203924,"",TRUE,"","","","","","","","","","","","","","","","","","","","","","","","","","","","",TRUE,"",""
444,637,9,1,4,02:11:00,2749,"",,197,"",Raptors Timeout: Regular (Reg.6 Short 0),,,1610612761,"","","","","","","","","",TRUE,"","","","","","","","","","","","","","","","","","","","","","",""
445,638,1,75,4,02:04:00,2756,TRUE,made.shot,197,"",Powell 1' Driving Finger Roll Layup (23 PTS) (Siakam 5 AST),117 - 128,11,1626181,"",TRUE,"","","","","","","","","","","","","","","","","","","","","","","","","","","","",TRUE,"",""
446,640,5,1,4,01:44:00,2776,TRUE,turnover,198,Jokic Bad Pass Turnover (P2.T16),Siakam STEAL (2 STL),,,203999,"","","","","",TRUE,"","","","","","","","","","","","","","","","","","","","","","","","","","",""
447,642,6,2,4,01:38:00,2782,"",,199,Jokic S.FOUL (P2.T4) (T.Maddox),"",,,203999,"","","","","","",TRUE,"","","","","","","","",TRUE,"","","","","","","","","","","","","","","","",""
448,644,3,11,4,01:38:00,2782,"",,199,"",MISS Powell Free Throw 1 of 2,,,1626181,"","","",TRUE,"","","","","","","","","","",TRUE,"","","","","","",TRUE,"","","","","","","","","","",""
449,645,4,1,4,01:38:00,2782,"",,199,"",Raptors Rebound,,,1610612761,"","","","",TRUE,"","","","","","","","","","","","","","",TRUE,"","","","","","","","","","","","",""
450,646,3,12,4,01:38:00,2782,TRUE,last.ft.made,199,"",Powell Free Throw 2 of 2 (24 PTS),118 - 128,10,1626181,"","","",TRUE,"","","","","","","","","","","","","","","","","","","",TRUE,"","",TRUE,TRUE,TRUE,"","","",""
451,647,1,1,4,01:29:00,2791,TRUE,made.shot,200,Harris  3PT Jump Shot (13 PTS) (Grant 6 AST),"",118 - 131,13,203914,"",TRUE,"","","","","","","","","","","","","","","","","","","","","","","","","","","","",TRUE,TRUE,""
452,649,2,1,4,01:22:00,2798,"",,201,"",MISS Lowry 25' 3PT Jump Shot,,,200768,"","",TRUE,"","","","","","","","","","","",TRUE,"","","","","","","","","","","","","","","","",TRUE,""
453,650,4,0,4,01:19:00,2801,TRUE,missed.shot,201,Jokic REBOUND (Off:4 Def:14),"",,,203999,"","","","",TRUE,"","","","","","","","","","","","","","","",TRUE,"","","","","","","","","","","",""
454,651,1,44,4,01:01:00,2819,TRUE,made.shot,202,Harris 1' Reverse Layup (15 PTS) (Jokic 11 AST),"",118 - 133,15,203914,"",TRUE,"","","","","","","","","","","","","","","","","","","","","","","","","","","","",TRUE,"",""
455,653,9,1,4,01:01:00,2819,"",,203,"",Raptors Timeout: Regular (Reg.7 Short 0),,,1610612761,"","","","","","","","","",TRUE,"","","","","","","","","","","","","","","","","","","","","","",""
456,654,8,0,4,01:01:00,2819,"",,203,SUB: Plumlee FOR Murray,"",,,1627750,"","","","","","","","",TRUE,"","","","","","","","","","","","","","","","","","","","","","","",""
457,655,8,0,4,01:01:00,2819,"",,203,SUB: Dozier FOR Jokic,"",,,203999,"","","","","","","","",TRUE,"","","","","","","","","","","","","","","","","","","","","","","",""
458,656,8,0,4,01:01:00,2819,"",,203,"",SUB: Thomas FOR Anunoby,,,1628384,"","","","","","","","",TRUE,"","","","","","","","","","","","","","","","","","","","","","","",""
459,657,8,0,4,01:01:00,2819,"",,203,"",SUB: Davis FOR Lowry,,,200768,"","","","","","","","",TRUE,"","","","","","","","","","","","","","","","","","","","","","","",""
460,658,8,0,4,01:01:00,2819,"",,203,"",SUB: Miller FOR McCaw,,,1627775,"","","","","","","","",TRUE,"","","","","","","","","","","","","","","","","","","","","","","",""
461,659,8,0,4,01:01:00,2819,"",,203,"",SUB: Boucher FOR Powell,,,1626181,"","","","","","","","",TRUE,"","","","","","","","","","","","","","","","","","","","","","","",""
462,660,8,0,4,01:01:00,2819,"",,203,"",SUB: Johnson FOR Siakam,,,1627783,"","","","","","","","",TRUE,"","","","","","","","","","","","","","","","","","","","","","","",""
463,668,8,0,4,01:01:00,2819,"",,203,SUB: Cancar FOR Grant,"",,,203924,"","","","","","","","",TRUE,"","","","","","","","","","","","","","","","","","","","","","","",""
464,670,2,1,4,00:40:00,2840,"",,203,"",MISS Miller  3PT Jump Shot,,,1626259,"","",TRUE,"","","","","","","","","","","",TRUE,"","","","","","","","","","","","","","","","",TRUE,""
465,671,4,0,4,00:40:00,2840,"",,203,"",Raptors Rebound,,,1610612761,"","","","",TRUE,"","","","","","","","","","","","","","",TRUE,"","","","","","","","","","","","",""
466,673,8,0,4,00:40:00,2840,"",,203,SUB: Porter Jr. FOR Harris,"",,,203914,"","","","","","","","",TRUE,"","","","","","","","","","","","","","","","","","","","","","","",""
467,675,2,79,4,00:36:00,2844,"",,203,"",MISS Johnson 19' Pullup Jump Shot,,,1626169,"","",TRUE,"","","","","","","","","","","",TRUE,"","","","","","","","","","","","","","","","","",""
468,676,4,0,4,00:32:00,2848,TRUE,missed.shot,203,Porter Jr. REBOUND (Off:3 Def:2),"",,,1629008,"","","","",TRUE,"","","","","","","","","","","","","","","",TRUE,"","","","","","","","","","","",""
469,677,2,80,4,00:13:00,2867,"",,204,MISS Dozier 25' 3PT Step Back Jump Shot,"",,,1628408,"","",TRUE,"","","","","","","","","","","",TRUE,"","","","","","","","","","","","","","","","",TRUE,""
470,678,4,0,4,00:09:00,2871,TRUE,missed.shot,204,"",Thomas REBOUND (Off:0 Def:1),,,1629744,"","","","",TRUE,"","","","","","","","","","","","","","","",TRUE,"","","","","","","","","","","",""
471,679,2,103,4,00:04:00,2876,"",,205,"",MISS Thomas 25' 3PT Running Pull-Up Jump Shot,,,1629744,"","",TRUE,"","","","","","","","","","","",TRUE,"","","","","","","","","","","","","","","","",TRUE,""
472,680,4,0,4,00:00:00,2880,TRUE,missed.shot,205,Porter Jr. REBOUND (Off:3 Def:3),"",,,1629008,"","","","",TRUE,"","","","","","","","","","","","","","","",TRUE,"","","","","","","","","","","",""
473,681,13,0,4,00:00:00,2880,TRUE,end.of.period,206,"","",118 - 133,15,0,"","","","","","","","","","","","","",TRUE,"","","","","","","","","","","","","","","","","","",""
