GAME_ID,EVENTNUM,EVENTMSGTYPE,EVENTMSGACTIONTYPE,PERIOD,WCTIMESTRING,PCTIMESTRING,HOMEDESCRIPTION,NEUTRALDESCRIPTION,VISITORDESCRIPTION,SCORE,SCOREMARGIN,PERSON1TYPE,PLAYER1_ID,PLAYER1_NAME,PLAYER1_TEAM_ID,PLAYER1_TEAM_CITY,PLAYER1_TEAM_NICKNAME,PLAYER1_TEAM_ABBREVIATION,PERSON2TYPE,PLAYER2_ID,PLAYER2_NAME,PLAYER2_TEAM_ID,PLAYER2_TEAM_CITY,PLAYER2_TEAM_NICKNAME,PLAYER2_TEAM_ABBREVIATION,PERSON3TYPE,PLAYER3_ID,PLAYER3_NAME,PLAYER3_TEAM_ID,PLAYER3_TEAM_CITY,PLAYER3_TEAM_NICKNAME,PLAYER3_TEAM_ABBREVIATION,VIDEO_AVAILABLE_FLAG
0020800593,0,12,0,1,7:42 PM,12:00,,,,,,0,0,,,,,,0,0,,,,,,0,0,,,,,,0
0020800593,1,10,0,1,7:42 PM,12:00,Jump Ball Jeffries vs. Dalembert: Tip to Young,,,,,4,2407,Jared Jeffries,1610612752.0,New York,Knicks,NYK,5,2223,Samuel Dalembert,1610612755.0,Philadelphia,76ers,PHI,5,201152,Thaddeus Young,1610612755.0,Philadelphia,76ers,PHI,0
0020800593,2,1,5,1,7:43 PM,11:45,,,Dalembert  Layup (2 PTS) (Iguodala 1 AST),2 - 0,-2,5,2223,Samuel Dalembert,1610612755.0,Philadelphia,76ers,PHI,5,2738,Andre Iguodala,1610612755.0,Philadelphia,76ers,PHI,0,0,,,,,,0
0020800593,3,1,47,1,7:43 PM,11:33,Chandler 15' Turnaround Jump Shot (2 PTS),,,2 - 2,TIE,4,201163,Wilson Chandler,1610612752.0,New York,Knicks,NYK,0,0,,,,,,0,0,,,,,,0
0020800593,4,5,2,1,7:44 PM,11:24,Jeffries STEAL (1 STL),,Miller Lost Ball Turnover (P1.T1),,,5,1889,Andre Miller,1610612755.0,Philadelphia,76ers,PHI,4,2407,Jared Jeffries,1610612752.0,New York,Knicks,NYK,0,0,,,,,,0
0020800593,5,2,7,1,7:44 PM,11:16,MISS Lee  Dunk,,,,,4,101135,David Lee,1610612752.0,New York,Knicks,NYK,0,0,,,,,,0,0,,,,,,0
0020800593,6,4,0,1,7:44 PM,11:14,Jeffries REBOUND (Off:1 Def:0),,,,,4,2407,Jared Jeffries,1610612752.0,New York,Knicks,NYK,0,0,,,,,,0,0,,,,,,0
0020800593,7,1,42,1,7:44 PM,11:08,Lee  Driving Layup (2 PTS),,,2 - 4,2,4,101135,David Lee,1610612752.0,New York,Knicks,NYK,0,0,,,,,,0,0,,,,,,0
0020800593,8,5,40,1,7:44 PM,10:44,,,Young Out of Bounds Lost Ball Turnover (P1.T2),,,5,201152,Thaddeus Young,1610612755.0,Philadelphia,76ers,PHI,0,0,,,,,,1,0,,,,,,0
0020800593,9,1,1,1,7:45 PM,10:32,Richardson 20' Jump Shot (2 PTS),,,2 - 6,4,4,2047,Quentin Richardson,1610612752.0,New York,Knicks,NYK,0,0,,,,,,0,0,,,,,,0
0020800593,10,2,1,1,7:45 PM,10:07,,,MISS Iguodala 26' 3PT Jump Shot,,,5,2738,Andre Iguodala,1610612755.0,Philadelphia,76ers,PHI,0,0,,,,,,0,0,,,,,,0
0020800593,11,4,0,1,7:45 PM,10:06,Duhon REBOUND (Off:0 Def:1),,,,,4,2768,Chris Duhon,1610612752.0,New York,Knicks,NYK,0,0,,,,,,0,0,,,,,,0
0020800593,12,1,1,1,7:45 PM,9:58,Richardson 27' 3PT Jump Shot (5 PTS) (Duhon 1 AST),,,2 - 9,7,4,2047,Quentin Richardson,1610612752.0,New York,Knicks,NYK,4,2768,Chris Duhon,1610612752.0,New York,Knicks,NYK,0,0,,,,,,0
0020800593,13,6,2,1,7:46 PM,9:35,Chandler S.FOUL (P1.T1),,,,,4,201163,Wilson Chandler,1610612752.0,New York,Knicks,NYK,5,1889,Andre Miller,1610612755.0,Philadelphia,76ers,PHI,1,0,,,,,,0
0020800593,14,3,11,1,7:46 PM,9:35,,,Miller Free Throw 1 of 2 (1 PTS),3 - 9,6,5,1889,Andre Miller,1610612755.0,Philadelphia,76ers,PHI,0,0,,,,,,0,0,,,,,,0
0020800593,16,3,12,1,7:46 PM,9:35,,,Miller Free Throw 2 of 2 (2 PTS),4 - 9,5,5,1889,Andre Miller,1610612755.0,Philadelphia,76ers,PHI,0,0,,,,,,0,0,,,,,,0
0020800593,18,5,2,1,7:47 PM,9:28,Duhon Lost Ball Turnover (P1.T1),,Young STEAL (1 STL),,,4,2768,Chris Duhon,1610612752.0,New York,Knicks,NYK,5,201152,Thaddeus Young,1610612755.0,Philadelphia,76ers,PHI,0,0,,,,,,0
0020800593,19,1,1,1,7:47 PM,9:19,,,Miller 17' Jump Shot (4 PTS),6 - 9,3,5,1889,Andre Miller,1610612755.0,Philadelphia,76ers,PHI,0,0,,,,,,0,0,,,,,,0
0020800593,20,5,1,1,7:47 PM,9:02,Chandler Bad Pass Turnover (P1.T2),,Iguodala STEAL (1 STL),,,4,201163,Wilson Chandler,1610612752.0,New York,Knicks,NYK,5,2738,Andre Iguodala,1610612755.0,Philadelphia,76ers,PHI,0,0,,,,,,0
0020800593,21,2,46,1,7:48 PM,8:45,,,MISS Young 9' Running Jump Shot,,,5,201152,Thaddeus Young,1610612755.0,Philadelphia,76ers,PHI,0,0,,,,,,0,0,,,,,,0
0020800593,22,4,0,1,7:48 PM,8:44,,,Green REBOUND (Off:1 Def:0),,,5,2584,Willie Green,1610612755.0,Philadelphia,76ers,PHI,0,0,,,,,,0,0,,,,,,0
0020800593,23,1,1,1,7:48 PM,8:36,,,Green 17' Jump Shot (2 PTS) (Miller 1 AST),8 - 9,1,5,2584,Willie Green,1610612755.0,Philadelphia,76ers,PHI,5,1889,Andre Miller,1610612755.0,Philadelphia,76ers,PHI,0,0,,,,,,0
0020800593,24,1,88,1,7:48 PM,8:20,Lee  Driving Slam Dunk (4 PTS) (Duhon 2 AST),,,8 - 11,3,4,101135,David Lee,1610612752.0,New York,Knicks,NYK,4,2768,Chris Duhon,1610612752.0,New York,Knicks,NYK,0,0,,,,,,0
0020800593,25,2,1,1,7:49 PM,7:53,,,MISS Young 20' Jump Shot,,,5,201152,Thaddeus Young,1610612755.0,Philadelphia,76ers,PHI,0,0,,,,,,0,0,,,,,,0
0020800593,26,4,0,1,7:49 PM,7:52,Duhon REBOUND (Off:0 Def:2),,,,,4,2768,Chris Duhon,1610612752.0,New York,Knicks,NYK,0,0,,,,,,0,0,,,,,,0
0020800593,27,5,2,1,7:49 PM,7:42,Jeffries Lost Ball Turnover (P1.T3),,Young STEAL (2 STL),,,4,2407,Jared Jeffries,1610612752.0,New York,Knicks,NYK,5,201152,Thaddeus Young,1610612755.0,Philadelphia,76ers,PHI,0,0,,,,,,0
0020800593,28,2,1,1,7:49 PM,7:37,,,MISS Green 8' Jump Shot,,,5,2584,Willie Green,1610612755.0,Philadelphia,76ers,PHI,0,0,,,,,,0,0,,,,,,0
0020800593,30,4,0,1,7:49 PM,7:36,,,Dalembert REBOUND (Off:1 Def:0),,,5,2223,Samuel Dalembert,1610612755.0,Philadelphia,76ers,PHI,0,0,,,,,,0,0,,,,,,0
0020800593,29,1,4,1,7:49 PM,7:36,,,Dalembert  Tip Shot (4 PTS),10 - 11,1,5,2223,Samuel Dalembert,1610612755.0,Philadelphia,76ers,PHI,0,0,,,,,,0,0,,,,,,0
0020800593,31,1,1,1,7:49 PM,7:21,Lee 18' Jump Shot (6 PTS),,,10 - 13,3,4,101135,David Lee,1610612752.0,New York,Knicks,NYK,0,0,,,,,,0,0,,,,,,0
0020800593,32,1,42,1,7:49 PM,7:05,,,Miller  Driving Layup (6 PTS),12 - 13,1,5,1889,Andre Miller,1610612755.0,Philadelphia,76ers,PHI,0,0,,,,,,0,0,,,,,,0
0020800593,33,1,1,1,7:50 PM,6:52,Chandler 20' Jump Shot (4 PTS) (Duhon 3 AST),,,12 - 15,3,4,201163,Wilson Chandler,1610612752.0,New York,Knicks,NYK,4,2768,Chris Duhon,1610612752.0,New York,Knicks,NYK,0,0,,,,,,0
0020800593,34,5,2,1,7:50 PM,6:37,Chandler STEAL (1 STL),,Young Lost Ball Turnover (P2.T3),,,5,201152,Thaddeus Young,1610612755.0,Philadelphia,76ers,PHI,4,201163,Wilson Chandler,1610612752.0,New York,Knicks,NYK,0,0,,,,,,0
0020800593,35,6,1,1,7:50 PM,6:31,,,Green P.FOUL (P1.T1),,,5,2584,Willie Green,1610612755.0,Philadelphia,76ers,PHI,4,2768,Chris Duhon,1610612752.0,New York,Knicks,NYK,1,0,,,,,,0
0020800593,36,2,1,1,7:50 PM,6:20,MISS Richardson 9' Jump Shot,,,,,4,2047,Quentin Richardson,1610612752.0,New York,Knicks,NYK,0,0,,,,,,0,0,,,,,,0
0020800593,38,4,0,1,7:50 PM,6:19,Lee REBOUND (Off:1 Def:0),,,,,4,101135,David Lee,1610612752.0,New York,Knicks,NYK,0,0,,,,,,0,0,,,,,,0
0020800593,37,1,87,1,7:50 PM,6:19,Lee  Putback Dunk (8 PTS),,,12 - 17,5,4,101135,David Lee,1610612752.0,New York,Knicks,NYK,0,0,,,,,,0,0,,,,,,0
0020800593,39,6,1,1,7:51 PM,6:05,Jeffries P.FOUL (P1.T2),,,,,4,2407,Jared Jeffries,1610612752.0,New York,Knicks,NYK,5,1889,Andre Miller,1610612755.0,Philadelphia,76ers,PHI,1,0,,,,,,0
0020800593,40,2,5,1,7:51 PM,5:54,,,MISS Miller  Layup,,,5,1889,Andre Miller,1610612755.0,Philadelphia,76ers,PHI,0,0,,,,,,0,0,,,,,,0
0020800593,41,4,0,1,7:51 PM,5:53,Richardson REBOUND (Off:0 Def:1),,,,,4,2047,Quentin Richardson,1610612752.0,New York,Knicks,NYK,0,0,,,,,,0,0,,,,,,0
0020800593,42,1,1,1,7:51 PM,5:38,Chandler 20' Jump Shot (6 PTS) (Duhon 4 AST),,,12 - 19,7,4,201163,Wilson Chandler,1610612752.0,New York,Knicks,NYK,4,2768,Chris Duhon,1610612752.0,New York,Knicks,NYK,0,0,,,,,,0
0020800593,43,9,1,1,7:51 PM,5:30,,,76ers Timeout: Regular (Reg.1 Short 0),,,3,1610612755,,,,,,0,0,,,,,,0,0,,,,,,0
0020800593,46,8,0,1,7:54 PM,5:30,SUB: Harrington FOR Richardson,,,,,4,2047,Quentin Richardson,1610612752.0,New York,Knicks,NYK,4,1733,Al Harrington,1610612752.0,New York,Knicks,NYK,0,0,,,,,,0
0020800593,47,1,63,1,7:55 PM,5:22,,,Iguodala 5' Fadeaway Jumper (2 PTS),14 - 19,5,5,2738,Andre Iguodala,1610612755.0,Philadelphia,76ers,PHI,0,0,,,,,,0,0,,,,,,0
0020800593,48,5,1,1,7:55 PM,5:13,Lee Bad Pass Turnover (P1.T4),,Miller STEAL (1 STL),,,4,101135,David Lee,1610612752.0,New York,Knicks,NYK,5,1889,Andre Miller,1610612755.0,Philadelphia,76ers,PHI,0,0,,,,,,0
0020800593,49,1,1,1,7:55 PM,5:04,,,Iguodala 25' 3PT Jump Shot (5 PTS) (Green 1 AST),17 - 19,2,5,2738,Andre Iguodala,1610612755.0,Philadelphia,76ers,PHI,5,2584,Willie Green,1610612755.0,Philadelphia,76ers,PHI,0,0,,,,,,0
0020800593,50,2,1,1,7:55 PM,4:48,MISS Lee 16' Jump Shot,,,,,4,101135,David Lee,1610612752.0,New York,Knicks,NYK,0,0,,,,,,0,0,,,,,,0
0020800593,51,4,0,1,7:55 PM,4:47,,,Dalembert REBOUND (Off:1 Def:1),,,5,2223,Samuel Dalembert,1610612755.0,Philadelphia,76ers,PHI,0,0,,,,,,0,0,,,,,,0
0020800593,52,6,2,1,7:55 PM,4:37,Duhon S.FOUL (P1.T3),,,,,4,2768,Chris Duhon,1610612752.0,New York,Knicks,NYK,5,2584,Willie Green,1610612755.0,Philadelphia,76ers,PHI,1,0,,,,,,0
0020800593,53,3,11,1,7:56 PM,4:37,,,MISS Green Free Throw 1 of 2,,,5,2584,Willie Green,1610612755.0,Philadelphia,76ers,PHI,0,0,,,,,,0,0,,,,,,0
0020800593,54,4,1,1,7:56 PM,4:37,,,76ers Rebound,,,3,1610612755,,,,,,0,0,,,,,,0,0,,,,,,0
0020800593,55,3,12,1,7:56 PM,4:37,,,Green Free Throw 2 of 2 (3 PTS),18 - 19,1,5,2584,Willie Green,1610612755.0,Philadelphia,76ers,PHI,0,0,,,,,,0,0,,,,,,0
0020800593,57,2,5,1,7:56 PM,4:23,MISS Chandler 2' Layup,,,,,4,201163,Wilson Chandler,1610612752.0,New York,Knicks,NYK,0,0,,,,,,0,0,,,,,,0
0020800593,58,4,0,1,7:56 PM,4:22,,,Young REBOUND (Off:0 Def:1),,,5,201152,Thaddeus Young,1610612755.0,Philadelphia,76ers,PHI,0,0,,,,,,0,0,,,,,,0
0020800593,59,1,52,1,7:56 PM,4:17,,,Iguodala  Alley Oop Dunk (7 PTS) (Miller 2 AST),20 - 19,-1,5,2738,Andre Iguodala,1610612755.0,Philadelphia,76ers,PHI,5,1889,Andre Miller,1610612755.0,Philadelphia,76ers,PHI,0,0,,,,,,0
0020800593,60,2,1,1,7:57 PM,3:57,MISS Harrington 27' 3PT Jump Shot,,,,,4,1733,Al Harrington,1610612752.0,New York,Knicks,NYK,0,0,,,,,,0,0,,,,,,0
0020800593,61,4,0,1,7:57 PM,3:56,,,Young REBOUND (Off:0 Def:2),,,5,201152,Thaddeus Young,1610612755.0,Philadelphia,76ers,PHI,0,0,,,,,,0,0,,,,,,0
0020800593,62,2,1,1,7:57 PM,3:32,,,MISS Miller 14' Jump Shot,,,5,1889,Andre Miller,1610612755.0,Philadelphia,76ers,PHI,0,0,,,,,,0,0,,,,,,0
0020800593,63,4,0,1,7:57 PM,3:31,Duhon REBOUND (Off:0 Def:3),,,,,4,2768,Chris Duhon,1610612752.0,New York,Knicks,NYK,0,0,,,,,,0,0,,,,,,0
0020800593,64,2,1,1,7:57 PM,3:24,MISS Harrington 18' Jump Shot,,,,,4,1733,Al Harrington,1610612752.0,New York,Knicks,NYK,0,0,,,,,,0,0,,,,,,0
0020800593,65,4,0,1,7:57 PM,3:23,,,Young REBOUND (Off:0 Def:3),,,5,201152,Thaddeus Young,1610612755.0,Philadelphia,76ers,PHI,0,0,,,,,,0,0,,,,,,0
0020800593,66,2,5,1,7:58 PM,3:08,,,MISS Green  Layup,,,5,2584,Willie Green,1610612755.0,Philadelphia,76ers,PHI,0,0,,,,,,0,0,,,,,,0
0020800593,67,4,0,1,7:58 PM,3:07,,,Dalembert REBOUND (Off:2 Def:1),,,5,2223,Samuel Dalembert,1610612755.0,Philadelphia,76ers,PHI,0,0,,,,,,0,0,,,,,,0
0020800593,68,2,1,1,7:58 PM,3:04,,,MISS Dalembert 17' Jump Shot,,,5,2223,Samuel Dalembert,1610612755.0,Philadelphia,76ers,PHI,0,0,,,,,,0,0,,,,,,0
0020800593,69,4,0,1,7:58 PM,3:03,,,Young REBOUND (Off:1 Def:3),,,5,201152,Thaddeus Young,1610612755.0,Philadelphia,76ers,PHI,0,0,,,,,,0,0,,,,,,0
0020800593,70,6,2,1,7:58 PM,2:50,Jeffries S.FOUL (P2.T4),,,,,4,2407,Jared Jeffries,1610612752.0,New York,Knicks,NYK,5,2738,Andre Iguodala,1610612755.0,Philadelphia,76ers,PHI,1,0,,,,,,0
0020800593,71,9,1,1,7:58 PM,2:50,KNICKS Timeout: Regular (Full 1 Short 0),,,,,2,1610612752,,,,,,0,0,,,,,,0,0,,,,,,0
0020800593,73,8,0,1,8:00 PM,2:50,SUB: Robinson FOR Jeffries,,,,,4,2407,Jared Jeffries,1610612752.0,New York,Knicks,NYK,4,101126,Nate Robinson,1610612752.0,New York,Knicks,NYK,0,0,,,,,,0
0020800593,75,8,0,1,8:00 PM,2:50,,,SUB: Williams FOR Green,,,5,2584,Willie Green,1610612755.0,Philadelphia,76ers,PHI,5,101150,Lou Williams,1610612755.0,Philadelphia,76ers,PHI,0,0,,,,,,0
0020800593,74,8,0,1,8:00 PM,2:50,,,SUB: Evans FOR Dalembert,,,5,2223,Samuel Dalembert,1610612755.0,Philadelphia,76ers,PHI,5,2501,Reggie Evans,1610612755.0,Philadelphia,76ers,PHI,0,0,,,,,,0
0020800593,76,3,11,1,8:01 PM,2:50,,,MISS Iguodala Free Throw 1 of 2,,,5,2738,Andre Iguodala,1610612755.0,Philadelphia,76ers,PHI,0,0,,,,,,0,0,,,,,,0
0020800593,77,4,1,1,8:01 PM,2:50,,,76ers Rebound,,,3,1610612755,,,,,,0,0,,,,,,0,0,,,,,,0
0020800593,78,3,12,1,8:01 PM,2:50,,,Iguodala Free Throw 2 of 2 (8 PTS),21 - 19,-2,5,2738,Andre Iguodala,1610612755.0,Philadelphia,76ers,PHI,0,0,,,,,,0,0,,,,,,0
0020800593,80,2,1,1,8:02 PM,2:34,MISS Chandler 16' Jump Shot,,,,,4,201163,Wilson Chandler,1610612752.0,New York,Knicks,NYK,0,0,,,,,,0,0,,,,,,0
0020800593,82,4,0,1,8:02 PM,2:31,Harrington REBOUND (Off:1 Def:0),,,,,4,1733,Al Harrington,1610612752.0,New York,Knicks,NYK,0,0,,,,,,0,0,,,,,,0
0020800593,81,1,72,1,8:02 PM,2:31,Harrington  Putback Layup (2 PTS),,,21 - 21,TIE,4,1733,Al Harrington,1610612752.0,New York,Knicks,NYK,0,0,,,,,,0,0,,,,,,0
0020800593,83,1,42,1,8:02 PM,2:17,,,Miller  Driving Layup (8 PTS),23 - 21,-2,5,1889,Andre Miller,1610612755.0,Philadelphia,76ers,PHI,0,0,,,,,,0,0,,,,,,0
0020800593,85,6,4,1,8:02 PM,2:05,Lee OFF.Foul (P1),,,,,4,101135,David Lee,1610612752.0,New York,Knicks,NYK,5,2501,Reggie Evans,1610612755.0,Philadelphia,76ers,PHI,1,0,,,,,,0
0020800593,86,5,5,1,8:02 PM,2:05,Lee Foul Turnover (P2.T5),,,,,4,101135,David Lee,1610612752.0,New York,Knicks,NYK,0,0,,,,,,1,0,,,,,,0
0020800593,87,2,1,1,8:03 PM,1:45,,,MISS Iguodala 13' Jump Shot,,,5,2738,Andre Iguodala,1610612755.0,Philadelphia,76ers,PHI,0,0,,,,,,0,0,,,,,,0
0020800593,88,4,0,1,8:03 PM,1:44,Duhon REBOUND (Off:0 Def:4),,,,,4,2768,Chris Duhon,1610612752.0,New York,Knicks,NYK,0,0,,,,,,0,0,,,,,,0
0020800593,89,2,1,1,8:03 PM,1:35,MISS Robinson 24' 3PT Jump Shot,,,,,4,101126,Nate Robinson,1610612752.0,New York,Knicks,NYK,0,0,,,,,,0,0,,,,,,0
0020800593,90,4,0,1,8:03 PM,1:34,,,76ers Rebound,,,3,1610612755,,,,,,0,0,,,,,,0,0,,,,,,0
0020800593,91,8,0,1,8:03 PM,1:34,SUB: Richardson FOR Chandler,,,,,4,201163,Wilson Chandler,1610612752.0,New York,Knicks,NYK,4,2047,Quentin Richardson,1610612752.0,New York,Knicks,NYK,0,0,,,,,,0
0020800593,92,8,0,1,8:03 PM,1:34,SUB: Jeffries FOR Lee,,,,,4,101135,David Lee,1610612752.0,New York,Knicks,NYK,4,2407,Jared Jeffries,1610612752.0,New York,Knicks,NYK,0,0,,,,,,0
0020800593,93,2,1,1,8:03 PM,1:22,,,MISS Young 16' Jump Shot,,,5,201152,Thaddeus Young,1610612755.0,Philadelphia,76ers,PHI,0,0,,,,,,0,0,,,,,,0
0020800593,94,4,0,1,8:03 PM,1:21,Richardson REBOUND (Off:0 Def:2),,,,,4,2047,Quentin Richardson,1610612752.0,New York,Knicks,NYK,0,0,,,,,,0,0,,,,,,0
0020800593,95,1,49,1,8:03 PM,1:17,Harrington  Driving Dunk (4 PTS) (Duhon 5 AST),,,23 - 23,TIE,4,1733,Al Harrington,1610612752.0,New York,Knicks,NYK,4,2768,Chris Duhon,1610612752.0,New York,Knicks,NYK,0,0,,,,,,0
0020800593,96,2,1,1,8:04 PM,0:48,,,MISS Young 19' Jump Shot,,,5,201152,Thaddeus Young,1610612755.0,Philadelphia,76ers,PHI,0,0,,,,,,0,0,,,,,,0
0020800593,97,4,0,1,8:04 PM,0:47,Richardson REBOUND (Off:0 Def:3),,,,,4,2047,Quentin Richardson,1610612752.0,New York,Knicks,NYK,0,0,,,,,,0,0,,,,,,0
0020800593,98,6,2,1,8:05 PM,0:36,,,Miller S.FOUL (P1.T2),,,5,1889,Andre Miller,1610612755.0,Philadelphia,76ers,PHI,4,2047,Quentin Richardson,1610612752.0,New York,Knicks,NYK,1,0,,,,,,0
0020800593,99,3,11,1,8:05 PM,0:36,Richardson Free Throw 1 of 2 (6 PTS),,,23 - 24,1,4,2047,Quentin Richardson,1610612752.0,New York,Knicks,NYK,0,0,,,,,,0,0,,,,,,0
0020800593,101,8,0,1,8:05 PM,0:36,,,SUB: Ivey FOR Miller,,,5,1889,Andre Miller,1610612755.0,Philadelphia,76ers,PHI,5,2767,Royal Ivey,1610612755.0,Philadelphia,76ers,PHI,0,0,,,,,,0
0020800593,102,3,12,1,8:05 PM,0:36,Richardson Free Throw 2 of 2 (7 PTS),,,23 - 25,2,4,2047,Quentin Richardson,1610612752.0,New York,Knicks,NYK,0,0,,,,,,0,0,,,,,,0
0020800593,104,1,1,1,8:05 PM,0:28,,,Williams 26' 3PT Jump Shot (3 PTS),26 - 25,-1,5,101150,Lou Williams,1610612755.0,Philadelphia,76ers,PHI,0,0,,,,,,0,0,,,,,,0
0020800593,105,2,5,1,8:06 PM,0:09,MISS Jeffries  Layup,,Young BLOCK (1 BLK),,,4,2407,Jared Jeffries,1610612752.0,New York,Knicks,NYK,0,0,,,,,,5,201152,Thaddeus Young,1610612755.0,Philadelphia,76ers,PHI,0
0020800593,106,4,0,1,8:06 PM,0:07,,,Iguodala REBOUND (Off:0 Def:1),,,5,2738,Andre Iguodala,1610612755.0,Philadelphia,76ers,PHI,0,0,,,,,,0,0,,,,,,0
0020800593,107,2,1,1,8:06 PM,0:00,,,MISS Williams 27' 3PT Jump Shot,,,5,101150,Lou Williams,1610612755.0,Philadelphia,76ers,PHI,0,0,,,,,,0,0,,,,,,0
0020800593,108,4,0,1,8:06 PM,0:00,Richardson REBOUND (Off:0 Def:4),,,,,4,2047,Quentin Richardson,1610612752.0,New York,Knicks,NYK,0,0,,,,,,0,0,,,,,,0
0020800593,109,13,0,1,8:06 PM,0:00,,,,26 - 25,-1,0,0,,,,,,0,0,,,,,,0,0,,,,,,0
0020800593,111,12,0,2,8:09 PM,12:00,,,,26 - 25,-1,0,0,,,,,,0,0,,,,,,0,0,,,,,,0
0020800593,112,5,4,2,8:10 PM,11:45,Gallinari Traveling Turnover (P1.T6),,,,,4,201568,Danilo Gallinari,1610612752.0,New York,Knicks,NYK,0,0,,,,,,1,0,,,,,,0
0020800593,113,6,4,2,8:10 PM,11:37,,,Evans OFF.Foul (P1),,,5,2501,Reggie Evans,1610612755.0,Philadelphia,76ers,PHI,4,2047,Quentin Richardson,1610612752.0,New York,Knicks,NYK,1,0,,,,,,0
0020800593,114,5,5,2,8:10 PM,11:37,,,Evans Foul Turnover (P1.T4),,,5,2501,Reggie Evans,1610612755.0,Philadelphia,76ers,PHI,0,0,,,,,,1,0,,,,,,0
0020800593,115,2,1,2,8:10 PM,11:23,MISS Richardson 19' Jump Shot,,,,,4,2047,Quentin Richardson,1610612752.0,New York,Knicks,NYK,0,0,,,,,,0,0,,,,,,0
0020800593,116,4,0,2,8:10 PM,11:21,Jeffries REBOUND (Off:2 Def:0),,,,,4,2407,Jared Jeffries,1610612752.0,New York,Knicks,NYK,0,0,,,,,,0,0,,,,,,0
0020800593,117,1,42,2,8:11 PM,11:18,Robinson  Driving Layup (2 PTS) (Jeffries 1 AST),,,26 - 27,1,4,101126,Nate Robinson,1610612752.0,New York,Knicks,NYK,4,2407,Jared Jeffries,1610612752.0,New York,Knicks,NYK,0,0,,,,,,0
0020800593,118,2,1,2,8:11 PM,10:58,,,MISS Speights 15' Jump Shot,,,5,201578,Marreese Speights,1610612755.0,Philadelphia,76ers,PHI,0,0,,,,,,0,0,,,,,,0
0020800593,119,4,0,2,8:11 PM,10:57,KNICKS Rebound,,,,,2,1610612752,,,,,,0,0,,,,,,0,0,,,,,,0
0020800593,120,6,3,2,8:11 PM,10:57,,,Evans L.B.FOUL (P2.T1),,,5,2501,Reggie Evans,1610612755.0,Philadelphia,76ers,PHI,4,1733,Al Harrington,1610612752.0,New York,Knicks,NYK,1,0,,,,,,0
0020800593,121,1,5,2,8:11 PM,10:46,Richardson  Layup (9 PTS) (Harrington 1 AST),,,26 - 29,3,4,2047,Quentin Richardson,1610612752.0,New York,Knicks,NYK,4,1733,Al Harrington,1610612752.0,New York,Knicks,NYK,0,0,,,,,,0
0020800593,122,6,2,2,8:12 PM,10:26,Harrington S.FOUL (P1.T1),,,,,4,1733,Al Harrington,1610612752.0,New York,Knicks,NYK,5,2501,Reggie Evans,1610612755.0,Philadelphia,76ers,PHI,1,0,,,,,,0
0020800593,123,3,11,2,8:12 PM,10:26,,,Evans Free Throw 1 of 2 (1 PTS),27 - 29,2,5,2501,Reggie Evans,1610612755.0,Philadelphia,76ers,PHI,0,0,,,,,,0,0,,,,,,0
0020800593,125,3,12,2,8:12 PM,10:26,,,MISS Evans Free Throw 2 of 2,,,5,2501,Reggie Evans,1610612755.0,Philadelphia,76ers,PHI,0,0,,,,,,0,0,,,,,,0
0020800593,127,4,0,2,8:12 PM,10:26,Harrington REBOUND (Off:1 Def:1),,,,,4,1733,Al Harrington,1610612752.0,New York,Knicks,NYK,0,0,,,,,,0,0,,,,,,0
0020800593,128,2,5,2,8:13 PM,10:12,MISS Harrington  Layup,,,,,4,1733,Al Harrington,1610612752.0,New York,Knicks,NYK,0,0,,,,,,0,0,,,,,,0
0020800593,129,4,0,2,8:13 PM,10:12,,,Iguodala REBOUND (Off:0 Def:2),,,5,2738,Andre Iguodala,1610612755.0,Philadelphia,76ers,PHI,0,0,,,,,,0,0,,,,,,0
0020800593,130,2,1,2,8:13 PM,10:05,,,MISS Ivey 26' 3PT Jump Shot,,,5,2767,Royal Ivey,1610612755.0,Philadelphia,76ers,PHI,0,0,,,,,,0,0,,,,,,0
0020800593,131,4,0,2,8:13 PM,10:01,Richardson REBOUND (Off:0 Def:5),,,,,4,2047,Quentin Richardson,1610612752.0,New York,Knicks,NYK,0,0,,,,,,0,0,,,,,,0
0020800593,132,2,5,2,8:13 PM,9:57,MISS Robinson  Layup,,,,,4,101126,Nate Robinson,1610612752.0,New York,Knicks,NYK,0,0,,,,,,0,0,,,,,,0
0020800593,133,4,0,2,8:13 PM,9:56,,,Ivey REBOUND (Off:0 Def:1),,,5,2767,Royal Ivey,1610612755.0,Philadelphia,76ers,PHI,0,0,,,,,,0,0,,,,,,0
0020800593,134,6,4,2,8:13 PM,9:43,,,Williams OFF.Foul (P1),,,5,101150,Lou Williams,1610612755.0,Philadelphia,76ers,PHI,4,101126,Nate Robinson,1610612752.0,New York,Knicks,NYK,1,0,,,,,,0
0020800593,135,5,5,2,8:13 PM,9:43,,,Williams Foul Turnover (P1.T5),,,5,101150,Lou Williams,1610612755.0,Philadelphia,76ers,PHI,0,0,,,,,,1,0,,,,,,0
0020800593,137,1,1,2,8:14 PM,9:33,Gallinari 26' 3PT Jump Shot (3 PTS) (Robinson 1 AST),,,27 - 32,5,4,201568,Danilo Gallinari,1610612752.0,New York,Knicks,NYK,4,101126,Nate Robinson,1610612752.0,New York,Knicks,NYK,0,0,,,,,,0
0020800593,138,2,1,2,8:14 PM,9:14,,,MISS Williams 21' Jump Shot,,,5,101150,Lou Williams,1610612755.0,Philadelphia,76ers,PHI,0,0,,,,,,0,0,,,,,,0
0020800593,139,4,0,2,8:14 PM,9:13,Harrington REBOUND (Off:1 Def:2),,,,,4,1733,Al Harrington,1610612752.0,New York,Knicks,NYK,0,0,,,,,,0,0,,,,,,0
0020800593,140,2,5,2,8:14 PM,9:02,MISS Gallinari  Layup,,,,,4,201568,Danilo Gallinari,1610612752.0,New York,Knicks,NYK,0,0,,,,,,0,0,,,,,,0
0020800593,141,4,0,2,8:14 PM,9:02,,,Evans REBOUND (Off:0 Def:1),,,5,2501,Reggie Evans,1610612755.0,Philadelphia,76ers,PHI,0,0,,,,,,0,0,,,,,,0
0020800593,142,1,1,2,8:14 PM,8:51,,,Iguodala 26' 3PT Jump Shot (11 PTS) (Williams 1 AST),30 - 32,2,5,2738,Andre Iguodala,1610612755.0,Philadelphia,76ers,PHI,5,101150,Lou Williams,1610612755.0,Philadelphia,76ers,PHI,0,0,,,,,,0
0020800593,143,2,1,2,8:15 PM,8:39,MISS Gallinari 25' 3PT Jump Shot,,,,,4,201568,Danilo Gallinari,1610612752.0,New York,Knicks,NYK,0,0,,,,,,0,0,,,,,,0
0020800593,144,4,0,2,8:15 PM,8:38,,,Speights REBOUND (Off:0 Def:1),,,5,201578,Marreese Speights,1610612755.0,Philadelphia,76ers,PHI,0,0,,,,,,0,0,,,,,,0
0020800593,145,2,1,2,8:15 PM,8:19,,,MISS Evans 6' Jump Shot,,,5,2501,Reggie Evans,1610612755.0,Philadelphia,76ers,PHI,0,0,,,,,,0,0,,,,,,0
0020800593,146,4,0,2,8:15 PM,8:18,KNICKS Rebound,,,,,2,1610612752,,,,,,0,0,,,,,,0,0,,,,,,0
0020800593,147,9,4,2,8:15 PM,8:18,,,,,,1,0,,,,,,0,0,,,,,,0,0,,,,,,0
0020800593,149,8,0,2,8:18 PM,8:18,SUB: Lee FOR Gallinari,,,,,4,201568,Danilo Gallinari,1610612752.0,New York,Knicks,NYK,4,101135,David Lee,1610612752.0,New York,Knicks,NYK,0,0,,,,,,0
0020800593,150,8,0,2,8:18 PM,8:18,,,SUB: Miller FOR Iguodala,,,5,2738,Andre Iguodala,1610612755.0,Philadelphia,76ers,PHI,5,1889,Andre Miller,1610612755.0,Philadelphia,76ers,PHI,0,0,,,,,,0
0020800593,151,8,0,2,8:18 PM,8:18,,,SUB: Young FOR Ivey,,,5,2767,Royal Ivey,1610612755.0,Philadelphia,76ers,PHI,5,201152,Thaddeus Young,1610612755.0,Philadelphia,76ers,PHI,0,0,,,,,,0
0020800593,152,1,1,2,8:18 PM,7:57,Harrington 9' Jump Shot (6 PTS),,,30 - 34,4,4,1733,Al Harrington,1610612752.0,New York,Knicks,NYK,0,0,,,,,,0,0,,,,,,0
0020800593,153,2,1,2,8:19 PM,7:42,,,MISS Miller 22' Jump Shot,,,5,1889,Andre Miller,1610612755.0,Philadelphia,76ers,PHI,0,0,,,,,,0,0,,,,,,0
0020800593,154,4,0,2,8:19 PM,7:41,Richardson REBOUND (Off:0 Def:6),,,,,4,2047,Quentin Richardson,1610612752.0,New York,Knicks,NYK,0,0,,,,,,0,0,,,,,,0
0020800593,155,1,1,2,8:19 PM,7:31,Robinson 18' Jump Shot (4 PTS),,,30 - 36,6,4,101126,Nate Robinson,1610612752.0,New York,Knicks,NYK,0,0,,,,,,0,0,,,,,,0
0020800593,156,1,1,2,8:19 PM,7:08,,,Williams 26' 3PT Jump Shot (6 PTS) (Miller 3 AST),33 - 36,3,5,101150,Lou Williams,1610612755.0,Philadelphia,76ers,PHI,5,1889,Andre Miller,1610612755.0,Philadelphia,76ers,PHI,0,0,,,,,,0
0020800593,157,2,1,2,8:19 PM,6:59,MISS Robinson 25' 3PT Jump Shot,,,,,4,101126,Nate Robinson,1610612752.0,New York,Knicks,NYK,0,0,,,,,,0,0,,,,,,0
0020800593,158,4,0,2,8:19 PM,6:58,,,Evans REBOUND (Off:0 Def:2),,,5,2501,Reggie Evans,1610612755.0,Philadelphia,76ers,PHI,0,0,,,,,,0,0,,,,,,0
0020800593,159,6,2,2,8:20 PM,6:44,Robinson S.FOUL (P1.T2),,,,,4,101126,Nate Robinson,1610612752.0,New York,Knicks,NYK,5,101150,Lou Williams,1610612755.0,Philadelphia,76ers,PHI,1,0,,,,,,0
0020800593,160,3,11,2,8:20 PM,6:44,,,MISS Williams Free Throw 1 of 2,,,5,101150,Lou Williams,1610612755.0,Philadelphia,76ers,PHI,0,0,,,,,,0,0,,,,,,0
0020800593,161,4,1,2,8:20 PM,6:44,,,76ers Rebound,,,3,1610612755,,,,,,0,0,,,,,,0,0,,,,,,0
0020800593,162,3,12,2,8:20 PM,6:44,,,MISS Williams Free Throw 2 of 2,,,5,101150,Lou Williams,1610612755.0,Philadelphia,76ers,PHI,0,0,,,,,,0,0,,,,,,0
0020800593,164,4,0,2,8:21 PM,6:41,,,Young REBOUND (Off:2 Def:3),,,5,201152,Thaddeus Young,1610612755.0,Philadelphia,76ers,PHI,0,0,,,,,,0,0,,,,,,0
0020800593,165,1,52,2,8:21 PM,6:32,,,Williams  Alley Oop Dunk (8 PTS) (Miller 4 AST),35 - 36,1,5,101150,Lou Williams,1610612755.0,Philadelphia,76ers,PHI,5,1889,Andre Miller,1610612755.0,Philadelphia,76ers,PHI,0,0,,,,,,0
0020800593,166,1,40,2,8:21 PM,6:06,Richardson  Layup (11 PTS),,,35 - 38,3,4,2047,Quentin Richardson,1610612752.0,New York,Knicks,NYK,0,0,,,,,,0,0,,,,,,0
0020800593,167,5,4,2,8:22 PM,5:39,,,Evans Traveling Turnover (P2.T6),,,5,2501,Reggie Evans,1610612755.0,Philadelphia,76ers,PHI,0,0,,,,,,1,0,,,,,,0
0020800593,169,9,1,2,8:22 PM,5:39,KNICKS Timeout: Regular (Full 2 Short 0),,,,,2,1610612752,,,,,,0,0,,,,,,0,0,,,,,,0
0020800593,171,8,0,2,8:24 PM,5:39,,,SUB: Iguodala FOR Evans,,,5,2501,Reggie Evans,1610612755.0,Philadelphia,76ers,PHI,5,2738,Andre Iguodala,1610612755.0,Philadelphia,76ers,PHI,0,0,,,,,,0
0020800593,172,8,0,2,8:24 PM,5:39,SUB: Chandler FOR Jeffries,,,,,4,2407,Jared Jeffries,1610612752.0,New York,Knicks,NYK,4,201163,Wilson Chandler,1610612752.0,New York,Knicks,NYK,0,0,,,,,,0
0020800593,173,8,0,2,8:24 PM,5:39,SUB: Duhon FOR Robinson,,,,,4,101126,Nate Robinson,1610612752.0,New York,Knicks,NYK,4,2768,Chris Duhon,1610612752.0,New York,Knicks,NYK,0,0,,,,,,0
0020800593,174,6,1,2,8:25 PM,5:31,,,Speights P.FOUL (P1.T2),,,5,201578,Marreese Speights,1610612755.0,Philadelphia,76ers,PHI,4,101135,David Lee,1610612752.0,New York,Knicks,NYK,1,0,,,,,,0
0020800593,175,1,5,2,8:25 PM,5:25,Lee  Layup (10 PTS) (Richardson 1 AST),,,35 - 40,5,4,101135,David Lee,1610612752.0,New York,Knicks,NYK,4,2047,Quentin Richardson,1610612752.0,New York,Knicks,NYK,0,0,,,,,,0
0020800593,176,5,1,2,8:25 PM,5:10,Lee STEAL (1 STL),,Iguodala Bad Pass Turnover (P1.T7),,,5,2738,Andre Iguodala,1610612755.0,Philadelphia,76ers,PHI,4,101135,David Lee,1610612752.0,New York,Knicks,NYK,0,0,,,,,,0
0020800593,177,1,1,2,8:26 PM,5:05,Richardson  3PT Jump Shot (14 PTS) (Lee 1 AST),,,35 - 43,8,4,2047,Quentin Richardson,1610612752.0,New York,Knicks,NYK,4,101135,David Lee,1610612752.0,New York,Knicks,NYK,0,0,,,,,,0
0020800593,178,1,5,2,8:26 PM,4:38,,,Speights  Layup (2 PTS) (Young 1 AST),37 - 43,6,5,201578,Marreese Speights,1610612755.0,Philadelphia,76ers,PHI,5,201152,Thaddeus Young,1610612755.0,Philadelphia,76ers,PHI,0,0,,,,,,0
0020800593,179,2,1,2,8:26 PM,4:19,MISS Chandler 17' Jump Shot,,,,,4,201163,Wilson Chandler,1610612752.0,New York,Knicks,NYK,0,0,,,,,,0,0,,,,,,0
0020800593,180,4,0,2,8:26 PM,4:18,,,Iguodala REBOUND (Off:0 Def:3),,,5,2738,Andre Iguodala,1610612755.0,Philadelphia,76ers,PHI,0,0,,,,,,0,0,,,,,,0
0020800593,181,2,5,2,8:26 PM,4:11,,,MISS Miller  Layup,,,5,1889,Andre Miller,1610612755.0,Philadelphia,76ers,PHI,0,0,,,,,,0,0,,,,,,0
0020800593,183,4,0,2,8:26 PM,4:09,,,Iguodala REBOUND (Off:1 Def:3),,,5,2738,Andre Iguodala,1610612755.0,Philadelphia,76ers,PHI,0,0,,,,,,0,0,,,,,,0
0020800593,182,1,72,2,8:26 PM,4:09,,,Iguodala  Putback Layup (13 PTS),39 - 43,4,5,2738,Andre Iguodala,1610612755.0,Philadelphia,76ers,PHI,0,0,,,,,,0,0,,,,,,0
0020800593,184,5,4,2,8:27 PM,3:59,Duhon Traveling Turnover (P2.T7),,,,,4,2768,Chris Duhon,1610612752.0,New York,Knicks,NYK,0,0,,,,,,1,0,,,,,,0
0020800593,185,8,0,2,8:27 PM,3:59,,,SUB: Dalembert FOR Speights,,,5,201578,Marreese Speights,1610612755.0,Philadelphia,76ers,PHI,5,2223,Samuel Dalembert,1610612755.0,Philadelphia,76ers,PHI,0,0,,,,,,0
0020800593,186,6,2,2,8:27 PM,3:48,Chandler S.FOUL (P2.T3),,,,,4,201163,Wilson Chandler,1610612752.0,New York,Knicks,NYK,5,2738,Andre Iguodala,1610612755.0,Philadelphia,76ers,PHI,1,0,,,,,,0
0020800593,187,3,11,2,8:27 PM,3:48,,,Iguodala Free Throw 1 of 2 (14 PTS),40 - 43,3,5,2738,Andre Iguodala,1610612755.0,Philadelphia,76ers,PHI,0,0,,,,,,0,0,,,,,,0
0020800593,189,3,12,2,8:28 PM,3:48,,,MISS Iguodala Free Throw 2 of 2,,,5,2738,Andre Iguodala,1610612755.0,Philadelphia,76ers,PHI,0,0,,,,,,0,0,,,,,,0
0020800593,191,4,0,2,8:28 PM,3:47,Lee REBOUND (Off:1 Def:1),,,,,4,101135,David Lee,1610612752.0,New York,Knicks,NYK,0,0,,,,,,0,0,,,,,,0
0020800593,192,6,2,2,8:28 PM,3:39,,,Dalembert S.FOUL (P1.T3),,,5,2223,Samuel Dalembert,1610612755.0,Philadelphia,76ers,PHI,4,201163,Wilson Chandler,1610612752.0,New York,Knicks,NYK,1,0,,,,,,0
0020800593,193,3,11,2,8:28 PM,3:39,Chandler Free Throw 1 of 2 (7 PTS),,,40 - 44,4,4,201163,Wilson Chandler,1610612752.0,New York,Knicks,NYK,0,0,,,,,,0,0,,,,,,0
0020800593,195,3,12,2,8:29 PM,3:39,MISS Chandler Free Throw 2 of 2,,,,,4,201163,Wilson Chandler,1610612752.0,New York,Knicks,NYK,0,0,,,,,,0,0,,,,,,0
0020800593,197,4,0,2,8:29 PM,3:37,,,Dalembert REBOUND (Off:2 Def:2),,,5,2223,Samuel Dalembert,1610612755.0,Philadelphia,76ers,PHI,0,0,,,,,,0,0,,,,,,0
0020800593,198,6,1,2,8:29 PM,3:28,Richardson P.FOUL (P1.T4),,,,,4,2047,Quentin Richardson,1610612752.0,New York,Knicks,NYK,5,1889,Andre Miller,1610612755.0,Philadelphia,76ers,PHI,1,0,,,,,,0
0020800593,199,2,1,2,8:30 PM,3:18,,,MISS Williams  3PT Jump Shot,,,5,101150,Lou Williams,1610612755.0,Philadelphia,76ers,PHI,0,0,,,,,,0,0,,,,,,0
0020800593,200,4,0,2,8:30 PM,3:16,,,Miller REBOUND (Off:1 Def:0),,,5,1889,Andre Miller,1610612755.0,Philadelphia,76ers,PHI,0,0,,,,,,0,0,,,,,,0
0020800593,201,10,0,2,8:30 PM,3:15,Jump Ball Harrington vs. Miller: Tip to Williams,,,,,4,1733,Al Harrington,1610612752.0,New York,Knicks,NYK,5,1889,Andre Miller,1610612755.0,Philadelphia,76ers,PHI,5,101150,Lou Williams,1610612755.0,Philadelphia,76ers,PHI,0
0020800593,202,2,1,2,8:30 PM,3:01,,,MISS Iguodala 15' Jump Shot,,,5,2738,Andre Iguodala,1610612755.0,Philadelphia,76ers,PHI,0,0,,,,,,0,0,,,,,,0
0020800593,203,4,0,2,8:30 PM,3:00,Richardson REBOUND (Off:0 Def:7),,,,,4,2047,Quentin Richardson,1610612752.0,New York,Knicks,NYK,0,0,,,,,,0,0,,,,,,0
0020800593,204,2,1,2,8:30 PM,2:49,MISS Harrington 18' Jump Shot,,,,,4,1733,Al Harrington,1610612752.0,New York,Knicks,NYK,0,0,,,,,,0,0,,,,,,0
0020800593,205,4,0,2,8:30 PM,2:48,,,Iguodala REBOUND (Off:1 Def:4),,,5,2738,Andre Iguodala,1610612755.0,Philadelphia,76ers,PHI,0,0,,,,,,0,0,,,,,,0
0020800593,206,6,2,2,8:31 PM,2:42,Richardson S.FOUL (P2.PN),,,,,4,2047,Quentin Richardson,1610612752.0,New York,Knicks,NYK,5,2738,Andre Iguodala,1610612755.0,Philadelphia,76ers,PHI,1,0,,,,,,0
0020800593,207,9,1,2,8:31 PM,2:42,,,76ers Timeout: Regular (Reg.2 Short 0),,,3,1610612755,,,,,,0,0,,,,,,0,0,,,,,,0
0020800593,210,8,0,2,8:33 PM,2:42,SUB: Jeffries FOR Harrington,,,,,4,1733,Al Harrington,1610612752.0,New York,Knicks,NYK,4,2407,Jared Jeffries,1610612752.0,New York,Knicks,NYK,0,0,,,,,,0
0020800593,211,3,11,2,8:33 PM,2:42,,,MISS Iguodala Free Throw 1 of 2,,,5,2738,Andre Iguodala,1610612755.0,Philadelphia,76ers,PHI,0,0,,,,,,0,0,,,,,,0
0020800593,212,4,1,2,8:33 PM,2:42,,,76ers Rebound,,,3,1610612755,,,,,,0,0,,,,,,0,0,,,,,,0
0020800593,213,3,12,2,8:33 PM,2:42,,,Iguodala Free Throw 2 of 2 (15 PTS),41 - 44,3,5,2738,Andre Iguodala,1610612755.0,Philadelphia,76ers,PHI,0,0,,,,,,0,0,,,,,,0
0020800593,215,1,1,2,8:34 PM,2:30,Chandler 18' Jump Shot (9 PTS) (Jeffries 2 AST),,,41 - 46,5,4,201163,Wilson Chandler,1610612752.0,New York,Knicks,NYK,4,2407,Jared Jeffries,1610612752.0,New York,Knicks,NYK,0,0,,,,,,0
0020800593,216,1,1,2,8:34 PM,2:07,,,Iguodala 15' Jump Shot (17 PTS),43 - 46,3,5,2738,Andre Iguodala,1610612755.0,Philadelphia,76ers,PHI,0,0,,,,,,0,0,,,,,,0
0020800593,217,1,1,2,8:35 PM,1:49,Chandler 21' Jump Shot (11 PTS),,,43 - 48,5,4,201163,Wilson Chandler,1610612752.0,New York,Knicks,NYK,0,0,,,,,,0,0,,,,,,0
0020800593,218,2,5,2,8:35 PM,1:35,Lee BLOCK (1 BLK),,MISS Williams  Layup,,,5,101150,Lou Williams,1610612755.0,Philadelphia,76ers,PHI,0,0,,,,,,4,101135,David Lee,1610612752.0,New York,Knicks,NYK,0
0020800593,219,4,0,2,8:35 PM,1:34,,,Young REBOUND (Off:3 Def:3),,,5,201152,Thaddeus Young,1610612755.0,Philadelphia,76ers,PHI,0,0,,,,,,0,0,,,,,,0
0020800593,220,1,5,2,8:35 PM,1:33,,,Young  Layup (2 PTS),45 - 48,3,5,201152,Thaddeus Young,1610612755.0,Philadelphia,76ers,PHI,0,0,,,,,,0,0,,,,,,0
0020800593,221,5,2,2,8:35 PM,1:25,Lee Lost Ball Turnover (P3.T8),,Miller STEAL (2 STL),,,4,101135,David Lee,1610612752.0,New York,Knicks,NYK,5,1889,Andre Miller,1610612755.0,Philadelphia,76ers,PHI,0,0,,,,,,0
0020800593,222,1,42,2,8:35 PM,1:20,,,Miller  Driving Layup (10 PTS),47 - 48,1,5,1889,Andre Miller,1610612755.0,Philadelphia,76ers,PHI,0,0,,,,,,0,0,,,,,,0
0020800593,223,9,2,2,8:36 PM,0:58,KNICKS Timeout: Short (Full 2 Short 1),,,,,2,1610612752,,,,,,0,0,,,,,,0,0,,,,,,0
0020800593,225,8,0,2,8:36 PM,0:58,,,SUB: Green FOR Williams,,,5,101150,Lou Williams,1610612755.0,Philadelphia,76ers,PHI,5,2584,Willie Green,1610612755.0,Philadelphia,76ers,PHI,0,0,,,,,,0
0020800593,227,5,11,2,8:37 PM,0:52,KNICKS Turnover: Shot Clock (T#9),,,,,2,1610612752,,,,,,0,0,,,,,,1,0,,,,,,0
0020800593,228,2,1,2,8:37 PM,0:34,,,MISS Miller 16' Jump Shot,,,5,1889,Andre Miller,1610612755.0,Philadelphia,76ers,PHI,0,0,,,,,,0,0,,,,,,0
0020800593,229,10,0,2,8:38 PM,0:31,Jump Ball Richardson vs. Dalembert: Tip to Iguodala,,,,,4,2047,Quentin Richardson,1610612752.0,New York,Knicks,NYK,5,2223,Samuel Dalembert,1610612755.0,Philadelphia,76ers,PHI,5,2738,Andre Iguodala,1610612755.0,Philadelphia,76ers,PHI,0
0020800593,230,4,0,2,8:38 PM,0:31,,,76ers Rebound,,,3,1610612755,,,,,,0,0,,,,,,0,0,,,,,,0
0020800593,231,1,65,2,8:39 PM,0:25,,,Dalembert 3' Jump Hook Shot (6 PTS) (Iguodala 2 AST),49 - 48,-1,5,2223,Samuel Dalembert,1610612755.0,Philadelphia,76ers,PHI,5,2738,Andre Iguodala,1610612755.0,Philadelphia,76ers,PHI,0,0,,,,,,0
0020800593,232,6,2,2,8:39 PM,0:08,,,Young S.FOUL (P1.T4),,,5,201152,Thaddeus Young,1610612755.0,Philadelphia,76ers,PHI,4,101135,David Lee,1610612752.0,New York,Knicks,NYK,1,0,,,,,,0
0020800593,233,3,11,2,8:39 PM,0:08,Lee Free Throw 1 of 2 (11 PTS),,,49 - 49,TIE,4,101135,David Lee,1610612752.0,New York,Knicks,NYK,0,0,,,,,,0,0,,,,,,0
0020800593,235,3,12,2,8:39 PM,0:08,Lee Free Throw 2 of 2 (12 PTS),,,49 - 50,1,4,101135,David Lee,1610612752.0,New York,Knicks,NYK,0,0,,,,,,0,0,,,,,,0
0020800593,237,1,1,2,8:40 PM,0:00,,,Iguodala 26' 3PT Jump Shot (20 PTS) (Green 2 AST),52 - 50,-2,5,2738,Andre Iguodala,1610612755.0,Philadelphia,76ers,PHI,5,2584,Willie Green,1610612755.0,Philadelphia,76ers,PHI,0,0,,,,,,0
0020800593,238,13,0,2,8:40 PM,0:00,,,,52 - 50,-2,0,0,,,,,,0,0,,,,,,0,0,,,,,,0
0020800593,240,12,0,3,8:57 PM,12:00,,,,52 - 50,-2,0,0,,,,,,0,0,,,,,,0,0,,,,,,0
0020800593,241,5,1,3,8:58 PM,11:44,Jeffries Bad Pass Turnover (P2.T10),,Green STEAL (1 STL),,,4,2407,Jared Jeffries,1610612752.0,New York,Knicks,NYK,5,2584,Willie Green,1610612755.0,Philadelphia,76ers,PHI,0,0,,,,,,0
0020800593,242,5,1,3,8:58 PM,11:40,Richardson STEAL (1 STL),,Green Bad Pass Turnover (P1.T8),,,5,2584,Willie Green,1610612755.0,Philadelphia,76ers,PHI,4,2047,Quentin Richardson,1610612752.0,New York,Knicks,NYK,0,0,,,,,,0
0020800593,243,5,40,3,8:59 PM,11:33,Chandler Out of Bounds Lost Ball Turnover (P2.T11),,,,,4,201163,Wilson Chandler,1610612752.0,New York,Knicks,NYK,0,0,,,,,,1,0,,,,,,0
0020800593,246,2,45,3,8:59 PM,11:07,,,MISS Iguodala 26' Jump Shot,,,5,2738,Andre Iguodala,1610612755.0,Philadelphia,76ers,PHI,0,0,,,,,,0,0,,,,,,0
0020800593,244,4,0,3,8:59 PM,11:07,,,76ers Rebound,,,3,1610612755,,,,,,0,0,,,,,,0,0,,,,,,0
0020800593,245,5,11,3,8:59 PM,11:07,,,76ers Turnover: Shot Clock (T#9),,,3,1610612755,,,,,,0,0,,,,,,1,0,,,,,,0
0020800593,247,2,5,3,8:59 PM,10:55,MISS Richardson  Layup,,Dalembert BLOCK (1 BLK),,,4,2047,Quentin Richardson,1610612752.0,New York,Knicks,NYK,0,0,,,,,,5,2223,Samuel Dalembert,1610612755.0,Philadelphia,76ers,PHI,0
0020800593,248,4,0,3,8:59 PM,10:53,,,Iguodala REBOUND (Off:1 Def:5),,,5,2738,Andre Iguodala,1610612755.0,Philadelphia,76ers,PHI,0,0,,,,,,0,0,,,,,,0
0020800593,249,1,42,3,9:00 PM,10:49,,,Green  Driving Layup (5 PTS) (Miller 5 AST),54 - 50,-4,5,2584,Willie Green,1610612755.0,Philadelphia,76ers,PHI,5,1889,Andre Miller,1610612755.0,Philadelphia,76ers,PHI,0,0,,,,,,0
0020800593,251,2,1,3,9:00 PM,10:21,MISS Jeffries 26' 3PT Jump Shot,,,,,4,2407,Jared Jeffries,1610612752.0,New York,Knicks,NYK,0,0,,,,,,0,0,,,,,,0
0020800593,252,4,0,3,9:00 PM,10:20,KNICKS Rebound,,,,,2,1610612752,,,,,,0,0,,,,,,0,0,,,,,,0
0020800593,253,5,11,3,9:01 PM,10:20,KNICKS Turnover: Shot Clock (T#12),,,,,2,1610612752,,,,,,0,0,,,,,,1,0,,,,,,0
0020800593,254,1,1,3,9:01 PM,10:08,,,Miller 15' Jump Shot (12 PTS) (Young 2 AST),56 - 50,-6,5,1889,Andre Miller,1610612755.0,Philadelphia,76ers,PHI,5,201152,Thaddeus Young,1610612755.0,Philadelphia,76ers,PHI,0,0,,,,,,0
0020800593,255,2,1,3,9:01 PM,9:58,MISS Richardson 26' 3PT Jump Shot,,,,,4,2047,Quentin Richardson,1610612752.0,New York,Knicks,NYK,0,0,,,,,,0,0,,,,,,0
0020800593,256,4,0,3,9:01 PM,9:57,,,Miller REBOUND (Off:1 Def:1),,,5,1889,Andre Miller,1610612755.0,Philadelphia,76ers,PHI,0,0,,,,,,0,0,,,,,,0
0020800593,257,1,1,3,9:01 PM,9:52,,,Miller 6' Jump Shot (14 PTS),58 - 50,-8,5,1889,Andre Miller,1610612755.0,Philadelphia,76ers,PHI,0,0,,,,,,0,0,,,,,,0
0020800593,258,6,2,3,9:01 PM,9:52,Jeffries S.FOUL (P3.T1),,,,,4,2407,Jared Jeffries,1610612752.0,New York,Knicks,NYK,5,1889,Andre Miller,1610612755.0,Philadelphia,76ers,PHI,1,0,,,,,,0
0020800593,260,9,1,3,9:02 PM,9:52,KNICKS Timeout: Regular (Full 3 Short 1),,,,,2,1610612752,,,,,,0,0,,,,,,0,0,,,,,,0
0020800593,264,3,10,3,9:04 PM,9:52,,,MISS Miller Free Throw 1 of 1,,,5,1889,Andre Miller,1610612755.0,Philadelphia,76ers,PHI,0,0,,,,,,0,0,,,,,,0
0020800593,266,4,0,3,9:04 PM,9:51,Lee REBOUND (Off:1 Def:2),,,,,4,101135,David Lee,1610612752.0,New York,Knicks,NYK,0,0,,,,,,0,0,,,,,,0
0020800593,267,6,1,3,9:05 PM,9:44,,,Green P.FOUL (P2.T1),,,5,2584,Willie Green,1610612755.0,Philadelphia,76ers,PHI,4,201163,Wilson Chandler,1610612752.0,New York,Knicks,NYK,1,0,,,,,,0
0020800593,268,5,2,3,9:05 PM,9:32,Richardson Lost Ball Turnover (P1.T13),,Green STEAL (2 STL),,,4,2047,Quentin Richardson,1610612752.0,New York,Knicks,NYK,5,2584,Willie Green,1610612755.0,Philadelphia,76ers,PHI,0,0,,,,,,0
0020800593,269,1,42,3,9:05 PM,9:28,,,Young  Driving Layup (4 PTS) (Iguodala 3 AST),60 - 50,-10,5,201152,Thaddeus Young,1610612755.0,Philadelphia,76ers,PHI,5,2738,Andre Iguodala,1610612755.0,Philadelphia,76ers,PHI,0,0,,,,,,0
0020800593,270,6,17,3,9:05 PM,9:14,,,76ers T.Foul (Def. 3 Sec Dalembert ),,,5,2223,Samuel Dalembert,1610612755.0,Philadelphia,76ers,PHI,0,0,,,,,,1,0,,,,,,0
0020800593,271,3,16,3,9:06 PM,9:14,Duhon Free Throw Technical (1 PTS),,,60 - 51,-9,4,2768,Chris Duhon,1610612752.0,New York,Knicks,NYK,0,0,,,,,,0,0,,,,,,0
0020800593,273,8,0,3,9:06 PM,9:14,SUB: Harrington FOR Jeffries,,,,,4,2407,Jared Jeffries,1610612752.0,New York,Knicks,NYK,4,1733,Al Harrington,1610612752.0,New York,Knicks,NYK,0,0,,,,,,0
0020800593,274,2,5,3,9:06 PM,9:09,MISS Duhon  Layup,,,,,4,2768,Chris Duhon,1610612752.0,New York,Knicks,NYK,0,0,,,,,,0,0,,,,,,0
0020800593,275,4,0,3,9:06 PM,9:08,,,Young REBOUND (Off:3 Def:4),,,5,201152,Thaddeus Young,1610612755.0,Philadelphia,76ers,PHI,0,0,,,,,,0,0,,,,,,0
0020800593,276,2,1,3,9:06 PM,9:03,,,MISS Miller 7' Jump Shot,,,5,1889,Andre Miller,1610612755.0,Philadelphia,76ers,PHI,0,0,,,,,,0,0,,,,,,0
0020800593,277,4,0,3,9:06 PM,9:02,Chandler REBOUND (Off:0 Def:1),,,,,4,201163,Wilson Chandler,1610612752.0,New York,Knicks,NYK,0,0,,,,,,0,0,,,,,,0
0020800593,278,1,85,3,9:06 PM,8:53,Chandler 7' Turnaround Bank Shot (13 PTS),,,60 - 53,-7,4,201163,Wilson Chandler,1610612752.0,New York,Knicks,NYK,0,0,,,,,,0,0,,,,,,0
0020800593,279,2,1,3,9:07 PM,8:26,,,MISS Green 18' Jump Shot,,,5,2584,Willie Green,1610612755.0,Philadelphia,76ers,PHI,0,0,,,,,,0,0,,,,,,0
0020800593,280,4,0,3,9:07 PM,8:25,Lee REBOUND (Off:1 Def:3),,,,,4,101135,David Lee,1610612752.0,New York,Knicks,NYK,0,0,,,,,,0,0,,,,,,0
0020800593,281,6,17,3,9:07 PM,8:16,,,76ers T.Foul (Def. 3 Sec Dalembert ),,,5,2223,Samuel Dalembert,1610612755.0,Philadelphia,76ers,PHI,0,0,,,,,,1,0,,,,,,0
0020800593,282,3,16,3,9:07 PM,8:16,Duhon Free Throw Technical (2 PTS),,,60 - 54,-6,4,2768,Chris Duhon,1610612752.0,New York,Knicks,NYK,0,0,,,,,,0,0,,,,,,0
0020800593,284,6,1,3,9:08 PM,8:12,,,Young P.FOUL (P2.T2),,,5,201152,Thaddeus Young,1610612755.0,Philadelphia,76ers,PHI,4,1733,Al Harrington,1610612752.0,New York,Knicks,NYK,1,0,,,,,,0
0020800593,285,2,1,3,9:08 PM,8:09,MISS Harrington 26' 3PT Jump Shot,,,,,4,1733,Al Harrington,1610612752.0,New York,Knicks,NYK,0,0,,,,,,0,0,,,,,,0
0020800593,286,4,0,3,9:08 PM,8:08,,,Young REBOUND (Off:3 Def:5),,,5,201152,Thaddeus Young,1610612755.0,Philadelphia,76ers,PHI,0,0,,,,,,0,0,,,,,,0
0020800593,287,5,4,3,9:08 PM,7:58,,,Dalembert Traveling Turnover (P1.T10),,,5,2223,Samuel Dalembert,1610612755.0,Philadelphia,76ers,PHI,0,0,,,,,,1,0,,,,,,0
0020800593,288,2,1,3,9:09 PM,7:42,MISS Lee 19' Jump Shot,,,,,4,101135,David Lee,1610612752.0,New York,Knicks,NYK,0,0,,,,,,0,0,,,,,,0
0020800593,289,4,0,3,9:09 PM,7:41,Harrington REBOUND (Off:2 Def:2),,,,,4,1733,Al Harrington,1610612752.0,New York,Knicks,NYK,0,0,,,,,,0,0,,,,,,0
0020800593,290,2,5,3,9:09 PM,7:39,MISS Harrington  Layup,,,,,4,1733,Al Harrington,1610612752.0,New York,Knicks,NYK,0,0,,,,,,0,0,,,,,,0
0020800593,291,4,0,3,9:09 PM,7:38,,,Miller REBOUND (Off:1 Def:2),,,5,1889,Andre Miller,1610612755.0,Philadelphia,76ers,PHI,0,0,,,,,,0,0,,,,,,0
0020800593,294,2,1,3,9:09 PM,7:14,,,MISS Miller 27' 3PT Jump Shot,,,5,1889,Andre Miller,1610612755.0,Philadelphia,76ers,PHI,0,0,,,,,,0,0,,,,,,0
0020800593,295,4,0,3,9:09 PM,7:12,Lee REBOUND (Off:1 Def:4),,,,,4,101135,David Lee,1610612752.0,New York,Knicks,NYK,0,0,,,,,,0,0,,,,,,0
0020800593,296,1,1,3,9:09 PM,7:04,Duhon 26' 3PT Jump Shot (5 PTS),,,60 - 57,-3,4,2768,Chris Duhon,1610612752.0,New York,Knicks,NYK,0,0,,,,,,0,0,,,,,,0
0020800593,297,2,1,3,9:10 PM,6:40,,,MISS Green 19' Jump Shot,,,5,2584,Willie Green,1610612755.0,Philadelphia,76ers,PHI,0,0,,,,,,0,0,,,,,,0
0020800593,298,4,0,3,9:10 PM,6:39,Lee REBOUND (Off:1 Def:5),,,,,4,101135,David Lee,1610612752.0,New York,Knicks,NYK,0,0,,,,,,0,0,,,,,,0
0020800593,300,2,1,3,9:10 PM,6:22,MISS Richardson 18' Jump Shot,,,,,4,2047,Quentin Richardson,1610612752.0,New York,Knicks,NYK,0,0,,,,,,0,0,,,,,,0
0020800593,301,4,0,3,9:10 PM,6:21,,,Green REBOUND (Off:1 Def:1),,,5,2584,Willie Green,1610612755.0,Philadelphia,76ers,PHI,0,0,,,,,,0,0,,,,,,0
0020800593,302,6,1,3,9:10 PM,6:14,Lee P.FOUL (P2.T2),,,,,4,101135,David Lee,1610612752.0,New York,Knicks,NYK,5,201152,Thaddeus Young,1610612755.0,Philadelphia,76ers,PHI,1,0,,,,,,0
0020800593,303,2,1,3,9:11 PM,6:08,,,MISS Young 26' 3PT Jump Shot,,,5,201152,Thaddeus Young,1610612755.0,Philadelphia,76ers,PHI,0,0,,,,,,0,0,,,,,,0
0020800593,304,4,0,3,9:11 PM,6:06,,,76ers Rebound,,,3,1610612755,,,,,,0,0,,,,,,0,0,,,,,,0
0020800593,305,6,3,3,9:11 PM,6:06,Lee L.B.FOUL (P3.T3),,,,,4,101135,David Lee,1610612752.0,New York,Knicks,NYK,5,201152,Thaddeus Young,1610612755.0,Philadelphia,76ers,PHI,1,0,,,,,,0
0020800593,306,1,1,3,9:11 PM,5:53,,,Green 26' 3PT Jump Shot (8 PTS) (Miller 6 AST),63 - 57,-6,5,2584,Willie Green,1610612755.0,Philadelphia,76ers,PHI,5,1889,Andre Miller,1610612755.0,Philadelphia,76ers,PHI,0,0,,,,,,0
0020800593,307,5,1,3,9:12 PM,5:44,Duhon Bad Pass Turnover (P3.T14),,Iguodala STEAL (2 STL),,,4,2768,Chris Duhon,1610612752.0,New York,Knicks,NYK,5,2738,Andre Iguodala,1610612755.0,Philadelphia,76ers,PHI,0,0,,,,,,0
0020800593,308,5,2,3,9:12 PM,5:39,Chandler STEAL (2 STL),,Green Lost Ball Turnover (P2.T11),,,5,2584,Willie Green,1610612755.0,Philadelphia,76ers,PHI,4,201163,Wilson Chandler,1610612752.0,New York,Knicks,NYK,0,0,,,,,,0
0020800593,309,2,1,3,9:12 PM,5:30,MISS Duhon 29' 3PT Jump Shot,,,,,4,2768,Chris Duhon,1610612752.0,New York,Knicks,NYK,0,0,,,,,,0,0,,,,,,0
0020800593,310,4,0,3,9:12 PM,5:29,,,Dalembert REBOUND (Off:2 Def:3),,,5,2223,Samuel Dalembert,1610612755.0,Philadelphia,76ers,PHI,0,0,,,,,,0,0,,,,,,0
0020800593,311,6,2,3,9:12 PM,5:21,Duhon S.FOUL (P2.T4),,,,,4,2768,Chris Duhon,1610612752.0,New York,Knicks,NYK,5,1889,Andre Miller,1610612755.0,Philadelphia,76ers,PHI,1,0,,,,,,0
0020800593,312,3,11,3,9:12 PM,5:21,,,Miller Free Throw 1 of 2 (15 PTS),64 - 57,-7,5,1889,Andre Miller,1610612755.0,Philadelphia,76ers,PHI,0,0,,,,,,0,0,,,,,,0
0020800593,313,3,12,3,9:12 PM,5:21,,,MISS Miller Free Throw 2 of 2,,,5,1889,Andre Miller,1610612755.0,Philadelphia,76ers,PHI,0,0,,,,,,0,0,,,,,,0
0020800593,314,4,0,3,9:13 PM,5:20,Lee REBOUND (Off:1 Def:6),,,,,4,101135,David Lee,1610612752.0,New York,Knicks,NYK,0,0,,,,,,0,0,,,,,,0
0020800593,315,2,1,3,9:13 PM,5:08,MISS Harrington 15' Jump Shot,,,,,4,1733,Al Harrington,1610612752.0,New York,Knicks,NYK,0,0,,,,,,0,0,,,,,,0
0020800593,316,4,0,3,9:13 PM,5:07,KNICKS Rebound,,,,,2,1610612752,,,,,,0,0,,,,,,0,0,,,,,,0
0020800593,317,6,1,3,9:13 PM,5:00,,,Iguodala P.FOUL (P1.T3),,,5,2738,Andre Iguodala,1610612755.0,Philadelphia,76ers,PHI,4,2047,Quentin Richardson,1610612752.0,New York,Knicks,NYK,1,0,,,,,,0
0020800593,318,6,4,3,9:14 PM,4:57,Harrington OFF.Foul (P2),,,,,4,1733,Al Harrington,1610612752.0,New York,Knicks,NYK,5,2584,Willie Green,1610612755.0,Philadelphia,76ers,PHI,1,0,,,,,,0
0020800593,319,5,5,3,9:14 PM,4:57,Harrington Foul Turnover (P1.T15),,,,,4,1733,Al Harrington,1610612752.0,New York,Knicks,NYK,0,0,,,,,,1,0,,,,,,0
0020800593,320,2,1,3,9:14 PM,4:38,,,MISS Dalembert 19' Jump Shot,,,5,2223,Samuel Dalembert,1610612755.0,Philadelphia,76ers,PHI,0,0,,,,,,0,0,,,,,,0
0020800593,321,4,0,3,9:14 PM,4:37,Lee REBOUND (Off:1 Def:7),,,,,4,101135,David Lee,1610612752.0,New York,Knicks,NYK,0,0,,,,,,0,0,,,,,,0
0020800593,322,2,5,3,9:15 PM,4:29,MISS Chandler  Layup,,Dalembert BLOCK (2 BLK),,,4,201163,Wilson Chandler,1610612752.0,New York,Knicks,NYK,0,0,,,,,,5,2223,Samuel Dalembert,1610612755.0,Philadelphia,76ers,PHI,0
0020800593,323,4,0,3,9:15 PM,4:29,,,Dalembert REBOUND (Off:2 Def:4),,,5,2223,Samuel Dalembert,1610612755.0,Philadelphia,76ers,PHI,0,0,,,,,,0,0,,,,,,0
0020800593,324,1,42,3,9:15 PM,4:24,,,Miller  Driving Layup (17 PTS) (Iguodala 4 AST),66 - 57,-9,5,1889,Andre Miller,1610612755.0,Philadelphia,76ers,PHI,5,2738,Andre Iguodala,1610612755.0,Philadelphia,76ers,PHI,0,0,,,,,,0
0020800593,325,2,1,3,9:15 PM,4:08,MISS Harrington 11' Jump Shot,,,,,4,1733,Al Harrington,1610612752.0,New York,Knicks,NYK,0,0,,,,,,0,0,,,,,,0
0020800593,326,4,0,3,9:15 PM,4:07,,,Miller REBOUND (Off:1 Def:3),,,5,1889,Andre Miller,1610612755.0,Philadelphia,76ers,PHI,0,0,,,,,,0,0,,,,,,0
0020800593,327,2,1,3,9:15 PM,4:01,,,MISS Iguodala 26' 3PT Jump Shot,,,5,2738,Andre Iguodala,1610612755.0,Philadelphia,76ers,PHI,0,0,,,,,,0,0,,,,,,0
0020800593,328,4,0,3,9:15 PM,4:00,Harrington REBOUND (Off:2 Def:3),,,,,4,1733,Al Harrington,1610612752.0,New York,Knicks,NYK,0,0,,,,,,0,0,,,,,,0
0020800593,329,2,1,3,9:15 PM,3:51,MISS Chandler 27' 3PT Jump Shot,,,,,4,201163,Wilson Chandler,1610612752.0,New York,Knicks,NYK,0,0,,,,,,0,0,,,,,,0
0020800593,330,4,0,3,9:15 PM,3:50,,,Dalembert REBOUND (Off:2 Def:5),,,5,2223,Samuel Dalembert,1610612755.0,Philadelphia,76ers,PHI,0,0,,,,,,0,0,,,,,,0
0020800593,331,2,1,3,9:16 PM,3:36,,,MISS Green 6' Jump Shot,,,5,2584,Willie Green,1610612755.0,Philadelphia,76ers,PHI,0,0,,,,,,0,0,,,,,,0
0020800593,333,4,0,3,9:16 PM,3:32,,,76ers Rebound,,,3,1610612755,,,,,,0,0,,,,,,0,0,,,,,,0
0020800593,332,8,0,3,9:16 PM,3:32,SUB: Robinson FOR Duhon,,,,,4,2768,Chris Duhon,1610612752.0,New York,Knicks,NYK,4,101126,Nate Robinson,1610612752.0,New York,Knicks,NYK,0,0,,,,,,0
0020800593,334,8,0,3,9:16 PM,3:32,,,SUB: Williams FOR Green,,,5,2584,Willie Green,1610612755.0,Philadelphia,76ers,PHI,5,101150,Lou Williams,1610612755.0,Philadelphia,76ers,PHI,0,0,,,,,,0
0020800593,335,10,0,3,9:16 PM,3:32,Jump Ball Lee vs. Dalembert: Tip to Young,,,,,4,101135,David Lee,1610612752.0,New York,Knicks,NYK,5,2223,Samuel Dalembert,1610612755.0,Philadelphia,76ers,PHI,5,201152,Thaddeus Young,1610612755.0,Philadelphia,76ers,PHI,0
0020800593,336,1,47,3,9:16 PM,3:15,,,Iguodala 17' Turnaround Jump Shot (22 PTS),68 - 57,-11,5,2738,Andre Iguodala,1610612755.0,Philadelphia,76ers,PHI,0,0,,,,,,0,0,,,,,,0
0020800593,337,2,1,3,9:17 PM,3:02,MISS Harrington 25' 3PT Jump Shot,,,,,4,1733,Al Harrington,1610612752.0,New York,Knicks,NYK,0,0,,,,,,0,0,,,,,,0
0020800593,338,4,0,3,9:17 PM,3:01,Chandler REBOUND (Off:1 Def:1),,,,,4,201163,Wilson Chandler,1610612752.0,New York,Knicks,NYK,0,0,,,,,,0,0,,,,,,0
0020800593,339,2,1,3,9:17 PM,2:58,MISS Chandler 18' Jump Shot,,,,,4,201163,Wilson Chandler,1610612752.0,New York,Knicks,NYK,0,0,,,,,,0,0,,,,,,0
0020800593,340,4,0,3,9:17 PM,2:56,,,Iguodala REBOUND (Off:1 Def:6),,,5,2738,Andre Iguodala,1610612755.0,Philadelphia,76ers,PHI,0,0,,,,,,0,0,,,,,,0
0020800593,341,1,42,3,9:17 PM,2:51,,,Young  Driving Layup (6 PTS) (Iguodala 5 AST),70 - 57,-13,5,201152,Thaddeus Young,1610612755.0,Philadelphia,76ers,PHI,5,2738,Andre Iguodala,1610612755.0,Philadelphia,76ers,PHI,0,0,,,,,,0
0020800593,343,9,2,3,9:18 PM,2:51,KNICKS Timeout: Short (Full 3 Short 2),,,,,2,1610612752,,,,,,0,0,,,,,,0,0,,,,,,0
0020800593,344,9,1,3,9:18 PM,2:51,,,76ers Timeout: Regular (Reg.3 Short 0),,,3,1610612755,,,,,,0,0,,,,,,0,0,,,,,,0
0020800593,348,6,17,3,9:20 PM,2:39,,,76ers T.Foul (Def. 3 Sec Dalembert ),,,5,2223,Samuel Dalembert,1610612755.0,Philadelphia,76ers,PHI,0,0,,,,,,1,0,,,,,,0
0020800593,349,3,16,3,9:20 PM,2:39,Robinson Free Throw Technical (5 PTS),,,70 - 58,-12,4,101126,Nate Robinson,1610612752.0,New York,Knicks,NYK,0,0,,,,,,0,0,,,,,,0
0020800593,351,1,1,3,9:21 PM,2:29,Richardson  3PT Jump Shot (17 PTS) (Harrington 2 AST),,,70 - 61,-9,4,2047,Quentin Richardson,1610612752.0,New York,Knicks,NYK,4,1733,Al Harrington,1610612752.0,New York,Knicks,NYK,0,0,,,,,,0
0020800593,352,2,1,3,9:21 PM,2:09,,,MISS Williams 19' Jump Shot,,,5,101150,Lou Williams,1610612755.0,Philadelphia,76ers,PHI,0,0,,,,,,0,0,,,,,,0
0020800593,353,4,0,3,9:21 PM,2:07,,,Young REBOUND (Off:4 Def:5),,,5,201152,Thaddeus Young,1610612755.0,Philadelphia,76ers,PHI,0,0,,,,,,0,0,,,,,,0
0020800593,354,2,1,3,9:21 PM,2:04,,,MISS Miller 25' 3PT Jump Shot,,,5,1889,Andre Miller,1610612755.0,Philadelphia,76ers,PHI,0,0,,,,,,0,0,,,,,,0
0020800593,355,4,0,3,9:21 PM,1:56,,,Dalembert REBOUND (Off:3 Def:5),,,5,2223,Samuel Dalembert,1610612755.0,Philadelphia,76ers,PHI,0,0,,,,,,0,0,,,,,,0
0020800593,356,6,2,3,9:21 PM,1:50,Chandler S.FOUL (P3.PN),,,,,4,201163,Wilson Chandler,1610612752.0,New York,Knicks,NYK,5,1889,Andre Miller,1610612755.0,Philadelphia,76ers,PHI,1,0,,,,,,0
0020800593,357,3,11,3,9:22 PM,1:50,,,Miller Free Throw 1 of 2 (18 PTS),71 - 61,-10,5,1889,Andre Miller,1610612755.0,Philadelphia,76ers,PHI,0,0,,,,,,0,0,,,,,,0
0020800593,359,8,0,3,9:22 PM,1:50,,,SUB: Speights FOR Young,,,5,201152,Thaddeus Young,1610612755.0,Philadelphia,76ers,PHI,5,201578,Marreese Speights,1610612755.0,Philadelphia,76ers,PHI,0,0,,,,,,0
0020800593,360,3,12,3,9:22 PM,1:50,,,Miller Free Throw 2 of 2 (19 PTS),72 - 61,-11,5,1889,Andre Miller,1610612755.0,Philadelphia,76ers,PHI,0,0,,,,,,0,0,,,,,,0
0020800593,363,7,2,3,9:23 PM,1:33,,,Dalembert Violation:Defensive Goaltending,,,5,2223,Samuel Dalembert,1610612755.0,Philadelphia,76ers,PHI,0,0,,,,,,1,0,,,,,,0
0020800593,362,1,5,3,9:23 PM,1:33,Richardson  Layup (19 PTS) (Robinson 2 AST),,,72 - 63,-9,4,2047,Quentin Richardson,1610612752.0,New York,Knicks,NYK,4,101126,Nate Robinson,1610612752.0,New York,Knicks,NYK,0,0,,,,,,0
0020800593,364,1,1,3,9:23 PM,1:18,,,Dalembert 16' Jump Shot (8 PTS) (Miller 7 AST),74 - 63,-11,5,2223,Samuel Dalembert,1610612755.0,Philadelphia,76ers,PHI,5,1889,Andre Miller,1610612755.0,Philadelphia,76ers,PHI,0,0,,,,,,0
0020800593,365,5,2,3,9:23 PM,1:05,Lee Lost Ball Turnover (P4.T16),,Iguodala STEAL (3 STL),,,4,101135,David Lee,1610612752.0,New York,Knicks,NYK,5,2738,Andre Iguodala,1610612755.0,Philadelphia,76ers,PHI,0,0,,,,,,0
0020800593,366,1,42,3,9:23 PM,0:56,,,Williams  Driving Layup (10 PTS) (Iguodala 6 AST),76 - 63,-13,5,101150,Lou Williams,1610612755.0,Philadelphia,76ers,PHI,5,2738,Andre Iguodala,1610612755.0,Philadelphia,76ers,PHI,0,0,,,,,,0
0020800593,367,6,1,3,9:24 PM,0:46,,,Miller P.FOUL (P2.T4),,,5,1889,Andre Miller,1610612755.0,Philadelphia,76ers,PHI,4,2047,Quentin Richardson,1610612752.0,New York,Knicks,NYK,1,0,,,,,,0
0020800593,368,8,0,3,9:24 PM,0:46,,,SUB: Ivey FOR Miller,,,5,1889,Andre Miller,1610612755.0,Philadelphia,76ers,PHI,5,2767,Royal Ivey,1610612755.0,Philadelphia,76ers,PHI,0,0,,,,,,0
0020800593,369,5,21,3,9:24 PM,0:38,Richardson Palming Turnover (P2.T17),,,,,4,2047,Quentin Richardson,1610612752.0,New York,Knicks,NYK,0,0,,,,,,1,0,,,,,,0
0020800593,370,8,0,3,9:24 PM,0:38,SUB: Gallinari FOR Chandler,,,,,4,201163,Wilson Chandler,1610612752.0,New York,Knicks,NYK,4,201568,Danilo Gallinari,1610612752.0,New York,Knicks,NYK,0,0,,,,,,0
0020800593,371,2,1,3,9:25 PM,0:27,,,MISS Iguodala 19' Jump Shot,,,5,2738,Andre Iguodala,1610612755.0,Philadelphia,76ers,PHI,0,0,,,,,,0,0,,,,,,0
0020800593,372,4,0,3,9:25 PM,0:26,,,Iguodala REBOUND (Off:2 Def:6),,,5,2738,Andre Iguodala,1610612755.0,Philadelphia,76ers,PHI,0,0,,,,,,0,0,,,,,,0
0020800593,373,6,4,3,9:25 PM,0:11,,,Ivey OFF.Foul (P1),,,5,2767,Royal Ivey,1610612755.0,Philadelphia,76ers,PHI,4,201568,Danilo Gallinari,1610612752.0,New York,Knicks,NYK,1,0,,,,,,0
0020800593,374,5,5,3,9:25 PM,0:11,,,Ivey Foul Turnover (P1.T12),,,5,2767,Royal Ivey,1610612755.0,Philadelphia,76ers,PHI,0,0,,,,,,1,0,,,,,,0
0020800593,375,1,1,3,9:25 PM,0:02,Harrington  3PT Jump Shot (9 PTS) (Robinson 3 AST),,,76 - 66,-10,4,1733,Al Harrington,1610612752.0,New York,Knicks,NYK,4,101126,Nate Robinson,1610612752.0,New York,Knicks,NYK,0,0,,,,,,0
0020800593,376,13,0,3,9:25 PM,0:00,,,,76 - 66,-10,0,0,,,,,,0,0,,,,,,0,0,,,,,,0
0020800593,378,12,0,4,9:28 PM,12:00,,,,76 - 66,-10,0,0,,,,,,0,0,,,,,,0,0,,,,,,0
0020800593,379,2,1,4,9:29 PM,11:47,,,MISS Speights 21' Jump Shot,,,5,201578,Marreese Speights,1610612755.0,Philadelphia,76ers,PHI,0,0,,,,,,0,0,,,,,,0
0020800593,380,4,0,4,9:29 PM,11:46,Lee REBOUND (Off:1 Def:8),,,,,4,101135,David Lee,1610612752.0,New York,Knicks,NYK,0,0,,,,,,0,0,,,,,,0
0020800593,381,5,1,4,9:29 PM,11:32,Robinson Bad Pass Turnover (P1.T18),,,,,4,101126,Nate Robinson,1610612752.0,New York,Knicks,NYK,0,0,,,,,,0,0,,,,,,0
0020800593,383,6,1,4,9:29 PM,11:18,Lee P.FOUL (P4.T1),,,,,4,101135,David Lee,1610612752.0,New York,Knicks,NYK,5,2738,Andre Iguodala,1610612755.0,Philadelphia,76ers,PHI,1,0,,,,,,0
0020800593,385,2,5,4,9:30 PM,11:07,Gallinari BLOCK (1 BLK),,MISS Speights  Layup,,,5,201578,Marreese Speights,1610612755.0,Philadelphia,76ers,PHI,0,0,,,,,,4,201568,Danilo Gallinari,1610612752.0,New York,Knicks,NYK,0
0020800593,386,4,0,4,9:30 PM,11:05,KNICKS Rebound,,,,,2,1610612752,,,,,,0,0,,,,,,0,0,,,,,,0
0020800593,387,5,1,4,9:30 PM,10:55,Robinson Bad Pass Turnover (P2.T19),,Speights STEAL (1 STL),,,4,101126,Nate Robinson,1610612752.0,New York,Knicks,NYK,5,201578,Marreese Speights,1610612755.0,Philadelphia,76ers,PHI,0,0,,,,,,0
0020800593,388,1,1,4,9:31 PM,10:38,,,Iguodala 20' Jump Shot (24 PTS),78 - 66,-12,5,2738,Andre Iguodala,1610612755.0,Philadelphia,76ers,PHI,0,0,,,,,,0,0,,,,,,0
0020800593,389,6,2,4,9:31 PM,10:23,,,Evans S.FOUL (P3.T1),,,5,2501,Reggie Evans,1610612755.0,Philadelphia,76ers,PHI,4,1733,Al Harrington,1610612752.0,New York,Knicks,NYK,1,0,,,,,,0
0020800593,390,3,11,4,9:31 PM,10:23,Harrington Free Throw 1 of 2 (10 PTS),,,78 - 67,-11,4,1733,Al Harrington,1610612752.0,New York,Knicks,NYK,0,0,,,,,,0,0,,,,,,0
0020800593,392,8,0,4,9:31 PM,10:23,SUB: Chandler FOR Richardson,,,,,4,2047,Quentin Richardson,1610612752.0,New York,Knicks,NYK,4,201163,Wilson Chandler,1610612752.0,New York,Knicks,NYK,0,0,,,,,,0
0020800593,393,3,12,4,9:31 PM,10:23,Harrington Free Throw 2 of 2 (11 PTS),,,78 - 68,-10,4,1733,Al Harrington,1610612752.0,New York,Knicks,NYK,0,0,,,,,,0,0,,,,,,0
0020800593,395,1,1,4,9:32 PM,10:13,,,Williams 18' Jump Shot (12 PTS),80 - 68,-12,5,101150,Lou Williams,1610612755.0,Philadelphia,76ers,PHI,0,0,,,,,,0,0,,,,,,0
0020800593,396,6,2,4,9:32 PM,9:59,,,Evans S.FOUL (P4.T2),,,5,2501,Reggie Evans,1610612755.0,Philadelphia,76ers,PHI,4,1733,Al Harrington,1610612752.0,New York,Knicks,NYK,1,0,,,,,,0
0020800593,397,3,11,4,9:32 PM,9:59,Harrington Free Throw 1 of 2 (12 PTS),,,80 - 69,-11,4,1733,Al Harrington,1610612752.0,New York,Knicks,NYK,0,0,,,,,,0,0,,,,,,0
0020800593,399,3,12,4,9:33 PM,9:59,Harrington Free Throw 2 of 2 (13 PTS),,,80 - 70,-10,4,1733,Al Harrington,1610612752.0,New York,Knicks,NYK,0,0,,,,,,0,0,,,,,,0
0020800593,401,1,52,4,9:33 PM,9:47,,,Speights  Alley Oop Dunk (4 PTS) (Williams 2 AST),82 - 70,-12,5,201578,Marreese Speights,1610612755.0,Philadelphia,76ers,PHI,5,101150,Lou Williams,1610612755.0,Philadelphia,76ers,PHI,0,0,,,,,,0
0020800593,402,6,1,4,9:34 PM,9:31,,,Evans P.FOUL (P5.T3),,,5,2501,Reggie Evans,1610612755.0,Philadelphia,76ers,PHI,4,1733,Al Harrington,1610612752.0,New York,Knicks,NYK,1,0,,,,,,0
0020800593,405,8,0,4,9:35 PM,9:31,,,SUB: Ratliff FOR Iguodala,,,5,2738,Andre Iguodala,1610612755.0,Philadelphia,76ers,PHI,5,689,Theo Ratliff,1610612755.0,Philadelphia,76ers,PHI,0,0,,,,,,0
0020800593,406,8,0,4,9:35 PM,9:31,,,SUB: Young FOR Evans,,,5,2501,Reggie Evans,1610612755.0,Philadelphia,76ers,PHI,5,201152,Thaddeus Young,1610612755.0,Philadelphia,76ers,PHI,0,0,,,,,,0
0020800593,407,3,11,4,9:35 PM,9:31,Harrington Free Throw 1 of 2 (14 PTS),,,82 - 71,-11,4,1733,Al Harrington,1610612752.0,New York,Knicks,NYK,0,0,,,,,,0,0,,,,,,0
0020800593,409,3,12,4,9:36 PM,9:31,Harrington Free Throw 2 of 2 (15 PTS),,,82 - 72,-10,4,1733,Al Harrington,1610612752.0,New York,Knicks,NYK,0,0,,,,,,0,0,,,,,,0
0020800593,411,2,1,4,9:36 PM,9:15,,,MISS Williams 28' 3PT Jump Shot,,,5,101150,Lou Williams,1610612755.0,Philadelphia,76ers,PHI,0,0,,,,,,0,0,,,,,,0
0020800593,412,4,0,4,9:36 PM,9:13,Lee REBOUND (Off:1 Def:9),,,,,4,101135,David Lee,1610612752.0,New York,Knicks,NYK,0,0,,,,,,0,0,,,,,,0
0020800593,413,1,1,4,9:36 PM,9:04,Gallinari 26' 3PT Jump Shot (6 PTS) (Lee 2 AST),,,82 - 75,-7,4,201568,Danilo Gallinari,1610612752.0,New York,Knicks,NYK,4,101135,David Lee,1610612752.0,New York,Knicks,NYK,0,0,,,,,,0
0020800593,414,1,1,4,9:37 PM,8:37,,,Speights 19' Jump Shot (6 PTS) (Williams 3 AST),84 - 75,-9,5,201578,Marreese Speights,1610612755.0,Philadelphia,76ers,PHI,5,101150,Lou Williams,1610612755.0,Philadelphia,76ers,PHI,0,0,,,,,,0
0020800593,415,1,1,4,9:37 PM,8:26,Harrington 26' 3PT Jump Shot (18 PTS) (Robinson 4 AST),,,84 - 78,-6,4,1733,Al Harrington,1610612752.0,New York,Knicks,NYK,4,101126,Nate Robinson,1610612752.0,New York,Knicks,NYK,0,0,,,,,,0
0020800593,416,2,1,4,9:37 PM,8:05,,,MISS Young 18' Jump Shot,,,5,201152,Thaddeus Young,1610612755.0,Philadelphia,76ers,PHI,0,0,,,,,,0,0,,,,,,0
0020800593,417,4,0,4,9:37 PM,8:01,Robinson REBOUND (Off:0 Def:1),,,,,4,101126,Nate Robinson,1610612752.0,New York,Knicks,NYK,0,0,,,,,,0,0,,,,,,0
0020800593,418,1,1,4,9:37 PM,7:58,Harrington 26' 3PT Jump Shot (21 PTS) (Gallinari 1 AST),,,84 - 81,-3,4,1733,Al Harrington,1610612752.0,New York,Knicks,NYK,4,201568,Danilo Gallinari,1610612752.0,New York,Knicks,NYK,0,0,,,,,,0
0020800593,420,8,0,4,9:40 PM,7:55,,,SUB: Miller FOR Ivey,,,5,2767,Royal Ivey,1610612755.0,Philadelphia,76ers,PHI,5,1889,Andre Miller,1610612755.0,Philadelphia,76ers,PHI,0,0,,,,,,0
0020800593,422,6,2,4,9:40 PM,7:38,Gallinari S.FOUL (P1.T2),,,,,4,201568,Danilo Gallinari,1610612752.0,New York,Knicks,NYK,5,1889,Andre Miller,1610612755.0,Philadelphia,76ers,PHI,1,0,,,,,,0
0020800593,423,3,11,4,9:40 PM,7:38,,,MISS Miller Free Throw 1 of 2,,,5,1889,Andre Miller,1610612755.0,Philadelphia,76ers,PHI,0,0,,,,,,0,0,,,,,,0
0020800593,424,4,1,4,9:40 PM,7:38,,,76ers Rebound,,,3,1610612755,,,,,,0,0,,,,,,0,0,,,,,,0
0020800593,425,3,12,4,9:41 PM,7:38,,,MISS Miller Free Throw 2 of 2,,,5,1889,Andre Miller,1610612755.0,Philadelphia,76ers,PHI,0,0,,,,,,0,0,,,,,,0
0020800593,427,4,0,4,9:41 PM,7:36,Harrington REBOUND (Off:2 Def:4),,,,,4,1733,Al Harrington,1610612752.0,New York,Knicks,NYK,0,0,,,,,,0,0,,,,,,0
0020800593,428,5,41,4,9:41 PM,7:19,Lee Poss Lost Ball Turnover (P5.T20),,Young STEAL (3 STL),,,4,101135,David Lee,1610612752.0,New York,Knicks,NYK,5,201152,Thaddeus Young,1610612755.0,Philadelphia,76ers,PHI,5,101150,Lou Williams,1610612755.0,Philadelphia,76ers,PHI,0
0020800593,430,1,75,4,9:42 PM,7:16,,,Miller  Driving Finger Roll Layup (21 PTS),86 - 81,-5,5,1889,Andre Miller,1610612755.0,Philadelphia,76ers,PHI,0,0,,,,,,0,0,,,,,,0
0020800593,434,7,2,4,9:42 PM,7:04,,,Ratliff Violation:Defensive Goaltending,,,5,689,Theo Ratliff,1610612755.0,Philadelphia,76ers,PHI,0,0,,,,,,1,0,,,,,,0
0020800593,433,1,42,4,9:42 PM,7:04,Robinson  Driving Layup (7 PTS),,,86 - 83,-3,4,101126,Nate Robinson,1610612752.0,New York,Knicks,NYK,0,0,,,,,,0,0,,,,,,0
0020800593,435,2,1,4,9:42 PM,6:43,,,MISS Miller 11' Jump Shot,,,5,1889,Andre Miller,1610612755.0,Philadelphia,76ers,PHI,0,0,,,,,,0,0,,,,,,0
0020800593,436,4,0,4,9:42 PM,6:42,Harrington REBOUND (Off:2 Def:5),,,,,4,1733,Al Harrington,1610612752.0,New York,Knicks,NYK,0,0,,,,,,0,0,,,,,,0
0020800593,437,1,75,4,9:42 PM,6:39,Robinson  Driving Finger Roll Layup (9 PTS) (Harrington 3 AST),,,86 - 85,-1,4,101126,Nate Robinson,1610612752.0,New York,Knicks,NYK,4,1733,Al Harrington,1610612752.0,New York,Knicks,NYK,0,0,,,,,,0
0020800593,438,1,1,4,9:43 PM,6:22,,,Williams 17' Jump Shot (14 PTS) (Miller 8 AST),88 - 85,-3,5,101150,Lou Williams,1610612755.0,Philadelphia,76ers,PHI,5,1889,Andre Miller,1610612755.0,Philadelphia,76ers,PHI,0,0,,,,,,0
0020800593,439,2,1,4,9:43 PM,6:05,MISS Harrington 26' 3PT Jump Shot,,Miller BLOCK (1 BLK),,,4,1733,Al Harrington,1610612752.0,New York,Knicks,NYK,0,0,,,,,,5,1889,Andre Miller,1610612755.0,Philadelphia,76ers,PHI,0
0020800593,441,4,0,4,9:43 PM,5:45,,,Speights REBOUND (Off:0 Def:2),,,5,201578,Marreese Speights,1610612755.0,Philadelphia,76ers,PHI,0,0,,,,,,0,0,,,,,,0
0020800593,440,6,2,4,9:43 PM,5:45,Robinson S.FOUL (P2.T3),,,,,4,101126,Nate Robinson,1610612752.0,New York,Knicks,NYK,5,101150,Lou Williams,1610612755.0,Philadelphia,76ers,PHI,1,0,,,,,,0
0020800593,476,9,4,4,9:43 PM,5:45,,,76ers Timeout: Official (Reg.3 Short 0),,,3,1610612755,,,,,,0,0,,,,,,0,0,,,,,,0
0020800593,445,8,0,4,9:46 PM,5:45,,,SUB: Iguodala FOR Ratliff,,,5,689,Theo Ratliff,1610612755.0,Philadelphia,76ers,PHI,5,2738,Andre Iguodala,1610612755.0,Philadelphia,76ers,PHI,0,0,,,,,,0
0020800593,446,3,11,4,9:46 PM,5:45,,,MISS Williams Free Throw 1 of 2,,,5,101150,Lou Williams,1610612755.0,Philadelphia,76ers,PHI,0,0,,,,,,0,0,,,,,,0
0020800593,447,4,1,4,9:46 PM,5:45,,,76ers Rebound,,,3,1610612755,,,,,,0,0,,,,,,0,0,,,,,,0
0020800593,448,3,12,4,9:46 PM,5:45,,,Williams Free Throw 2 of 2 (15 PTS),89 - 85,-4,5,101150,Lou Williams,1610612755.0,Philadelphia,76ers,PHI,0,0,,,,,,0,0,,,,,,0
0020800593,450,1,1,4,9:47 PM,5:33,Chandler 7' Jump Shot (15 PTS),,,89 - 87,-2,4,201163,Wilson Chandler,1610612752.0,New York,Knicks,NYK,0,0,,,,,,0,0,,,,,,0
0020800593,451,1,49,4,9:47 PM,5:19,,,Iguodala  Driving Dunk (26 PTS),91 - 87,-4,5,2738,Andre Iguodala,1610612755.0,Philadelphia,76ers,PHI,0,0,,,,,,0,0,,,,,,0
0020800593,452,1,1,4,9:47 PM,5:02,Harrington 27' 3PT Jump Shot (24 PTS) (Robinson 5 AST),,,91 - 90,-1,4,1733,Al Harrington,1610612752.0,New York,Knicks,NYK,4,101126,Nate Robinson,1610612752.0,New York,Knicks,NYK,0,0,,,,,,0
0020800593,453,2,5,4,9:48 PM,4:42,,,MISS Williams  Layup,,,5,101150,Lou Williams,1610612755.0,Philadelphia,76ers,PHI,0,0,,,,,,0,0,,,,,,0
0020800593,454,4,0,4,9:48 PM,4:42,,,Speights REBOUND (Off:1 Def:2),,,5,201578,Marreese Speights,1610612755.0,Philadelphia,76ers,PHI,0,0,,,,,,0,0,,,,,,0
0020800593,455,1,5,4,9:48 PM,4:39,,,Speights  Layup (8 PTS),93 - 90,-3,5,201578,Marreese Speights,1610612755.0,Philadelphia,76ers,PHI,0,0,,,,,,0,0,,,,,,0
0020800593,456,2,1,4,9:48 PM,4:27,MISS Chandler 19' Jump Shot,,,,,4,201163,Wilson Chandler,1610612752.0,New York,Knicks,NYK,0,0,,,,,,0,0,,,,,,0
0020800593,457,4,0,4,9:48 PM,4:26,,,Young REBOUND (Off:4 Def:6),,,5,201152,Thaddeus Young,1610612755.0,Philadelphia,76ers,PHI,0,0,,,,,,0,0,,,,,,0
0020800593,458,6,2,4,9:48 PM,4:01,Lee S.FOUL (P5.T4),,,,,4,101135,David Lee,1610612752.0,New York,Knicks,NYK,5,2738,Andre Iguodala,1610612755.0,Philadelphia,76ers,PHI,1,0,,,,,,0
0020800593,459,3,11,4,9:48 PM,4:01,,,Iguodala Free Throw 1 of 2 (27 PTS),94 - 90,-4,5,2738,Andre Iguodala,1610612755.0,Philadelphia,76ers,PHI,0,0,,,,,,0,0,,,,,,0
0020800593,462,8,0,4,9:49 PM,4:01,SUB: Jeffries FOR Lee,,,,,4,101135,David Lee,1610612752.0,New York,Knicks,NYK,4,2407,Jared Jeffries,1610612752.0,New York,Knicks,NYK,0,0,,,,,,0
0020800593,463,3,12,4,9:49 PM,4:01,,,Iguodala Free Throw 2 of 2 (28 PTS),95 - 90,-5,5,2738,Andre Iguodala,1610612755.0,Philadelphia,76ers,PHI,0,0,,,,,,0,0,,,,,,0
0020800593,465,2,1,4,9:49 PM,3:51,MISS Robinson 21' Jump Shot,,,,,4,101126,Nate Robinson,1610612752.0,New York,Knicks,NYK,0,0,,,,,,0,0,,,,,,0
0020800593,466,4,0,4,9:50 PM,3:50,,,Iguodala REBOUND (Off:2 Def:7),,,5,2738,Andre Iguodala,1610612755.0,Philadelphia,76ers,PHI,0,0,,,,,,0,0,,,,,,0
0020800593,467,1,1,4,9:50 PM,3:45,,,Miller 18' Jump Shot (23 PTS) (Iguodala 7 AST),97 - 90,-7,5,1889,Andre Miller,1610612755.0,Philadelphia,76ers,PHI,5,2738,Andre Iguodala,1610612755.0,Philadelphia,76ers,PHI,0,0,,,,,,0
0020800593,468,9,1,4,9:50 PM,3:44,KNICKS Timeout: Regular (Full 4 Short 2),,,,,2,1610612752,,,,,,0,0,,,,,,0,0,,,,,,0
0020800593,470,8,0,4,9:52 PM,3:44,SUB: Richardson FOR Jeffries,,,,,4,2407,Jared Jeffries,1610612752.0,New York,Knicks,NYK,4,2047,Quentin Richardson,1610612752.0,New York,Knicks,NYK,0,0,,,,,,0
0020800593,471,2,5,4,9:53 PM,3:33,MISS Robinson  Layup,,,,,4,101126,Nate Robinson,1610612752.0,New York,Knicks,NYK,0,0,,,,,,0,0,,,,,,0
0020800593,472,4,0,4,9:53 PM,3:31,,,Miller REBOUND (Off:1 Def:4),,,5,1889,Andre Miller,1610612755.0,Philadelphia,76ers,PHI,0,0,,,,,,0,0,,,,,,0
0020800593,473,1,75,4,9:53 PM,3:27,,,Miller  Driving Finger Roll Layup (25 PTS),99 - 90,-9,5,1889,Andre Miller,1610612755.0,Philadelphia,76ers,PHI,0,0,,,,,,0,0,,,,,,0
0020800593,474,2,5,4,9:53 PM,3:12,MISS Harrington  Layup,,,,,4,1733,Al Harrington,1610612752.0,New York,Knicks,NYK,0,0,,,,,,0,0,,,,,,0
0020800593,475,4,0,4,9:53 PM,3:11,,,Speights REBOUND (Off:1 Def:3),,,5,201578,Marreese Speights,1610612755.0,Philadelphia,76ers,PHI,0,0,,,,,,0,0,,,,,,0
0020800593,477,1,42,4,9:53 PM,2:50,,,Young  Driving Layup (8 PTS),101 - 90,-11,5,201152,Thaddeus Young,1610612755.0,Philadelphia,76ers,PHI,0,0,,,,,,0,0,,,,,,0
0020800593,479,6,1,4,9:54 PM,2:31,,,Iguodala P.FOUL (P2.T4),,,5,2738,Andre Iguodala,1610612755.0,Philadelphia,76ers,PHI,4,1733,Al Harrington,1610612752.0,New York,Knicks,NYK,1,0,,,,,,0
0020800593,480,8,0,4,9:54 PM,2:31,SUB: Lee FOR Gallinari,,,,,4,201568,Danilo Gallinari,1610612752.0,New York,Knicks,NYK,4,101135,David Lee,1610612752.0,New York,Knicks,NYK,0,0,,,,,,0
0020800593,481,2,1,4,9:54 PM,2:25,MISS Chandler 18' Jump Shot,,,,,4,201163,Wilson Chandler,1610612752.0,New York,Knicks,NYK,0,0,,,,,,0,0,,,,,,0
0020800593,482,4,0,4,9:54 PM,2:24,Robinson REBOUND (Off:1 Def:1),,,,,4,101126,Nate Robinson,1610612752.0,New York,Knicks,NYK,0,0,,,,,,0,0,,,,,,0
0020800593,483,2,5,4,9:54 PM,2:22,MISS Robinson  Layup,,,,,4,101126,Nate Robinson,1610612752.0,New York,Knicks,NYK,0,0,,,,,,0,0,,,,,,0
0020800593,484,4,0,4,9:54 PM,2:18,KNICKS Rebound,,,,,2,1610612752,,,,,,0,0,,,,,,0,0,,,,,,0
0020800593,485,1,7,4,9:55 PM,2:12,Lee  Dunk (14 PTS) (Robinson 6 AST),,,101 - 92,-9,4,101135,David Lee,1610612752.0,New York,Knicks,NYK,4,101126,Nate Robinson,1610612752.0,New York,Knicks,NYK,0,0,,,,,,0
0020800593,486,1,1,4,9:55 PM,1:47,,,Young 8' Jump Shot (10 PTS),103 - 92,-11,5,201152,Thaddeus Young,1610612755.0,Philadelphia,76ers,PHI,0,0,,,,,,0,0,,,,,,0
0020800593,487,2,1,4,9:55 PM,1:36,MISS Chandler 28' 3PT Jump Shot,,,,,4,201163,Wilson Chandler,1610612752.0,New York,Knicks,NYK,0,0,,,,,,0,0,,,,,,0
0020800593,488,4,0,4,9:56 PM,1:35,Lee REBOUND (Off:2 Def:9),,,,,4,101135,David Lee,1610612752.0,New York,Knicks,NYK,0,0,,,,,,0,0,,,,,,0
0020800593,489,6,1,4,9:56 PM,1:35,,,Williams P.FOUL (P2.PN),,,5,101150,Lou Williams,1610612755.0,Philadelphia,76ers,PHI,4,101135,David Lee,1610612752.0,New York,Knicks,NYK,1,0,,,,,,0
0020800593,490,3,11,4,9:56 PM,1:35,MISS Lee Free Throw 1 of 2,,,,,4,101135,David Lee,1610612752.0,New York,Knicks,NYK,0,0,,,,,,0,0,,,,,,0
0020800593,491,4,1,4,9:56 PM,1:35,KNICKS Rebound,,,,,2,1610612752,,,,,,0,0,,,,,,0,0,,,,,,0
0020800593,493,3,12,4,9:56 PM,1:35,Lee Free Throw 2 of 2 (15 PTS),,,103 - 93,-10,4,101135,David Lee,1610612752.0,New York,Knicks,NYK,0,0,,,,,,0,0,,,,,,0
0020800593,495,6,1,4,9:56 PM,1:25,Lee P.FOUL (P6.PN),,,,,4,101135,David Lee,1610612752.0,New York,Knicks,NYK,5,1889,Andre Miller,1610612755.0,Philadelphia,76ers,PHI,1,0,,,,,,0
0020800593,496,8,0,4,9:57 PM,1:25,SUB: Gallinari FOR Lee,,,,,4,101135,David Lee,1610612752.0,New York,Knicks,NYK,4,201568,Danilo Gallinari,1610612752.0,New York,Knicks,NYK,0,0,,,,,,0
0020800593,497,3,11,4,9:57 PM,1:25,,,Miller Free Throw 1 of 2 (26 PTS),104 - 93,-11,5,1889,Andre Miller,1610612755.0,Philadelphia,76ers,PHI,0,0,,,,,,0,0,,,,,,0
0020800593,499,3,12,4,9:57 PM,1:25,,,Miller Free Throw 2 of 2 (27 PTS),105 - 93,-12,5,1889,Andre Miller,1610612755.0,Philadelphia,76ers,PHI,0,0,,,,,,0,0,,,,,,0
0020800593,501,6,1,4,9:58 PM,1:19,,,Young P.FOUL (P3.PN),,,5,201152,Thaddeus Young,1610612755.0,Philadelphia,76ers,PHI,4,1733,Al Harrington,1610612752.0,New York,Knicks,NYK,1,0,,,,,,0
0020800593,502,3,11,4,9:58 PM,1:19,Harrington Free Throw 1 of 2 (25 PTS),,,105 - 94,-11,4,1733,Al Harrington,1610612752.0,New York,Knicks,NYK,0,0,,,,,,0,0,,,,,,0
0020800593,504,3,12,4,9:58 PM,1:19,Harrington Free Throw 2 of 2 (26 PTS),,,105 - 95,-10,4,1733,Al Harrington,1610612752.0,New York,Knicks,NYK,0,0,,,,,,0,0,,,,,,0
0020800593,506,2,1,4,9:59 PM,1:02,,,MISS Iguodala 5' Jump Shot,,,5,2738,Andre Iguodala,1610612755.0,Philadelphia,76ers,PHI,0,0,,,,,,0,0,,,,,,0
0020800593,507,4,0,4,9:59 PM,1:01,Harrington REBOUND (Off:2 Def:6),,,,,4,1733,Al Harrington,1610612752.0,New York,Knicks,NYK,0,0,,,,,,0,0,,,,,,0
0020800593,508,1,42,4,9:59 PM,0:56,Chandler  Driving Layup (17 PTS) (Robinson 7 AST),,,105 - 97,-8,4,201163,Wilson Chandler,1610612752.0,New York,Knicks,NYK,4,101126,Nate Robinson,1610612752.0,New York,Knicks,NYK,0,0,,,,,,0
0020800593,509,2,1,4,9:59 PM,0:43,,,MISS Speights 12' Jump Shot,,,5,201578,Marreese Speights,1610612755.0,Philadelphia,76ers,PHI,0,0,,,,,,0,0,,,,,,0
0020800593,510,4,0,4,9:59 PM,0:42,,,Speights REBOUND (Off:2 Def:3),,,5,201578,Marreese Speights,1610612755.0,Philadelphia,76ers,PHI,0,0,,,,,,0,0,,,,,,0
0020800593,511,1,5,4,9:59 PM,0:41,,,Speights  Layup (10 PTS),107 - 97,-10,5,201578,Marreese Speights,1610612755.0,Philadelphia,76ers,PHI,0,0,,,,,,0,0,,,,,,0
0020800593,512,2,1,4,9:59 PM,0:33,MISS Harrington 24' 3PT Jump Shot,,,,,4,1733,Al Harrington,1610612752.0,New York,Knicks,NYK,0,0,,,,,,0,0,,,,,,0
0020800593,513,4,0,4,9:59 PM,0:32,,,Iguodala REBOUND (Off:2 Def:8),,,5,2738,Andre Iguodala,1610612755.0,Philadelphia,76ers,PHI,0,0,,,,,,0,0,,,,,,0
0020800593,514,5,11,4,10:00 PM,0:07,,,76ers Turnover: Shot Clock (T#13),,,3,1610612755,,,,,,0,0,,,,,,1,0,,,,,,0
0020800593,515,13,0,4,10:00 PM,0:00,,,,107 - 97,-10,0,0,,,,,,0,0,,,,,,0,0,,,,,,0
